Destination address set to 01:1B:19:00:00:00
Defaults: 01:1B:19:00:00:00 or 01:80:C2:00:00:0E
SIOCSHWTSTAMP: tx_type 1 requested, got 1; rx_filter 0 requested, got 0
setting ts_flags: 0x53
new ts_flags: 0x53


gap of hw tx time, us: packets 10000:
------------------------------------------------------------------------------------------------------------------------------------------------
0
132.06
107.162
117.519
107.019
107.214
107.41
106.981
107.203
107.207
107.184
107.184
107.233
107.151
107.225
107.256
107.143
107.24
107.169
107.2
107.206
107.433
106.943
107.241
107.184
107.199
107.177
107.207
107.218
107.184
107.207
107.192
107.206
107.2
107.195
107.192
107.222
107.195
107.229
107.136
107.233
107.218
107.18
107.2
107.234
107.175
107.192
107.214
107.267
107.215
107.112
107.2
107.338
107.071
107.17
107.206
107.2
107.27
107.136
107.21
107.29
107.109
107.21
107.207
107.207
107.176
107.177
107.222
107.259
107.173
107.124
107.279
107.342
106.992
107.211
107.191
107.256
107.15
107.215
107.203
107.206
107.192
107.199
107.2
107.203
107.206
107.185
107.199
107.368
107.042
107.191
107.192
107.199
107.226
107.214
107.433
106.943
107.218
107.192
107.406
107.177
107.007
107.226
107.15
107.312
107.12
107.185
107.409
107.079
107.128
107.278
107.124
107.343
107.071
107.184
107.305
107.215
107.112
107.143
107.218
107.214
107.162
107.424
106.993
107.223
107.198
107.353
107.072
107.192
107.191
107.169
107.241
107.166
107.225
107.177
107.214
107.185
107.198
107.203
107.173
107.233
107.192
107.481
106.944
107.192
107.191
107.218
107.222
107.184
107.376
106.985
107.215
107.191
107.331
107.094
107.184
107.185
107.225
107.199
107.207
107.184
107.264
107.154
107.176
107.222
107.177
107.225
107.166
107.218
107.391
106.992
107.207
107.214
107.437
106.958
107.199
107.177
107.226
107.327
107.049
107.206
107.166
107.24
107.177
107.233
107.218
107.143
107.192
107.215
107.368
107.094
107.187
107.35
107.049
107.154
107.237
107.192
107.244
107.15
107.2
107.176
107.222
107.184
107.233
107.305
107.079
107.192
107.191
107.312
107.136
107.184
107.199
107.177
107.184
107.192
107.376
107.056
107.184
107.226
107.312
107.143
107.15
107.256
107.304
107.083
107.165
107.17
107.353
107.053
107.18
107.26
107.304
107.041
107.211
107.229
107.297
107.079
107.184
107.218
107.215
107.263
107.113
107.229
107.436
106.951
107.207
107.184
107.218
107.158
107.256
107.319
107.019
107.241
107.173
107.312
107.097
107.2
107.225
107.192
107.184
107.199
107.2
107.225
107.214
107.162
107.391
107.023
107.169
107.24
107.177
107.199
107.2
107.206
107.226
107.353
107.038
107.199
107.184
107.395
107.015
107.199
107.207
107.162
107.222
107.195
107.199
107.2
107.312
107.112
107.151
107.346
107.165
107.132
107.349
107.023
107.289
107.136
107.323
107.053
107.267
107.142
107.192
107.233
107.173
107.233
107.169
107.264
107.12
107.207
107.191
107.218
107.222
107.41
106.992
107.177
107.184
107.23
107.255
107.154
107.177
107.406
107
107.199
107.203
107.336
107.078
107.192
107.218
107.319
107.064
107.169
107.207
107.184
107.233
107.222
107.162
107.214
107.192
107.192
107.199
107.184
107.226
107.214
107.18
107.327
107.079
107.2
107.191
107.2
107.191
107.218
107.218
107.188
107.185
107.184
107.304
107.158
107.162
107.192
107.21
107.237
107.162
107.406
107.041
107.15
107.211
107.192
107.417
106.992
107.166
107.225
107.384
107.03
107.203
107.165
107.226
107.177
107.248
107.169
107.214
107.199
107.185
107.24
107.151
107.218
107.165
107.226
107.191
107.297
107.113
107.199
107.327
107.079
107.185
107.345
107.158
107.098
107.184
107.361
107.079
107.192
107.184
107.312
107.128
107.184
107.207
107.154
107.214
107.2
107.225
107.184
107.264
107.161
107.173
107.376
107.049
107.203
107.195
107.162
107.233
107.184
107.384
107.064
107.128
107.218
107.191
107.2
107.206
107.215
107.203
107.285
107.331
107
107.214
107.249
107.142
107.425
106.97
107.215
107.191
107.248
107.151
107.169
107.233
107.304
107.072
107.207
107.184
107.304
107.17
107.127
107.2
107.199
107.184
107.192
107.192
107.248
107.176
107.207
107.218
107.192
107.207
107.169
107.417
107.008
107.199
107.199
107.297
107.278
107.019
107.199
107.279
107.161
107.169
107.192
107.263
107.136
107.218
107.222
107.12
107.24
107.23
107.176
107.211
107.199
107.184
107.2
107.27
107.339
107
107.191
107.177
107.229
107.267
107.117
107.417
107.226
106.981
107.21
107.151
107.24
107.192
107.184
107.233
107.17
107.206
107.44
106.974
107.203
107.207
107.191
107.192
107.233
107.151
107.225
107.335
107.064
107.184
107.289
107.121
107.206
107.207
107.177
107.177
107.225
107.207
107.327
107.079
107.218
107.184
107.184
107.185
107.206
107.226
107.18
107.267
107.136
107.199
107.177
107.225
107.214
107.192
107.218
107.158
107.248
107.275
107.109
107.184
107.203
107.293
107.105
107.177
107.233
107.508
106.913
107.169
107.2
107.263
107.323
107.023
107.191
107.2
107.199
107.225
107.297
107.087
107.192
107.199
107.331
107.094
107.176
107.215
107.184
107.218
107.173
107.21
107.418
106.981
107.195
107.181
107.24
107.211
107.18
107.177
107.447
106.985
107.271
107.124
107.429
106.962
107.263
107.158
107.395
106.981
107.203
107.207
107.192
107.206
107.196
107.188
107.395
107.101
107.09
107.215
107.233
107.199
107.162
107.432
107.064
107.128
107.206
107.185
107.255
107.151
107.282
107.199
107.113
107.199
107.192
107.21
107.222
107.169
107.218
107.181
107.304
107.113
107.207
107.169
107.248
107.199
107.361
107.113
107.113
107.173
107.191
107.226
107.184
107.207
107.21
107.192
107.199
107.2
107.304
107.169
107.143
107.184
107.271
107.105
107.215
107.218
107.191
107.215
107.195
107.188
107.177
107.225
107.2
107.191
107.192
107.233
107.184
107.207
107.384
107
107.203
107.342
107.064
107.206
107.218
107.177
107.229
107.162
107.229
107.403
106.985
107.199
107.207
107.184
107.21
107.286
107.12
107.433
106.943
107.226
107.199
107.327
107.072
107.184
107.218
107.335
107.022
107.252
107.271
107.101
107.184
107.226
107.263
107.169
107.136
107.225
107.207
107.192
107.191
107.166
107.458
106.993
107.241
107.184
107.376
107
107.214
107.169
107.376
107.03
107.218
107.199
107.354
107.03
107.241
107.154
107.342
107.064
107.184
107.229
107.316
107.071
107.233
107.358
107.067
107.143
107.199
107.2
107.191
107.207
107.207
107.188
107.207
107.191
107.233
107.286
107.169
107.113
107.233
107.263
107.421
106.884
107.199
107.207
107.218
107.184
107.199
107.2
107.391
107
107.199
107.21
107.192
107.218
107.365
107.319
106.921
107.192
107.342
107.098
107.162
107.191
107.192
107.184
107.256
107.165
107.196
107.222
107.191
107.192
107.184
107.451
106.967
107.199
107.184
107.226
107.191
107.2
107.206
107.403
107.064
107.135
107.192
107.184
107.256
107.15
107.21
107.282
107.124
107.185
107.199
107.233
107.203
107.173
107.312
107.162
107.101
107.226
107.199
107.21
107.207
107.192
107.192
107.206
107.2
107.203
107.199
107.207
107.203
107.184
107.192
107.236
107.192
107.177
107.21
107.185
107.221
107.192
107.199
107.226
107.357
107.019
107.192
107.199
107.361
107.034
107.229
107.169
107.222
107.203
107.192
107.199
107.207
107.184
107.177
107.221
107.275
107.12
107.192
107.214
107.451
106.959
107.184
107.199
107.226
107.184
107.199
107.2
107.191
107.207
107.211
107.184
107.398
107.03
107.17
107.218
107.191
107.2
107.199
107.192
107.21
107.207
107.192
107.199
107.368
107.034
107.214
107.455
107.072
107.064
107.184
107.248
107.177
107.184
107.192
107.353
107.034
107.229
107.184
107.218
107.181
107.21
107.2
107.191
107.29
107.15
107.169
107.335
107.056
107.2
107.225
107.184
107.271
107.128
107.177
107.248
107.176
107.207
107.177
107.233
107.199
107.192
107.361
107.022
107.233
107.185
107.255
107.151
107.195
107.181
107.206
107.305
107.083
107.214
107.233
107.169
107.214
107.192
107.177
107.297
107.116
107.211
107.192
107.191
107.226
107.173
107.312
107.124
107.199
107.173
107.282
107.12
107.2
107.297
107.105
107.207
107.191
107.2
107.191
107.226
107.199
107.184
107.192
107.214
107.226
107.169
107.222
107.184
107.203
107.196
107.353
107.049
107.199
107.192
107.192
107.225
107.44
106.951
107.207
107.177
107.248
107.169
107.192
107.214
107.387
107
107.301
107.113
107.176
107.215
107.195
107.199
107.35
107.169
107.072
107.203
107.206
107.2
107.184
107.222
107.315
107.087
107.192
107.214
107.387
107.008
107.191
107.215
107.177
107.217
107.181
107.233
107.192
107.176
107.207
107.417
106.985
107.192
107.192
107.391
107.09
107.143
107.192
107.191
107.403
107.003
107.218
107.331
107.196
107.056
107.211
107.191
107.215
107.191
107.403
107.007
107.184
107.2
107.199
107.192
107.218
107.199
107.199
107.184
107.215
107.203
107.206
107.264
107.127
107.211
107.263
107.177
107.135
107.207
107.21
107.192
107.207
107.207
107.248
107.128
107.225
107.192
107.192
107.225
107.192
107.184
107.399
107.007
107.226
107.176
107.192
107.181
107.218
107.199
107.199
107.241
107.154
107.214
107.177
107.192
107.225
107.207
107.184
107.192
107.21
107.5
106.921
107.185
107.225
107.177
107.207
107.173
107.21
107.214
107.203
107.2
107.199
107.192
107.199
107.199
107.218
107.192
107.177
107.206
107.2
107.218
107.191
107.222
107.425
106.944
107.203
107.206
107.2
107.218
107.173
107.225
107.192
107.207
107.21
107.256
107.293
107.026
107.207
107.192
107.353
107.038
107.225
107.185
107.24
107.162
107.188
107.21
107.32
107.079
107.21
107.406
107.027
107.15
107.222
107.192
107.226
107.21
107.158
107.319
107.169
107.113
107.199
107.2
107.255
107.139
107.222
107.162
107.237
107.184
107.207
107.53
106.879
107.177
107.199
107.211
107.271
107.135
107.376
107.007
107.256
107.147
107.293
107.169
107.165
107.324
107.086
107.169
107.222
107.211
107.176
107.222
107.169
107.207
107.192
107.44
106.992
107.361
107.042
107.157
107.2
107.206
107.203
107.2
107.199
107.21
107.2
107.206
107.207
107.169
107.335
107.263
107.026
107.185
107.184
107.214
107.192
107.21
107.207
107.184
107.226
107.192
107.191
107.2
107.206
107.203
107.222
107.169
107.207
107.184
107.2
107.233
107.176
107.384
107.034
107.184
107.199
107.207
107.192
107.206
107.241
107.211
107.135
107.207
107.199
107.199
107.226
107.191
107.185
107.199
107.177
107.24
107.335
107.049
107.218
107.199
107.312
107.071
107.207
107.184
107.297
107.121
107.214
107.169
107.305
107.101
107.226
107.41
107.3
106.857
107.233
107.166
107.274
107.143
107.192
107.346
107.056
107.207
107.222
107.169
107.259
107.143
107.199
107.2
107.398
107.004
107.192
107.255
107.158
107.199
107.162
107.222
107.361
107.049
107.191
107.474
107.079
107.064
107.207
107.176
107.327
107.091
107.184
107.44
107
107.158
107.248
107.184
107.368
107.019
107.207
107.199
107.192
107.192
107.206
107.418
106.977
107.199
107.2
107.398
107.015
107.196
107.173
107.218
107.24
107.158
107.305
107.161
107.143
107.184
107.2
107.184
107.225
107.2
107.191
107.32
107.09
107.207
107.177
107.206
107.203
107.237
107.169
107.279
107.135
107.192
107.203
107.222
107.184
107.184
107.214
107.203
107.199
107.185
107.191
107.185
107.233
107.289
107.102
107.199
107.218
107.192
107.169
107.207
107.206
107.44
106.959
107.203
107.214
107.199
107.185
107.199
107.21
107.215
107.191
107.188
107.376
107.053
107.192
107.191
107.264
107.12
107.233
107.169
107.256
107.15
107.226
107.169
107.207
107.203
107.308
107.098
107.44
106.951
107.191
107.369
107.293
106.955
107.177
107.214
107.432
106.959
107.225
107.185
107.424
106.978
107.188
107.218
107.391
107
107.207
107.188
107.206
107.207
107.184
107.44
106.985
107.184
107.215
107.169
107.289
107.136
107.199
107.192
107.191
107.2
107.191
107.211
107.35
107.048
107.218
107.343
107.218
107.03
107.225
107.166
107.225
107.192
107.192
107.191
107.297
107.121
107.169
107.233
107.195
107.185
107.361
107.063
107.185
107.191
107.2
107.297
107.12
107.184
107.199
107.275
107.124
107.21
107.463
107
107.135
107.196
107.206
107.192
107.214
107.192
107.214
107.219
107.176
107.327
107.098
107.177
107.191
107.354
107.037
107.234
107.15
107.225
107.23
107.161
107.215
107.21
107.215
107.184
107.169
107.256
107.15
107.21
107.2
107.447
106.959
107.18
107.214
107.455
106.936
107.2
107.233
107.184
107.192
107.191
107.226
107.199
107.199
107.177
107.241
107.169
107.214
107.181
107.21
107.184
107.297
107.121
107.44
106.958
107.192
107.233
107.184
107.184
107.2
107.191
107.207
107.203
107.23
107.161
107.199
107.264
107.142
107.203
107.192
107.199
107.234
107.199
107.225
107.173
107.177
107.192
107.334
107.083
107.192
107.191
107.249
107.176
107.184
107.207
107.199
107.196
107.188
107.21
107.286
107.105
107.241
107.256
107.112
107.192
107.233
107.504
106.902
107.177
107.192
107.214
107.274
107.106
107.206
107.192
107.192
107.207
107.184
107.218
107.225
107.181
107.177
107.289
107.15
107.192
107.184
107.226
107.165
107.226
107.192
107.199
107.199
107.211
107.191
107.226
107.188
107.188
107.462
106.936
107.2
107.191
107.207
107.184
107.309
107.109
107.206
107.211
107.199
107.184
107.433
106.951
107.207
107.21
107.199
107.2
107.206
107.192
107.203
107.286
107.12
107.192
107.203
107.214
107.199
107.185
107.191
107.249
107.176
107.391
106.993
107.233
107.169
107.229
107.154
107.222
107.207
107.203
107.158
107.225
107.207
107.184
107.234
107.172
107.218
107.185
107.206
107.196
107.188
107.267
107.143
107.199
107.21
107.2
107.191
107.215
107.312
107.064
107.191
107.203
107.215
107.199
107.226
107.176
107.301
107.105
107.184
107.192
107.218
107.245
107.146
107.233
107.414
106.97
107.191
107.2
107.413
106.989
107.188
107.353
107.049
107.207
107.192
107.199
107.252
107.18
107.184
107.185
107.248
107.184
107.177
107.206
107.452
106.943
107.23
107.439
106.936
107.203
107.173
107.233
107.41
106.974
107.214
107.188
107.173
107.226
107.191
107.226
107.383
107.008
107.271
107.112
107.2
107.203
107.188
107.203
107.206
107.2
107.225
107.169
107.207
107.207
107.21
107.369
107.037
107.2
107.368
107.034
107.214
107.192
107.177
107.199
107.207
107.203
107.349
107.042
107.191
107.215
107.248
107.267
107.071
107.214
107.267
107.222
107.12
107.185
107.199
107.226
107.184
107.191
107.192
107.207
107.218
107.18
107.203
107.222
107.169
107.211
107.192
107.188
107.218
107.199
107.267
107.15
107.192
107.192
107.184
107.199
107.218
107.222
107.177
107.225
107.192
107.192
107.199
107.192
107.376
107.03
107.184
107.225
107.185
107.199
107.184
107.192
107.225
107.207
107.192
107.184
107.241
107.199
107.169
107.207
107.226
107.176
107.207
107.192
107.47
106.921
107.184
107.361
107.304
106.959
107.21
107.173
107.361
107.057
107.214
107.177
107.203
107.214
107.192
107.199
107.332
107.066
107.196
107.199
107.214
107.192
107.177
107.225
107.192
107.218
107.181
107.21
107.35
107.056
107.199
107.264
107.161
107.184
107.2
107.346
107.037
107.211
107.206
107.192
107.192
107.207
107.195
107.173
107.226
107.191
107.399
107.011
107.199
107.192
107.369
107.158
107.112
107.177
107.184
107.305
107.12
107.192
107.191
107.271
107.135
107.196
107.207
107.191
107.215
107.184
107.21
107.192
107.207
107.192
107.199
107.177
107.225
107.207
107.417
106.966
107.2
107.21
107.199
107.185
107.214
107.199
107.177
107.225
107.192
107.199
107.2
107.199
107.225
107.211
107.165
107.2
107.409
107.008
107.184
107.192
107.225
107.192
107.335
107.056
107.214
107.196
107.18
107.226
107.312
107.071
107.2
107.24
107.184
107.177
107.199
107.2
107.24
107.169
107.2
107.176
107.222
107.199
107.203
107.192
107.455
106.962
107.2
107.165
107.226
107.206
107.2
107.176
107.241
107.177
107.214
107.184
107.218
107.184
107.215
107.176
107.369
107.037
107.203
107.192
107.222
107.289
107.106
107.447
107
107.135
107.226
107.162
107.229
107.192
107.191
107.346
107.045
107.215
107.203
107.199
107.282
107.116
107.226
107.289
107.162
107.12
107.207
107.455
106.993
107.161
107.166
107.255
107.184
107.185
107.206
107.516
106.951
107.15
107.289
107.087
107.218
107.199
107.271
107.162
107.142
107.215
107.21
107.207
107.177
107.206
107.226
107.169
107.199
107.2
107.199
107.199
107.211
107.191
107.207
107.331
107.053
107.225
107.184
107.207
107.184
107.226
107.327
107.056
107.2
107.289
107.113
107.188
107.226
107.184
107.214
107.195
107.207
107.192
107.192
107.27
107.132
107.214
107.297
107.128
107.15
107.207
107.282
107.113
107.199
107.399
106.992
107.192
107.225
107.207
107.177
107.207
107.21
107.199
107.17
107.214
107.432
107
107.177
107.207
107.214
107.177
107.206
107.219
107.169
107.229
107.195
107.2
107.207
107.184
107.184
107.233
107.222
107.24
107.113
107.207
107.199
107.203
107.199
107.2
107.191
107.2
107.203
107.206
107.2
107.199
107.192
107.203
107.428
106.985
107.196
107.188
107.206
107.203
107.2
107.191
107.222
107.203
107.177
107.214
107.203
107.207
107.199
107.215
107.338
107.022
107.2
107.458
106.951
107.207
107.169
107.241
107.184
107.207
107.192
107.191
107.218
107.188
107.267
107.143
107.207
107.177
107.319
107.106
107.206
107.177
107.218
107.214
107.192
107.192
107.191
107.211
107.199
107.2
107.206
107.177
107.248
107.147
107.214
107.199
107.169
107.222
107.297
107.105
107.222
107.184
107.282
107.106
107.222
107.191
107.256
107.135
107.211
107.199
107.192
107.304
107.087
107.5
107.067
107.064
107.184
107.192
107.233
107.169
107.2
107.361
107.056
107.192
107.176
107.222
107.271
107.139
107.199
107.184
107.185
107.214
107.192
107.567
106.842
107.2
107.206
107.459
106.981
107.132
107.365
107.056
107.177
107.199
107.41
107.094
107.131
107.278
107.121
107.255
107.136
107.199
107.218
107.173
107.21
107.185
107.263
107.12
107.248
107.184
107.399
107.007
107.32
107.075
107.376
107.03
107.184
107.2
107.466
106.943
107.2
107.199
107.218
107.192
107.214
107.162
107.383
107.041
107.181
107.188
107.222
107.199
107.192
107.383
107.139
107.094
107.184
107.226
107.184
107.199
107.219
107.372
107.169
107.03
107.233
107.274
107.094
107.234
107.176
107.173
107.361
107.071
107.192
107.196
107.237
107.176
107.184
107.177
107.229
107.203
107.185
107.214
107.192
107.21
107.215
107.169
107.221
107.203
107.23
107.274
107.113
107.18
107.185
107.297
107.112
107.207
107.305
107.169
107.135
107.192
107.278
107.105
107.207
107.199
107.29
107.162
107.142
107.207
107.184
107.241
107.192
107.191
107.211
107.199
107.2
107.191
107.199
107.2
107.203
107.199
107.214
107.177
107.199
107.203
107.199
107.335
107.064
107.199
107.233
107.147
107.222
107.191
107.207
107.305
107.097
107.192
107.192
107.207
107.225
107.192
107.207
107.199
107.226
107.157
107.211
107.199
107.211
107.173
107.191
107.218
107.207
107.192
107.184
107.207
107.226
107.191
107.184
107.207
107.211
107.191
107.207
107.297
107.297
107
107.222
107.192
107.353
107.041
107.166
107.225
107.264
107.135
107.199
107.425
106.977
107.192
107.199
107.241
107.162
107.206
107.207
107.369
107.161
107.079
107.207
107.192
107.184
107.222
107.173
107.334
107.079
107.192
107.199
107.184
107.297
107.121
107.203
107.285
107.286
107.026
107.44
107.049
107.169
107.143
107.215
107.195
107.222
107.184
107.184
107.215
107.169
107.206
107.207
107.211
107.165
107.226
107.199
107.192
107.225
107.184
107.256
107.135
107.346
107.053
107.226
107.199
107.184
107.207
107.21
107.433
107.056
107.094
107.211
107.206
107.2
107.191
107.346
107.263
106.981
107.297
107.098
107.214
107.211
107.199
107.184
107.185
107.206
107.2
107.203
107.285
107.147
107.173
107.192
107.263
107.146
107.41
106.974
107.271
107.135
107.304
107.106
107.222
107.169
107.206
107.203
107.192
107.199
107.207
107.196
107.199
107.447
106.982
107.169
107.225
107.44
106.944
107.206
107.177
107.41
107.007
107.2
107.199
107.199
107.196
107.222
107.169
107.229
107.203
107.177
107.222
107.304
107.079
107.192
107.218
107.191
107.2
107.176
107.463
106.951
107.218
107.192
107.191
107.546
106.864
107.215
107.191
107.207
107.177
107.206
107.211
107.256
107.135
107.199
107.459
107.022
107.121
107.199
107.44
107.233
106.944
107.199
107.24
107.128
107.218
107.384
107.03
107.327
107.068
107.18
107.387
107.023
107.191
107.215
107.184
107.425
106.985
107.199
107.425
106.985
107.199
107.207
107.191
107.297
107.102
107.195
107.192
107.305
107.101
107.203
107.399
107
107.199
107.41
106.992
107.199
107.2
107.199
107.203
107.222
107.184
107.192
107.184
107.207
107.233
107.293
107.113
107.176
107.192
107.241
107.161
107.207
107.192
107.199
107.211
107.191
107.207
107.184
107.203
107.222
107.192
107.184
107.192
107.222
107.304
107.075
107.215
107.233
107.184
107.173
107.21
107.192
107.207
107.259
107.158
107.184
107.2
107.255
107.17
107.319
107.064
107.192
107.184
107.263
107.15
107.211
107.192
107.191
107.207
107.177
107.225
107.271
107.12
107.234
107.165
107.203
107.207
107.218
107.192
107.199
107.191
107.2
107.214
107.177
107.21
107.199
107.2
107.191
107.2
107.225
107.184
107.455
106.936
107.219
107.184
107.379
107.019
107.207
107.207
107.218
107.184
107.192
107.184
107.226
107.191
107.181
107.218
107.398
106.993
107.218
107.398
107.087
107.105
107.32
107.09
107.361
107.06
107.244
107.133
107.338
107.072
107.168
107.255
107.2
107.176
107.184
107.215
107.24
107.155
107.398
106.992
107.23
107.169
107.226
107.206
107.185
107.191
107.207
107.162
107.248
107.199
107.169
107.305
107.101
107.211
107.207
107.274
107.124
107.184
107.218
107.192
107.192
107.199
107.211
107.285
107.128
107.177
107.207
107.225
107.184
107.207
107.169
107.215
107.184
107.218
107.18
107.211
107.199
107.282
107.12
107.199
107.215
107.233
107.15
107.196
107.222
107.191
107.203
107.207
107.173
107.21
107.2
107.184
107.207
107.21
107.207
107.207
107.176
107.2
107.199
107.226
107.304
107.263
107.049
107.158
107.233
107.184
107.211
107.207
107.176
107.207
107.177
107.214
107.199
107.199
107.203
107.2
107.425
106.981
107.188
107.206
107.407
107
107.184
107.21
107.199
107.207
107.192
107.271
107.146
107.181
107.188
107.248
107.319
107.057
107.191
107.482
107.086
107.042
107.191
107.181
107.218
107.191
107.2
107.21
107.199
107.2
107.207
107.184
107.225
107.184
107.249
107.15
107.338
107.079
107.184
107.591
106.872
107.128
107.203
107.206
107.207
107.192
107.361
107.03
107.241
107.184
107.312
107.098
107.206
107.169
107.2
107.191
107.211
107.207
107.27
107.143
107.169
107.2
107.218
107.184
107.233
107.173
107.481
106.936
107.2
107.191
107.184
107.2
107.331
107.078
107.2
107.191
107.226
107.192
107.349
107.267
106.966
107.211
107.214
107.177
107.207
107.207
107.176
107.331
107.086
107.2
107.233
107.177
107.221
107.418
106.951
107.263
107.162
107.184
107.248
107.135
107.199
107.207
107.203
107.237
107.188
107.357
107.015
107.218
107.192
107.192
107.191
107.249
107.161
107.301
107.113
107.21
107.173
107.395
106.985
107.222
107.383
107.015
107.233
107.169
107.215
107.184
107.211
107.18
107.346
107.071
107.184
107.2
107.338
107.068
107.203
107.199
107.305
107.105
107.184
107.207
107.319
107.079
107.192
107.226
107.218
107.157
107.2
107.218
107.285
107.113
107.177
107.214
107.267
107.143
107.192
107.214
107.233
107.154
107.199
107.2
107.218
107.192
107.187
107.5
106.91
107.2
107.21
107.207
107.176
107.2
107.218
107.192
107.187
107.211
107.271
107.112
107.328
107.097
107.282
107.109
107.184
107.219
107.184
107.206
107.226
107.181
107.233
107.142
107.218
107.207
107.218
107.279
107.112
107.192
107.184
107.199
107.275
107.244
107.098
107.184
107.241
107.158
107.21
107.23
107.161
107.226
107.259
107.117
107.206
107.207
107.184
107.207
107.196
107.214
107.192
107.191
107.2
107.21
107.181
107.225
107.184
107.207
107.211
107.207
107.184
107.207
107.21
107.18
107.219
107.199
107.192
107.191
107.218
107.2
107.169
107.222
107.184
107.233
107.24
107.143
107.2
107.199
107.188
107.24
107.301
107.072
107.187
107.166
107.256
107.184
107.191
107.215
107.184
107.211
107.206
107.192
107.199
107.203
107.2
107.199
107.191
107.207
107.218
107.192
107.368
107.023
107.199
107.203
107.47
106.929
107.199
107.297
107.263
107.064
107.177
107.207
107.21
107.184
107.184
107.215
107.191
107.207
107.218
107.192
107.203
107.188
107.192
107.191
107.425
106.993
107.218
107.199
107.173
107.218
107.199
107.29
107.094
107.21
107.23
107.169
107.274
107.124
107.275
107.086
107.241
107.199
107.177
107.383
107.034
107.214
107.184
107.207
107.218
107.192
107.184
107.199
107.226
107.184
107.369
107.03
107.191
107.219
107.191
107.177
107.237
107.203
107.192
107.285
107.121
107.184
107.312
107.161
107.121
107.207
107.206
107.267
107.117
107.218
107.192
107.24
107.184
107.185
107.285
107.106
107.191
107.241
107.161
107.207
107.2
107.199
107.199
107.218
107.184
107.455
106.944
107.199
107.192
107.218
107.207
107.184
107.207
107.375
107.177
107.042
107.39
107.008
107.211
107.221
107.185
107.214
107.203
107.143
107.417
107.064
107.165
107.169
107.234
107.206
107.177
107.226
107.436
106.977
107.128
107.226
107.206
107.192
107.192
107.24
107.312
107.079
107.162
107.207
107.331
107.079
107.184
107.206
107.2
107.218
107.192
107.199
107.289
107.102
107.184
107.248
107.335
107.052
107.181
107.432
107.162
107.007
107.207
107.395
107.06
107.169
107.192
107.21
107.305
107.079
107.192
107.184
107.229
107.184
107.218
107.181
107.308
107.094
107.192
107.488
107
107.121
107.191
107.32
107.162
107.128
107.432
107.064
107.109
107.203
107.192
107.297
107.093
107.2
107.214
107.211
107.199
107.176
107.226
107.184
107.2
107.199
107.248
107.154
107.214
107.185
107.421
106.977
107.218
107.184
107.215
107.342
107.033
107.2
107.24
107.143
107.233
107.192
107.211
107.191
107.207
107.305
107.078
107.207
107.211
107.199
107.207
107.192
107.203
107.214
107.192
107.285
107.098
107.192
107.195
107.286
107.12
107.44
106.985
107.256
107.15
107.177
107.207
107.233
107.15
107.211
107.214
107.203
107.207
107.176
107.215
107.191
107.226
107.165
107.203
107.215
107.191
107.184
107.219
107.229
107.353
107.008
107.225
107.207
107.41
106.959
107.233
107.18
107.331
107.064
107.184
107.192
107.255
107.162
107.199
107.215
107.297
107.078
107.219
107.165
107.241
107.191
107.177
107.383
107.282
106.959
107.184
107.402
106.997
107.218
107.192
107.199
107.278
107.12
107.203
107.215
107.409
106.974
107.214
107.433
106.977
107.184
107.184
107.211
107.192
107.207
107.199
107.233
107.158
107.225
107.2
107.462
106.951
107.181
107.27
107.121
107.191
107.207
107.32
107.082
107.215
107.191
107.184
107.2
107.225
107.2
107.191
107.211
107.18
107.211
107.192
107.199
107.304
107.094
107.203
107.2
107.27
107.128
107.192
107.289
107.113
107.214
107.184
107.185
107.233
107.199
107.192
107.21
107.222
107.199
107.177
107.263
107.136
107.184
107.203
107.214
107.199
107.192
107.192
107.225
107.2
107.184
107.207
107.191
107.233
107.241
107.135
107.207
107.184
107.2
107.225
107.184
107.203
107.188
107.203
107.177
107.241
107.18
107.274
107.125
107.372
107.037
107.211
107.184
107.214
107.185
107.214
107.199
107.305
107.071
107.226
107.184
107.207
107.184
107.233
107.192
107.522
106.88
107.173
107.203
107.229
107.177
107.191
107.211
107.406
107
107.192
107.218
107.383
107.023
107.192
107.27
107.384
106.921
107.203
107.327
107.079
107.199
107.192
107.218
107.192
107.206
107.184
107.219
107.184
107.207
107.191
107.384
107.022
107.196
107.214
107.432
106.967
107.274
107.12
107.2
107.289
107.109
107.192
107.41
107.157
107.049
107.2
107.191
107.361
107.049
107.44
106.943
107.207
107.211
107.176
107.241
107.222
107.15
107.218
107.166
107.21
107.215
107.184
107.218
107.192
107.206
107.184
107.207
107.203
107.207
107.199
107.305
107.105
107.181
107.218
107.263
107.135
107.192
107.304
107.169
107.128
107.2
107.18
107.222
107.192
107.199
107.191
107.219
107.221
107.17
107.199
107.184
107.237
107.203
107.177
107.199
107.214
107.248
107.147
107.207
107.184
107.199
107.226
107.169
107.207
107.225
107.181
107.225
107.177
107.192
107.191
107.215
107.191
107.192
107.192
107.24
107.169
107.211
107.214
107.166
107.443
106.974
107.192
107.218
107.192
107.199
107.191
107.2
107.481
106.951
107.169
107.215
107.439
106.978
107.192
107.169
107.327
107.079
107.263
107.252
107.297
107.075
107.128
107.188
107.222
107.184
107.199
107.256
107.312
107.034
107.199
107.191
107.226
107.192
107.192
107.199
107.192
107.218
107.206
107.158
107.218
107.2
107.225
107.335
107.161
107.087
107.21
107.237
107.169
107.192
107.207
107.304
107.098
107.184
107.2
107.319
107.072
107.225
107.361
107.03
107.248
107.136
107.409
106.989
107.211
107.199
107.214
107.177
107.207
107.21
107.192
107.263
107.151
107.217
107.185
107.218
107.173
107.184
107.184
107.226
107.199
107.192
107.206
107.196
107.191
107.215
107.402
107.008
107.191
107.2
107.375
107.038
107.177
107.218
107.214
107.192
107.184
107.192
107.225
107.2
107.199
107.192
107.169
107.214
107.218
107.199
107.185
107.206
107.241
107.162
107.206
107.185
107.199
107.21
107.2
107.248
107.158
107.191
107.226
107.177
107.199
107.304
107.113
107.214
107.192
107.169
107.2
107.199
107.233
107.184
107.177
107.207
107.327
107.097
107.162
107.222
107.376
107.034
107.206
107.158
107.361
107.057
107.21
107.18
107.267
107.143
107.192
107.218
107.342
107.064
107.207
107.192
107.312
107.09
107.192
107.191
107.215
107.184
107.233
107.327
107.162
107.086
107.203
107.229
107.177
107.192
107.199
107.192
107.274
107.136
107.199
107.229
107.162
107.21
107.215
107.248
107.128
107.21
107.18
107.267
107.151
107.207
107.191
107.226
107.177
107.206
107.297
107.106
107.439
106.952
107.184
107.233
107.165
107.218
107.2
107.191
107.192
107.233
107.199
107.169
107.328
107.086
107.192
107.338
107.094
107.184
107.185
107.225
107.263
107.121
107.319
107.094
107.244
107.14
107.409
106.985
107.215
107.225
107.271
107.098
107.214
107.184
107.376
107.105
107.121
107.206
107.211
107.188
107.195
107.414
106.977
107.241
107.158
107.199
107.226
107.184
107.199
107.361
107.022
107.219
107.191
107.215
107.184
107.203
107.207
107.214
107.274
107.121
107.206
107.185
107.206
107.177
107.222
107.192
107.259
107.143
107.207
107.203
107.191
107.207
107.241
107.143
107.24
107.166
107.297
107.105
107.24
107.151
107.473
106.952
107.176
107.207
107.432
106.967
107.195
107.414
107.304
106.891
107.335
107.255
107.218
106.982
107.24
107.169
107.2
107.206
107.192
107.177
107.248
107.177
107.191
107.207
107.474
106.928
107.2
107.199
107.214
107.184
107.203
107.222
107.177
107.192
107.199
107.447
106.978
107.27
107.106
107.199
107.402
107.008
107.199
107.192
107.375
107.049
107.169
107.422
107.161
107.038
107.18
107.215
107.289
107.109
107.192
107.21
107.184
107.215
107.199
107.199
107.241
107.169
107.207
107.177
107.218
107.191
107.207
107.312
107.098
107.207
107.176
107.32
107.199
107.079
107.192
107.297
107.124
107.188
107.319
107.057
107.24
107.177
107.207
107.263
107.147
107.413
107.09
107.072
107.214
107.199
107.196
107.214
107.199
107.196
107.173
107.214
107.218
107.192
107.218
107.199
107.184
107.2
107.229
107.162
107.199
107.417
106.993
107.199
107.207
107.218
107.169
107.222
107.278
107.098
107.214
107.176
107.234
107.184
107.169
107.263
107.218
107.151
107.218
107.203
107.466
107.161
106.944
107.184
107.222
107.199
107.29
107.282
107.278
106.944
107.184
107.24
107.192
107.399
106.985
107.218
107.327
107.064
107.191
107.2
107.312
107.112
107.2
107.24
107.271
107.068
107.191
107.196
107.233
107.199
107.184
107.41
106.993
107.199
107.225
107.166
107.255
107.177
107.177
107.282
107.158
107.161
107.192
107.207
107.192
107.218
107.206
107.312
107.158
107.117
107.195
107.192
107.297
107.113
107.447
107.057
107.112
107.192
107.271
107.12
107.192
107.21
107.181
107.233
107.203
107.188
107.21
107.248
107.143
107.185
107.191
107.226
107.192
107.206
107.263
107.17
107.158
107.21
107.207
107.192
107.199
107.203
107.207
107.191
107.192
107.211
107.477
106.914
107.191
107.207
107.241
107.184
107.177
107.214
107.466
106.929
107.184
107.214
107.353
107.053
107.162
107.417
107.03
107.169
107.233
107.414
106.985
107.263
107.113
107.199
107.233
107.233
107.136
107.199
107.207
107.169
107.24
107.185
107.206
107.192
107.207
107.628
106.767
107.221
107.196
107.188
107.176
107.219
107.409
106.989
107.241
107.161
107.222
107.177
107.184
107.305
107.199
107.113
107.176
107.222
107.361
107.03
107.226
107.184
107.346
107.052
107.184
107.226
107.214
107.177
107.199
107.207
107.297
107.098
107.208
107.209
107.312
107.094
107.177
107.192
107.24
107.184
107.2
107.184
107.263
107.135
107.203
107.278
107.162
107.169
107.181
107.289
107.158
107.169
107.185
107.424
107.263
106.944
107.199
107.226
107.15
107.2
107.18
107.222
107.214
107.188
107.278
107.121
107.206
107.192
107.226
107.191
107.158
107.237
107.203
107.177
107.225
107.192
107.192
107.184
107.312
107.105
107.185
107.421
107.112
107.087
107.188
107.413
107.057
107.135
107.192
107.203
107.237
107.21
107.376
107.15
107.034
107.256
107.327
107
107.211
107.454
106.937
107.214
107.192
107.233
107.165
107.248
107.162
107.398
107.057
107.154
107.207
107.184
107.327
107.064
107.253
107.22
107.136
107.192
107.218
107.18
107.226
107.184
107.192
107.225
107.184
107.207
107.192
107.199
107.274
107.121
107.368
107.038
107.184
107.207
107.346
107.064
107.214
107.177
107.24
107.169
107.185
107.214
107.192
107.21
107.188
107.459
106.966
107.184
107.233
107.162
107.432
106.966
107.207
107.192
107.21
107.207
107.207
107.297
107.413
106.891
107.185
107.349
107.042
107.21
107.173
107.466
106.974
107.177
107.225
107.478
107.161
106.951
107.185
107.214
107.425
106.977
107.177
107.466
106.981
107.177
107.184
107.447
106.967
107.191
107.177
107.44
106.985
107.218
107.237
107.139
107.383
107.023
107.199
107.391
107.034
107.184
107.192
107.184
107.286
107.135
107.429
107.142
107.038
107.184
107.403
106.985
107.229
107.177
107.297
107.12
107.207
107.191
107.185
107.206
107.185
107.218
107.334
107.169
107.113
107.199
107.166
107.312
107.09
107.226
107.255
107.151
107.203
107.342
107.022
107.207
107.226
107.184
107.297
107.101
107.196
107.214
107.192
107.192
107.24
107.177
107.207
107.176
107.2
107.214
107.24
107.155
107.199
107.199
107.177
107.214
107.211
107.199
107.192
107.21
107.207
107.207
107.169
107.207
107.391
107.033
107.218
107.158
107.455
106.955
107.188
107.211
107.206
107.192
107.177
107.225
107.215
107.184
107.184
107.207
107.376
107.041
107.286
107.105
107.192
107.21
107.173
107.233
107.185
107.21
107.199
107.2
107.312
107.079
107.191
107.226
107.207
107.191
107.177
107.211
107.229
107.173
107.233
107.387
107
107.199
107.2
107.376
107.161
107.042
107.293
107.282
107.03
107.199
107.233
107.169
107.327
107.072
107.192
107.218
107.293
107.105
107.184
107.346
107.158
107.105
107.173
107.218
107.278
107.132
107.192
107.334
107.079
107.192
107.233
107.192
107.162
107.221
107.226
107.248
107.135
107.185
107.285
107.331
106.989
107.188
107.188
107.267
107.143
107.218
107.413
107
107.196
107.173
107.266
107.158
107.185
107.206
107.192
107.211
107.206
107.185
107.248
107.158
107.199
107.195
107.215
107.206
107.192
107.196
107.188
107.191
107.203
107.2
107.345
107.166
107.079
107.225
107.192
107.192
107.225
107.32
107.271
106.985
107.225
107.327
107.034
107.222
107.278
107.241
107.255
107.027
107.27
107.121
107.214
107.195
107.444
106.955
107.27
107.128
107.192
107.218
107.241
107.15
107.196
107.214
107.214
107.177
107.199
107.211
107.206
107.192
107.192
107.192
107.199
107.225
107.32
107.056
107.207
107.218
107.32
107.071
107.199
107.44
106.948
107.214
107.192
107.199
107.192
107.199
107.203
107.207
107.304
107.094
107.192
107.192
107.297
107.127
107.211
107.534
107.17
106.886
107.192
107.214
107.233
107.151
107.203
107.199
107.222
107.18
107.192
107.428
107.019
107.151
107.248
107.462
106.906
107.192
107.225
107.166
107.192
107.24
107.184
107.185
107.199
107.233
107.177
107.214
107.184
107.211
107.165
107.241
107.334
107.042
107.225
107.192
107.289
107.117
107.184
107.192
107.282
107.135
107.417
106.967
107.199
107.207
107.195
107.184
107.23
107.248
107.338
107.109
107.09
107.2
107.319
107.169
107.121
107.214
107.184
107.248
107.162
107.192
107.214
107.207
107.154
107.398
107.034
107.177
107.199
107.214
107.218
107.185
107.206
107.192
107.192
107.21
107.215
107.184
107.207
107.184
107.225
107.185
107.214
107.21
107.391
106.982
107.218
107.169
107.207
107.199
107.199
107.226
107.312
107.071
107.199
107.177
107.241
107.176
107.192
107.207
107.53
106.872
107.222
107.218
107.398
106.967
107.21
107.158
107.289
107.151
107.169
107.248
107.376
106.993
107.191
107.309
107.165
107.143
107.192
107.27
107.331
107.015
107.207
107.225
107.327
107.034
107.173
107.241
107.425
106.951
107.225
107.44
107.158
106.978
107.199
107.458
106.959
107.184
107.207
107.192
107.192
107.233
107.199
107.177
107.391
107.026
107.184
107.214
107.297
107.094
107.196
107.413
107.064
107.136
107.176
107.403
107.06
107.154
107.184
107.211
107.229
107.184
107.214
107.312
107.091
107.184
107.192
107.184
107.207
107.199
107.184
107.338
107.079
107.2
107.248
107.263
107.098
107.199
107.319
107.162
107.117
107.203
107.199
107.192
107.199
107.218
107.207
107.157
107.226
107.192
107.199
107.226
107.191
107.2
107.248
107.131
107.23
107.191
107.248
107.143
107.211
107.413
106.978
107.184
107.417
107.064
107.158
107.154
107.215
107.199
107.225
107.192
107.346
107.045
107.218
107.177
107.27
107.143
107.207
107.177
107.248
107.162
107.199
107.184
107.504
106.951
107.271
107.105
107.459
106.909
107.192
107.207
107.473
106.929
107.211
107.18
107.459
106.958
107.241
107.143
107.353
107.079
107.192
107.27
107.331
106.982
107.218
107.199
107.192
107.184
107.225
107.237
107.177
107.233
107.184
107.369
107.015
107.176
107.233
107.185
107.165
107.218
107.229
107.177
107.346
107.071
107.192
107.346
107.038
107.206
107.226
107.319
107.162
107.113
107.207
107.169
107.312
107.101
107.185
107.199
107.225
107.185
107.206
107.185
107.233
107.18
107.218
107.263
107.139
107.2
107.278
107.154
107.143
107.218
107.447
106.993
107.128
107.199
107.192
107.251
107.162
107.192
107.451
107
107.184
107.166
107.424
106.993
107.207
107.218
107.191
107.162
107.199
107.215
107.24
107.143
107.199
107.226
107.199
107.177
107.233
107.165
107.233
107.207
107.203
107.463
106.902
107.218
107.192
107.21
107.199
107.279
107.12
107.199
107.192
107.184
107.263
107.169
107.207
107.196
107.206
107.177
107.192
107.214
107.199
107.203
107.207
107.192
107.177
107.199
107.278
107.147
107.398
106.985
107.248
107.184
107.376
107.008
107.225
107.166
107.387
107.038
107.184
107.192
107.353
107.177
107.086
107.169
107.369
107.045
107.233
107.376
107.12
107.064
107.233
107.414
107.112
107.049
107.218
107.342
107.023
107.218
107.199
107.2
107.297
107.101
107.233
107.29
107.15
107.128
107.218
107.192
107.263
107.12
107.226
107.259
107.226
107.105
107.406
107.068
107.15
107.177
107.184
107.255
107.177
107.207
107.271
107.12
107.21
107.192
107.207
107.207
107.176
107.185
107.184
107.233
107.207
107.191
107.2
107.184
107.319
107.091
107.214
107.177
107.199
107.24
107.192
107.169
107.305
107.135
107.158
107.184
107.233
107.2
107.203
107.278
107.12
107.271
107.105
107.192
107.222
107.18
107.444
107.056
107.154
107.184
107.279
107.169
107.128
107.334
107.241
107.064
107.169
107.199
107.177
107.248
107.162
107.214
107.207
107.184
107.24
107.162
107.199
107.207
107.233
107.151
107.24
107.177
107.192
107.225
107.207
107.177
107.214
107.199
107.169
107.192
107.376
107.034
107.214
107.192
107.338
107.087
107.191
107.177
107.32
107.169
107.128
107.214
107.447
106.94
107.184
107.237
107.248
107.162
107.158
107.425
107.297
106.879
107.192
107.207
107.417
107.023
107.169
107.304
107.158
107.143
107.196
107.278
107.161
107.151
107.214
107.196
107.278
107.12
107.199
107.211
107.192
107.206
107.177
107.466
106.951
107.222
107.162
107.477
106.963
107.199
107.199
107.417
106.967
107.199
107.24
107.282
107.128
107.147
107.214
107.391
106.993
107.191
107.207
107.192
107.188
107.229
107.425
106.959
107.334
107.083
107.177
107.285
107.121
107.304
107.271
107.184
107.041
107.2
107.225
107.199
107.192
107.192
107.192
107.199
107.21
107.207
107.335
107.056
107.211
107.221
107.297
107.158
107.121
107.21
107.184
107.215
107.191
107.185
107.206
107.196
107.192
107.214
107.184
107.226
107.206
107.166
107.289
107.128
107.305
107.206
107.091
107.214
107.233
107.496
106.857
107.2
107.424
107.049
107.117
107.203
107.199
107.207
107.207
107.191
107.309
107.109
107.191
107.185
107.191
107.215
107.18
107.222
107.248
107.335
107.033
107.185
107.263
107.128
107.221
107.185
107.387
107.007
107.192
107.211
107.469
107.072
107.079
107.177
107.439
106.985
107.192
107.184
107.335
107.09
107.184
107.2
107.406
107.015
107.195
107.158
107.233
107.282
107.135
107.429
106.97
107.154
107.222
107.406
106.996
107.196
107.203
107.199
107.21
107.173
107.226
107.165
107.267
107.158
107.211
107.349
107.049
107.233
107.173
107.233
107.263
107.106
107.169
107.214
107.29
107.127
107.286
107.098
107.184
107.222
107.353
107.057
107.191
107.218
107.166
107.304
107.098
107.222
107.289
107.094
107.211
107.207
107.184
107.184
107.2
107.217
107.279
107.135
107.195
107.207
107.173
107.241
107.169
107.207
107.176
107.226
107.192
107.199
107.184
107.199
107.233
107.192
107.199
107.185
107.203
107.214
107.207
107.165
107.218
107.211
107.191
107.2
107.191
107.482
106.909
107.226
107.199
107.192
107.184
107.207
107.225
107.192
107.207
107.177
107.233
107.169
107.207
107.191
107.2
107.206
107.233
107.177
107.233
107.384
106.958
107.192
107.466
106.966
107.177
107.233
107.177
107.207
107.184
107.334
107.083
107.188
107.252
107.158
107.383
107.008
107.225
107.181
107.282
107.12
107.218
107.184
107.35
107.049
107.184
107.207
107.199
107.218
107.192
107.383
107.015
107.207
107.188
107.173
107.252
107.188
107.225
107.305
107.158
107.098
107.24
107.143
107.241
107.184
107.225
107.527
106.842
107.207
107.184
107.207
107.221
107.188
107.173
107.466
106.978
107.18
107.177
107.538
106.909
107.177
107.312
107.154
107.143
107.199
107.275
107.327
107.022
107.192
107.203
107.188
107.181
107.206
107.222
107.432
106.937
107.218
107.391
106.992
107.222
107.177
107.199
107.203
107.222
107.184
107.44
106.958
107.185
107.289
107.128
107.184
107.233
107.199
107.342
107.027
107.214
107.192
107.192
107.218
107.221
107.346
107.008
107.233
107.207
107.184
107.184
107.207
107.327
107.083
107.225
107.207
107.199
107.177
107.192
107.214
107.177
107.199
107.184
107.226
107.206
107.192
107.32
107.064
107.225
107.184
107.215
107.225
107.425
106.936
107.207
107.192
107.289
107.248
107.064
107.233
107.312
107.053
107.192
107.218
107.312
107.086
107.199
107.226
107.278
107.105
107.192
107.474
107.015
107.113
107.199
107.199
107.199
107.203
107.2
107.206
107.185
107.225
107.327
107.222
107.056
107.177
107.218
107.192
107.24
107.151
107.207
107.191
107.267
107.143
107.192
107.21
107.188
107.2
107.203
107.398
107.079
107.113
107.184
107.395
107.011
107.218
107.218
107.184
107.2
107.199
107.319
107.098
107.384
107.007
107.177
107.214
107.218
107.177
107.398
107.008
107.192
107.21
107.214
107.192
107.256
107.135
107.192
107.203
107.244
107.162
107.184
107.199
107.241
107.184
107.177
107.207
107.225
107.192
107.361
107.015
107.222
107.191
107.218
107.177
107.207
107.199
107.199
107.241
107.162
107.206
107.185
107.206
107.218
107.192
107.177
107.237
107.184
107.195
107.207
107.192
107.225
107.271
107.087
107.218
107.199
107.207
107.169
107.233
107.207
107.191
107.241
107.143
107.225
107.192
107.229
107.155
107.345
107.064
107.181
107.21
107.369
107.037
107.177
107.233
107.199
107.192
107.218
107.207
107.241
107.142
107.203
107.215
107.214
107.169
107.207
107.184
107.241
107.158
107.195
107.241
107.334
107.03
107.203
107.215
107.432
106.944
107.225
107.199
107.185
107.206
107.185
107.24
107.158
107.211
107.191
107.215
107.203
107.191
107.215
107.184
107.192
107.278
107.105
107.233
107.192
107.199
107.218
107.305
107.079
107.199
107.225
107.369
107.004
107.218
107.214
107.267
107.094
107.218
107.199
107.354
107.037
107.192
107.21
107.2
107.199
107.199
107.218
107.335
107.049
107.206
107.192
107.184
107.218
107.2
107.199
107.304
107.087
107.218
107.169
107.301
107.113
107.199
107.319
107.162
107.135
107.192
107.214
107.233
107.17
107.184
107.184
107.233
107.177
107.214
107.177
107.222
107.191
107.207
107.275
107.127
107.185
107.199
107.225
107.2
107.184
107.199
107.226
107.176
107.207
107.222
107.188
107.188
107.188
107.207
107.221
107.17
107.383
107.192
107.041
107.297
107.248
107.053
107.18
107.23
107.176
107.207
107.199
107.196
107.237
107.161
107.215
107.169
107.218
107.207
107.206
107.185
107.199
107.21
107.173
107.218
107.192
107.241
107.221
107.155
107.199
107.199
107.233
107.143
107.312
107.113
107.207
107.195
107.188
107.218
107.184
107.207
107.263
107.139
107.158
107.267
107.166
107.214
107.21
107.433
106.943
107.2
107.191
107.384
107.432
106.808
107.177
107.357
107.075
107.192
107.192
107.192
107.289
107.113
107.207
107.191
107.279
107.139
107.165
107.587
106.823
107.214
107.203
107.286
107.128
107.184
107.346
107.056
107.222
107.177
107.24
107.23
107.12
107.21
107.215
107.184
107.184
107.214
107.275
107.15
107.177
107.199
107.218
107.184
107.2
107.206
107.2
107.199
107.195
107.2
107.199
107.218
107.304
107.102
107.192
107.184
107.199
107.211
107.334
107.057
107.214
107.207
107.346
107.033
107.2
107.206
107.2
107.184
107.225
107.211
107.158
107.199
107.248
107.169
107.185
107.263
107.176
107.173
107.177
107.274
107.151
107.192
107.199
107.225
107.185
107.191
107.192
107.199
107.211
107.214
107.192
107.21
107.196
107.199
107.188
107.229
107.459
106.91
107.195
107.196
107.218
107.21
107.173
107.218
107.215
107.184
107.214
107.196
107.575
106.808
107.229
107.17
107.225
107.173
107.196
107.214
107.297
107.094
107.184
107.241
107.184
107.199
107.199
107.211
107.256
107.142
107.185
107.394
107.03
107.185
107.221
107.275
107.094
107.21
107.23
107.169
107.233
107.158
107.225
107.489
106.895
107.199
107.211
107.391
107
107.199
107.218
107.462
106.936
107.192
107.177
107.229
107.184
107.211
107.319
107.079
107.192
107.192
107.195
107.222
107.192
107.214
107.29
107.086
107.211
107.206
107.185
107.424
106.985
107.2
107.199
107.391
107.015
107.21
107.177
107.199
107.256
107.154
107.214
107.346
107.053
107.184
107.278
107.181
107.143
107.206
107.192
107.218
107.184
107.207
107.248
107.151
107.184
107.458
106.959
107.192
107.192
107.21
107.229
107.17
107.199
107.199
107.192
107.24
107.211
107.158
107.184
107.222
107.21
107.192
107.271
107.113
107.473
106.936
107.215
107.184
107.192
107.21
107.192
107.207
107.199
107.192
107.225
107.184
107.361
107.038
107.192
107.184
107.24
107.192
107.177
107.207
107.282
107.127
107.181
107.218
107.24
107.151
107.225
107.158
107.226
107.214
107.211
107.357
107.034
107.184
107.207
107.184
107.466
106.951
107.177
107.207
107.36
107.038
107.184
107.263
107.155
107.206
107.226
107.177
107.206
107.185
107.184
107.222
107.203
107.206
107.177
107.447
106.97
107.2
107.206
107.406
106.985
107.211
107.177
107.417
107.015
107.18
107.196
107.383
107.023
107.199
107.199
107.271
107.162
107.161
107.433
107.116
107.109
107.143
107.222
107.184
107.192
107.218
107.192
107.191
107.256
107.15
107.354
107.161
107.087
107.199
107.226
107.263
107.128
107.191
107.177
107.305
107.101
107.211
107.199
107.256
107.142
107.226
107.162
107.27
107.151
107.184
107.274
107.159
107.176
107.233
107.158
107.24
107.162
107.222
107.192
107.184
107.225
107.192
107.222
107.184
107.188
107.237
107.338
107.008
107.222
107.191
107.218
107.215
107.184
107.199
107.196
107.3
107.106
107.191
107.185
107.225
107.199
107.192
107.214
107.185
107.218
107.169
107.229
107.203
107.203
107.173
107.214
107.185
107.214
107.177
107.184
107.199
107.233
107.199
107.249
107.191
107.143
107.237
107.229
107.151
107.191
107.218
107.256
107.128
107.199
107.192
107.225
107.2
107.255
107.121
107.24
107.184
107.192
107.226
107.165
107.474
106.94
107.195
107.184
107.384
107.041
107.184
107.185
107.364
107.068
107.173
107.248
107.297
107.064
107.199
107.184
107.339
107.079
107.221
107.17
107.458
106.951
107.2
107.199
107.297
107.094
107.21
107.185
107.206
107.2
107.218
107.229
107.248
107.12
107.192
107.305
107.15
107.147
107.191
107.222
107.196
107.191
107.196
107.252
107.432
106.91
107.233
107.192
107.176
107.2
107.199
107.21
107.35
107.041
107.207
107.207
107.177
107.218
107.199
107.455
106.936
107.218
107.199
107.192
107.214
107.196
107.214
107.425
107.064
107.079
107.218
107.206
107.185
107.206
107.185
107.191
107.207
107.211
107.413
106.97
107.271
107.154
107.199
107.177
107.214
107.218
107.173
107.211
107.206
107.185
107.214
107.21
107.185
107.432
106.966
107.312
107.098
107.207
107.184
107.177
107.214
107.207
107.203
107.184
107.222
107.184
107.21
107.185
107.214
107.312
107.079
107.218
107.199
107.199
107.192
107.226
107.176
107.305
107.101
107.177
107.233
107.184
107.207
107.192
107.184
107.207
107.207
107.218
107.376
107.007
107.199
107.192
107.211
107.206
107.192
107.177
107.304
107.121
107.191
107.215
107.169
107.233
107.188
107.218
107.233
107.143
107.21
107.207
107.481
106.903
107.21
107.181
107.481
106.928
107.207
107.226
107.327
107.27
106.985
107.185
107.218
107.199
107.199
107.199
107.44
107.064
107.083
107.47
106.928
107.207
107.207
107.177
107.218
107.191
107.207
107.177
107.398
107.042
107.184
107.207
107.361
107.026
107.214
107.192
107.192
107.218
107.191
107.222
107.177
107.218
107.184
107.35
107.105
107.143
107.474
106.958
107.162
107.207
107.199
107.184
107.222
107.195
107.207
107.184
107.192
107.226
107.206
107.207
107.177
107.233
107.192
107.263
107.113
107.214
107.451
106.94
107.177
107.218
107.206
107.203
107.181
107.361
107.041
107.199
107.192
107.406
107.034
107.162
107.214
107.207
107.195
107.229
107.155
107.214
107.207
107.218
107.165
107.211
107.383
107.008
107.432
106.977
107.207
107.192
107.391
107.007
107.218
107.185
107.199
107.218
107.173
107.225
107.177
107.463
106.943
107.184
107.282
107.263
107.079
107.185
107.218
107.206
107.192
107.192
107.199
107.192
107.218
107.177
107.191
107.248
107.173
107.177
107.44
106.985
107.192
107.199
107.319
107.106
107.184
107.214
107.372
107.079
107.136
107.206
107.376
107.019
107.196
107.203
107.191
107.327
107.076
107.221
107.256
107.128
107.199
107.218
107.327
107.045
107.211
107.192
107.327
107.082
107.2
107.191
107.233
107.173
107.211
107.192
107.191
107.2
107.218
107.206
107.2
107.176
107.207
107.233
107.233
107.136
107.206
107.177
107.256
107.169
107.192
107.293
107.098
107.199
107.327
107.068
107.199
107.207
107.218
107.206
107.162
107.214
107.279
107.139
107.184
107.244
107.169
107.211
107.18
107.218
107.192
107.199
107.17
107.233
107.199
107.169
107.229
107.339
107.045
107.218
107.192
107.248
107.158
107.169
107.214
107.233
107.184
107.207
107.162
107.225
107.2
107.293
107.098
107.191
107.218
107.26
107.139
107.402
106.996
107.233
107.143
107.324
107.101
107.184
107.297
107.305
107.015
107.184
107.218
107.222
107.184
107.192
107.192
107.199
107.21
107.192
107.207
107.177
107.221
107.177
107.222
107.21
107.215
107.173
107.236
107.192
107.184
107.192
107.218
107.173
107.233
107.199
107.305
107.218
107.079
107.199
107.553
106.816
107.206
107.203
107.301
107.106
107.199
107.184
107.552
106.895
107.162
107.256
107.154
107.191
107.207
107.192
107.207
107.218
107.184
107.192
107.199
107.225
107.173
107.218
107.185
107.206
107.192
107.297
107.135
107.17
107.199
107.225
107.166
107.21
107.2
107.184
107.199
107.207
107.203
107.372
107.162
107.064
107.312
107.071
107.226
107.191
107.2
107.184
107.225
107.196
107.218
107.192
107.184
107.225
107.185
107.191
107.271
107.154
107.199
107.2
107.248
107.135
107.214
107.162
107.226
107.199
107.199
107.271
107.105
107.226
107.206
107.177
107.207
107.466
106.951
107.207
107.169
107.353
107.064
107.215
107.184
107.199
107.192
107.248
107.147
107.391
107.015
107.218
107.191
107.335
107.064
107.218
107.173
107.346
107.071
107.199
107.2
107.466
106.936
107.184
107.463
107.048
107.087
107.184
107.226
107.545
106.853
107.184
107.233
107.185
107.199
107.184
107.214
107.192
107.211
107.214
107.263
107.113
107.225
107.158
107.218
107.32
107.079
107.184
107.226
107.199
107.199
107.184
107.215
107.361
107.048
107.185
107.206
107.211
107.199
107.192
107.462
106.955
107.184
107.32
107.263
106.993
107.221
107.177
107.226
107.214
107.192
107.21
107.173
107.305
107.112
107.2
107.195
107.271
107.135
107.177
107.207
107.206
107.2
107.188
107.398
107.056
107.151
107.225
107.335
107.064
107.184
107.192
107.218
107.192
107.199
107.184
107.214
107.211
107.184
107.229
107.218
107.192
107.158
107.203
107.222
107.177
107.199
107.203
107.222
107.255
107.139
107.237
107.143
107.196
107.221
107.177
107.199
107.233
107.185
107.221
107.185
107.191
107.192
107.282
107.113
107.207
107.206
107.192
107.196
107.349
107.064
107.207
107.195
107.309
107.097
107.177
107.192
107.233
107.199
107.169
107.222
107.192
107.218
107.207
107.184
107.256
107.15
107.21
107.376
107.015
107.207
107.177
107.199
107.211
107.199
107.21
107.271
107.117
107.21
107.166
107.297
107.154
107.165
107.184
107.26
107.158
107.225
107.177
107.214
107.177
107.214
107.207
107.21
107.192
107.192
107.199
107.417
106.985
107.2
107.184
107.432
106.989
107.21
107.17
107.327
107.248
107.03
107.267
107.229
107.113
107.207
107.225
107.177
107.316
107.075
107.192
107.383
107.041
107.192
107.218
107.166
107.289
107.128
107.169
107.35
107.064
107.206
107.192
107.312
107.105
107.192
107.346
107.049
107.229
107.177
107.192
107.199
107.199
107.218
107.192
107.192
107.199
107.218
107.184
107.222
107.192
107.376
106.992
107.241
107.184
107.199
107.177
107.207
107.233
107.184
107.207
107.21
107.184
107.207
107.177
107.229
107.203
107.177
107.207
107.214
107.177
107.214
107.21
107.2
107.361
107.03
107.218
107.158
107.304
107.12
107.2
107.184
107.319
107.098
107.177
107.207
107.24
107.158
107.203
107.207
107.218
107.18
107.226
107.177
107.214
107.177
107.184
107.199
107.447
106.985
107.177
107.207
107.21
107.2
107.184
107.271
107.255
107.09
107.215
107.255
107.32
107.007
107.188
107.215
107.199
107.192
107.184
107.214
107.196
107.206
107.222
107.387
106.989
107.218
107.192
107.368
107.023
107.199
107.203
107.271
107.135
107.192
107.184
107.226
107.206
107.211
107.165
107.335
107.162
107.127
107.215
107.289
107.113
107.199
107.154
107.222
107.192
107.203
107.188
107.323
107.087
107.206
107.312
107.17
107.112
107.2
107.218
107.237
107.154
107.199
107.199
107.192
107.233
107.169
107.297
107.135
107.192
107.192
107.207
107.353
107.03
107.199
107.241
107.169
107.199
107.185
107.184
107.24
107.185
107.312
107.079
107.199
107.21
107.2
107.184
107.207
107.206
107.192
107.354
107.056
107.192
107.199
107.195
107.294
107.112
107.2
107.191
107.29
107.128
107.312
107.079
107.21
107.207
107.192
107.221
107.203
107.264
107.289
107.008
107.214
107.192
107.383
107.015
107.188
107.214
107.215
107.176
107.233
107.384
107
107.218
107.177
107.3
107.106
107.206
107.185
107.361
107.045
107.203
107.218
107.327
107.045
107.225
107.185
107.312
107.079
107.191
107.226
107.192
107.199
107.184
107.214
107.29
107.135
107.184
107.192
107.207
107.195
107.2
107.199
107.199
107.211
107.176
107.309
107.105
107.199
107.241
107.225
107.166
107.176
107.2
107.496
106.913
107.185
107.214
107.395
106.988
107.203
107.2
107.233
107.158
107.21
107.181
107.218
107.184
107.214
107.192
107.218
107.199
107.199
107.2
107.195
107.199
107.207
107.222
107.162
107.21
107.196
107.282
107.24
107.079
107.203
107.214
107.376
107.015
107.185
107.206
107.211
107.192
107.214
107.177
107.289
107.135
107.185
107.398
107.162
107.03
107.24
107.282
107.158
107.128
107.199
107.218
107.2
107.184
107.207
107.184
107.233
107.184
107.199
107.177
107.207
107.225
107.185
107.312
107.079
107.248
107.191
107.185
107.176
107.2
107.199
107.184
107.226
107.214
107.177
107.289
107.109
107.387
107.023
107.256
107.12
107.248
107.177
107.199
107.207
107.184
107.21
107.173
107.233
107.192
107.218
107.207
107.177
107.255
107.143
107.199
107.177
107.226
107.199
107.177
107.206
107.218
107.196
107.21
107.211
107.18
107.203
107.215
107.289
107.376
106.929
107.206
107.2
107.184
107.218
107.184
107.214
107.185
107.199
107.199
107.226
107.191
107.192
107.177
107.47
107.161
107.008
107.169
107.207
107.391
107.041
107.169
107.2
107.391
107
107.214
107.177
107.225
107.199
107.181
107.413
106.989
107.184
107.226
107.368
107.049
107.181
107.218
107.176
107.207
107.226
107.165
107.211
107.233
107.188
107.21
107.305
107.064
107.206
107.192
107.226
107.225
107.139
107.354
107.056
107.199
107.192
107.233
107.256
107.135
107.218
107.177
107.271
107.12
107.199
107.297
107.12
107.2
107.387
106.996
107.177
107.225
107.2
107.199
107.184
107.207
107.21
107.256
107.12
107.215
107.274
107.124
107.184
107.226
107.199
107.199
107.177
107.44
107.177
107.033
107.192
107.199
107.185
107.184
107.199
107.218
107.199
107.185
107.214
107.319
107.079
107.196
107.207
107.214
107.184
107.226
107.165
107.241
107.176
107.177
107.222
107.218
107.177
107.191
107.369
107.255
106.985
107.173
107.361
107.057
107.225
107.166
107.195
107.222
107.203
107.203
107.21
107.29
107.094
107.184
107.192
107.222
107.225
107.192
107.162
107.214
107.225
107.2
107.191
107.192
107.203
107.173
107.226
107.199
107.207
107.169
107.376
107.049
107.191
107.192
107.222
107.21
107.2
107.199
107.304
107.17
107.109
107.225
107.297
107.079
107.192
107.203
107.301
107.105
107.207
107.353
107.03
107.226
107.184
107.192
107.203
107.206
107.2
107.199
107.263
107.139
107.207
107.263
107.158
107.169
107.199
107.233
107.2
107.176
107.192
107.177
107.496
106.929
107.199
107.214
107.188
107.192
107.214
107.207
107.169
107.233
107.305
107.079
107.218
107.18
107.192
107.203
107.18
107.226
107.199
107.184
107.226
107.199
107.199
107.312
107.057
107.24
107.192
107.173
107.203
107.207
107.327
107.18
107.094
107.32
107.086
107.177
107.226
107.285
107.106
107.206
107.185
107.248
107.161
107.222
107.203
107.177
107.214
107.184
107.192
107.214
107.203
107.2
107.184
107.398
107.015
107.233
107.17
107.199
107.199
107.218
107.237
107.147
107.206
107.177
107.207
107.207
107.203
107.199
107.218
107.195
107.177
107.226
107.432
106.944
107.206
107.211
107.192
107.184
107.229
107.169
107.346
107.158
107.12
107.177
107.32
107.097
107.207
107.192
107.289
107.128
107.192
107.173
107.289
107.147
107.184
107.188
107.211
107.206
107.192
107.233
107.207
107.177
107.184
107.225
107.192
107.173
107.211
107.327
107.079
107.184
107.218
107.192
107.206
107.2
107.184
107.184
107.226
107.199
107.199
107.218
107.184
107.215
107.176
107.448
107.079
107.082
107.207
107.169
107.32
107.105
107.199
107.215
107.353
107.03
107.199
107.188
107.188
107.226
107.199
107.192
107.297
107.113
107.191
107.222
107.177
107.21
107.207
107.184
107.241
107.169
107.192
107.199
107.207
107.192
107.21
107.188
107.218
107.192
107.241
107.165
107.195
107.215
107.184
107.225
107.207
107.169
107.207
107.177
107.214
107.444
106.951
107.18
107.241
107.335
107.056
107.203
107.192
107.327
107.176
107.094
107.203
107.305
107.094
107.177
107.255
107.169
107.207
107.214
107.185
107.511
106.891
107.207
107.191
107.504
106.899
107.206
107.2
107.184
107.199
107.192
107.312
107.387
106.91
107.207
107.312
107.071
107.218
107.192
107.248
107.169
107.173
107.226
107.191
107.44
106.951
107.234
107.169
107.206
107.203
107.222
107.327
107.248
107.087
107.12
107.418
107
107.169
107.184
107.432
106.966
107.226
107.192
107.304
107.087
107.225
107.215
107.169
107.289
107.109
107.192
107.199
107.271
107.146
107.185
107.199
107.21
107.207
107.207
107.162
107.229
107.192
107.184
107.346
107.079
107.184
107.199
107.331
107.079
107.207
107.331
107.157
107.091
107.214
107.199
107.192
107.21
107.2
107.184
107.278
107.162
107.391
106.97
107.214
107.192
107.263
107.139
107.214
107.184
107.207
107.233
107.158
107.218
107.256
107.12
107.211
107.237
107.176
107.23
107.154
107.432
107.177
106.985
107.214
107.383
107.015
107.234
107.169
107.199
107.207
107.199
107.184
107.346
107.086
107.17
107.191
107.264
107.161
107.192
107.214
107.218
107.184
107.185
107.199
107.225
107.166
107.297
107.282
107.045
107.184
107.207
107.195
107.328
107.078
107.185
107.327
107.297
106.992
107.177
107.256
107.27
107.098
107.192
107.199
107.383
107.023
107.184
107.451
107.177
106.974
107.203
107.421
107
107.184
107.214
107.376
107.064
107.147
107.199
107.199
107.32
107.09
107.207
107.346
107.022
107.214
107.218
107.32
107.079
107.184
107.218
107.308
107.076
107.206
107.2
107.191
107.267
107.143
107.192
107.184
107.207
107.225
107.241
107.241
107.094
107.206
107.218
107.256
107.128
107.199
107.214
107.234
107.169
107.199
107.432
106.993
107.161
107.207
107.177
107.199
107.226
107.199
107.485
106.913
107.185
107.206
107.177
107.226
107.199
107.192
107.225
107.184
107.2
107.199
107.184
107.207
107.225
107.192
107.177
107.214
107.196
107.195
107.211
107.297
107.27
107.023
107.417
107.079
107.128
107.177
107.225
107.248
107.136
107.199
107.184
107.233
107.192
107.199
107.177
107.222
107.248
107.146
107.215
107.191
107.192
107.211
107.255
107.151
107.184
107.199
107.192
107.21
107.2
107.199
107.214
107.162
107.233
107.192
107.199
107.192
107.214
107.21
107.158
107.233
107.328
107.067
107.23
107.184
107.176
107.207
107.211
107.222
107.169
107.199
107.233
107.391
106.977
107.207
107.23
107.315
107.143
107.094
107.203
107.207
107.271
107.146
107.192
107.192
107.206
107.185
107.225
107.512
106.91
107.153
107.2
107.199
107.225
107.192
107.184
107.504
106.895
107.21
107.181
107.24
107.177
107.192
107.225
107.222
107.184
107.17
107.199
107.203
107.199
107.199
107.192
107.376
107.03
107.226
107.191
107.328
107.063
107.226
107.425
106.943
107.305
107.105
107.173
107.432
107.057
107.128
107.225
107.192
107.192
107.206
107.305
107.263
107.023
107.203
107.214
107.184
107.192
107.21
107.207
107.263
107.136
107.191
107.177
107.271
107.154
107.203
107.203
107.21
107.279
107.282
107.03
107.218
107.24
107.185
107.157
107.177
107.271
107.154
107.214
107.177
107.192
107.199
107.21
107.2
107.383
107.008
107.225
107.158
107.395
107.026
107.188
107.233
107.177
107.214
107.192
107.184
107.241
107.184
107.184
107.214
107.2
107.248
107.169
107.177
107.526
106.865
107.199
107.21
107.207
107.226
107.158
107.191
107.241
107.177
107.221
107.29
107.079
107.218
107.214
107.256
107.169
107.15
107.192
107.275
107.127
107.207
107.177
107.526
107.064
107.041
107.203
107.463
107.064
107.086
107.184
107.2
107.184
107.218
107.192
107.447
107.064
107.086
107.196
107.421
107.169
107.008
107.218
107.406
106.985
107.206
107.207
107.196
107.199
107.192
107.173
107.21
107.29
107.135
107.406
106.985
107.199
107.192
107.218
107.35
107.026
107.207
107.376
107.09
107.12
107.222
107.199
107.226
107.176
107.207
107.192
107.304
107.113
107.184
107.2
107.297
107.109
107.184
107.319
107.162
107.128
107.41
106.966
107.199
107.226
107.206
107.177
107.233
107.184
107.207
107.271
107.113
107.199
107.199
107.211
107.218
107.199
107.173
107.225
107.2
107.199
107.41
107
107.176
107.2
107.199
107.218
107.173
107.225
107.192
107.177
107.244
107.324
107.056
107.214
107.162
107.222
107.184
107.199
107.196
107.221
107.192
107.218
107.158
107.248
107.177
107.177
107.248
107.413
106.97
107.29
107.244
107.305
106.947
107.222
107.184
107.192
107.218
107.191
107.2
107.319
107.079
107.184
107.297
107.121
107.199
107.169
107.222
107.199
107.211
107.199
107.207
107.218
107.176
107.215
107.383
106.993
107.199
107.192
107.383
107.034
107.192
107.225
107.354
107.03
107.199
107.248
107.158
107.316
107.079
107.214
107.323
107.06
107.207
107.459
107.049
107.079
107.199
107.184
107.354
107.086
107.218
107.233
107.132
107.218
107.176
107.327
107.162
107.109
107.211
107.191
107.264
107.142
107.2
107.218
107.24
107.143
107.199
107.218
107.207
107.169
107.2
107.274
107.128
107.207
107.199
107.398
107.019
107.192
107.199
107.199
107.177
107.226
107.199
107.207
107.176
107.2
107.206
107.203
107.192
107.199
107.222
107.162
107.327
107.098
107.455
106.936
107.214
107.195
107.207
107.177
107.293
107.113
107.225
107.17
107.229
107.226
107.169
107.222
107.176
107.256
107.135
107.233
107.169
107.215
107.191
107.2
107.21
107.406
106.978
107.248
107.128
107.233
107.191
107.2
107.206
107.369
107.041
107.173
107.211
107.191
107.207
107.184
107.233
107.328
107.063
107.215
107.203
107.312
107.071
107.177
107.233
107.173
107.21
107.215
107.425
106.966
107.203
107.165
107.226
107.199
107.199
107.207
107.195
107.279
107.127
107.215
107.274
107.105
107.207
107.184
107.2
107.199
107.21
107.173
107.553
106.88
107.191
107.211
107.248
107.143
107.199
107.226
107.481
106.895
107.199
107.184
107.271
107.161
107.185
107.184
107.214
107.192
107.225
107.177
107.207
107.199
107.199
107.185
107.21
107.32
107.101
107.211
107.165
107.211
107.199
107.184
107.214
107.271
107.147
107.161
107.215
107.218
107.199
107.192
107.199
107.21
107.245
107.289
107.162
107.109
107.184
107.192
107.21
107.2
107.191
107.192
107.214
107.218
107.192
107.256
107.162
107.165
107.395
107
107.237
107.169
107.267
107.157
107.185
107.214
107.192
107.206
107.203
107.207
107.184
107.192
107.192
107.218
107.214
107.256
107.128
107.361
107.048
107.192
107.177
107.368
107.038
107.218
107.173
107.346
107.071
107.177
107.248
107.177
107.199
107.207
107.176
107.553
106.872
107.199
107.207
107.41
106.992
107.2
107.199
107.203
107.192
107.222
107.169
107.398
107
107.192
107.353
107.113
107.143
107.226
107.428
107.241
106.906
107.184
107.526
106.88
107.207
107.195
107.222
107.169
107.218
107.399
107.27
106.936
107.192
107.192
107.466
106.959
107.184
107.214
107.41
106.992
107.192
107.177
107.207
107.346
107.052
107.188
107.199
107.215
107.199
107.199
107.196
107.206
107.2
107.225
107.376
107.008
107.206
107.196
107.203
107.18
107.215
107.184
107.361
107.049
107.199
107.327
107.071
107.207
107.199
107.192
107.323
107.094
107.192
107.218
107.173
107.211
107.199
107.192
107.289
107.113
107.207
107.184
107.214
107.192
107.218
107.192
107.214
107.177
107.206
107.2
107.225
107.169
107.207
107.267
107.124
107.466
106.944
107.207
107.195
107.215
107.184
107.206
107.2
107.184
107.21
107.215
107.199
107.177
107.199
107.241
107.169
107.199
107.271
107.112
107.234
107.184
107.199
107.184
107.226
107.191
107.2
107.199
107.192
107.233
107.192
107.142
107.222
107.466
106.959
107.211
107.199
107.191
107.192
107.282
107.136
107.184
107.191
107.207
107.305
107.319
106.978
107.214
107.274
107.256
107.049
107.207
107.199
107.192
107.214
107.188
107.44
106.966
107.192
107.218
107.398
107.008
107.184
107.192
107.383
107.087
107.139
107.176
107.399
107.015
107.218
107.177
107.364
107.042
107.225
107.173
107.354
107.063
107.192
107.218
107.177
107.286
107.12
107.184
107.354
107.071
107.192
107.176
107.207
107.241
107.169
107.192
107.304
107.102
107.206
107.192
107.275
107.12
107.207
107.184
107.214
107.226
107.184
107.274
107.132
107.203
107.192
107.191
107.241
107.192
107.169
107.222
107.169
107.199
107.214
107.226
107.15
107.226
107.192
107.199
107.192
107.225
107.192
107.184
107.222
107.195
107.215
107.184
107.192
107.21
107.455
106.966
107.162
107.207
107.225
107.158
107.199
107.218
107.215
107.218
107.184
107.248
107.143
107.184
107.192
107.312
107.113
107.184
107.207
107.462
106.955
107.165
107.218
107.44
106.966
107.185
107.218
107.225
107.173
107.233
107.271
107.282
107.022
107.192
107.192
107.199
107.248
107.169
107.241
107.305
107.064
107.184
107.199
107.353
107.045
107.177
107.425
106.992
107.2
107.191
107.406
107.027
107.199
107.169
107.297
107.128
107.199
107.199
107.249
107.233
107.12
107.199
107.305
107.079
107.199
107.199
107.188
107.214
107.211
107.229
107.512
106.894
107.162
107.226
107.244
107.139
107.199
107.177
107.432
106.981
107.203
107.219
107.244
107.128
107.218
107.188
107.24
107.162
107.199
107.192
107.226
107.184
107.206
107.177
107.207
107.203
107.207
107.263
107.128
107.319
107.079
107.233
107.169
107.294
107.131
107.166
107.233
107.184
107.199
107.184
107.226
107.214
107.241
107.146
107.166
107.218
107.214
107.215
107.169
107.199
107.21
107.222
107.192
107.177
107.199
107.282
107.169
107.158
107.199
107.241
107.192
107.169
107.206
107.241
107.143
107.274
107.143
107.199
107.177
107.241
107.173
107.21
107.192
107.218
107.184
107.181
107.191
107.233
107.192
107.192
107.226
107.342
107.048
107.177
107.248
107.305
107.071
107.184
107.211
107.286
107.112
107.215
107.161
107.222
107.203
107.188
107.211
107.199
107.214
107.169
107.218
107.2
107.206
107.17
107.229
107.184
107.211
107.229
107.316
107.052
107.211
107.184
107.207
107.199
107.199
107.196
107.444
106.962
107.192
107.199
107.241
107.424
106.944
107.21
107.245
107.162
107.184
107.184
107.477
106.929
107.304
107.128
107.44
107.064
107.105
107.143
107.466
107.162
107.004
107.297
107.304
106.993
107.206
107.185
107.338
107.079
107.199
107.199
107.192
107.192
107.218
107.207
107.176
107.2
107.312
107.097
107.2
107.184
107.207
107.248
107.304
107.057
107.27
107.147
107.305
107.071
107.214
107.192
107.32
107.112
107.166
107.203
107.229
107.169
107.218
107.192
107.192
107.199
107.199
107.226
107.192
107.184
107.206
107.219
107.165
107.21
107.305
107.086
107.2
107.206
107.211
107.184
107.199
107.215
107.425
107
107.184
107.184
107.199
107.218
107.2
107.184
107.199
107.214
107.169
107.376
107.057
107.169
107.218
107.274
107.132
107.199
107.192
107.256
107.142
107.177
107.218
107.425
106.974
107.199
107.203
107.207
107.199
107.177
107.229
107.226
107.191
107.275
107.101
107.241
107.154
107.18
107.346
107.215
107.063
107.188
107.237
107.177
107.207
107.176
107.218
107.335
107.064
107.256
107.383
106.978
107.184
107.206
107.41
106.981
107.219
107.285
107.211
107.079
107.206
107.185
107.402
107.064
107.15
107.218
107.342
107.034
107.214
107.226
107.327
107.143
107.098
107.255
107.271
107.071
107.2
107.443
106.959
107.192
107.206
107.181
107.222
107.222
107.176
107.256
107.248
107.098
107.214
107.184
107.211
107.207
107.191
107.218
107.166
107.218
107.222
107.206
107.203
107.17
107.18
107.447
107.004
107.165
107.185
107.218
107.222
107.169
107.364
107.049
107.218
107.185
107.199
107.191
107.226
107.169
107.199
107.192
107.199
107.207
107.211
107.222
107.169
107.199
107.199
107.211
107.184
107.214
107.192
107.327
107.083
107.207
107.191
107.177
107.199
107.335
107.075
107.192
107.199
107.214
107.199
107.203
107.2
107.191
107.207
107.177
107.214
107.203
107.215
107.263
107.131
107.414
106.992
107.23
107.195
107.177
107.184
107.199
107.286
107.312
107.011
107.222
107.241
107.304
107.03
107.184
107.218
107.264
107.143
107.199
107.203
107.316
107.075
107.207
107.439
106.951
107.219
107.172
107.211
107.32
107.071
107.184
107.361
107.169
107.102
107.169
107.338
107.094
107.2
107.184
107.206
107.275
107.135
107.173
107.226
107.203
107.199
107.165
107.305
107.12
107.192
107.226
107.503
106.888
107.184
107.225
107.256
107.128
107.199
107.184
107.263
107.154
107.207
107.192
107.192
107.199
107.218
107.177
107.214
107.327
107.083
107.222
107.184
107.199
107.184
107.177
107.248
107.274
107.102
107.207
107.184
107.218
107.199
107.177
107.229
107.177
107.222
107.169
107.218
107.192
107.225
107.158
107.226
107.199
107.207
107.207
107.259
107.128
107.199
107.233
107.214
107.185
107.176
107.207
107.177
107.3
107.117
107.342
107.057
107.184
107.199
107.256
107.127
107.241
107.184
107.226
107.158
107.218
107.199
107.297
107.113
107.425
106.973
107.184
107.192
107.384
107.041
107.192
107.199
107.207
107.199
107.169
107.226
107.207
107.191
107.233
107.143
107.226
107.207
107.191
107.192
107.44
106.977
107.192
107.192
107.206
107.192
107.196
107.214
107.256
107.142
107.215
107.338
107.049
107.211
107.195
107.282
107.128
107.192
107.206
107.184
107.196
107.199
107.207
107.207
107.184
107.21
107.192
107.256
107.143
107.203
107.18
107.233
107.192
107.207
107.218
107.184
107.192
107.199
107.192
107.225
107.192
107.192
107.184
107.207
107.24
107.177
107.199
107.192
107.192
107.199
107.226
107.184
107.199
107.199
107.203
107.384
107.015
107.207
107.368
107.026
107.192
107.214
107.177
107.365
107.041
107.218
107.278
107.113
107.199
107.203
107.173
107.346
107.064
107.214
107.282
107.109
107.203
107.455
106.936
107.207
107.21
107.2
107.199
107.192
107.214
107.188
107.184
107.248
107.166
107.206
107.282
107.121
107.199
107.207
107.21
107.184
107.2
107.447
106.963
107.172
107.226
107.192
107.248
107.143
107.206
107.211
107.173
107.218
107.383
107.019
107.181
107.203
107.222
107.199
107.199
107.195
107.2
107.207
107.176
107.199
107.211
107.214
107.177
107.241
107.413
106.978
107.184
107.199
107.192
107.225
107.158
107.214
107.388
107.03
107.191
107.196
107.229
107.177
107.184
107.207
107.21
107.2
107.199
107.192
107.447
106.97
107.192
107.191
107.2
107.225
107.192
107.211
107.18
107.214
107.177
107.41
107.015
107.184
107.214
107.38
107.015
107.207
107.169
107.207
107.206
107.203
107.222
107.177
107.226
107.184
107.214
107.177
107.3
107.091
107.24
107.169
107.207
107.192
107.203
107.188
107.226
107.206
107.192
107.297
107.079
107.203
107.308
107.177
107.132
107.18
107.184
107.305
107.12
107.192
107.199
107.203
107.222
107.176
107.234
107.221
107.143
107.218
107.519
106.899
107.191
107.35
107.056
107.162
107.207
107.199
107.256
107.154
107.199
107.199
107.233
107.185
107.18
107.203
107.184
107.192
107.432
107.008
107.184
107.214
107.203
107.35
107.011
107.327
107.128
107.192
107.165
107.211
107.207
107.191
107.177
107.233
107.229
107.17
107.176
107.233
107.2
107.191
107.294
107.097
107.184
107.234
107.199
107.199
107.417
106.966
107.26
107.173
107.161
107.2
107.184
107.319
107.106
107.199
107.282
107.12
107.372
107.027
107.199
107.192
107.27
107.147
107.214
107.169
107.354
107.071
107.2
107.383
107
107.214
107.162
107.214
107.211
107.199
107.233
107.32
107.037
107.211
107.184
107.327
107.079
107.207
107.218
107.199
107.267
107.124
107.226
107.154
107.214
107.192
107.191
107.546
106.928
107.151
107.304
107.09
107.23
107.176
107.184
107.286
107.177
107.143
107.21
107.248
107.151
107.195
107.215
107.214
107.169
107.192
107.184
107.496
106.917
107.211
107.207
107.195
107.207
107.199
107.369
107.007
107.32
107.12
107.15
107.211
107.233
107.18
107.219
107.184
107.184
107.214
107.177
107.199
107.226
107.207
107.199
107.191
107.211
107.199
107.192
107.192
107.199
107.214
107.245
107.206
107.271
107.275
107.015
107.229
107.259
107.173
107.218
107.079
107.305
107.128
107.199
107.203
107.207
107.191
107.192
107.192
107.222
107.188
107.206
107.192
107.398
106.993
107.241
107.169
107.376
107.022
107.199
107.219
107.184
107.199
107.184
107.207
107.327
107.09
107.184
107.192
107.233
107.181
107.21
107.184
107.455
106.959
107.203
107.207
107.184
107.199
107.177
107.395
107.03
107.199
107.218
107.301
107.161
107.121
107.191
107.2
107.263
107.139
107.207
107.455
106.936
107.214
107.169
107.263
107.177
107.177
107.184
107.282
107.391
106.951
107.184
107.214
107.219
107.184
107.184
107.47
106.944
107.199
107.203
107.199
107.417
106.974
107.226
107.191
107.226
107.158
107.488
106.914
107.207
107.199
107.184
107.233
107.263
107.121
107.207
107.383
107
107.211
107.406
107.161
107.023
107.207
107.218
107.342
107.041
107.192
107.199
107.263
107.147
107.199
107.184
107.207
107.218
107.199
107.282
107.222
107.087
107.218
107.169
107.244
107.162
107.207
107.176
107.241
107.192
107.191
107.218
107.2
107.191
107.2
107.176
107.241
107.169
107.222
107.184
107.214
107.185
107.458
106.929
107.214
107.192
107.207
107.255
107.132
107.364
107.061
107.214
107.177
107.39
107.016
107.184
107.207
107.296
107.121
107.199
107.177
107.218
107.207
107.206
107.177
107.192
107.207
107.203
107.184
107.214
107.199
107.192
107.184
107.233
107.192
107.192
107.184
107.41
107.015
107.199
107.327
107.425
106.846
107.195
107.263
107.312
107.023
107.203
107.207
107.199
107.192
107.184
107.226
107.199
107.199
107.218
107.421
107.192
106.992
107.2
107.383
107.011
107.192
107.192
107.398
106.985
107.207
107.226
107.184
107.207
107.184
107.225
107.357
107.042
107.176
107.192
107.369
107.037
107.218
107.177
107.199
107.248
107.158
107.309
107.086
107.207
107.218
107.342
107.064
107.184
107.199
107.211
107.278
107.113
107.191
107.192
107.207
107.241
107.169
107.297
107.101
107.203
107.207
107.192
107.255
107.143
107.192
107.177
107.263
107.177
107.191
107.218
107.158
107.226
107.199
107.263
107.128
107.218
107.199
107.2
107.176
107.207
107.248
107.139
107.214
107.2
107.214
107.196
107.199
107.199
107.368
107.023
107.211
107.199
107.207
107.176
107.207
107.211
107.206
107.177
107.214
107.241
107.15
107.199
107.203
107.215
107.21
107.169
107.215
107.191
107.2
107.199
107.192
107.218
107.207
107.255
107.12
107.346
107.094
107.233
107.177
107.173
107.226
107.199
107.177
107.184
107.207
107.203
107.199
107.278
107.12
107.241
107.192
107.169
107.207
107.184
107.199
107.226
107.191
107.177
107.199
107.222
107.203
107.165
107.384
107.034
107.199
107.226
107.312
107.071
107.199
107.218
107.207
107.199
107.2
107.161
107.466
106.952
107.206
107.184
107.301
107.098
107.218
107.207
107.255
107.121
107.203
107.334
107.072
107.222
107.188
107.3
107.113
107.192
107.192
107.199
107.233
107.154
107.214
107.256
107.143
107.184
107.203
107.199
107.207
107.192
107.24
107.376
107
107.192
107.203
107.196
107.191
107.226
107.192
107.176
107.222
107.226
107.274
107.079
107.214
107.218
107.192
107.165
107.226
107.192
107.207
107.218
107.184
107.199
107.199
107.241
107.184
107.184
107.192
107.199
107.263
107.241
107.203
107.094
107.233
107.158
107.32
107.233
107.079
107.225
107.154
107.23
107.184
107.199
107.184
107.192
107.199
107.466
106.952
107.199
107.199
107.376
107.026
107.169
107.215
107.225
107.192
107.207
107.24
107.166
107.177
107.176
107.211
107.229
107.271
107.116
107.188
107.587
106.831
107.176
107.218
107.2
107.199
107.207
107.353
107.038
107.191
107.233
107.177
107.199
107.2
107.218
107.304
107.079
107.207
107.184
107.289
107.128
107.185
107.233
107.236
107.136
107.203
107.44
106.943
107.207
107.211
107.172
107.418
107.015
107.184
107.226
107.206
107.17
107.214
107.21
107.173
107.203
107.207
107.207
107.199
107.211
107.176
107.207
107.353
107.166
107.09
107.192
107.199
107.192
107.207
107.184
107.191
107.226
107.211
107.165
107.241
107.184
107.207
107.21
107.357
107.019
107.214
107.215
107.161
107.207
107.226
107.199
107.192
107.184
107.199
107.184
107.226
107.199
107.474
106.996
107.132
107.206
107.192
107.207
107.21
107.192
107.207
107.158
107.244
107.158
107.241
107.184
107.199
107.199
107.2
107.203
107.199
107.214
107.177
107.184
107.207
107.233
107.192
107.255
107.128
107.226
107.191
107.215
107.161
107.207
107.218
107.207
107.192
107.297
107.094
107.203
107.199
107.199
107.199
107.192
107.184
107.226
107.207
107.176
107.455
106.978
107.191
107.177
107.229
107.211
107.165
107.184
107.219
107.225
107.199
107.185
107.199
107.199
107.192
107.207
107.297
107.289
107.015
107.192
107.233
107.432
106.966
107.177
107.199
107.327
107.083
107.192
107.184
107.207
107.207
107.21
107.391
107
107.207
107.176
107.219
107.27
107.136
107.199
107.383
107.012
107.199
107.176
107.207
107.263
107.158
107.196
107.199
107.207
107.192
107.176
107.402
107.038
107.177
107.24
107.32
107.049
107.207
107.27
107.248
107.076
107.199
107.334
107.049
107.256
107.169
107.165
107.249
107.184
107.192
107.218
107.184
107.199
107.192
107.214
107.196
107.199
107.214
107.169
107.256
107.154
107.399
107.007
107.192
107.203
107.214
107.184
107.2
107.199
107.214
107.184
107.226
107.177
107.255
107.335
107.007
107.211
107.207
107.206
107.188
107.207
107.214
107.2
107.176
107.192
107.199
107.218
107.192
107.199
107.2
107.184
107.218
107.319
107.072
107.184
107.226
107.206
107.192
107.184
107.215
107.218
107.191
107.29
107.086
107.192
107.233
107.263
107.121
107.439
106.959
107.203
107.18
107.32
107.105
107.241
107.158
107.203
107.199
107.226
107.184
107.376
107.022
107.2
107.184
107.199
107.203
107.199
107.207
107.192
107.214
107.169
107.418
107.022
107.184
107.184
107.384
107.162
107.071
107.226
107.173
107.225
107.177
107.18
107.354
107.075
107.192
107.191
107.32
107.158
107.124
107.207
107.304
107.135
107.151
107.191
107.297
107.143
107.185
107.176
107.218
107.181
107.225
107.312
107.072
107.214
107.196
107.172
107.275
107.207
107.146
107.286
107.398
106.907
107.199
107.263
107.12
107.226
107.199
107.402
107.004
107.226
107.169
107.199
107.207
107.21
107.207
107.169
107.207
107.192
107.323
107.087
107.199
107.199
107.199
107.192
107.192
107.218
107.199
107.192
107.191
107.219
107.199
107.192
107.278
107.146
107.406
106.985
107.169
107.335
107.105
107.215
107.206
107.162
107.199
107.192
107.226

------------------------------------------------------------------------------------------------------------------------------------------------
max val(#1) = 132.06us
min val(#3930) = 106.77us
peak-to-peak = 25.29us
mean +- RMS = 107.20 +- 0.28 us

packet size: 516
number of packets: 10000
RATE = 38506.21kbps, PPS = 9328.1
