Destination address set to 01:1B:19:00:00:00
Defaults: 01:1B:19:00:00:00 or 01:80:C2:00:00:0E
SIOCSHWTSTAMP: tx_type 1 requested, got 1; rx_filter 0 requested, got 0
setting ts_flags: 0x53
new ts_flags: 0x53


gap of hw tx time, us: packets 10000:
------------------------------------------------------------------------------------------------------------------------------------------------
0
107.184
107.214
107.192
107.32
107.056
107.199
107.226
107.191
107.185
107.233
107.158
107.225
107.181
107.203
107.214
107.192
107.21
107.199
107.2
107.274
107.117
107.225
107.184
107.185
107.191
107.2
107.21
107.196
107.203
107.319
107.057
107.206
107.2
107.315
107.094
107.207
107.192
107.218
107.169
107.237
107.417
107.042
107.127
107.2
107.199
107.383
107.034
107.184
107.192
107.214
107.203
107.188
107.203
107.185
107.229
107.177
107.21
107.222
107.192
107.169
107.192
107.353
107.071
107.192
107.214
107.177
107.199
107.218
107.215
107.184
107.233
107.199
107.177
107.207
107.184
107.218
107.214
107.233
107.151
107.184
107.432
107.162
106.992
107.215
107.191
107.218
107.192
107.173
107.211
107.248
107.143
107.233
107.199
107.192
107.199
107.169
107.241
107.206
107.185
107.206
107.192
107.226
107.255
107.155
107.191
107.184
107.2
107.199
107.199
107.203
107.173
107.214
107.211
107.192
107.218
107.612
106.858
107.105
107.534
106.936
107.169
107.199
107.192
107.233
107.169
107.215
107.24
107.47
106.94
107.15
107.2
107.199
107.191
107.17
107.233
107.165
107.226
107.206
107.204
107.191
107.286
107.105
107.376
107.026
107.207
107.372
107.012
107.233
107.158
107.218
107.248
107.143
107.191
107.192
107.233
107.23
107.176
107.218
107.151
107.206
107.192
107.451
106.974
107.192
107.376
107.049
107.263
107.161
107.136
107.24
107.184
107.207
107.184
107.185
107.199
107.203
107.214
107.184
107.207
107.192
107.199
107.226
107.176
107.241
107.158
107.21
107.207
107.184
107.2
107.184
107.233
107.192
107.206
107.215
107.21
107.184
107.2
107.214
107.192
107.195
107.166
107.206
107.218
107.17
107.47
106.928
107.211
107.214
107.346
107.045
107.199
107.211
107.165
107.226
107.21
107.421
106.963
107.206
107.2
107.361
107.071
107.184
107.184
107.2
107.206
107.2
107.203
107.237
107.338
107.022
107.192
107.211
107.199
107.192
107.199
107.376
107.034
107.191
107.2
107.221
107.181
107.203
107.195
107.2
107.199
107.225
107.173
107.211
107.199
107.199
107.192
107.211
107.191
107.2
107.214
107.184
107.211
107.191
107.2
107.199
107.203
107.207
107.199
107.199
107.192
107.203
107.413
106.985
107.222
107.169
107.32
107.079
107.225
107.2
107.274
107.094
107.226
107.191
107.305
107.094
107.199
107.203
107.199
107.2
107.191
107.207
107.203
107.199
107.2
107.199
107.199
107.199
107.203
107.192
107.207
107.199
107.192
107.21
107.2
107.191
107.2
107.417
106.992
107.2
107.199
107.192
107.21
107.222
107.177
107.214
107.274
107.102
107.225
107.185
107.233
107.158
107.21
107.199
107.2
107.199
107.192
107.218
107.191
107.2
107.191
107.546
106.872
107.191
107.2
107.199
107.192
107.21
107.207
107.207
107.184
107.203
107.188
107.21
107.192
107.207
107.199
107.192
107.218
107.353
107.057
107.173
107.218
107.184
107.207
107.214
107.195
107.249
107.142
107.2
107.191
107.2
107.21
107.199
107.2
107.199
107.218
107.192
107.199
107.289
107.102
107.214
107.188
107.207
107.192
107.191
107.2
107.21
107.199
107.2
107.191
107.2
107.206
107.203
107.2
107.206
107.192
107.199
107.218
107.185
107.191
107.207
107.192
107.21
107.192
107.199
107.2
107.203
107.229
107.192
107.21
107.173
107.192
107.225
107.177
107.199
107.2
107.21
107.199
107.2
107.191
107.2
107.199
107.21
107.2
107.199
107.192
107.21
107.199
107.2
107.199
107.199
107.199
107.196
107.207
107.199
107.199
107.297
107.105
107.2
107.199
107.199
107.196
107.199
107.207
107.383
107.008
107.21
107.207
107.192
107.191
107.211
107.199
107.207
107.192
107.191
107.369
107.041
107.207
107.207
107.191
107.2
107.195
107.207
107.192
107.206
107.185
107.199
107.203
107.207
107.206
107.185
107.466
106.936
107.207
107.191
107.2
107.21
107.222
107.169
107.241
107.176
107.192
107.207
107.192
107.255
107.147
107.207
107.206
107.185
107.225
107.184
107.188
107.211
107.192
107.199
107.21
107.2
107.191
107.2
107.206
107.2
107.184
107.274
107.151
107.218
107.199
107.184
107.192
107.192
107.225
107.181
107.191
107.211
107.192
107.206
107.2
107.21
107.192
107.199
107.192
107.207
107.428
106.974
107.192
107.199
107.207
107.191
107.211
107.192
107.21
107.188
107.203
107.199
107.2
107.225
107.188
107.181
107.214
107.199
107.199
107.2
107.376
107.015
107.21
107.192
107.21
107.215
107.191
107.211
107.188
107.188
107.207
107.342
107.056
107.199
107.203
107.192
107.207
107.192
107.206
107.196
107.207
107.199
107.192
107.199
107.203
107.188
107.21
107.2
107.206
107.185
107.21
107.199
107.207
107.192
107.199
107.203
107.199
107.207
107.192
107.21
107.192
107.199
107.279
107.12
107.207
107.184
107.218
107.199
107.192
107.192
107.206
107.211
107.184
107.207
107.207
107.218
107.176
107.2
107.376
107.022
107.233
107.169
107.222
107.184
107.192
107.211
107.462
106.944
107.199
107.195
107.192
107.207
107.214
107.184
107.192
107.211
107.191
107.44
106.959
107.21
107.2
107.191
107.2
107.21
107.196
107.21
107.184
107.222
107.203
107.271
107.113
107.191
107.207
107.199
107.203
107.185
107.214
107.207
107.191
107.2
107.203
107.214
107.177
107.199
107.207
107.195
107.199
107.207
107.192
107.21
107.2
107.214
107.192
107.199
107.177
107.233
107.191
107.192
107.192
107.207
107.21
107.192
107.192
107.199
107.207
107.195
107.199
107.2
107.199
107.21
107.192
107.214
107.185
107.206
107.203
107.2
107.206
107.185
107.199
107.214
107.211
107.184
107.199
107.218
107.406
106.993
107.176
107.32
107.071
107.2
107.206
107.211
107.192
107.191
107.2
107.206
107.203
107.2
107.191
107.241
107.177
107.191
107.2
107.191
107.226
107.192
107.191
107.2
107.199
107.192
107.21
107.199
107.2
107.191
107.2
107.206
107.203
107.2
107.199
107.199
107.211
107.191
107.192
107.214
107.192
107.211
107.297
107.094
107.191
107.2
107.21
107.199
107.2
107.199
107.391
107.011
107.199
107.2
107.191
107.207
107.207
107.195
107.2
107.199
107.192
107.368
107.041
107.215
107.199
107.184
107.203
107.199
107.2
107.191
107.207
107.199
107.203
107.2
107.191
107.218
107.185
107.206
107.2
107.199
107.192
107.21
107.199
107.192
107.207
107.192
107.203
107.206
107.2
107.191
107.226
107.199
107.271
107.113
107.199
107.199
107.211
107.191
107.192
107.199
107.2
107.206
107.203
107.2
107.199
107.233
107.177
107.206
107.369
107.022
107.192
107.192
107.241
107.169
107.191
107.2
107.199
107.21
107.2
107.191
107.207
107.203
107.199
107.2
107.191
107.2
107.21
107.436
106.963
107.199
107.207
107.21
107.199
107.185
107.214
107.177
107.218
107.184
107.207
107.304
107.094
107.218
107.184
107.2
107.191
107.2
107.21
107.391
107.008
107.191
107.207
107.203
107.199
107.2
107.191
107.2
107.218
107.191
107.2
107.191
107.207
107.211
107.184
107.199
107.199
107.2
107.21
107.199
107.2
107.191
107.207
107.192
107.21
107.2
107.191
107.2
107.199
107.207
107.315
107.087
107.199
107.192
107.21
107.215
107.184
107.21
107.192
107.199
107.207
107.192
107.44
106.992
107.2
107.169
107.21
107.188
107.203
107.222
107.184
107.192
107.226
107.199
107.176
107.2
107.199
107.21
107.192
107.199
107.2
107.233
107.184
107.177
107.206
107.215
107.184
107.199
107.207
107.195
107.2
107.199
107.21
107.192
107.305
107.101
107.44
106.944
107.218
107.214
107.192
107.184
107.21
107.2
107.191
107.207
107.192
107.199
107.305
107.094
107.203
107.206
107.192
107.192
107.207
107.21
107.199
107.196
107.199
107.199
107.2
107.199
107.199
107.211
107.191
107.2
107.199
107.368
107.034
107.199
107.2
107.199
107.199
107.211
107.199
107.199
107.192
107.199
107.207
107.218
107.177
107.199
107.199
107.474
106.951
107.199
107.177
107.207
107.203
107.191
107.222
107.169
107.218
107.2
107.191
107.2
107.199
107.21
107.188
107.203
107.2
107.199
107.199
107.203
107.207
107.192
107.199
107.207
107.195
107.207
107.199
107.203
107.188
107.211
107.191
107.2
107.199
107.192
107.24
107.169
107.2
107.199
107.21
107.185
107.206
107.207
107.192
107.21
107.2
107.199
107.199
107.184
107.215
107.451
106.943
107.207
107.192
107.21
107.192
107.207
107.192
107.199
107.199
107.203
107.214
107.297
107.087
107.226
107.184
107.206
107.2
107.184
107.21
107.196
107.203
107.192
107.21
107.181
107.21
107.199
107.2
107.206
107.2
107.203
107.191
107.207
107.192
107.199
107.226
107.176
107.2
107.206
107.192
107.199
107.2
107.203
107.206
107.219
107.176
107.199
107.207
107.199
107.203
107.181
107.218
107.192
107.199
107.21
107.2
107.206
107.241
107.158
107.195
107.2
107.191
107.241
107.425
106.959
107.199
107.425
106.985
107.18
107.203
107.199
107.199
107.2
107.218
107.165
107.211
107.191
107.2
107.282
107.285
107.049
107.181
107.237
107.184
107.191
107.215
107.27
107.267
107.061
107.21
107.165
107.211
107.184
107.199
107.354
107.165
107.113
107.184
107.192
107.199
107.203
107.214
107.185
107.191
107.218
107.192
107.199
107.2
107.199
107.312
107.09
107.207
107.214
107.177
107.289
107.109
107.203
107.2
107.199
107.192
107.199
107.21
107.192
107.199
107.207
107.192
107.203
107.207
107.361
107.037
107.203
107.199
107.2
107.199
107.199
107.203
107.222
107.169
107.199
107.211
107.229
107.169
107.2
107.191
107.482
106.928
107.199
107.192
107.327
107.072
107.21
107.215
107.218
107.251
107.132
107.173
107.21
107.2
107.199
107.199
107.218
107.184
107.207
107.199
107.192
107.199
107.203
107.2
107.191
107.207
107.203
107.199
107.192
107.199
107.207
107.203
107.196
107.195
107.207
107.199
107.218
107.184
107.2
107.191
107.207
107.203
107.199
107.2
107.199
107.192
107.225
107.184
107.2
107.199
107.207
107.21
107.2
107.191
107.199
107.211
107.184
107.215
107.176
107.207
107.218
107.184
107.199
107.192
107.207
107.199
107.199
107.203
107.207
107.192
107.56
106.831
107.21
107.2
107.191
107.211
107.199
107.199
107.2
107.199
107.207
107.368
107.026
107.2
107.199
107.199
107.203
107.222
107.169
107.207
107.199
107.203
107.215
107.218
107.157
107.226
107.184
107.199
107.192
107.222
107.184
107.203
107.199
107.2
107.233
107.342
107.049
107.176
107.335
107.071
107.192
107.211
107.191
107.2
107.199
107.203
107.188
107.218
107.192
107.191
107.215
107.203
107.191
107.2
107.199
107.199
107.211
107.199
107.383
107.015
107.192
107.211
107.191
107.207
107.192
107.21
107.2
107.191
107.2
107.199
107.199
107.199
107.203
107.207
107.211
107.191
107.192
107.463
106.943
107.192
107.192
107.214
107.195
107.215
107.184
107.214
107.196
107.222
107.176
107.199
107.2
107.203
107.214
107.177
107.222
107.187
107.2
107.391
107
107.199
107.21
107.2
107.191
107.2
107.199
107.21
107.2
107.191
107.376
107.023
107.199
107.203
107.207
107.199
107.192
107.207
107.218
107.192
107.191
107.192
107.21
107.23
107.184
107.177
107.199
107.21
107.215
107.176
107.328
107.086
107.192
107.191
107.203
107.207
107.192
107.199
107.211
107.199
107.192
107.199
107.21
107.2
107.191
107.2
107.199
107.21
107.2
107.199
107.192
107.206
107.196
107.207
107.191
107.2
107.214
107.192
107.203
107.191
107.2
107.206
107.185
107.218
107.199
107.211
107.229
107.161
107.188
107.203
107.2
107.199
107.192
107.218
107.191
107.2
107.199
107.21
107.2
107.191
107.2
107.199
107.203
107.199
107.203
107.196
107.206
107.2
107.203
107.191
107.207
107.192
107.199
107.199
107.203
107.2
107.409
106.989
107.211
107.191
107.2
107.206
107.196
107.207
107.191
107.2
107.199
107.21
107.192
107.199
107.2
107.199
107.199
107.211
107.188
107.203
107.214
107.192
107.203
107.191
107.207
107.207
107.211
107.184
107.191
107.2
107.206
107.234
107.184
107.176
107.215
107.191
107.211
107.18
107.2
107.203
107.199
107.199
107.297
107.105
107.2
107.191
107.207
107.192
107.21
107.2
107.199
107.199
107.203
107.199
107.2
107.199
107.192
107.218
107.191
107.2
107.199
107.192
107.255
107.147
107.207
107.206
107.226
107.184
107.184
107.2
107.191
107.207
107.203
107.199
107.2
107.199
107.192
107.473
106.936
107.2
107.199
107.199
107.203
107.199
107.2
107.191
107.207
107.192
107.21
107.215
107.176
107.219
107.191
107.199
107.2
107.191
107.207
107.218
107.184
107.192
107.199
107.215
107.203
107.191
107.2
107.199
107.199
107.218
107.184
107.207
107.184
107.219
107.191
107.199
107.2
107.191
107.2
107.218
107.191
107.215
107.225
107.17
107.191
107.199
107.482
106.909
107.2
107.199
107.338
107.072
107.191
107.2
107.199
107.21
107.2
107.199
107.192
107.21
107.199
107.294
107.097
107.2
107.199
107.21
107.2
107.191
107.2
107.199
107.21
107.2
107.199
107.199
107.203
107.199
107.215
107.383
106.993
107.218
107.191
107.264
107.312
107.015
107.218
107.199
107.192
107.206
107.211
107.199
107.184
107.2
107.206
107.219
107.165
107.21
107.463
106.936
107.203
107.199
107.199
107.2
107.191
107.2
107.203
107.206
107.2
107.191
107.207
107.297
107.121
107.184
107.575
106.835
107.187
107.219
107.184
107.191
107.2
107.21
107.199
107.2
107.199
107.199
107.196
107.222
107.191
107.376
107.015
107.192
107.21
107.192
107.199
107.2
107.199
107.218
107.207
107.191
107.204
107.191
107.199
107.2
107.199
107.192
107.199
107.21
107.2
107.327
107.071
107.233
107.185
107.184
107.206
107.219
107.214
107.177
107.199
107.191
107.297
107.121
107.27
107.121
107.447
106.963
107.199
107.192
107.184
107.199
107.218
107.192
107.191
107.2
107.206
107.192
107.203
107.199
107.2
107.203
107.188
107.218
107.199
107.199
107.207
107.184
107.207
107.195
107.2
107.222
107.169
107.233
107.176
107.2
107.199
107.466
106.944
107.199
107.192
107.199
107.199
107.211
107.199
107.192
107.199
107.207
107.184
107.338
107.079
107.207
107.184
107.211
107.199
107.192
107.207
107.409
106.993
107.191
107.2
107.199
107.192
107.21
107.199
107.2
107.207
107.218
107.383
107
107.214
107.185
107.191
107.387
107.023
107.192
107.225
107.485
106.914
107.192
107.191
107.218
107.278
107.106
107.18
107.211
107.207
107.203
107.199
107.199
107.192
107.207
107.184
107.218
107.191
107.207
107.2
107.191
107.211
107.301
107.09
107.225
107.181
107.203
107.199
107.199
107.2
107.218
107.184
107.191
107.207
107.192
107.207
107.195
107.199
107.2
107.207
107.195
107.214
107.2
107.199
107.225
107.166
107.203
107.191
107.2
107.199
107.211
107.199
107.191
107.2
107.207
107.199
107.191
107.203
107.207
107.192
107.199
107.211
107.199
107.199
107.2
107.191
107.218
107.184
107.222
107.185
107.21
107.192
107.191
107.2
107.207
107.218
107.184
107.301
107.097
107.192
107.211
107.199
107.191
107.2
107.207
107.199
107.203
107.207
107.304
107.184
107.102
107.203
107.199
107.192
107.199
107.192
107.21
107.241
107.158
107.218
107.229
107.154
107.207
107.199
107.481
106.91
107.211
107.191
107.335
107.064
107.211
107.191
107.207
107.199
107.177
107.226
107.187
107.203
107.207
107.32
107.083
107.18
107.218
107.192
107.312
107.079
107.225
107.192
107.207
107.184
107.211
107.18
107.21
107.23
107.169
107.297
107.286
107.018
107.2
107.417
107.165
107.019
107.215
107.191
107.207
107.177
107.21
107.188
107.203
107.207
107.233
107.158
107.21
107.2
107.199
107.199
107.203
107.192
107.199
107.207
107.199
107.192
107.203
107.207
107.199
107.207
107.323
107.064
107.207
107.207
107.191
107.196
107.214
107.192
107.199
107.233
107.199
107.162
107.214
107.2
107.203
107.214
107.184
107.184
107.207
107.192
107.21
107.192
107.222
107.184
107.199
107.203
107.188
107.211
107.199
107.192
107.199
107.259
107.151
107.191
107.2
107.496
106.906
107.222
107.184
107.338
107.064
107.215
107.184
107.214
107.184
107.196
107.214
107.192
107.199
107.199
107.203
107.199
107.2
107.199
107.192
107.199
107.21
107.2
107.199
107.44
106.951
107.21
107.2
107.199
107.199
107.199
107.203
107.2
107.207
107.184
107.267
107.15
107.192
107.199
107.192
107.21
107.199
107.2
107.191
107.207
107.218
107.177
107.207
107.199
107.192
107.21
107.199
107.2
107.199
107.203
107.188
107.207
107.195
107.207
107.192
107.21
107.199
107.2
107.199
107.199
107.203
107.192
107.199
107.207
107.233
107.177
107.191
107.207
107.192
107.199
107.203
107.199
107.335
107.064
107.192
107.21
107.399
107
107.199
107.203
107.195
107.203
107.192
107.207
107.192
107.21
107.215
107.191
107.211
107.18
107.218
107.177
107.222
107.184
107.218
107.199
107.192
107.192
107.207
107.191
107.481
107.034
107.109
107.339
107.037
107.211
107.199
107.312
107.094
107.192
107.195
107.199
107.207
107.2
107.218
107.184
107.191
107.2
107.199
107.211
107.199
107.191
107.2
107.417
106.985
107.199
107.207
107.192
107.199
107.192
107.199
107.218
107.192
107.199
107.226
107.176
107.222
107.199
107.192
107.196
107.191
107.2
107.206
107.2
107.191
107.192
107.218
107.207
107.199
107.177
107.203
107.214
107.192
107.199
107.192
107.218
107.199
107.192
107.207
107.199
107.21
107.192
107.199
107.192
107.199
107.203
107.207
107.192
107.199
107.211
107.191
107.2
107.199
107.391
107.019
107.191
107.2
107.199
107.199
107.211
107.191
107.207
107.199
107.192
107.211
107.248
107.15
107.192
107.199
107.489
106.906
107.207
107.199
107.199
107.211
107.199
107.192
107.206
107.2
107.184
107.218
107.214
107.192
107.207
107.203
107.191
107.192
107.192
107.199
107.207
107.195
107.222
107.177
107.207
107.203
107.199
107.199
107.192
107.207
107.203
107.18
107.218
107.207
107.192
107.184
107.218
107.199
107.199
107.192
107.218
107.184
107.207
107.192
107.199
107.199
107.211
107.192
107.199
107.191
107.234
107.176
107.207
107.192
107.207
107.199
107.21
107.215
107.184
107.199
107.211
107.176
107.23
107.169
107.199
107.192
107.199
107.211
107.199
107.207
107.191
107.199
107.211
107.192
107.199
107.192
107.218
107.192
107.199
107.199
107.211
107.391
107
107.199
107.199
107.199
107.218
107.192
107.192
107.207
107.195
107.195
107.211
107.248
107.143
107.211
107.206
107.481
106.903
107.199
107.226
107.176
107.222
107.184
107.2
107.184
107.21
107.2
107.199
107.199
107.218
107.184
107.32
107.079
107.191
107.2
107.203
107.207
107.191
107.207
107.211
107.18
107.207
107.203
107.214
107.177
107.21
107.2
107.413
106.985
107.211
107.199
107.255
107.136
107.199
107.207
107.195
107.2
107.199
107.199
107.199
107.211
107.192
107.199
107.191
107.207
107.192
107.211
107.199
107.191
107.226
107.192
107.192
107.199
107.191
107.207
107.203
107.207
107.192
107.338
107.053
107.225
107.185
107.191
107.207
107.199
107.203
107.215
107.184
107.191
107.203
107.207
107.2
107.191
107.384
107.03
107.184
107.211
107.199
107.191
107.2
107.225
107.2
107.184
107.191
107.207
107.211
107.207
107.184
107.199
107.192
107.233
107.192
107.199
107.184
107.192
107.233
107.192
107.327
107.048
107.2
107.207
107.218
107.199
107.184
107.214
107.196
107.199
107.192
107.312
107.09
107.207
107.192
107.199
107.199
107.192
107.203
107.207
107.199
107.199
107.192
107.199
107.211
107.206
107.184
107.2
107.21
107.2
107.199
107.191
107.207
107.203
107.215
107.191
107.184
107.2
107.207
107.203
107.199
107.199
107.192
107.21
107.2
107.199
107.191
107.207
107.196
107.207
107.199
107.199
107.199
107.2
107.203
107.191
107.199
107.2
107.353
107.057
107.199
107.207
107.184
107.218
107.192
107.191
107.44
107.056
107.136
107.177
107.199
107.191
107.2
107.199
107.211
107.199
107.199
107.41
106.985
107.199
107.207
107.199
107.192
107.207
107.203
107.199
107.191
107.207
107.2
107.195
107.199
107.207
107.192
107.503
106.907
107.214
107.218
107.192
107.214
107.162
107.199
107.199
107.207
107.195
107.207
107.207
107.184
107.207
107.323
107.079
107.192
107.207
107.199
107.192
107.21
107.192
107.207
107.191
107.192
107.211
107.214
107.192
107.218
107.176
107.207
107.207
107.195
107.2
107.255
107.136
107.191
107.226
107.192
107.199
107.192
107.199
107.199
107.203
107.207
107.192
107.206
107.2
107.203
107.199
107.192
107.214
107.192
107.191
107.203
107.2
107.199
107.207
107.199
107.199
107.203
107.199
107.192
107.207
107.203
107.199
107.199
107.192
107.207
107.192
107.225
107.177
107.199
107.199
107.211
107.199
107.192
107.199
107.226
107.191
107.2
107.184
107.207
107.203
107.191
107.207
107.192
107.199
107.207
107.203
107.192
107.199
107.207
107.184
107.207
107.21
107.496
106.903
107.203
107.191
107.35
107.049
107.199
107.192
107.218
107.199
107.207
107.184
107.207
107.195
107.207
107.192
107.21
107.2
107.188
107.218
107.199
107.192
107.199
107.195
107.207
107.192
107.207
107.191
107.203
107.207
107.192
107.207
107.203
107.18
107.211
107.199
107.207
107.21
107.199
107.192
107.199
107.192
107.207
107.21
107.192
107.192
107.248
107.177
107.176
107.207
107.192
107.207
107.225
107.158
107.218
107.199
107.2
107.188
107.195
107.218
107.192
107.207
107.184
107.207
107.203
107.199
107.199
107.199
107.196
107.214
107.207
107.192
107.191
107.218
107.192
107.192
107.199
107.207
107.225
107.192
107.177
107.199
107.323
107.109
107.177
107.199
107.2
107.184
107.21
107.207
107.192
107.207
107.199
107.192
107.21
107.207
107.184
107.504
106.906
107.199
107.192
107.207
107.473
106.914
107.214
107.192
107.21
107.2
107.357
107.034
107.199
107.207
107.203
107.229
107.177
107.184
107.192
107.199
107.21
107.2
107.191
107.207
107.274
107.125
107.21
107.207
107.184
107.192
107.432
106.978
107.199
107.192
107.221
107.181
107.207
107.199
107.192
107.199
107.199
107.211
107.214
107.184
107.199
107.248
107.155
107.199
107.199
107.192
107.233
107.177
107.199
107.192
107.21
107.196
107.203
107.199
107.199
107.192
107.199
107.353
107.057
107.199
107.203
107.207
107.192
107.199
107.192
107.199
107.218
107.192
107.199
107.199
107.192
107.199
107.297
107.113
107.207
107.184
107.425
106.985
107.199
107.199
107.199
107.203
107.2
107.199
107.192
107.206
107.218
107.185
107.199
107.207
107.191
107.192
107.211
107.199
107.199
107.192
107.207
107.203
107.191
107.2
107.199
107.199
107.211
107.199
107.199
107.192
107.21
107.327
107.087
107.184
107.192
107.218
107.184
107.207
107.199
107.233
107.158
107.226
107.191
107.192
107.192
107.225
107.185
107.199
107.199
107.211
107.191
107.271
107.128
107.199
107.192
107.207
107.218
107.184
107.199
107.192
107.21
107.2
107.255
107.136
107.206
107.192
107.211
107.199
107.199
107.196
107.214
107.192
107.199
107.207
107.184
107.21
107.2
107.199
107.192
107.218
107.184
107.222
107.206
107.185
107.195
107.207
107.192
107.199
107.192
107.199
107.203
107.207
107.199
107.199
107.192
107.218
107.192
107.398
106.993
107.199
107.218
107.192
107.199
107.199
107.192
107.203
107.199
107.207
107.192
107.281
107.128
107.2
107.199
107.192
107.199
107.21
107.2
107.357
107.041
107.233
107.192
107.474
106.902
107.199
107.211
107.199
107.207
107.191
107.2
107.203
107.199
107.192
107.206
107.192
107.192
107.21
107.2
107.206
107.192
107.218
107.173
107.211
107.214
107.199
107.196
107.191
107.2
107.199
107.225
107.185
107.206
107.185
107.199
107.199
107.211
107.191
107.2
107.199
107.199
107.256
107.154
107.192
107.199
107.199
107.207
107.21
107.185
107.199
107.199
107.199
107.211
107.192
107.206
107.192
107.199
107.192
107.218
107.199
107.192
107.211
107.191
107.207
107.192
107.44
106.966
107.203
107.192
107.206
107.215
107.188
107.214
107.192
107.21
107.173
107.226
107.199
107.177
107.206
107.203
107.2
107.191
107.2
107.199
107.199
107.211
107.191
107.2
107.206
107.2
107.203
107.199
107.192
107.199
107.199
107.207
107.203
107.207
107.184
107.225
107.185
107.188
107.203
107.214
107.184
107.192
107.203
107.207
107.214
107.184
107.207
107.192
107.203
107.199
107.199
107.199
107.218
107.192
107.192
107.199
107.199
107.2
107.432
106.985
107.184
107.211
107.27
107.121
107.206
107.196
107.203
107.203
107.199
107.192
107.199
107.207
107.203
107.248
107.143
107.199
107.226
107.176
107.2
107.191
107.207
107.199
107.211
107.192
107.199
107.199
107.207
107.195
107.2
107.199
107.199
107.211
107.191
107.222
107.184
107.192
107.211
107.428
106.963
107.199
107.218
107.188
107.203
107.207
107.184
107.199
107.203
107.203
107.402
107
107.192
107.207
107.203
107.192
107.199
107.199
107.199
107.2
107.203
107.191
107.278
107.14
107.199
107.192
107.199
107.199
107.207
107.203
107.207
107.21
107.173
107.218
107.173
107.218
107.192
107.199
107.207
107.21
107.192
107.327
107.064
107.211
107.214
107.229
107.154
107.192
107.211
107.191
107.2
107.221
107.177
107.203
107.199
107.2
107.191
107.44
106.966
107.203
107.2
107.278
107.12
107.192
107.21
107.2
107.199
107.192
107.199
107.21
107.222
107.177
107.199
107.199
107.218
107.185
107.206
107.207
107.196
107.188
107.203
107.199
107.199
107.207
107.192
107.203
107.199
107.207
107.191
107.203
107.207
107.199
107.192
107.192
107.207
107.203
107.447
106.944
107.21
107.199
107.192
107.207
107.207
107.191
107.2
107.191
107.203
107.433
106.973
107.192
107.218
107.192
107.192
107.206
107.203
107.215
107.199
107.199
107.177
107.21
107.369
107.022
107.211
107.195
107.203
107.192
107.214
107.185
107.199
107.21
107.2
107.199
107.192
107.206
107.203
107.215
107.176
107.215
107.338
107.056
107.2
107.206
107.233
107.17
107.188
107.203
107.218
107.18
107.199
107.192
107.211
107.191
107.207
107.192
107.447
106.955
107.199
107.207
107.199
107.196
107.214
107.192
107.199
107.199
107.192
107.211
107.206
107.2
107.199
107.248
107.147
107.191
107.215
107.184
107.21
107.2
107.191
107.207
107.199
107.2
107.195
107.222
107.184
107.203
107.293
107.263
107.049
107.207
107.196
107.18
107.211
107.199
107.199
107.447
106.944
107.199
107.203
107.207
107.192
107.21
107.207
107.192
107.199
107.199
107.203
107.2
107.199
107.199
107.203
107.196
107.203
107.199
107.199
107.199
107.203
107.215
107.191
107.192
107.199
107.203
107.2
107.206
107.192
107.218
107.199
107.327
107.049
107.2
107.206
107.226
107.177
107.383
107.023
107.199
107.195
107.2
107.199
107.199
107.207
107.203
107.207
107.191
107.2
107.233
107.154
107.214
107.192
107.199
107.199
107.203
107.207
107.432
106.959
107.211
107.199
107.192
107.199
107.199
107.192
107.218
107.192
107.199
107.207
107.191
107.211
107.199
107.192
107.21
107.181
107.218
107.192
107.206
107.2
107.218
107.184
107.192
107.206
107.192
107.211
107.206
107.207
107.177
107.207
107.184
107.21
107.207
107.207
107.192
107.203
107.191
107.2
107.206
107.203
107.192
107.222
107.177
107.199
107.199
107.203
107.207
107.192
107.199
107.199
107.199
107.203
107.207
107.192
107.207
107.203
107.199
107.199
107.211
107.18
107.211
107.214
107.173
107.203
107.207
107.206
107.185
107.225
107.192
107.203
107.192
107.191
107.215
107.184
107.207
107.191
107.203
107.2
107.206
107.335
107.064
107.21
107.207
107.177
107.207
107.203
107.188
107.21
107.199
107.2
107.191
107.203
107.222
107.177
107.199
107.44
106.962
107.215
107.184
107.225
107.166
107.21
107.207
107.192
107.199
107.211
107.188
107.21
107.199
107.218
107.237
107.139
107.207
107.192
107.207
107.191
107.211
107.199
107.192
107.207
107.199
107.203
107.199
107.199
107.2
107.203
107.349
107.042
107.199
107.199
107.211
107.199
107.192
107.199
107.207
107.203
107.199
107.192
107.199
107.199
107.199
107.211
107.199
107.199
107.2
107.218
107.176
107.2
107.206
107.192
107.211
107.199
107.199
107.192
107.207
107.203
107.199
107.271
107.12
107.207
107.191
107.226
107.184
107.192
107.199
107.376
107.015
107.218
107.192
107.207
107.21
107.199
107.192
107.35
107.049
107.195
107.207
107.199
107.192
107.199
107.199
107.226
107.184
107.192
107.199
107.192
107.21
107.207
107.192
107.192
107.199
107.207
107.203
107.199
107.192
107.214
107.282
107.105
107.199
107.207
107.192
107.199
107.211
107.206
107.185
107.206
107.207
107.252
107.143
107.199
107.199
107.192
107.211
107.199
107.192
107.199
107.225
107.185
107.199
107.192
107.199
107.214
107.196
107.199
107.199
107.192
107.21
107.207
107.199
107.185
107.199
107.199
107.218
107.192
107.199
107.192
107.21
107.192
107.207
107.192
107.214
107.203
107.192
107.191
107.222
107.177
107.218
107.207
107.199
107.184
107.199
107.2
107.21
107.192
107.289
107.113
107.199
107.2
107.184
107.214
107.199
107.203
107.376
107.023
107.192
107.199
107.21
107.2
107.199
107.199
107.199
107.2
107.195
107.342
107.064
107.199
107.192
107.211
107.191
107.207
107.192
107.21
107.192
107.207
107.192
107.206
107.297
107.113
107.192
107.447
106.951
107.203
107.192
107.305
107.094
107.24
107.166
107.203
107.214
107.203
107.192
107.206
107.192
107.192
107.263
107.128
107.21
107.207
107.192
107.192
107.206
107.203
107.215
107.184
107.192
107.206
107.2
107.203
107.199
107.192
107.199
107.207
107.191
107.211
107.218
107.173
107.21
107.207
107.192
107.192
107.206
107.203
107.188
107.211
107.199
107.211
107.18
107.211
107.214
107.177
107.199
107.218
107.184
107.222
107.177
107.199
107.225
107.177
107.207
107.192
107.206
107.203
107.192
107.207
107.218
107.192
107.191
107.192
107.207
107.199
107.192
107.331
107.071
107.207
107.199
107.203
107.207
107.349
107.042
107.199
107.192
107.21
107.207
107.192
107.199
107.203
107.207
107.199
107.207
107.334
107.049
107.211
107.192
107.206
107.192
107.211
107.439
106.974
107.199
107.177
107.297
107.113
107.199
107.192
107.199
107.207
107.203
107.18
107.211
107.199
107.207
107.203
107.192
107.199
107.199
107.203
107.207
107.192
107.199
107.21
107.181
107.218
107.199
107.192
107.199
107.192
107.218
107.192
107.199
107.207
107.203
107.191
107.2
107.206
107.2
107.203
107.199
107.199
107.199
107.192
107.211
107.191
107.2
107.199
107.199
107.199
107.433
106.985
107.199
107.184
107.192
107.218
107.192
107.206
107.192
107.211
107.18
107.211
107.199
107.207
107.199
107.192
107.21
107.192
107.207
107.184
107.207
107.21
107.192
107.199
107.211
107.199
107.192
107.199
107.199
107.207
107.203
107.334
107.064
107.192
107.192
107.218
107.207
107.184
107.199
107.226
107.184
107.199
107.192
107.199
107.192
107.233
107.199
107.425
106.951
107.207
107.184
107.211
107.206
107.192
107.192
107.218
107.207
107.184
107.199
107.196
107.214
107.199
107.192
107.199
107.211
107.191
107.2
107.199
107.199
107.199
107.211
107.192
107.199
107.207
107.203
107.199
107.192
107.206
107.361
107.038
107.203
107.192
107.214
107.192
107.199
107.218
107.44
106.951
107.199
107.211
107.176
107.222
107.184
107.2
107.199
107.203
107.192
107.199
107.199
107.199
107.207
107.203
107.199
107.192
107.226
107.176
107.2
107.199
107.199
107.297
107.102
107.21
107.192
107.207
107.199
107.192
107.203
107.199
107.199
107.211
107.199
107.199
107.192
107.207
107.218
107.485
106.891
107.206
107.211
107.188
107.203
107.199
107.192
107.353
107.045
107.2
107.251
107.166
107.184
107.203
107.199
107.2
107.199
107.199
107.459
106.951
107.207
107.184
107.207
107.184
107.21
107.192
107.214
107.192
107.218
107.181
107.195
107.207
107.199
107.282
107.12
107.207
107.192
107.199
107.192
107.21
107.2
107.199
107.199
107.218
107.192
107.192
107.199
107.225
107.192
107.199
107.192
107.207
107.184
107.199
107.2
107.21
107.192
107.199
107.207
107.184
107.211
107.199
107.192
107.199
107.225
107.576
106.808
107.21
107.207
107.207
107.192
107.206
107.177
107.192
107.225
107.207
107.177
107.192
107.199
107.21
107.192
107.207
107.207
107.191
107.192
107.218
107.192
107.199
107.384
107.018
107.2
107.199
107.199
107.207
107.21
107.173
107.226
107.184
107.207
107.353
107.03
107.218
107.2
107.203
107.214
107.177
107.199
107.199
107.203
107.199
107.2
107.199
107.199
107.192
107.207
107.259
107.143
107.192
107.21
107.462
106.929
107.214
107.207
107.203
107.391
107
107.192
107.207
107.191
107.192
107.282
107.128
107.192
107.199
107.199
107.211
107.199
107.199
107.192
107.218
107.192
107.199
107.199
107.192
107.218
107.199
107.192
107.199
107.192
107.199
107.211
107.199
107.199
107.199
107.196
107.207
107.206
107.207
107.181
107.221
107.192
107.192
107.199
107.207
107.203
107.207
107.199
107.177
107.21
107.207
107.184
107.207
107.192
107.199
107.21
107.196
107.21
107.185
107.199
107.21
107.192
107.199
107.279
107.12
107.203
107.207
107.248
107.27
107.083
107.196
107.203
107.206
107.192
107.214
107.188
107.192
107.207
107.207
107.191
107.211
107.199
107.199
107.192
107.207
107.203
107.207
107.199
107.203
107.192
107.214
107.184
107.199
107.192
107.199
107.211
107.199
107.192
107.207
107.199
107.192
107.203
107.199
107.199
107.207
107.282
107.312
107.007
107.192
107.199
107.275
107.135
107.207
107.184
107.207
107.21
107.222
107.162
107.225
107.181
107.218
107.353
107.023
107.21
107.38
107.034
107.177
107.293
107.297
107.019
107.206
107.185
107.47
106.928
107.199
107.2
107.203
107.199
107.207
107.191
107.192
107.211
107.206
107.192
107.211
107.199
107.192
107.214
107.21
107.185
107.199
107.199
107.192
107.207
107.184
107.225
107.264
107.142
107.185
107.304
107.162
107.128
107.199
107.383
107.023
107.203
107.199
107.192
107.199
107.207
107.218
107.177
107.218
107.206
107.215
107.184
107.177
107.214
107.184
107.203
107.203
107.196
107.199
107.214
107.211
107.176
107.215
107.184
107.207
107.191
107.211
107.207
107.184
107.199
107.192
107.218
107.192
107.199
107.218
107.18
107.211
107.192
107.199
107.41
106.992
107.199
107.215
107.184
107.199
107.474
106.943
107.192
107.207
107.184
107.192
107.225
107.185
107.383
107.023
107.203
107.199
107.376
107.015
107.222
107.176
107.233
107.177
107.207
107.199
107.211
107.184
107.199
107.192
107.207
107.184
107.218
107.199
107.192
107.207
107.21
107.192
107.214
107.177
107.207
107.233
107.184
107.177
107.199
107.207
107.191
107.211
107.199
107.192
107.545
106.857
107.207
107.199
107.263
107.128
107.203
107.214
107.185
107.206
107.177
107.293
107.132
107.192
107.199
107.199
107.211
107.18
107.38
107.03
107.207
107.184
107.218
107.237
107.154
107.222
107.203
107.176
107.2
107.199
107.199
107.199
107.282
107.121
107.248
107.158
107.195
107.196
107.473
106.921
107.215
107.199
107.443
107.158
106.985
107.2
107.21
107.406
106.993
107.3
107.098
107.199
107.2
107.203
107.191
107.2
107.206
107.203
107.2
107.191
107.2
107.214
107.192
107.218
107.176
107.391
107.027
107.191
107.207
107.184
107.369
107.034
107.206
107.365
107.162
107.097
107.192
107.184
107.2
107.199
107.199
107.211
107.199
107.192
107.199
107.199
107.199
107.203
107.2
107.199
107.192
107.199
107.312
107.098
107.199
107.199
107.305
107.09
107.207
107.191
107.207
107.211
107.18
107.218
107.384
107
107.206
107.218
107.185
107.206
107.192
107.214
107.188
107.2
107.199
107.199
107.199
107.203
107.215
107.191
107.185
107.199
107.218
107.192
107.199
107.207
107.203
107.199
107.192
107.199
107.199
107.353
107.049
107.2
107.199
107.214
107.275
107.127
107.2
107.21
107.166
107.214
107.195
107.2
107.199
107.203
107.286
107.101
107.226
107.184
107.192
107.206
107.203
107.2
107.199
107.192
107.233
107.176
107.2
107.191
107.2
107.206
107.403
107.161
107.038
107.192
107.199
107.368
107.042
107.199
107.199
107.192
107.207
107.218
107.184
107.192
107.21
107.214
107.185
107.199
107.199
107.447
106.963
107.225
107.158
107.2
107.199
107.21
107.192
107.207
107.199
107.207
107.195
107.2
107.199
107.199
107.199
107.203
107.2
107.191
107.218
107.188
107.2
107.218
107.169
107.214
107.233
107.158
107.218
107.199
107.218
107.158
107.226
107.199
107.199
107.2
107.191
107.211
107.214
107.177
107.229
107.196
107.191
107.185
107.199
107.207
107.203
107.214
107.455
106.921
107.207
107.199
107.323
107.312
106.959
107.199
107.207
107.195
107.2
107.199
107.199
107.192
107.218
107.278
107.113
107.199
107.207
107.203
107.207
107.184
107.199
107.192
107.21
107.2
107.199
107.199
107.192
107.207
107.203
107.383
107.023
107.203
107.199
107.199
107.192
107.222
107.188
107.199
107.199
107.199
107.2
107.203
107.199
107.192
107.206
107.215
107.184
107.192
107.451
106.958
107.2
107.184
107.225
107.185
107.206
107.2
107.199
107.199
107.196
107.199
107.312
107.094
107.195
107.2
107.199
107.207
107.199
107.192
107.203
107.206
107.192
107.199
107.211
107.192
107.206
107.192
107.199
107.192
107.211
107.199
107.199
107.207
107.203
107.192
107.199
107.207
107.195
107.199
107.2
107.199
107.199
107.233
107.169
107.2
107.199
107.47
106.94
107.184
107.207
107.319
107.079
107.207
107.192
107.21
107.199
107.192
107.211
107.191
107.2
107.206
107.218
107.2
107.184
107.192
107.199
107.199
107.199
107.203
107.2
107.225
107.173
107.192
107.218
107.199
107.192
107.199
107.211
107.188
107.203
107.199
107.24
107.158
107.192
107.218
107.192
107.21
107.188
107.207
107.203
107.192
107.222
107.191
107.196
107.192
107.199
107.455
106.951
107.195
107.215
107.184
107.218
107.207
107.199
107.192
107.184
107.207
107.203
107.191
107.2
107.206
107.2
107.203
107.18
107.211
107.199
107.207
107.184
107.233
107.177
107.199
107.192
107.206
107.203
107.2
107.199
107.207
107.191
107.211
107.199
107.199
107.192
107.192
107.225
107.185
107.199
107.192
107.206
107.192
107.233
107.184
107.192
107.199
107.474
106.929
107.199
107.199
107.218
107.184
107.192
107.207
107.192
107.206
107.2
107.203
107.199
107.199
107.196
107.285
107.121
107.199
107.199
107.432
106.959
107.211
107.199
107.199
107.199
107.192
107.211
107.191
107.207
107.192
107.203
107.398
107.008
107.192
107.199
107.248
107.162
107.199
107.184
107.214
107.192
107.211
107.199
107.199
107.199
107.192
107.226
107.176
107.2
107.199
107.462
106.948
107.191
107.218
107.196
107.203
107.192
107.199
107.184
107.207
107.218
107.192
107.199
107.192
107.199
107.218
107.188
107.203
107.192
107.218
107.188
107.203
107.191
107.207
107.211
107.191
107.192
107.199
107.207
107.192
107.21
107.2
107.199
107.192
107.206
107.203
107.2
107.191
107.2
107.199
107.203
107.203
107.203
107.199
107.203
107.207
107.192
107.473
106.925
107.207
107.195
107.215
107.191
107.192
107.199
107.192
107.211
107.199
107.192
107.214
107.195
107.215
107.191
107.192
107.199
107.203
107.2
107.191
107.207
107.199
107.203
107.2
107.199
107.199
107.207
107.195
107.2
107.334
107.256
107.019
107.191
107.2
107.191
107.2
107.225
107.184
107.2
107.191
107.2
107.218
107.191
107.215
107.176
107.226
107.199
107.184
107.188
107.211
107.192
107.206
107.203
107.2
107.199
107.199
107.199
107.211
107.192
107.199
107.199
107.207
107.195
107.2
107.199
107.192
107.206
107.2
107.203
107.191
107.207
107.199
107.192
107.211
107.255
107.143
107.199
107.241
107.192
107.169
107.383
107.019
107.188
107.211
107.199
107.207
107.191
107.211
107.199
107.192
107.207
107.191
107.203
107.207
107.192
107.207
107.199
107.203
107.207
107.184
107.207
107.203
107.214
107.184
107.214
107.177
107.218
107.184
107.2
107.214
107.192
107.289
107.105
107.2
107.199
107.207
107.191
107.192
107.211
107.199
107.207
107.191
107.211
107.192
107.199
107.199
107.192
107.41
107.007
107.192
107.207
107.184
107.233
107.177
107.214
107.184
107.199
107.211
107.192
107.199
107.199
107.211
107.199
107.192
107.199
107.207
107.195
107.199
107.2
107.199
107.218
107.173
107.233
107.192
107.184
107.199
107.203
107.192
107.319
107.087
107.199
107.211
107.199
107.192
107.206
107.192
107.41
107
107.192
107.199
107.207
107.191
107.211
107.192
107.199
107.207
107.21
107.199
107.2
107.184
107.222
107.169
107.233
107.177
107.199
107.199
107.203
107.199
107.207
107.226
107.165
107.207
107.195
107.478
106.921
107.207
107.191
107.203
107.207
107.199
107.192
107.207
107.203
107.199
107.192
107.207
107.203
107.18
107.312
107.098
107.199
107.199
107.192
107.316
107.094
107.199
107.211
107.413
106.985
107.192
107.199
107.256
107.161
107.192
107.192
107.207
107.199
107.21
107.2
107.184
107.207
107.191
107.211
107.192
107.214
107.192
107.199
107.188
107.207
107.24
107.181
107.195
107.188
107.38
107.192
107.022
107.199
107.226
107.319
107.072
107.192
107.206
107.309
107.079
107.214
107.199
107.203
107.192
107.207
107.184
107.207
107.191
107.196
107.214
107.192
107.199
107.218
107.192
107.192
107.199
107.425
106.973
107.211
107.173
107.218
107.21
107.188
107.226
107.177
107.206
107.2
107.195
107.237
107.162
107.199
107.199
107.199
107.218
107.279
107.12
107.21
107.185
107.199
107.207
107.199
107.192
107.184
107.218
107.184
107.207
107.214
107.323
107.064
107.2
107.199
107.319
107.361
107.015
107.098
107.199
107.215
107.259
107.124
107.226
107.176
107.215
107.184
107.218
107.192
107.214
107.184
107.399
107.018
107.177
107.214
107.241
107.143
107.199
107.211
107.199
107.199
107.199
107.2
107.203
107.206
107.192
107.203
107.192
107.207
107.199
107.199
107.199
107.196
107.207
107.199
107.192
107.199
107.218
107.192
107.206
107.207
107.177
107.346
107.158
107.105
107.199
107.56
106.835
107.207
107.199
107.199
107.199
107.203
107.2
107.199
107.192
107.21
107.199
107.2
107.199
107.192
107.199
107.21
107.2
107.199
107.192
107.218
107.206
107.2
107.184
107.511
106.884
107.214
107.192
107.221
107.275
107.135
107.184
107.177
107.207
107.192
107.199
107.203
107.214
107.192
107.199
107.192
107.203
107.286
107.12
107.199
107.192
107.218
107.192
107.191
107.207
107.192
107.218
107.192
107.199
107.199
107.192
107.218
107.192
107.199
107.207
107.184
107.346
107.064
107.199
107.199
107.199
107.203
107.2
107.218
107.173
107.218
107.191
107.207
107.192
107.218
107.192
107.199
107.383
107.008
107.207
107.195
107.188
107.384
107.033
107.192
107.218
107.335
107.064
107.191
107.207
107.305
107.071
107.203
107.327
107.079
107.192
107.199
107.211
107.199
107.199
107.192
107.425
106.977
107.214
107.192
107.199
107.203
107.2
107.199
107.199
107.241
107.161
107.2
107.297
107.101
107.218
107.184
107.215
107.184
107.199
107.226
107.191
107.192
107.192
107.225
107.185
107.199
107.199
107.199
107.192
107.203
107.199
107.497
106.917
107.192
107.203
107.18
107.218
107.192
107.199
107.211
107.199
107.192
107.312
107.086
107.199
107.203
107.207
107.199
107.192
107.207
107.195
107.2
107.199
107.199
107.199
107.207
107.196
107.199
107.199
107.207
107.195
107.207
107.214
107.2
107.188
107.199
107.192
107.191
107.215
107.203
107.191
107.2
107.199
107.233
107.173
107.195
107.2
107.199
107.199
107.199
107.203
107.207
107.192
107.225
107.2
107.173
107.203
107.206
107.192
107.327
107.083
107.199
107.192
107.199
107.211
107.206
107.207
107.177
107.199
107.199
107.196
107.214
107.192
107.199
107.218
107.173
107.226
107.191
107.207
107.196
107.206
107.185
107.191
107.215
107.203
107.18
107.211
107.199
107.199
107.199
107.211
107.199
107.192
107.203
107.207
107.191
107.2
107.199
107.334
107.076
107.184
107.222
107.199
107.184
107.218
107.184
107.222
107.192
107.192
107.304
107.09
107.2
107.206
107.192
107.207
107.203
107.192
107.199
107.199
107.199
107.211
107.199
107.192
107.203
107.207
107.18
107.211
107.199
107.192
107.199
107.21
107.207
107.192
107.199
107.207
107.192
107.21
107.192
107.207
107.199
107.225
107.177
107.192
107.199
107.207
107.203
107.199
107.192
107.199
107.199
107.211
107.199
107.192
107.207
107.203
107.191
107.327
107.072
107.199
107.199
107.203
107.2
107.199
107.199
107.417
106.993
107.199
107.192
107.207
107.218
107.184
107.199
107.192
107.192
107.218
107.383
107.008
107.199
107.214
107.184
107.2
107.218
107.184
107.199
107.207
107.203
107.199
107.241
107.15
107.203
107.199
107.485
106.906
107.2
107.199
107.346
107.064
107.199
107.199
107.192
107.21
107.2
107.214
107.184
107.199
107.218
107.185
107.199
107.192
107.199
107.218
107.192
107.199
107.192
107.199
107.218
107.192
107.214
107.184
107.199
107.203
107.2
107.199
107.192
107.199
107.199
107.211
107.191
107.2
107.206
107.211
107.192
107.191
107.207
107.192
107.199
107.211
107.199
107.192
107.225
107.173
107.226
107.184
107.192
107.225
107.181
107.203
107.199
107.192
107.233
107.191
107.185
107.199
107.327
107.09
107.173
107.211
107.191
107.2
107.203
107.206
107.414
106.985
107.192
107.199
107.21
107.271
107.128
107.199
107.192
107.21
107.2
107.391
107
107.199
107.218
107.192
107.199
107.199
107.192
107.218
107.192
107.199
107.192
107.199
107.218
107.192
107.199
107.496
106.895
107.199
107.211
107.199
107.199
107.282
107.12
107.188
107.211
107.199
107.199
107.203
107.192
107.199
107.2
107.199
107.199
107.211
107.199
107.199
107.192
107.225
107.185
107.199
107.192
107.214
107.184
107.211
107.199
107.207
107.191
107.192
107.211
107.199
107.199
107.192
107.218
107.192
107.199
107.199
107.192
107.218
107.192
107.199
107.192
107.24
107.177
107.192
107.191
107.2
107.218
107.184
107.207
107.199
107.192
107.199
107.21
107.2
107.199
107.207
107.21
107.32
107.079
107.191
107.185
107.218
107.191
107.2
107.191
107.433
106.977
107.199
107.2
107.199
107.199
107.203
107.196
107.203
107.199
107.192
107.409
106.989
107.211
107.199
107.218
107.184
107.207
107.199
107.192
107.207
107.191
107.211
107.207
107.184
107.199
107.226
107.184
107.184
107.214
107.192
107.207
107.312
107.105
107.177
107.207
107.184
107.21
107.2
107.199
107.207
107.199
107.184
107.211
107.199
107.199
107.203
107.199
107.207
107.192
107.21
107.2
107.199
107.199
107.192
107.207
107.184
107.21
107.414
106.985
107.21
107.188
107.267
107.132
107.203
107.207
107.199
107.188
107.214
107.192
107.207
107.203
107.199
107.192
107.199
107.199
107.199
107.211
107.199
107.199
107.192
107.207
107.195
107.207
107.192
107.207
107.218
107.199
107.184
107.199
107.192
107.192
107.218
107.199
107.192
107.207
107.199
107.417
106.978
107.199
107.207
107.218
107.184
107.199
107.192
107.199
107.192
107.21
107.2
107.199
107.207
107.191
107.203
107.2
107.233
107.191
107.222
107.154
107.215
107.184
107.199
107.218
107.184
107.207
107.489
106.895
107.21
107.214
107.207
107.177
107.222
107.176
107.203
107.2
107.229
107.169
107.199
107.226
107.169
107.222
107.338
107.057
107.188
107.203
107.199
107.199
107.211
107.191
107.44
106.959
107.192
107.218
107.263
107.158
107.169
107.376
107.026
107.199
107.207
107.207
107.195
107.2
107.199
107.207
107.184
107.207
107.191
107.211
107.207
107.184
107.24
107.17
107.191
107.207
107.207
107.192
107.199
107.195
107.2
107.199
107.207
107.191
107.203
107.207
107.192
107.207
107.33
107.061
107.21
107.192
107.207
107.191
107.211
107.192
107.199
107.199
107.226
107.176
107.2
107.199
107.207
107.199
107.203
107.192
107.199
107.391
107.007
107.211
107.192
107.199
107.207
107.195
107.207
107.286
107.09
107.222
107.203
107.188
107.353
107.049
107.199
107.192
107.199
107.211
107.199
107.192
107.214
107.192
107.203
107.199
107.192
107.218
107.191
107.215
107.191
107.218
107.173
107.218
107.185
107.199
107.199
107.199
107.196
107.207
107.184
107.207
107.199
107.218
107.192
107.191
107.2
107.199
107.425
106.985
107.199
107.207
107.203
107.191
107.207
107.184
107.207
107.199
107.2
107.203
107.191
107.218
107.196
107.21
107.185
107.233
107.158
107.199
107.199
107.211
107.199
107.192
107.206
107.2
107.203
107.206
107.192
107.207
107.274
107.256
107.056
107.2
107.21
107.199
107.2
107.199
107.199
107.432
106.97
107.2
107.199
107.199
107.203
107.199
107.343
107.048
107.215
107.191
107.196
107.207
107.199
107.199
107.207
107.21
107.185
107.206
107.185
107.214
107.195
107.215
107.184
107.199
107.199
107.203
107.504
106.895
107.199
107.203
107.188
107.211
107.199
107.199
107.203
107.188
107.218
107.192
107.199
107.199
107.203
107.335
107.064
107.192
107.206
107.196
107.207
107.199
107.192
107.206
107.2
107.203
107.199
107.199
107.192
107.21
107.2
107.199
107.199
107.199
107.2
107.203
107.199
107.192
107.218
107.191
107.2
107.199
107.192
107.214
107.188
107.207
107.248
107.158
107.184
107.21
107.215
107.176
107.207
107.218
107.391
106.993
107.206
107.192
107.199
107.203
107.2
107.191
107.342
107.068
107.199
107.2
107.206
107.192
107.203
107.196
107.203
107.199
107.192
107.199
107.21
107.2
107.199
107.207
107.248
107.146
107.2
107.184
107.199
107.226
107.206
107.207
107.192
107.192
107.218
107.199
107.192
107.184
107.214
107.248
107.139
107.2
107.199
107.207
107.199
107.203
107.214
107.327
107.057
107.191
107.211
107.192
107.199
107.207
107.203
107.199
107.199
107.192
107.207
107.195
107.207
107.199
107.199
107.2
107.203
107.184
107.207
107.199
107.21
107.192
107.222
107.199
107.184
107.192
107.226
107.191
107.207
107.192
107.199
107.192
107.21
107.192
107.199
107.192
107.211
107.199
107.192
107.199
107.207
107.24
107.162
107.192
107.199
107.21
107.196
107.192
107.21
107.192
107.207
107.184
107.207
107.191
107.211
107.207
107.199
107.338
107.064
107.192
107.199
107.203
107.207
107.199
107.192
107.432
106.978
107.206
107.185
107.199
107.199
107.199
107.203
107.2
107.206
107.2
107.191
107.192
107.218
107.192
107.199
107.199
107.211
107.192
107.199
107.222
107.173
107.221
107.185
107.221
107.185
107.218
107.184
107.184
107.214
107.192
107.354
107.056
107.192
107.199
107.199
107.211
107.188
107.203
107.199
107.199
107.211
107.199
107.199
107.192
107.207
107.199
107.203
107.199
107.192
107.199
107.207
107.195
107.207
107.199
107.218
107.185
107.214
107.398
106.985
107.2
107.203
107.263
107.128
107.206
107.2
107.199
107.203
107.199
107.192
107.225
107.185
107.214
107.222
107.161
107.192
107.199
107.203
107.2
107.199
107.199
107.203
107.199
107.2
107.199
107.199
107.199
107.203
107.2
107.342
107.064
107.203
107.191
107.207
107.207
107.199
107.196
107.424
106.967
107.199
107.21
107.2
107.191
107.2
107.206
107.192
107.226
107.158
107.424
106.993
107.207
107.191
107.211
107.192
107.199
107.207
107.203
107.199
107.192
107.199
107.278
107.117
107.206
107.207
107.192
107.199
107.192
107.199
107.218
107.192
107.207
107.184
107.207
107.203
107.199
107.199
107.199
107.2
107.203
107.199
107.199
107.192
107.207
107.203
107.199
107.199
107.192
107.21
107.192
107.207
107.207
107.184
107.21
107.2
107.191
107.44
106.966
107.218
107.177
107.278
107.136
107.195
107.199
107.2
107.199
107.233
107.199
107.199
107.192
107.184
107.207
107.184
107.203
107.2
107.199
107.199
107.203
107.199
107.192
107.207
107.199
107.196
107.398
107.023
107.176
107.207
107.361
107.165
107.068
107.207
107.594
106.838
107.192
107.192
107.191
107.192
107.211
107.188
107.195
107.199
107.233
107.185
107.191
107.192
107.207
107.199
107.199
107.218
107.185
107.206
107.192
107.211
107.188
107.21
107.192
107.192
107.199
107.282
107.12
107.207
107.199
107.192
107.199
107.211
107.199
107.192
107.199
107.203
107.207
107.248
107.15
107.192
107.21
107.343
107.056
107.199
107.199
107.226
107.192
107.206
107.185
107.21
107.278
107.121
107.184
107.21
107.192
107.199
107.192
107.214
107.192
107.199
107.433
106.97
107.199
107.199
107.282
107.12
107.2
107.199
107.199
107.192
107.207
107.203
107.199
107.199
107.199
107.203
107.192
107.199
107.222
107.203
107.181
107.203
107.199
107.199
107.192
107.21
107.2
107.199
107.199
107.192
107.218
107.192
107.199
107.225
107.166
107.218
107.319
107.064
107.207
107.226
107.173
107.203
107.199
107.199
107.192
107.21
107.192
107.207
107.207
107.191
107.207
107.226
107.154
107.207
107.214
107.203
107.192
107.199
107.199
107.241
107.169
107.192
107.199
107.207
107.218
107.184
107.241
107.157
107.192
107.207
107.21
107.2
107.199
107.184
107.226
107.199
107.177
107.278
107.154
107.192
107.176
107.249
107.15
107.199
107.211
107.191
107.215
107.191
107.192
107.199
107.2
107.21
107.192
107.207
107.203
107.199
107.192
107.206
107.207
107.184
107.211
107.271
107.12
107.199
107.203
107.199
107.207
107.199
107.2
107.218
107.199
107.192
107.24
107.233
107.102
107.218
107.199
107.192
107.218
107.188
107.21
107.185
107.214
107.192
107.195
107.199
107.2
107.206
107.192
107.203
107.199
107.222
107.177
107.199
107.211
107.188
107.203
107.199
107.199
107.199
107.203
107.207
107.192
107.199
107.192
107.207
107.21
107.184
107.207
107.192
107.199
107.218
107.192
107.207
107.199
107.195
107.2
107.199
107.199
107.275
107.127
107.2
107.199
107.199
107.211
107.184
107.214
107.35
107.041
107.207
107.195
107.207
107.192
107.21
107.196
107.184
107.211
107.199
107.335
107.071
107.195
107.222
107.207
107.195
107.185
107.191
107.2
107.206
107.192
107.211
107.18
107.218
107.199
107.192
107.433
106.958
107.218
107.192
107.282
107.124
107.203
107.199
107.192
107.199
107.211
107.18
107.211
107.199
107.207
107.203
107.191
107.207
107.199
107.192
107.199
107.203
107.207
107.192
107.199
107.199
107.203
107.207
107.192
107.207
107.199
107.203
107.199
107.214
107.185
107.218
107.199
107.192
107.199
107.203
107.188
107.21
107.192
107.192
107.207
107.184
107.218
107.184
107.207
107.199
107.192
107.218
107.192
107.199
107.199
107.207
107.203
107.192
107.206
107.192
107.211
107.188
107.274
107.143
107.192
107.191
107.192
107.226
107.184
107.192
107.376
107.022
107.211
107.214
107.192
107.195
107.207
107.199
107.192
107.192
107.199
107.346
107.064
107.199
107.199
107.199
107.203
107.2
107.199
107.192
107.206
107.211
107.184
107.207
107.192
107.199
107.199
107.451
106.951
107.207
107.192
107.203
107.207
107.199
107.192
107.199
107.203
107.207
107.191
107.2
107.203
107.206
107.2
107.199
107.192
107.206
107.211
107.18
107.211
107.199
107.192
107.207
107.203
107.199
107.192
107.199
107.199
107.211
107.199
107.192
107.199
107.218
107.192
107.206
107.185
107.199
107.218
107.207
107.184
107.192
107.199
107.203
107.207
107.199
107.199
107.192
107.21
107.406
106.993
107.199
107.192
107.21
107.2
107.199
107.199
107.192
107.218
107.192
107.199
107.271
107.12
107.218
107.192
107.199
107.199
107.192
107.21
107.365
107.034
107.199
107.199
107.2
107.218
107.203
107.173
107.218
107.188
107.195
107.342
107.064
107.199
107.226
107.177
107.199
107.199
107.192
107.203
107.199
107.207
107.199
107.203
107.192
107.207
107.199
107.192
107.199
107.207
107.195
107.214
107.185
107.21
107.188
107.211
107.199
107.199
107.192
107.225
107.185
107.214
107.184
107.192
107.21
107.192
107.229
107.17
107.206
107.192
107.211
107.199
107.192
107.199
107.218
107.184
107.207
107.199
107.361
107.041
107.207
107.192
107.21
107.192
107.199
107.207
107.44
106.944
107.199
107.218
107.184
107.207
107.192
107.21
107.196
107.199
107.203
107.199
107.192
107.21
107.2
107.214
107.184
107.199
107.211
107.192
107.199
107.199
107.211
107.191
107.207
107.192
107.199
107.211
107.199
107.199
107.192
107.368
107.042
107.199
107.192
107.199
107.199
107.207
107.203
107.192
107.199
107.199
107.346
107.079
107.192
107.199
107.192
107.218
107.176
107.2
107.206
107.192
107.207
107.203
107.199
107.199
107.192
107.199
107.44
106.963
107.199
107.199
107.211
107.195
107.196
107.206
107.192
107.199
107.192
107.211
107.199
107.21
107.2
107.206
107.192
107.207
107.184
107.226
107.191
107.2
107.184
107.21
107.2
107.199
107.192
107.214
107.184
107.192
107.199
107.369
107.048
107.203
107.2
107.191
107.2
107.199
107.207
107.199
107.192
107.203
107.206
107.192
107.211
107.188
107.203
107.206
107.203
107.181
107.225
107.185
107.206
107.192
107.226
107.176
107.2
107.199
107.199
107.207
107.203
107.207
107.263
107.139
107.192
107.188
107.203
107.206
107.192
107.192
107.376
107.034
107.206
107.192
107.203
107.207
107.192
107.206
107.192
107.211
107.191
107.343
107.056
107.192
107.225
107.181
107.21
107.199
107.192
107.211
107.199
107.192
107.206
107.2
107.203
107.199
107.192
107.206
107.192
107.199
107.2
107.203
107.206
107.185
107.218
107.18
107.211
107.199
107.192
107.199
107.207
107.21
107.192
107.214
107.211
107.176
107.2
107.206
107.185
107.218
107.199
107.192
107.221
107.192
107.196
107.199
107.214
107.177
107.361
107.045
107.203
107.199
107.192
107.199
107.207
107.203
107.447
106.944
107.199
107.207
107.203
107.192
107.199
107.199
107.211
107.191
107.2
107.432
106.974
107.191
107.226
107.192
107.199
107.192
107.184
107.218
107.192
107.221
107.177
107.282
107.113
107.222
107.191
107.538
106.846
107.225
107.185
107.376
107.022
107.192
107.21
107.2
107.199
107.192
107.206
107.192
107.211
107.191
107.2
107.218
107.18
107.211
107.199
107.192
107.199
107.199
107.211
107.199
107.289
107.117
107.192
107.203
107.199
107.199
107.448
106.947
107.222
107.191
107.207
107.184
107.218
107.177
107.222
107.184
107.203
107.199
107.2
107.199
107.192
107.282
107.127
107.2
107.199
107.192
107.21
107.199
107.2
107.191
107.207
107.192
107.199
107.211
107.191
107.2
107.206
107.203
107.2
107.199
107.199
107.203
107.199
107.2
107.199
107.199
107.192
107.21
107.2
107.191
107.215
107.203
107.18
107.211
107.199
107.192
107.21
107.199
107.2
107.199
107.192
107.206
107.2
107.203
107.191
107.2
107.206
107.196
107.293
107.12
107.192
107.207
107.21
107.2
107.184
107.207
107.191
107.211
107.192
107.199
107.199
107.199
107.192
107.211
107.199
107.192
107.206
107.218
107.185
107.191
107.207
107.199
107.203
107.2
107.199
107.192
107.206
107.203
107.2
107.206
107.211
107.18
107.2
107.203
107.199
107.199
107.207
107.289
107.121
107.184
107.192
107.206
107.192
107.211
107.191
107.2
107.206
107.203
107.2
107.206
107.185
107.214
107.195
107.2
107.199
107.192
107.206
107.203
107.2
107.199
107.192
107.199
107.21
107.2
107.368
107.038
107.203
107.191
107.2
107.199
107.207
107.191
107.203
107.2
107.199
107.207
107.218
107.176
107.196
107.195
107.207
107.199
107.203
107.433
106.966
107.192
107.199
107.199
107.211
107.199
107.226
107.304
107.06
107.226
107.184
107.289
107.109
107.196
107.207
107.199
107.199
107.211
107.199
107.192
107.199
107.21
107.188
107.192
107.218
107.192
107.207
107.199
107.203
107.199
107.199
107.192
107.207
107.203
107.192
107.199
107.199
107.199
107.211
107.199
107.192
107.192
107.199
107.218
107.192
107.199
107.207
107.203
107.191
107.2
107.297
107.094
107.225
107.192
107.207
107.199
107.192
107.203
107.199
107.192
107.199
107.207
107.21
107.192
107.192
107.199
107.207
107.203
107.18
107.218
107.192
107.199
107.199
107.211
107.192
107.206
107.192
107.369
107.026
107.207
107.199
107.214
107.177
107.218
107.192
107.199
107.207
107.184
107.21
107.2
107.199
107.199
107.199
107.211
107.192
107.199
107.207
107.21
107.181
107.21
107.203
107.188
107.218
107.184
107.215
107.184
107.207
107.195
107.286
107.113
107.206
107.192
107.203
107.207
107.192
107.199
107.376
107.022
107.211
107.199
107.192
107.199
107.203
107.207
107.192
107.199
107.21
107.343
107.045
107.203
107.206
107.192
107.218
107.192
107.214
107.177
107.226
107.184
107.214
107.177
107.199
107.21
107.188
107.459
106.944
107.206
107.2
107.184
107.21
107.2
107.199
107.199
107.199
107.211
107.199
107.192
107.207
107.203
107.18
107.218
107.192
107.199
107.199
107.211
107.199
107.192
107.199
107.203
107.192
107.214
107.192
107.207
107.191
107.211
107.361
107.03
107.192
107.21
107.222
107.177
107.199
107.199
107.455
106.947
107.207
107.192
107.207
107.203
107.199
107.207
107.184
107.199
107.192
107.44
106.97
107.206
107.192
107.192
107.233
107.192
107.184
107.199
107.218
107.192
107.192
107.199
107.199
107.203
107.207
107.192
107.206
107.2
107.195
107.278
107.121
107.199
107.199
107.192
107.21
107.196
107.218
107.192
107.195
107.199
107.2
107.191
107.2
107.206
107.203
107.192
107.207
107.207
107.203
107.191
107.2
107.206
107.2
107.191
107.203
107.188
107.211
107.199
107.203
107.199
107.305
107.094
107.199
107.199
107.203
107.2
107.191
107.2
107.206
107.203
107.2
107.199
107.192
107.214
107.188
107.207
107.199
107.241
107.15
107.21
107.2
107.206
107.192
107.199
107.2
107.21
107.192
107.368
107.034
107.199
107.2
107.199
107.199
107.211
107.191
107.2
107.199
107.199
107.211
107.191
107.2
107.199
107.199
107.203
107.199
107.2
107.44
106.951
107.21
107.196
107.199
107.203
107.192
107.199
107.21
107.2
107.199
107.192
107.206
107.2
107.195
107.207
107.199
107.192
107.21
107.2
107.383
107.008
107.21
107.188
107.211
107.357
107.034
107.206
107.203
107.2
107.191
107.2
107.206
107.211
107.192
107.199
107.192
107.206
107.192
107.226
107.191
107.2
107.191
107.219
107.184
107.214
107.184
107.199
107.196
107.207
107.199
107.207
107.191
107.2
107.203
107.199
107.199
107.199
107.2
107.203
107.191
107.2
107.21
107.188
107.211
107.199
107.199
107.192
107.21
107.2
107.199
107.192
107.206
107.207
107.196
107.199
107.192
107.206
107.203
107.215
107.176
107.207
107.226
107.176
107.2
107.191
107.215
107.21
107.2
107.199
107.191
107.2
107.184
107.21
107.2
107.199
107.199
107.199
107.192
107.211
107.191
107.2
107.218
107.191
107.2
107.191
107.2
107.24
107.177
107.199
107.199
107.192
107.218
107.215
107.176
107.192
107.207
107.199
107.203
107.192
107.214
107.184
107.199
107.211
107.192
107.199
107.226
107.191
107.184
107.207
107.192
107.21
107.192
107.207
107.192
107.206
107.192
107.211
107.199
107.192
107.214
107.192
107.195
107.207
107.447
106.944
107.207
107.184
107.312
107.098
107.199
107.207
107.203
107.199
107.192
107.199
107.199
107.199
107.2
107.282
107.12
107.199
107.199
107.2
107.203
107.199
107.199
107.211
107.188
107.21
107.192
107.207
107.203
107.199
107.184
107.391
107.042
107.184
107.199
107.222
107.169
107.21
107.215
107.447
106.929
107.199
107.207
107.203
107.191
107.207
107.207
107.192
107.195
107.196
107.451
106.951
107.207
107.203
107.199
107.199
107.192
107.21
107.188
107.211
107.184
107.207
107.207
107.195
107.207
107.192
107.199
107.199
107.192
107.218
107.192
107.199
107.226
107.172
107.211
107.199
107.199
107.192
107.192
107.233
107.177
107.214
107.195
107.188
107.219
107.184
107.206
107.192
107.218
107.207
107.177
107.199
107.207
107.218
107.176
107.2
107.199
107.462
106.944
107.203
107.192
107.304
107.102
107.203
107.199
107.192
107.199
107.214
107.196
107.188
107.203
107.199
107.289
107.121
107.188
107.21
107.218
107.173
107.192
107.214
107.196
107.222
107.191
107.192
107.184
107.218
107.192
107.207
107.376
107.026
107.199
107.199
107.2
107.191
107.203
107.207
107.463
106.928
107.211
107.191
107.2
107.206
107.2
107.191
107.211
107.199
107.192
107.44
106.958
107.211
107.199
107.192
107.207
107.191
107.203
107.207
107.192
107.199
107.199
107.203
107.215
107.184
107.207
107.191
107.203
107.207
107.199
107.203
107.181
107.218
107.192
107.199
107.192
107.199
107.199
107.199
107.211
107.199
107.369
107.022
107.211
107.199
107.192
107.199
107.199
107.214
107.211
107.184
107.192
107.21
107.222
107.177
107.192
107.199
107.474
106.936
107.199
107.199
107.312
107.083
107.199
107.207
107.199
107.192
107.199
107.211
107.214
107.184
107.199
107.29
107.113
107.191
107.207
107.199
107.196
107.207
107.214
107.192
107.184
107.218
107.214
107.192
107.184
107.192
107.199
107.218
107.192
107.199
107.192
107.21
107.207
107.192
107.199
107.199
107.192
107.211
107.199
107.192
107.199
107.21
107.2
107.191
107.2
107.206
107.211
107.199
107.199
107.185
107.199
107.21
107.215
107.184
107.192
107.225
107.184
107.192
107.312
107.087
107.199
107.21
107.192
107.222
107.226
107.263
107.334
107.128
107.041
107.2
107.53
106.951
107.12
107.211
107.188
107.21
107.215
107.169
107.229
107.177
107.195
107.286
107.169
107.128
107.391
107.022
107.192
107.203
107.207
107.192
107.199
107.203
107.207
107.199
107.192
107.206
107.203
107.313
107.086
107.199
107.192
107.21
107.2
107.199
107.192
107.206
107.203
107.188
107.297
107.106
107.199
107.207
107.195
107.222
107.192
107.199
107.184
107.203
107.207
107.192
107.199
107.21
107.192
107.207
107.383
107.023
107.195
107.2
107.206
107.192
107.199
107.203
107.2
107.199
107.192
107.21
107.196
107.195
107.207
107.199
107.203
107.188
107.211
107.199
107.199
107.218
107.181
107.203
107.199
107.199
107.192
107.218
107.568
106.823
107.192
107.289
107.117
107.361
107.097
107.185
107.157
107.211
107.192
107.214
107.199
107.196
107.18
107.297
107.162
107.158
107.203
107.191
107.207
107.199
107.192
107.211
107.199
107.192
107.199
107.199
107.211
107.191
107.207
107.2
107.191
107.203
107.222
107.177
107.207
107.21
107.192
107.191
107.2
107.199
107.312
107.086
107.226
107.199
107.185
107.199
107.203
107.199
107.192
107.199
107.199
107.29
107.112
107.2
107.199
107.199
107.211
107.191
107.2
107.199
107.207
107.191
107.203
107.2
107.199
107.199
107.199
107.203
107.2
107.207
107.191
107.207
107.188
107.214
107.2
107.191
107.192
107.21
107.2
107.199
107.207
107.203
107.191
107.2
107.199
107.199
107.211
107.199
107.192
107.199
107.199
107.199
107.203
107.2
107.207
107.199
107.233
107.158
107.308
107.094
107.199
107.192
107.21
107.222
107.177
107.226
107.364
107.034
107.199
107.192
107.184
107.199
107.211
107.192
107.207
107.199
107.203
107.364
107.034
107.192
107.199
107.199
107.2
107.203
107.199
107.199
107.211
107.191
107.207
107.215
107.203
107.191
107.181
107.21
107.192
107.211
107.195
107.316
107.086
107.2
107.203
107.187
107.219
107.184
107.207
107.203
107.195
107.184
107.233
107.185
107.191
107.207
107.195
107.207
107.2
107.199
107.199
107.192
107.21
107.192
107.199
107.192
107.218
107.192
107.391
107.007
107.192
107.21
107.2
107.199
107.199
107.207
107.199
107.196
107.199
107.199
107.199
107.207
107.211
107.199
107.192
107.195
107.222
107.432
106.952
107.191
107.211
107.191
107.207
107.192
107.233
107.173
107.195
107.2
107.199
107.207
107.191
107.203
107.207
107.192
107.207
107.191
107.203
107.192
107.215
107.191
107.192
107.199
107.218
107.192
107.199
107.207
107.195
107.2
107.207
107.199
107.203
107.199
107.192
107.199
107.199
107.207
107.203
107.199
107.192
107.207
107.225
107.173
107.203
107.192
107.474
106.924
107.203
107.207
107.192
107.207
107.203
107.191
107.2
107.207
107.191
107.211
107.207
107.184
107.207
107.199
107.316
107.078
107.207
107.207
107.192
107.195
107.199
107.188
107.211
107.199
107.211
107.188
107.203
107.199
107.199
107.207
107.184
107.218
107.192
107.241
107.15
107.226
107.206
107.185
107.191
107.199
107.196
107.207
107.207
107.191
107.207
107.211
107.191
107.215
107.432
106.955
107.199
107.192
107.199
107.218
107.18
107.192
107.331
107.079
107.207
107.203
107.304
107.087
107.207
107.199
107.191
107.203
107.207
107.192
107.199
107.211
107.191
107.2
107.199
107.199
107.211
107.191
107.207
107.192
107.199
107.376
107.034
107.199
107.2
107.203
107.187
107.207
107.203
107.2
107.191
107.207
107.195
107.23
107.184
107.192
107.184
107.489
106.921
107.199
107.192
107.331
107.078
107.2
107.199
107.207
107.191
107.211
107.199
107.192
107.207
107.199
107.203
107.192
107.207
107.199
107.199
107.195
107.2
107.199
107.207
107.203
107.195
107.203
107.2
107.191
107.211
107.18
107.211
107.199
107.199
107.192
107.248
107.169
107.192
107.211
107.199
107.188
107.203
107.199
107.199
107.192
107.218
107.192
107.207
107.199
107.225
107.433
106.936
107.214
107.192
107.199
107.195
107.207
107.2
107.191
107.226
107.176
107.222
107.297
107.087
107.199
107.203
107.199
107.192
107.199
107.203
107.199
107.2
107.199
107.199
107.199
107.192
107.211
107.199
107.199
107.192
107.218
107.192
107.199
107.199
107.199
107.204
107.199
107.214
107.184
107.226
107.184
107.199
107.192
107.233
107.192
107.192
107.184
107.199
107.199
107.207
107.199
107.324
107.071
107.211
107.18
107.207
107.21
107.192
107.199
107.203
107.207
107.192
107.285
107.113
107.211
107.199
107.199
107.192
107.199
107.211
107.199
107.192
107.199
107.199
107.207
107.196
107.206
107.2
107.39
106.993
107.218
107.207
107.184
107.211
107.214
107.165
107.218
107.2
107.199
107.191
107.204
107.206
107.207
107.184
107.354
107.056
107.199
107.2
107.191
107.199
107.204
107.199
107.207
107.191
107.199
107.2
107.203
107.199
107.199
107.312
107.079
107.218
107.192
107.199
107.199
107.211
107.192
107.406
106.992
107.207
107.203
107.199
107.2
107.191
107.199
107.2
107.21
107.192
107.376
107.034
107.192
107.199
107.199
107.199
107.199
107.211
107.199
107.2
107.191
107.207
107.196
107.199
107.214
107.199
107.466
106.929
107.214
107.185
107.206
107.196
107.192
107.199
107.199
107.199
107.192
107.211
107.206
107.192
107.211
107.199
107.18
107.218
107.192
107.199
107.207
107.203
107.199
107.2
107.191
107.192
107.211
107.187
107.211
107.199
107.211
107.199
107.199
107.192
107.207
107.24
107.155
107.199
107.214
107.192
107.199
107.203
107.192
107.199
107.214
107.196
107.214
107.192
107.199
107.184
107.192
107.207
107.21
107.192
107.199
107.207
107.196
107.206
107.2
107.191
107.199
107.192
107.331
107.071
107.207
107.192
107.207
107.203
107.199
107.207
107.203
107.18
107.226
107.184
107.222
107.188
107.214
107.177
107.199
107.226
107.173
107.383
107.019
107.199
107.199
107.211
107.188
107.203
107.199
107.199
107.211
107.192
107.206
107.192
107.199
107.207
107.196
107.477
106.921
107.199
107.211
107.319
107.072
107.199
107.199
107.211
107.192
107.206
107.192
107.199
107.192
107.203
107.207
107.199
107.199
107.2
107.199
107.203
107.199
107.199
107.2
107.21
107.192
107.207
107.203
107.195
107.203
107.192
107.207
107.191
107.218
107.185
107.214
107.184
107.226
107.184
107.192
107.199
107.199
107.207
107.192
107.225
107.177
107.199
107.199
107.211
107.192
107.462
106.936
107.211
107.188
107.203
107.206
107.192
107.199
107.2
107.203
107.199
107.199
107.199
107.207
107.196
107.206
107.2
107.191
107.211
107.18
107.233
107.185
107.218
107.18
107.196
107.199
107.199
107.199
107.226
107.184
107.199
107.192
107.199
107.211
107.207
107.199
107.192
107.206
107.211
107.173
107.199
107.203
107.207
107.192
107.21
107.192
107.199
107.481
106.91
107.207
107.203
107.199
107.207
107.192
107.203
107.206
107.2
107.191
107.192
107.218
107.192
107.199
107.214
107.196
107.207
107.184
107.199
107.207
107.199
107.218
107.177
107.199
107.199
107.2
107.203
107.206
107.192
107.199
107.41
107
107.199
107.192
107.248
107.162
107.192
107.199
107.199
107.207
107.199
107.203
107.192
107.207
107.199
107.218
107.184
107.192
107.199
107.199
107.207
107.196
107.206
107.192
107.199
107.207
107.203
107.192
107.199
107.199
107.207
107.323
107.079
107.192
107.199
107.203
107.2
107.199
107.199
107.41
106.996
107.196
107.221
107.177
107.199
107.211
107.207
107.184
107.199
107.211
107.379
107.012
107.199
107.199
107.207
107.199
107.192
107.21
107.2
107.191
107.207
107.192
107.203
107.199
107.207
107.184
107.496
106.921
107.192
107.207
107.203
107.188
107.21
107.2
107.191
107.211
107.199
107.199
107.192
107.222
107.203
107.199
107.177
107.199
107.207
107.192
107.203
107.199
107.199
107.199
107.2
107.21
107.192
107.214
107.211
107.199
107.177
107.406
107
107.199
107.195
107.256
107.143
107.199
107.199
107.211
107.192
107.199
107.207
107.199
107.203
107.199
107.222
107.177
107.199
107.203
107.192
107.206
107.192
107.207
107.199
107.196
107.199
107.207
107.191
107.207
107.203
107.199
107.32
107.075
107.196
107.191
107.211
107.199
107.192
107.218
107.406
106.977
107.207
107.207
107.195
107.2
107.206
107.2
107.191
107.2
107.21
107.383
107.016
107.199
107.184
107.211
107.199
107.199
107.199
107.211
107.199
107.199
107.2
107.199
107.203
107.192
107.199
107.488
106.91
107.211
107.188
107.203
107.199
107.199
107.207
107.196
107.206
107.184
107.211
107.203
107.196
107.199
107.312
107.113
107.184
107.199
107.199
107.192
107.199
107.211
107.192
107.199
107.207
107.218
107.191
107.185
107.206
107.192
107.406
106.985
107.211
107.199
107.255
107.155
107.199
107.199
107.199
107.2
107.199
107.203
107.199
107.199
107.2
107.225
107.173
107.196
107.199
107.207
107.199
107.192
107.21
107.214
107.177
107.199
107.207
107.196
107.206
107.2
107.191
107.2
107.21
107.199
107.192
107.199
107.218
107.2
107.191
107.406
106.985
107.226
107.177
107.206
107.192
107.199
107.2
107.21
107.192
107.207
107.191
107.207
107.196
107.199
107.207
107.191
107.211
107.199
107.199
107.192
107.211
107.188
107.248
107.154
107.207
107.191
107.2
107.203
107.214
107.184
107.335
107.064
107.21
107.199
107.192
107.199
107.211
107.192
107.206
107.192
107.207
107.192
107.203
107.199
107.199
107.199
107.2
107.203
107.206
107.192
107.199
107.2
107.195
107.207
107.207
107.191
107.207
107.184
107.211
107.207
107.199
107.248
107.147
107.206
107.192
107.199
107.211
107.199
107.199
107.192
107.199
107.203
107.233
107.166
107.199
107.207
107.199
107.192
107.203
107.199
107.207
107.199
107.196
107.199
107.199
107.211
107.199
107.192
107.334
107.064
107.199
107.226
107.199
107.177
107.199
107.207
107.417
106.985
107.214
107.177
107.207
107.203
107.192
107.199
107.192
107.214
107.195
107.2
107.206
107.192
107.199
107.211
107.192
107.206
107.192
107.199
107.207
107.192
107.21
107.248
107.143
107.207
107.203
107.477
106.914
107.199
107.211
107.199
107.199
107.192
107.199
107.207
107.203
107.199
107.192
107.199
107.211
107.199
107.214
107.177
107.211
107.199
107.199
107.192
107.199
107.199
107.192
107.211
107.206
107.192
107.199
107.207
107.203
107.199
107.2
107.191
107.192
107.218
107.248
107.143
107.199
107.2
107.21
107.192
107.199
107.199
107.2
107.199
107.21
107.233
107.158
107.2
107.218
107.191
107.185
107.206
107.211
107.18
107.211
107.199
107.199
107.211
107.192
107.199
107.199
107.199
107.207
107.203
107.199
107.185
107.206
107.207
107.203
107.414
106.977
107.192
107.218
107.199
107.199
107.192
107.199
107.2
107.21
107.192
107.199
107.199
107.192
107.211
107.199
107.199
107.199
107.211
107.192
107.199
107.199
107.199
107.26
107.139
107.203
107.199
107.496
106.929
107.184
107.214
107.32
107.075
107.188
107.196
107.206
107.207
107.207
107.188
107.192
107.199
107.199
107.312
107.098
107.199
107.199
107.192
107.207
107.233
107.158
107.203
107.199
107.199
107.207
107.196
107.221
107.177
107.199
107.211
107.188
107.21
107.2
107.255
107.136
107.203
107.206
107.192
107.211
107.18
107.207
107.21
107.207
107.184
107.192
107.211
107.199
107.199
107.199
107.226
107.199
107.184
107.192
107.222
107.184
107.196
107.206
107.192
107.199
107.2
107.338
107.064
107.199
107.207
107.184
107.211
107.199
107.207
107.191
107.211
107.199
107.192
107.199
107.207
107.203
107.199
107.199
107.192
107.199
107.395
107.015
107.199
107.192
107.199
107.207
107.196
107.199
107.199
107.207
107.199
107.184
107.211
107.199
107.199
107.2
107.496
106.913
107.192
107.207
107.184
107.211
107.199
107.199
107.199
107.211
107.192
107.199
107.214
107.184
107.2
107.191
107.211
107.207
107.191
107.207
107.196
107.199
107.199
107.199
107.211
107.199
107.192
107.425
106.973
107.211
107.199
107.406
106.985
107.207
107.192
107.191
107.218
107.192
107.199
107.2
107.199
107.21
107.192
107.226
107.199
107.184
107.199
107.2
107.199
107.199
107.211
107.191
107.192
107.207
107.199
107.218
107.184
107.192
107.207
107.199
107.192
107.21
107.192
107.207
107.192
107.203
107.199
107.199
107.199
107.2
107.424
106.978
107.199
107.199
107.207
107.203
107.214
107.203
107.2
107.18
107.203
107.391
107.008
107.184
107.207
107.203
107.206
107.192
107.207
107.203
107.214
107.192
107.184
107.256
107.154
107.199
107.192
107.496
106.902
107.226
107.199
107.184
107.192
107.192
107.199
107.207
107.203
107.199
107.199
107.192
107.211
107.206
107.312
107.087
107.203
107.199
107.199
107.192
107.199
107.207
107.196
107.206
107.192
107.199
107.211
107.263
107.15
107.185
107.417
107
107.184
107.207
107.248
107.135
107.207
107.203
107.192
107.199
107.199
107.207
107.203
107.199
107.192
107.207
107.203
107.192
107.206
107.2
107.199
107.199
107.196
107.206
107.192
107.211
107.199
107.192
107.206
107.192
107.199
107.2
107.203
107.206
107.192
107.207
107.195
107.207
107.192
107.199
107.199
107.207
107.196
107.206
107.192
107.199
107.207
107.192
107.21
107.192
107.41
107
107.207
107.206
107.177
107.207
107.192
107.203
107.206
107.207
107.192
107.192
107.266
107.143
107.188
107.211
107.199
107.196
107.199
107.199
107.199
107.211
107.188
107.203
107.199
107.199
107.207
107.196
107.199
107.199
107.207
107.192
107.199
107.203
107.207
107.21
107.173
107.233
107.177
107.207
107.191
107.211
107.192
107.206
107.2
107.199
107.184
107.218
107.192
107.225
107.173
107.263
107.162
107.184
107.192
107.199
107.2
107.199
107.203
107.199
107.199
107.211
107.222
107.169
107.192
107.218
107.188
107.21
107.199
107.185
107.206
107.211
107.188
107.21
107.2
107.191
107.211
107.207
107.319
107.064
107.199
107.211
107.199
107.192
107.199
107.214
107.418
106.992
107.177
107.199
107.199
107.226
107.177
107.199
107.207
107.191
107.203
107.196
107.199
107.203
107.199
107.192
107.218
107.199
107.192
107.199
107.2
107.199
107.203
107.255
107.143
107.192
107.218
107.199
107.207
107.192
107.184
107.361
107.049
107.199
107.199
107.207
107.196
107.199
107.199
107.199
107.207
107.203
107.32
107.071
107.199
107.207
107.203
107.192
107.192
107.199
107.214
107.184
107.218
107.192
107.199
107.211
107.18
107.211
107.421
106.977
107.218
107.185
107.199
107.199
107.199
107.207
107.184
107.233
107.177
107.207
107.195
107.207
107.192
107.207
107.195
107.203
107.196
107.206
107.192
107.207
107.203
107.192
107.206
107.192
107.207
107.199
107.196
107.206
107.192
107.199
107.207
107.196
107.206
107.192
107.207
107.199
107.192
107.436
106.966
107.199
107.2
107.203
107.221
107.2
107.184
107.218
107.177
107.199
107.199
107.226
107.165
107.218
107.199
107.2
107.191
107.2
107.199
107.21
107.185
107.218
107.251
107.14
107.206
107.192
107.199
107.207
107.203
107.192
107.199
107.199
107.207
107.192
107.203
107.199
107.199
107.2
107.218
107.191
107.207
107.312
107.083
107.199
107.192
107.207
107.199
107.203
107.199
107.192
107.199
107.199
107.2
107.203
107.199
107.199
107.199
107.425
106.978
107.206
107.327
107.136
107.135
107.196
107.199
107.199
107.199
107.192
107.199
107.211
107.199
107.199
107.203
107.203
107.203
107.192
107.199
107.196
107.203
107.203
107.207
107.203
107.195
107.196
107.199
107.207
107.199
107.192
107.203
107.199
107.199
107.199
107.211
107.199
107.207
107.184
107.44
106.977
107.185
107.221
107.203
107.264
107.109
107.21
107.207
107.184
107.207
107.395
107.015
107.191
107.2
107.191
107.192
107.218
107.192
107.199
107.207
107.203
107.199
107.192
107.199
107.207
107.199
107.196
107.206
107.192
107.226
107.184
107.192
107.199
107.199
107.199
107.211
107.192
107.199
107.199
107.199
107.211
107.192
107.206
107.192
107.207
107.218
107.184
107.214
107.185
107.191
107.207
107.192
107.21
107.192
107.199
107.2
107.199
107.428
106.974
107.199
107.2
107.191
107.218
107.192
107.199
107.2
107.21
107.199
107.192
107.199
107.192
107.211
107.206
107.192
107.199
107.207
107.196
107.206
107.192
107.199
107.211
107.188
107.225
107.177
107.211
107.199
107.199
107.192
107.342
107.056
107.211
107.18
107.211
107.192
107.206
107.207
107.203
107.199
107.192
107.199
107.2
107.203
107.199
107.207
107.191
107.211
107.192
107.199
107.207
107.191
107.211
107.199
107.199
107.192
107.199
107.211
107.199
107.199
107.192
107.271
107.128
107.203
107.206
107.192
107.207
107.199
107.203
107.35
107.041
107.199
107.211
107.199
107.199
107.192
107.207
107.203
107.18
107.211
107.334
107.072
107.203
107.188
107.203
107.199
107.199
107.207
107.203
107.199
107.2
107.191
107.211
107.199
107.199
107.192
107.432
106.978
107.192
107.206
107.192
107.199
107.211
107.18
107.218
107.2
107.191
107.211
107.199
107.214
107.177
107.199
107.211
107.199
107.199
107.192
107.199
107.207
107.218
107.192
107.184
107.214
107.192
107.211
107.199
107.199
107.184
107.354
107.037
107.218
107.185
107.206
107.2
107.203
107.199
107.199
107.211
107.199
107.18
107.218
107.2
107.191
107.2
107.206
107.203
107.192
107.199
107.207
107.203
107.199
107.2
107.191
107.211
107.192
107.199
107.199
107.199
107.211
107.263
107.128
107.199
107.214
107.188
107.207
107.199
107.192
107.361
107.049
107.199
107.199
107.192
107.211
107.199
107.199
107.192
107.199
107.199
107.339
107.064
107.206
107.192
107.199
107.207
107.203
107.199
107.192
107.199
107.192
107.211
107.199
107.199
107.199
107.211
107.421
106.977
107.2
107.191
107.2
107.203
107.206
107.192
107.199
107.2
107.21
107.192
107.199
107.199
107.211
107.248
107.15
107.192
107.199
107.207
107.184
107.211
107.199
107.218
107.192
107.214
107.177
107.199
107.199
107.207
107.184
107.361
107.049
107.199
107.226
107.184
107.192
107.199
107.207
107.44
106.962
107.199
107.192
107.207
107.192
107.203
107.199
107.199
107.199
107.211
107.192
107.206
107.185
107.206
107.2
107.203
107.199
107.199
107.207
107.203
107.192
107.206
107.192
107.199
107.226
107.192
107.199
107.192
107.218
107.176
107.357
107.042
107.207
107.191
107.226
107.192
107.191
107.192
107.199
107.203
107.188
107.218
107.192
107.199
107.207
107.203
107.192
107.199
107.199
107.211
107.199
107.199
107.192
107.199
107.207
107.203
107.199
107.2
107.199
107.203
107.192
107.278
107.12
107.199
107.2
107.203
107.199
107.199
107.199
107.226
107.192
107.184
107.199
107.199
107.192
107.218
107.199
107.192
107.199
107.207
107.192
107.21
107.192
107.199
107.207
107.192
107.21
107.2
107.199
107.192
107.203
107.206
107.2
107.191
107.211
107.188
107.443
106.959

------------------------------------------------------------------------------------------------------------------------------------------------
max val(#116) = 107.61us
min val(#3834) = 106.81us
peak-to-peak = 0.80us
mean +- RMS = 107.20 +- 0.06 us

packet size: 516
number of packets: 10000
RATE = 38507.46kbps, PPS = 9328.4
