Destination address set to 01:1B:19:00:00:00
Defaults: 01:1B:19:00:00:00 or 01:80:C2:00:00:0E
SIOCSHWTSTAMP: tx_type 1 requested, got 1; rx_filter 0 requested, got 0
setting ts_flags: 0x53
new ts_flags: 0x53


gap of hw tx time, us: packets 10000:
------------------------------------------------------------------------------------------------------------------------------------------------
0
238.003
219.279
185.921
224.158
234.8
184.158
227.681
236.48
179.042
231.839
234.638
177.441
234.161
236.319
175.52
237.12
188.162
222.079
235.521
185.599
225.759
236.402
181.038
230.481
236.402
176.316
233.843
236.077
175.524
238.237
188.402
221.12
234.319
187.681
224.718
235.999
182.723
228.478
235.119
179.362
232.241
235.517
175.922
237.121
233.439
176.719
235.68
188.56
220.162
236.397
186.64
224.564
234.717
183.922
228.079
235.841
179.28
232.56
234.559
176.802
234.56
236.559
175.76
235.278
189.121
222.639
235.202
185.441
226.718
235.198
181.2
231.042
234.239
177.922
234
235.838
175.76
235.439
190.963
221.038
234.8
187.362
224.481
236.078
182.719
228.962
234.638
179.52
232.083
236.239
175.84
236.48
234
176.321
237.596
186.64
222.561
236.401
184.241
227.681
234.078
181.441
230.718
235.841
176.64
235.921
233.837
177.524
234.88
189.838
221.361
235.679
186.163
225.759
235.037
182.399
229.203
234.958
179.042
232.88
235.356
211.042
216
176.722
219.519
235.36
188.321
223.68
235.356
184.163
226.88
235.92
180.399
231.282
234.958
176.963
235.037
235.282
176.719
234.8
190.241
250.157
216
176.963
225.279
235.438
182.483
229.44
235.036
178.723
233.12
235.518
175.922
235.601
191.918
219.842
235.119
188.242
223.519
235.517
184.084
229.839
233.198
180.162
231.677
235.123
178.64
233.518
234.962
176.641
235.198
189.441
222.319
235.041
185.839
226.241
235.6
181.358
230.162
235.198
177.843
233.598
235.841
175.76
235.36
191.441
220.478
218.721
216
216
231.759
183.441
228.398
235.281
179.52
232.56
234.8
176.64
235.758
234.959
176.403
235.281
188.798
222.722
235.518
184.963
227.12
235.037
181.042
230.399
235.841
176.96
234.161
235.597
177.2
234.883
190.159
221.041
235.597
186.561
225.601
234.879
182.881
229.199
234.958
178.88
232.801
235.601
176.64
235.04
192.001
219.838
234.958
188.324
223.358
235.6
184.242
227.68
235.041
180.478
231.282
235.277
176.64
234.963
193.917
218.402
234.958
189.76
222.004
236.954
184.245
226.079
235.119
181.998
230.883
234.078
178.242
233.44
234.799
177.279
235.36
191.122
220.722
234.957
187.52
224.241
235.277
183.681
228.083
235.277
179.843
231.839
235.359
176.479
235.36
235.519
176.643
234.796
189.204
222.237
236.48
184.483
226.718
235.36
181.121
230.241
235.036
177.922
233.839
235.92
176.32
234.883
191.038
220.963
235.036
187.2
224.801
235.439
182.963
228.64
235.517
179.043
232.24
235.68
176.478
235.119
235.44
176.802
235.119
188.321
222.88
235.281
185.038
226.963
235.277
180.963
230.639
235.439
177.121
234.959
235.36
176.96
234.72
190.001
221.121
235.518
186.561
225.68
235.518
182.001
229.361
235.521
178.317
233.042
234.957
176.64
235.601
191.76
220.162
234.8
188.241
224.079
237.198
181.922
228
234.718
180.482
231.759
235.037
176.486
234.639
235.758
176.802
235.194
189.524
221.759
235.841
185.599
225.681
235.92
181.681
229.839
235.04
178.241
233.2
235.92
176.64
235.439
190.801
221.2
234.559
187.441
224.079
244.401
174.719
231.12
235.12
176.959
234.722
235.119
176.321
236.157
189.681
221.523
235.439
186.237
227.523
233.119
182.561
229.44
234.796
178.964
232.8
235.68
176.238
235.203
235.198
176.64
235.439
188.001
223.12
236.161
183.918
227.921
234.48
180.802
231.598
234.879
176.801
235.361
234.796
176.404
235.6
189.76
221.839
235.277
186.242
226.24
234.642
182.159
229.759
235.041
178.399
236.162
232.879
176.241
235.357
191.361
220.241
235.837
187.121
225.361
234.161
183.681
228.399
235.36
179.441
232.161
235.116
176.565
235.519
235.517
176.001
235.041
189.358
222.56
235.522
185.279
226.161
235.439
181.358
230.403
235.119
177.678
233.601
235.601
176.64
235.203
190.958
221.839
234.239
187.122
225.12
235.198
182.881
228.801
234.958
179.44
230.88
236.721
175.602
233.76
234.957
177.122
236.72
189.441
221.121
234.717
187.361
226.079
233.439
183.682
228.639
235.439
179.121
232.32
235.202
176.959
234.236
236.241
176.482
235.281
188.557
222.801
235.119
185.204
227.038
235.281
180.88
230.557
235.521
177.52
236.402
234.639
176.241
235.838
188.482
223.921
239.838
179.76
226.481
233.679
259.199
216
216
216
172.802
215.999
216
216.001
215.999
216
216
216
216
216
216
216
216
216
216
216
216
216
216
216
216
216
216
216
216
215.996
216.005
172.801
215.995
216.004
216
215.996
216
216.004
215.996
216.004
216
216
216
216
216
216
216
216
215.996
216
216.004
216
216
216
216
216
216.001
215.999
172.797
216
216
216
216
216
216
216
216
216
216
216
216
216
216.004
215.996
216
216
216
216
216
216
216
216
216
216
216.004
172.797
216.001
215.999
216
216.001
215.999
216
216.001
215.999
216
216
216
216
216
216
216
216
216
216
216
216
216
216
216
216.001
216
216
172.8
215.999
216
216
216
216
216
216
216
216
216
216
216
216
216
216
216
216
216
216
216
216
216
216.001
215.999
216.001
216
172.801
215.999
216
216.001
215.999
216
216
216
216
216
216
216
216
216
216
216
216
216
216
216
216
216
216
216
216.001
215.999
216
172.801
216.001
216
215.999
216.001
215.999
216
216
216
216
216
216
215.996
216.004
216
216
215.996
216.004
216
216
216
215.996
216.004
216
216
216
216.001
172.797
215.999
216
216
216.004
215.996
216
216
216
216
216
216
216
216
216.004
215.996
216
216.004
215.996
216
216.004
216
215.996
216.004
216
216.001
215.995
172.801
216
216
216
216
216
216
216
216
216
216
216
216
216
216
216
216
216
216
216
216
216
216
216
216
216
216
172.8
216
216.001
215.999
216
216.001
215.999
216
216
216
216
216
216
216
216
216
216
216
216
216
216
216
216
216
216
216
216
172.802
215.999
216
216
216
216
216
216
216
216
216
216
216
216
216
216
216
216
216
216
216
216
216
216
216
216
216
172.801
216
215.996
216.004
215.996
216.004
216
216
216
216
216
215.996
216.004
215.996
216.004
216
216
216
216
216
216
216
216
215.996
216.004
216
216
172.798
259.203
172.8
215.997
215.999
216
216.001
215.999
216
216.004
215.996
216
216.004
216
215.996
216
216
216
216.004
215.996
216.004
215.996
216
216.004
215.996
216.004
215.997
172.8
216.001
215.999
216
216.001
215.999
216
216.001
215.999
216
216
216
216
216
216
216
216
216
216
216
216
216
216
216
216
216
216
172.8
216
216.001
215.999
216
216
216
216
216
216
216
216
216
216
216
216
216
216
216
216
216
216
216
216
216
216
216
216.001
172.801
215.999
216.001
215.999
216
216.001
215.999
216
216
216
216
216
216
216
216
216
216
216
216
216
216
216
216
216
216
216
216.001
172.8
215.996
216.004
216
215.996
216.004
216
216
216
216
215.996
216
216.004
216
215.996
216.004
215.996
216
216.004
216
215.996
216.004
216
216
216
216
172.802
215.995
216
216
216.005
215.999
215.996
216.004
215.996
216
216
216
216.004
215.996
216
216
216
216
216
216
216
216
216
216
216
216.004
216.001
172.796
216
216
216
216
216
216
216
216
216
216
216
216
216
216
216
216
216
216
216
216
216
216
216
216
216
216.001
172.799
259.201
172.8
215.999
216
216
216
216.001
215.999
216
216
216
216
216
216
216
216
216
216
216
216
216
216
216
216
216
216
172.801
216.001
215.999
216
216.001
215.999
216
216
216
216
216
216
216
216
216
216
216
216
216
216
215.996
216.004
216
216
216
216
216.001
172.8
216
215.996
216
216.004
216
215.996
216
216.004
216
216
216
216
215.996
216.004
215.996
216.004
216
215.996
216
216
216
216
216
216.004
216
215.996
216.004
172.801
259.199
172.798
215.999
216
216.001
215.999
216
216.004
215.996
216
216
216
216.004
215.996
216.004
215.996
216
216
216
216
216.004
216
215.996
216.004
215.997
172.801
216.003
215.997
215.999
216.001
215.999
216
216
216
216
216.003
215.997
216
216
216
216
216
216
216
216
216
216
216
216.003
215.997
216.001
216
172.799
216
216
216
216
216
216
216
216
216
216
216
216
216
216
216
216
216
216
216
216
216
216
216
216
216
216.001
215.999
172.801
216
216
216.001
215.999
216
216
216
216
216
216
216
216
216
216
216
216
216
216
216
216
216
216
216
216
216.001
172.8
216
216.001
215.999
215.997
216.003
216
216
216.001
215.999
216
216
216
216
216
216
216
216
216
216
216
216
215.996
216
216.004
216
216.001
172.796
216
216.004
216
216
215.996
216
216
216
216
216
216
216
216.004
215.996
216
216
216
216.004
216
215.996
216.004
215.996
216.004
216
215.996
216.001
215.999
216.001
172.8
216
216
216
216
216
216
216
216
216
216
216
216
216
216
216
216
216
216
216
216.003
215.997
216
216.001
215.999
172.8
216
216
216.001
215.999
216
216
216
216
216
216
216.001
215.999
216
216
216
216
216
216
216
216
216
216
216
216
216.001
215.999
172.801
216
216
216
216
216
216
216
216
216
216
216
216
216
216
216
216
216
216
216
216
216
216
216
216
216
216.001
172.801
259.198
172.802
215.995
216.005
216
215.999
216
216
216
216
215.996
216
216.004
216
215.996
216
216
216.004
215.996
216.004
215.996
216.004
216
216
216
216.001
172.8
215.996
216.004
215.997
216.004
215.999
216.001
215.995
216
216
216
216
216.004
216
215.996
216
216
216
216
216
216.004
215.996
216.004
215.996
216
216
216
172.801
216
216
216
216
216
216
216
216
216
216
216
216
216
216
216
216
216
216
216
216
216
216
216
216
216
216.001
216
172.8
259.2
172.799
216.001
216
215.999
216
216
216
216
216
216
216
216
216
216
216
216
216
216
216
216
216
216
216.001
215.999
172.801
216
216
216
216.001
215.999
216
216.001
215.999
216
216
216
216
216
216
216
216
216
216
216
216
216
216
216
216
216.001
216
172.801
215.999
216.001
215.999
216.001
215.999
216
215.997
216.003
215.996
216.004
216
216
216
216
215.996
216.004
216
216
216
216
216
216
216
216
216
215.997
216.003
216.001
172.8
215.996
216
216
216
216.004
215.996
216
216.004
216
215.996
216
216.004
215.996
216
216
216
216
216
216
216
216.004
215.997
216.003
215.996
172.802
216
215.999
216
216
216.001
215.999
216
216
216
216
216
216
216
216
216
216
216
216
216
216
216
216
216.001
216
216
215.999
172.801
216
216
216
216
216
216
216
216
216
216
216
216
216
216
216
216
216
216
216
216
216
216
216.001
215.999
216.001
216
215.999
216.001
172.799
216.001
216
215.999
216
216
216
216
216
216
216
216
216
216
216
216
216
216
216
216
216
216
216.001
215.999
216.001
172.801
215.999
215.996
216.004
216
216
216
215.996
216.004
216.001
215.999
215.996
216.004
216
216
216
216
216
216
216
216
216
216
215.997
216.003
216.001
216
172.796
216.004
215.996
216
216
216
216
216
216
216.004
215.996
216.004
215.996
216
216.004
215.996
216
216
216
216
216.004
215.996
216.004
215.997
215.999
216.001
216.004
172.796
259.2
172.8
216
216.001
216
215.999
216
216.004
215.996
216
216
216.004
215.996
216
216
216
216
216
216
216
216
216
216
216
216
216
172.802
215.999
216
216.001
215.999
216
216
216
216
216
216
216
216
216
216
216
216
216
216
216
216
216
216
216
216
216.001
216
172.799
216
216
216
216
216
216
216
216
216
216
216
216
216
216
216
216
216
216
216
216
216
216
216
216
216.001
216
172.8
216
216
216
216
216
216
216
216
216
215.996
216.004
216
216
215.996
216.004
216
216
215.996
216.004
216
216
216
216
216
216
215.996
172.802
216.004
215.995
216
216
216
216
216.004
215.996
216.004
216
215.996
216
216.004
215.996
216
216
216
216
216
216.004
216
215.996
216
216
216.004
215.997
172.8
216
216
216
216
216
216
216.004
215.996
216
216
216
216
216
216
216
216
216
216
216
216
216
216
216
216
216.001
215.999
172.801
216
216
216
216
216
216
216
216
216
216
216
216
216
216
216
216
216
216
216
216
216
216
216
216
216
216.001
172.799
216
216.001
215.999
216.001
216
215.999
216
216
216
216
216
216
216
216
216
216
216
216
216
216
216
216
216
216
216.001
216
172.8
216
216
216
216
216
216
216
216
216
216
216
216
216
216
216
216
215.996
216.004
216
216
216
216
215.996
216.004
216.001
216
172.796
216
216
216.004
215.996
216.004
215.996
216
216
216.004
215.996
216
216.004
215.996
216.004
215.996
216
216
216
216
216.004
216
215.996
216
216.004
215.996
216.005
172.797
215.999
216.001
215.999
216
216
216
216
216
216
216
216.001
215.999
216
216
216
216
216
216.004
215.996
216
216
216
216
216
216
216
216.001
172.8
216
216
216
216
216
216
216
216
216
216
216
216
216
216
216
216
216
216
216
216
216
216
216
216.001
216
172.799
216
216
216
216
216
216
216
216
216
216
216
216
216
216
216
216
216
216
216
216
216
216
216
216
215.998
216.002
172.802
215.999
216
216.001
215.999
216
216
216
216
216
216
216
216
216
216
216
215.996
216.004
215.996
216.004
215.996
216
216.004
215.996
216.004
215.997
216.003
172.797
216.001
216.003
216
215.997
215.999
216.004
215.996
216.004
216
215.996
216.004
215.996
216
216.004
215.996
216
216.004
215.996
216
216.004
216
215.996
216
216
216
216.001
172.8
216
216
216
216
216
216
216.004
215.996
216
216
216
216
216
216
216
216
216
216
216
216
216
216
216
216
216
216.001
172.8
216.001
215.999
216
216.001
215.999
216
216
216
216
216
216
216
216
216
216
216
216
216
216
216
216
216
216
216
216
216
172.801
216
216
215.999
216
216.001
215.999
216
216
216.001
215.999
216
216
216
216
216
216
216
216
216
216
216
216
216
216
216.001
216
172.8
216
216
216
216
216
216
216
215.996
216.004
216
216
215.996
216
216.004
216
216
216
216
216
216
216
216
216
216
216
216
172.797
216.001
216.003
216
215.997
216.003
216
216.001
215.999
215.996
216
216
216
216
216
216.004
215.996
216
216.004
216
215.996
216.004
216
216
215.996
216
216.005
172.797
215.999
216
216
216
216.001
215.999
216
216
216
216
216
216
216
216
216
216
216
216
216
216
216
216
216
216.001
215.999
216.001
172.8
259.2
172.801
215.999
216
216
216
216
216
216
216
216
216
216
216
216
216
216
216
216
216
216
216
216.001
215.999
216
216
172.8
216
216.001
215.999
216
216.001
215.999
215.997
216.003
216
216
216
216
216
216
216
216
216
216
216
216
216
216
216
216
216
216.001
172.801
215.999
216
216.001
215.999
216
216.001
215.999
216
216
215.996
216.004
216
216
216
215.996
216.004
216
216
215.996
216
216.004
216
216
216
216
216.001
172.796
216
216
216
216
216
216
216
216.004
215.996
216
216
216.004
215.996
216
216
216.004
215.996
216.004
216
215.996
216.004
216
215.996
216.004
215.997
215.999
172.801
216
216.004
215.996
216.004
215.996
216
216
216
216
216
216
216.004
215.996
216
216
216
216
216.004
215.996
216
216
216
216
216
216.004
215.996
172.802
216
215.999
216
216.001
215.999
216
216
216
216
216
216
216
216
216
216
216
216
216
216
216
216
216
216
216
216
216.001
172.8
215.999
216.001
215.999
216
216.001
215.999
216
216
216
216
216
216
216
215.997
216.003
216
216
216
216
216
216
216
216
216
216.001
215.999
172.801
216
216
216
216
216
216
215.996
216.004
216
216
216
216
216
215.996
216.004
216
216
216
216
216
215.996
216.004
216
216
216
216
172.797
216
216.001
215.999
216
216.005
215.995
216
216
216
216
216.004
215.996
216
216
216
216
216
216.004
216
215.996
216
216
216.004
215.996
216
216
172.802
215.999
216
216.005
215.995
216
216.004
215.996
216
216
216
216
216
216
216
216
216
216
216
216
216
216
216
216
216
216.001
215.999
172.801
216
216
216
216
216
216
216
216
216
216
216
216
216
216
216
216
216
216
216
216
216
216
216
216
216.001
215.999
172.801
215.999
216.001
215.999
216
216.001
215.999
216
216
216
216
216
216
216
216
216
216
216
216
216
216
216
216
216
216
216
216.001
172.8
259.2
172.8
216
216.001
215.999
215.996
216.004
216
215.996
216.004
215.996
216.004
216
216
216
216
216
215.996
216.004
216
216
216
216
216
216.001
215.999
172.797
216
216
216
216
216.004
215.996
216
216.004
216
215.996
216
216
216
216.004
216
215.996
216.004
215.996
216.004
215.996
216
216
216
216
216
216
172.801
216.001
215.999
216.001
215.999
216.004
215.997
215.999
216
216
216
216
216
216
216.004
216
215.996
216
216
216
216
216
216
216
216
216
216
216
172.802
215.999
216
216.001
215.999
216
216
216
216.001
215.999
216
216
216
216
216
216
216
216
216
216
216
216
216
216
216.001
215.999
216.001
172.799
216
216
216
216
216
216
216
216
216
216
216
216
216
216
216
216
216
216
216
216
216
216
216
216
216.001
172.8
216.001
216
215.995
216.005
215.999
216
216
216
216
216
216
216
216
215.996
216.004
216
216
216
216
216
216
215.996
216.004
216
216
215.997
172.801
216.004
215.996
215.999
216
216
216
216
216.001
215.999
216
216.004
215.996
216
216
216.004
215.996
216
216
216
216.004
215.996
216
216
216
216.005
215.995
216.001
172.8
216.004
215.996
216
216
216
216.004
215.996
216
216.004
215.996
216
216
216
216
216
216
216
216
216
216
216
216
216
216
216
172.801
216.001
216
215.999
216.001
216
215.999
216.001
215.999
216
216
216
216
216
216
216
216
216
216
216
216
216
216
216
216
216
216
172.801
215.999
216
216.001
215.999
216.001
215.997
216.002
216.001
215.999
216
216
216
216
216
216
216
216
216
216
216
216
216
216
216
216
216
216
172.802
259.199
172.796
216.004
216
215.996
216.004
215.996
216.004
215.996
216
216.004
216
216
215.996
216.004
215.996
216
216.004
215.996
216
216.004
216
215.996
216
216.005
172.796
216.004
216
215.996
216.004
215.996
216
216
216.004
216
215.996
216
216
216
216.004
215.996
216
216
216
216
216
216
216
216.004
215.996
216.004
215.996
172.801
216.001
215.999
216.001
215.999
216
216.001
215.999
216
216
216
216
216
216
216
216
216
216
216
216
216
216
216
216
216
216.004
215.996
216.001
172.8
216
216.001
215.999
216
216
216
216
216
216
216
216
216
216
216
216
216
216
216
216
216
216
216
216
216
216.001
172.799
216
216
216
216
216
216
216
216
216
216
216
216
216
216
216
216
216
216
216
216
216
216
216
216
216
216.001
172.801
216
215.999
216
216.001
215.999
215.996
216
216.004
216
216
216
216
216
216
216
216
216
216
216
215.996
216
216.004
216
216
215.996
216.005
215.999
216.001
172.796
216
216
216.005
215.999
215.996
216
216
216
216
216
216.004
215.996
216
216
216
216
216
216
216
216
216.004
215.996
216.005
215.995
172.801
216
216
216
216
216
216
216
216
216
216
216
216
216
216
216
216
216
216
216
216
216
216
216
216
216
216.001
172.8
216
216.001
215.999
216
216.001
215.999
216
216.001
215.999
216
216
216
216
216
216
216
216
216
216
216
216
216
216.003
215.997
216.001
215.999
216.001
216
172.8
215.999
216
216
216.001
215.999
216
216
216
216
216
216
216
216
216
216
216
216
216
216
216
216
216
216.001
215.999
172.801
216
216
216
216
216
215.996
216.004
216
216
216
216
216
216
216
215.996
216.004
215.996
216.004
215.996
216
216.004
215.996
216.004
216
216.001
216
172.801
215.995
216.001
216
215.999
216.005
215.995
216.004
216
215.996
216.004
215.996
216.004
215.996
216
216.004
215.996
216
216.004
216
215.996
216.004
215.996
216
216
216
216.001
216
172.801
259.199
172.8
216
216
216
216
216
216
216
216
216
216
216.004
215.996
216
216
216
216
216
216
216
216
216
216
216.001
172.8
216.001
216
215.999
216
216
216
216
216
216
216
216
216
216
216
216
216
216
216
216
216
216
216
216
216
216.001
216
172.796
216.003
216
216
216
216
216
216
216
216
216
216
216
216
216
216
216
216
216
216
216
216
216
216
216
216.001
215.999
216
172.801
215.996
216.005
215.999
216
216
216
216
216
216
216
215.996
216.004
215.996
216
216.004
215.996
216
216.004
215.996
216.004
215.996
216.004
216
216
216.001
172.797
215.999
216
216
216
216.001
216
215.999
216.004
215.996
216.004
215.996
216
216
216
216
216.004
215.996
216
216
216
216
216
216.004
215.996
216.001
215.999
172.801
216
216
216
216.004
215.996
216
216
216
216
216
216
216
216
216
216
216
216
216
216
216
216
216
216
216
216
216.001
216
215.999
172.801
216.001
216
215.999
216
216
216
216
216
216
216
216
216
216
216
216
216
216
216
216
216
216
216
216
216
172.801
215.999
216
216.001
215.999
215.998
216.003
215.999
216
216
216
216
216
216
216
216
216
216
216
216
216
216
216
216
216
216
216
172.801
216
216.001
215.999
215.997
216.004
215.999
216
215.996
216.004
216
216
215.996
216
216.004
216
216
216
216
215.996
216.004
216
215.996
216.004
216
215.997
216.003
172.797
259.204
172.8
215.996
216.004
215.996
216.004
215.996
216.004
215.996
216.004
215.996
216
216
216
216
216
216
216.004
215.996
216.004
215.996
216
216
216.004
216
215.997
172.801
216
215.999
216
216.001
215.999
216
216
216
216
216
216
216.004
215.996
216
216
216
216
216
216
216
216
216
216
216
216.005
215.996
172.801
215.999
216.001
215.999
216
216
216
216
216
216
216
216
216
216
216
216
216
216
216
216
216
216
216
216
216.001
215.999
216.001
172.8
215.999
216
216
216
216
216
216
216
216
216
215.997
216.003
216
216
216
216
215.997
216.003
216
215.997
216.003
216
216
215.997
216.003
216
172.802
215.999
216.001
215.999
216
216.001
215.999
215.996
216.004
216
216
216
216
216
216
216
215.996
216.004
216
215.996
216.004
215.996
216.004
216
216
216
216
172.798
215.999
216.004
216.001
215.995
216
216.005
215.999
216
215.996
216
216
216.004
216
215.996
216
216.004
215.996
216.004
215.996
216
216
216.004
215.996
216
216
216.001
172.8
216
216
216
216
216
216
216
216.004
215.996
216
216
216
216
216
216
216
216
216
216
216
216
216
216
216
216
216.001
172.801
215.999
216.001
215.999
216
216.001
215.999
216
216
216
216
216
216
216
216
216
216
216
216
216
216
216
216
216
216
216
216.001
172.799
216.001
215.999
216
216
216
216.001
215.999
216
216
216
216
216
216
216
216
216
216
216
216
216
216
216
215.997
216.003
216.001
215.999
172.801
216
215.996
216.004
215.996
216.004
216
215.996
216.004
216
216
216
216
216
216
216
216
216
216
216
216
216
216
216
216
216.001
215.999
172.797
216
216
216
216
216.004
216
215.996
216
216.004
215.996
216.004
215.996
216
216.004
215.996
216
216
216.004
216
215.996
216
216
216
216.004
215.996
216.004
216.001
172.797
215.999
216
216.001
215.999
216
216.001
215.999
216
216
216
216
216
216
216.004
215.996
216
216
216
216
216
216
216
216
216
216.001
172.801
215.999
216
216.001
215.999
216.001
215.999
216
216
216
216
216.001
215.999
216
216
216
216
216
216
216
216
216
216
216
216
216
216
172.8
216
216
216
216
216
216
216
216
216
216
216
216
216
216
216
216
216
216
216
216
216
216
216
216
216
216.001
172.801
215.999
216.001
215.999
216
216.001
215.999
216
216
216
216
216
216
216
216
216
216
215.996
216
216.004
215.996
216.004
216
216
216
216
216
172.798
215.999
216
216.001
215.999
216
216.005
215.999
216
215.996
216.004
215.996
216.004
215.996
216
216
216.004
215.996
216
216
216.004
216
215.996
216
216
216
216
172.801
216.001
216
215.999
216.001
215.999
216
216
216
216
216
216
216
216
216
216
216
216.004
215.996
216
216
216
216
216
216
216.004
215.997
172.8
216
216
216
216
216
216
216
216
216
216
216
216
216
216
216
216
216
216
216
216
216
216
216
216
216
216.001
172.8
216
215.999
216.001
216
215.999
216
216
216
216
216
216
216
216
216
216
216
216
216
216
216
216
216
216
216
216
216
172.801
215.996
216.001
216.003
216
216
216
216
216
216
215.996
216.004
216
216
216
216
216
216
216
215.996
216.004
216
216
216
216
215.997
216.003
172.801
215.996
216
216
216.004
216
215.996
216
216
216.004
215.996
216
216
216
216.004
216
216
215.996
216.004
215.996
216.004
215.996
216
216
216.001
215.999
216
172.801
259.204
172.797
215.999
216.001
216
215.999
216
216.004
215.996
216
216
216
216
216
216
216
216.004
215.996
216
216
216
216
216
216.001
215.999
216
172.802
215.999
216
216.001
215.999
216
216
216
216
216
216
216
216
216
216
216
216
216
216
216
216
216
216
216
216
216
216
172.8
216
216
216
216
216
216
216
216
216
216
216
216
216
216
216
216
216
216
216
216
216
216
216
216
216
215.998
172.804
215.999
215.997
216.003
215.996
216.004
216
216
216
216
216
216
216
216
216
216
216
216
215.996
216
216.004
216
216
216
216
216
216
172.801
216
215.996
216.005
215.999
216
216.001
215.999
215.996
216
216
216.004
215.996
216.004
216
216
215.996
216.004
215.996
216.004
215.996
216.004
215.996
216
216
216.004
215.997
172.8
216
216
216
216
216
216
216
216
216
216
216
216
216
216
216
216
216
216
216
216
216
216
216
216
216
216
172.802
216
216
216
215.999
216
216.001
215.999
216
216
216
216
216
216
216
216
216
216
216
216
216
216
216
216
216
216
216.001
172.799
216.001
215.999
216
216
216
216
216
216
216
216
216
216
216
216
216
216
216
216
216
216
216
216
216
216
216.001
215.999
172.802
215.996
216
216.003
215.996
216.005
215.999
216
216
215.996
216.004
215.996
216
216.004
216
216
216
215.996
216.004
216
216
216
215.996
216
216
216
216.005
172.796
216
216
216
216
216
216
216
216.004
216
215.996
216
216
216
216.004
215.996
216
216.004
215.996
216
216
216.004
216
215.996
216
216.004
216
172.797
216
216.001
215.999
216
216.001
215.999
216
216
216
216
216
216.004
215.996
216
216
216
216
216
216
216
216
216
216
216
216
216
172.802
216
216
215.999
216
216
216
216
216
216
216
216
216
216
216
216
216
216
216
216
216
216
216
216
216
216.001
216
172.799
259.201
172.799
216
216
216
216
216
216
216
216
216
216
216
216
215.997
216.003
216
216
216
216
216
216
216
215.997
216.003
216
172.801
216.001
215.999
215.997
216.003
216
216
215.996
216.004
215.996
216.004
216
216
215.996
216.004
216
216
216
216
215.996
216.004
216
216
216
216
216
216.001
172.797
216.004
215.995
216
216.001
215.999
216
216
216
216
216
216
216.004
215.996
216
216
216.004
215.996
216
216.004
216
215.996
216.004
216
215.996
216
216.004
216.001
172.796
216
216
216
216
216
216
216
216
216
216
216
216
216
216
216
216
216
216
216
216
216
216
216.004
215.997
215.999
216.001
172.8
216
216.001
215.999
216
216.001
215.999
216
216
216
216
216
216
216
216
216
216
216
216
216
216
216
216
216
216
216
172.8
215.997
216.003
216
216.001
215.999
216
216
216
216
216
216
216
216
216
216
216
216
216
216
216
216
216
216
216
216.001
215.999
172.801
215.996
216.004
216
216
216
216
216
216
216
216
216
216
216
216
216
216
216
216
216
216
216
215.996
216.004
216
216
216.001
215.999
172.801
216
215.996
216.001
215.999
216
216
216.004
215.996
216
216.004
216
215.996
216
216.004
216
215.996
216
216.004
215.996
216.004
215.996
216.004
216
215.996
216.001
172.8
216
216.001
215.999
216
216
216
216
216
216.004
215.996
216
216
216
216
216
216
216
216
216
216
216
216
216
216
216
216.001
172.801
215.999
216
216
216
216
216
216
216
216
216
216
216
216
216
216
216
216
216
216
216
216
216
216
216
216.001
215.999
216.001
172.799
259.201
172.799
216
216
216
216
216
216
216
216
216
216
216
216
216
216
216
216
216
216
216
216
216
216
216
172.802
215.999
216
216.001
215.995
216.004
215.996
216.004
216
215.996
216.004
216
216
216
216
216
216
216
216
216
216
216
216
215.996
216.004
216
216.001
172.796
216.004
215.996
216
216
216
216
216
216
216
216
216.004
216
215.996
216.004
215.996
216
216.004
215.996
216
216
216
216.004
216
215.996
216
216.001
215.999
172.801
216
216
216
216
216
216
216
216
216
216
216
216
216
216
216
216
216
216
216
216
216
216
216
216
216.001
172.8
216
216
216
216.001
215.999
216.001
215.999
216
216
216
216
216
216
216
216
216
216
216
216
216
216
216
216
216
216
216
172.801
216
216
216
216
216
216
216
216
216
216
216
216
216
216
216
216
216
216
216
216
216
216
216
216
216.001
216
215.999
215.997
172.803
215.996
216.004
216
216
216
216
216
216
216
216
216
216
216
216
216
216
216
216
216
216
216
216
215.997
216.001
172.8
216
216
215.999
216
216
216
216
216
216
216.004
215.996
216
216
216.004
215.996
216
216.004
215.996
216
216.004
215.996
216.004
216
216
215.996
216.001
172.801
215.999
216.004
215.996
216
216.001
215.999
216
216
216
216
216
216
216
216
216
216
216
216
216
216
216
216
216
216
216.001
215.999
172.801
259.2
172.8
216
216
216
216
216
216
216
216
216
216
216
216
216
216
216
216
216
216
216
216
216
216
216
216
172.801
216
216.001
215.999
216
216.001
215.999
216
216.001
215.999
216
216
216
216
216
216
216
216
216
216
216
216
216
216
216
216
216
172.798
216.003
215.999
215.998
215.999
216.003
216
216
216
215.997
216.003
216
216
216
215.997
216.003
216
216
216
216
216
215.997
216.003
216
215.997
216.004
216
215.999
172.802
259.199
172.796
216
216
216
216.005
215.999
216
216
215.996
216.004
215.996
216
216
216
216.004
215.996
216.004
215.996
216
216
216.004
216
215.996
216
172.802
215.999
216
216.001
215.999
216
216.001
215.999
216
216
216
216
216
216
216
216
216
216
216
216
216
216
216
216
216
216
216.001
172.801
216
215.999
216
216.001
215.999
216
216.001
215.999
216
216
216
216
216
216
216
216
216
216
216
216
216
216
216
216
216
216.001
215.999
172.801
216
216
216
216
216
216
216
216
216
216
216
216
216
216
216
216
216
216
216
216
216
216
216
216
216.001
172.799
216
216
216.001
215.996
216.003
216.001
215.996
216
216
216
216.003
215.997
216.003
215.997
216.003
216
215.997
216.003
216
216
216
216
216
216.001
215.999
216.001
172.796
216.004
215.997
215.999
216.004
215.997
215.999
216
216
216
216
216.004
215.996
216.004
216
215.996
216
216
216
216
216
216.004
216
216
215.996
216.001
216
215.999
216.005
172.796
216
216
216
216
216
216
216
216
216
216
216
216
216
216
216
216
216
216
216
216
216
216
216.001
215.999
172.801
216
216
216
216.001
215.999
216
216.001
215.999
216
216
216
216
216
216
216
216
216
216
216
216
216
216
216
216
216
216
172.797
216.004
216
216
215.996
216.005
215.999
216
216
216
216
216
216
216
216
216
216
216
216
216
216
216
215.996
216.004
216
216
216.001
172.799
259.201
172.799
216
216
216
216
215.997
216.003
216
216
216
215.997
216.003
216
216
216
216
216
216
216
216
216
216
216
216
215.998
172.799
216
216
216
216
216
216
216
216.004
216
215.996
216
216
216
216
216
216
216
216
216
216
216
216
216
216
216.001
215.999
172.802
215.999
216.001
215.999
216
216
216.001
215.999
216
216
216
216
216
216
216
216
216
216
216
216
216
216
216
216
216
216
216
172.802
216
215.999
216
216
216
216.001
216
215.999
216
216
216
216
216
216
216
216
216
216
226.399
215.999
172.802
215.999
216.001
216
215.999
216
216
216
216
216
216
216
216
216
216
216
216
216
216
216
216
216
216
216
216
216
216.001
172.8
216
216
216
216
216
216
216
216
216
216
216
216
216
216
216
216
216
216
216
216
216
216
216
216
216.001
216
172.801
215.999
215.997
216.003
216
216
216
216
216
215.996
216.004
216
216
216
216
216
216
216
215.996
216.004
216
216
216
216
215.996
216.004
216.001
172.799
216
216
216.001
216
215.996
216.003
216.001
215.999
215.997
216.003
216
215.997
216
216.003
216
216
216
216
216
215.997
216.003
216
216
216
216.001
215.999
172.797
216
216
216.004
216
215.996
216.004
215.996
216.004
215.996
216
216
216
216
216.004
216
215.996
216
216
216.004
215.996
216
216
216
216
216.004
215.996
172.802
215.999
216.001
216
215.999
216
216.001
215.999
216
216
216
216
216
216
216
216
216
216
216
216
216
216
216
216
216
216.001
216
172.8
216.001
215.999
216
216.001
215.999
216
216
216
216
216
216
216
216.001
215.999
216
216
216
216
216
216
216
216
216
216
216.001
215.999
172.801
216
216
216
216
216
216
215.996
216.004
215.996
216.004
216
216
216
216
216
216
216
216
216
216
216
216
216
216
216.001
216
172.799
216
216
216
216
216
216
216.001
215.999
216
215.997
216
216.003
216
216
216
216
215.997
216
216.003
216
216
215.997
216.003
216
216
216.001
172.796
216.004
215.996
216.004
215.996
216
216
216
216.004
215.996
216
216
216
216.004
215.996
216
216
216
216
216
216
216
216
216.004
215.997
215.999
216
172.801
216.001
216
215.999
216.001
215.999
216
172.802
216
216
216
216
216
216
216
216
216
216
216
216
216
216
215.999
216.001
215.999
216
216
216
216
216
216
172.802
216
215.996
216.004
216
216
216
216
216
216
216
216
216
216
216
216
215.999
216.001
216
215.999
216.001
215.999
216
216
216
216
216
172.798
216.003
216
216
215.997
216.003
216
216
216
216
215.997
216.003
216
216
216
216
215.999
216.001
216
215.999
216
216.001
215.999
216
216
216
216
172.802
215.996
216
216
216
216
216
216
216.004
215.996
216
216
216
216
216.004
215.996
215.999
216.004
215.996
216
216
216
216
216
216.004
216
215.996
172.802
216
216
216
216
216
216
231.36
184.163
227.917
235.198
180.084
231.361
234.717
177.2
235.519
234.8
176.801
234.879
189.922
222
234.879
186.399
225.842
235.439
181.84
229.68
209.602
216
202.398
214.32
219.361
234.318
189.524
222.477
235.999
184.723
226.718
242.078
174.482
230.962
235.037
177.121
234.162
235.04
176.719
235.279
190.962
221.519
239.679
181.84
226.721
233.12
183.358
228.962
234.879
179.362
232.56
234.638
176.96
234.801
235.517
176.802
235.68
188.241
223.921
234.398
184.88
226.963
235.435
180.802
231.282
235.438
176.562
232.157
235.281
176.802
234.717
236.079
176.084
234.958
189.042
222.88
234.878
185.441
227.361
235.439
180.399
230.561
235.198
177.523
234.639
235.12
176.719
235.04
190.4
221.12
235.758
186.325
225.68
235.356
182.163
229.037
235.439
178.723
233.041
235.439
176.4
235.119
192.08
219.361
236.078
187.681
224.32
234.24
184.64
227.518
235.364
180.321
230.876
206.402
216
224.879
235.199
176.802
235.679
189.362
222.398
234.879
185.922
225.598
235.841
181.76
229.681
235.36
178.159
233.361
235.517
176.404
237.198
189.52
220.883
234.236
188.163
225.601
233.356
184.163
227.759
236.078
179.362
231.917
235.281
176.483
235.198
235.838
176.324
234.796
189.362
222.32
235.443
185.519
226.478
235.518
181.121
230.083
235.281
177.835
234.884
234.799
176.321
235.518
190.482
220.88
234.799
187.52
224.639
235.041
183.519
228.639
235.443
179.118
232.24
235.12
176.722
234.958
235.44
176.719
235.36
188.64
223.041
235.12
185.042
226.797
235.521
180.881
230.801
235.597
176.801
234.722
234.8
177.039
235.198
190.324
221.996
234.402
186.719
225.12
235.521
182.641
228.958
234.962
179.2
233.12
195.677
216.24
235.12
191.843
220.079
235.198
187.922
223.278
235.522
184.399
228.241
234.8
180.159
231.282
237.198
174.723
235.115
235.44
176.802
235.04
189.603
222.56
234.796
185.843
226.319
235.041
182.08
229.759
235.119
178.08
233.842
234.718
176.801
235.518
191.121
220.482
235.277
187.441
224.323
235.518
183.358
228.004
235.517
179.682
231.601
235.597
176.802
213.921
214.158
214.398
240.8
187.922
223.12
234.639
185.44
226.643
235.838
180.801
230.241
235.597
177.279
234.722
234.318
192.963
219.199
190.881
221.439
235.439
186.321
224.801
235.596
182.723
229.042
235.036
179.121
232.482
235.438
176.242
235.198
192.719
219.602
235.198
188.321
223.282
235.277
184.64
227.522
235.037
180.644
231.037
235.12
177.042
234.959
234.961
182.4
229.758
189.922
221.921
234.796
186.482
225.44
235.12
182.64
229.439
234.962
178.798
233.041
235.36
176.64
235.439
191.603
220.079
235.521
187.52
223.917
235.443
183.839
228.241
235.198
179.76
231.764
235.036
176.4
235.442
234.959
176.561
235.518
189.52
222.879
234.962
185.358
226.323
235.356
181.524
229.838
235.759
177.602
234
235.277
176.325
249.036
177.441
220.643
235.439
187.038
224.32
234.961
183.919
228.643
235.115
179.445
234.319
233.037
176.324
235.198
235.519
178.159
233.443
189.2
223.199
235.439
184.561
226.88
235.04
181.358
230.963
234.559
177.599
234.319
235.522
176.399
235.12
190.801
221.598
234.8
186.644
225.44
235.115
182.644
229.041
235.597
178.561
232.32
235.518
176.482
235.36
235.278
183.922
228.161
188.241
223.681
235.115
184.321
227.041
235.439
180.719
230.962
235.68
176.561
234.638
235.361
176.557
235.68
189.764
221.917
235.522
185.76
226.241
234.638
182.32
229.921
235.439
177.84
246.401
182.477
218.083
234
191.118
220.481
235.442
187.201
223.917
235.522
183.76
227.921
235.758
179.52
232.32
235.198
176.163
234.878
235.602
176.399
235.918
188.721
222.64
234.878
185.682
226.323
237.037
179.843
230.477
234.962
177.997
233.763
235.119
176.321
235.679
190.96
220.959
235.119
187.042
224.32
235.679
183.279
228.643
235.356
179.122
232.402
235.198
176.561
234.958
235.759
176.483
235.198
188.644
223.278
234.559
185.362
227.199
234.638
181.362
231.12
234.796
177.283
234.32
235.518
176.482
235.04
190.719
248.8
216
178.321
225.759
234.48
182.964
228.958
235.841
178.4
233.199
235.439
175.839
235.444
192.079
219.598
235.439
188.162
224.079
234.958
184.162
227.602
235.198
180.4
231.361
235.359
176.483
234.879
235.357
176.241
235.999
189.52
222.402
234.879
185.922
225.598
235.36
182.241
230.162
234.957
178.08
233.843
234.717
176.801
234.8
191.839
220.561
235.6
187.039
224.721
234.8
183.678
228.323
234.796
180.084
231.921
235.916
175.922
234.958
235.68
176.242
235.119
189.52
223.12
234.962
185.038
226.561
235.04
181.678
230.721
235.041
177.362
233.759
235.277
176.964
234.957
191.122
220.879
236.078
186.163
225.357
235.119
182.723
228.718
235.443
179.038
235.2
232.559
176.723
235.198
234.639
176.644
235.435
188.802
223.361
235.359
184.483
228.718
233.837
180.644
231.44
235.119
178.001
233.357
235.202
176.321
235.597
190.162
221.677
235.285
193.519
218.639
234.879
182.4
229.199
235.443
178.557
232.88
235.679
175.926
235.435
192.084
219.838
235.36
188.001
223.361
235.758
184.08
228.241
234.717
180.241
231.602
235.518
176.399
234.962
235.518
177.043
234.717
189.441
221.842
235.597
193.602
218.481
235.518
181.362
229.759
235.518
177.922
233.519
235.522
176.399
235.281
191.279
220.079
235.759
187.44
224.722
235.198
183.283
227.681
235.439
179.997
232.083
235.277
176.561
235.36
237.041
174.001
235.676
189.204
223.199
235.198
184.802
226.481
235.36
181.358
230.482
235.438
177.28
234.402
237.037
174.722
234.879
190.96
221.361
236.72
185.122
225.199
208.639
216
222.643
234.236
179.681
232.88
234.879
176.561
235.119
235.361
176.64
235.198
188.561
223.602
234.958
184.64
227.68
234.559
180.964
230.879
235.518
176.802
234.718
235.36
177.2
234.638
190.084
222.079
234.638
186.482
226.079
234.721
182.399
229.361
235.439
178.4
233.44
235.198
176.561
234.961
191.922
220
234.796
188.321
224.722
234.961
183.599
228.24
235.278
179.602
232.079
235.36
176.64
235.281
234.797
176.644
234.559
189.839
222.64
235.119
185.441
226.402
235.04
181.761
230.158
235.438
177.603
234.241
235.356
176.083
235.357
190.959
221.365
235.277
186.561
224.241
235.999
182.959
228.801
234.8
179.599
232.721
234.958
176.482
235.439
235.038
176.884
234.958
188.723
223.518
235.597
184.084
227.759
241.278
175.764
231.917
235.119
176.881
235.041
191.44
220.399
234.878
187.922
224
235.36
183.84
227.763
235.518
179.922
231.357
235.281
176.719
235.519
235.36
176.88
234.48
189.603
222.639
234.958
185.602
226.639
234.879
181.681
229.76
235.198
178.242
233.601
235.439
176.881
236.639
189.519
220.962
235.277
186.881
226.722
233.198
183.283
228.477
235.281
179.441
230.801
234.638
177.76
233.44
235.999
176.242
234.559
191.839
220.403
235.277
187.441
224.161
235.518
183.524
227.838
234.958
180.403
232.079
235.198
176.964
234.958
235.601
175.519
235.518
189.603
222.237
235.281
185.44
226.403
235.277
181.681
229.839
235.6
177.603
234.079
235.198
181.681
229.999
191.043
220.797
235.04
187.362
224.56
235.597
183.042
228.718
200.083
216.801
232.079
235.916
177.042
234.161
190.399
221.282
235.199
186.719
225.601
234.879
182.723
229.037
235.199
178.963
232.639
235.597
176.884
234.959
235.119
176.798
235.364
187.839
223.921
235.198
184.08
227.921
235.518
179.764
231.839
236.717
174.644
235.996
234.721
176.159
236.882
188.238
221.601
235.759
185.843
226.477
234.642
182.08
230.079
234.8
178.32
233.76
235.281
176.561
235.119
191.279
220.718
234.804
187.678
224
235.679
183.524
228.237
235.281
179.681
231.677
235.281
176.801
235.038
235.364
176.399
235.916
188.723
223.121
234.559
185.519
227.042
235.277
180.884
230.636
235.04
177.524
233.917
235.762
176.4
234.878
191.039
221.041
235.041
191.922
219.676
235.601
183.121
228.801
235.037
179.361
232.722
235.277
177.28
234.481
235.281
176.719
234.48
188.96
223.199
235.04
184.96
227.282
235.119
180.802
230.639
235.758
176.802
234.801
235.597
176.403
235.037
190.162
221.519
235.522
186.158
225.681
235.679
181.84
229.44
234.641
179.122
233.519
235.036
176.324
235.677
191.523
220.079
235.517
187.524
223.598
235.6
184.001
227.519
235.439
180.241
231.523
235.597
176.32
238.241
231.999
176.001
235.281
190.238
221.921
234.717
186.565
225.519
235.359
182.321
229.357
235.202
178.64
233.042
235.277
176.403
235.677
191.601
220.158
234.721
188.32
223.602
235.277
184.321
227.282
235.119
180.802
233.519
232.878
176.881
235.199
235.281
178.321
233.277
189.843
222.241
235.036
186.001
226.481
233.92
182.719
228.719
235.04
179.444
231.997
235.281
187.279
224.962
235.12
176.64
234.799
189.122
222.958
234.56
185.681
226.158
235.679
181.362
230.32
235.281
177.598
234.241
235.277
176.802
235.601
190.079
221.042
235.036
187.122
225.203
235.119
182.881
229.519
234.559
179.121
232.639
235.597
176.162
235.842
234.477
176.881
234.721
188.88
223.278
235.281
184.719
227.602
234.8
180.722
231.038
234.879
177.283
235.195
235.041
176.722
235.199
189.843
221.357
235.36
186.482
225.598
235.281
182.32
229.038
235.442
178.723
233.357
235.199
176.482
234.957
235.203
176.641
235.036
188.321
224.323
236.717
182.159
227.684
235.198
180.321
233.278
233.439
176.482
235.361
235.518
176.561
235.119
189.441
222.32
234.957
185.922
226
235.999
181.201
230.082
235.68
177.599
233.601
235.759
173.681
214.398
214.399
214.402
214.399
214.402
224.718
235.198
183.283
228.639
235.199
179.361
231.918
235.202
176.32
236
235.522
176.317
234.961
188.96
222.481
235.6
185.122
227.199
234.638
181.362
230.477
235.12
177.602
234.237
235.285
176.798
234.961
190.719
220.959
235.521
186.719
225.2
235.198
182.805
229.117
234.961
179.118
232.801
234.799
176.562
235.438
192.483
220.319
234.879
187.918
223.763
235.36
184.08
227.278
235.763
180.158
231.44
235.041
176.719
235.12
235.522
176.561
235.115
189.682
222.481
234.717
186.005
225.996
236.961
180.242
229.838
235.12
178.241
233.602
234.957
176.321
235.597
191.523
221.199
234.161
187.839
224.324
235.277
183.599
228.722
234.957
179.524
231.597
235.597
176.167
235.675
235.121
176.639
238.323
186.08
224.88
235.517
183.043
229.357
234.161
179.44
232.88
234.879
176.32
235.282
235.278
176.801
235.041
188.719
223.361
234.961
184.881
229.199
233.116
180.884
230.959
235.277
178.245
233.357
235.68
176.162
235.278
190.241
221.839
235.281
186.079
226.162
234.477
182.64
229.124
235.679
178.321
233.199
235.679
176.321
234.639
192.162
220.319
234.879
188.001
225.199
234.161
183.839
227.839
235.359
180.001
231.44
235.68
176.241
235.121
235.675
176.163
234.8
190.083
222.797
234.721
185.678
226.004
235.356
181.843
230
235.356
177.843
233.842
234.875
176.885
235.519
190.958
220.88
235.841
186.399
224.482
235.036
183.685
228.561
235.438
179.201
232.079
236.078
175.598
235.444
235.518
176.719
234.8
188.963
222.801
236.397
184.001
227.121
235.119
181.121
230.88
234.397
177.761
234.643
235.438
176.4
235.439
190.08
221.522
237.121
184.56
225.436
234.563
183.2
230.477
233.999
178.723
232.963
235.754
176.325
234.718
235.281
176.158
236.078
187.922
224.399
234.721
184.08
227.361
235.281
180.557
231.282
235.679
176.242
234.959
235.36
176.478
235.281
189.922
222.639
234.879
185.681
226.079
234.962
182.158
229.764
235.435
178.001
233.68
235.198
176.321
234.962
191.839
220.402
235.198
187.84
224.161
234.958
183.843
228.477
234.962
179.839
231.361
235.518
176.963
234.88
235.758
176.08
235.601
188.959
223.042
235.04
185.118
227.282
234.318
181.603
230.319
235.199
177.681
234.32
234.878
176.802
234.88
191.12
221.12
235.037
187.121
224.801
235.6
182.719
228.32
235.522
179.44
232.797
234.962
176.64
234.56
192.959
219.199
235.281
188.723
223.597
235.518
184.084
226.88
234.878
181.441
231.282
234.717
177.2
234.482
235.439
176.64
235.438
190.001
222.32
234.642
186.238
225.522
235.277
182.404
229.519
235.119
178.561
233.357
234.962
176.64
235.199
191.842
220.079
235.119
188.001
223.602
235.518
184.079
227.042
235.036
181.122
230.962
235.68
176.561
234.797
235.119
176.644
235.198
190.238
223.282
233.92
186.001
225.598
235.04
182.561
229.199
235.522
178.478
232.959
236.161
175.839
234.722
192.402
219.76
234.957
188.4
223.68
236.24
183.283
227.597
235.601
180.001
231.519
235.119
176.96
234.962
193.44
235.679
216
191.52
220.959
234.879
187.361
224.324
204.477
216
226.399
235.679
179.52
231.921
235.202
176.159
235.281
235.278
176.881
235.518
189.121
222.481
237.198
183.362
225.842
235.676
181.681
230.64
234.72
177.84
233.68
235.759
176.241
235.041
191.361
220.64
235.119
187.362
224.079
235.92
183.2
228.56
235.277
179.362
232.399
235.281
176.159
235.6
235.199
176.723
235.277
188.561
223.361
234.796
185.043
229.282
232.48
181.441
230.639
235.837
176.723
236.158
233.841
176.242
235.36
190.399
222.959
233.841
186.399
225.44
234.879
182.881
229.281
234.958
178.96
233.203
234.878
176.479
235.04
192.482
219.437
235.921
187.763
223.519
235.359
184.321
227.278
235.281
180.64
231.278
234.962
176.96
235.36
234.879
176.482
235.677
189.602
222.24
235.119
185.84
225.759
234.962
182.478
229.602
235.6
178.001
233.361
235.356
176.403
235.519
191.361
220.56
235.277
187.362
224.399
234.961
183.84
227.921
235.198
180.08
232.082
235.12
176.238
235.12
235.521
176.96
234.958
189.204
222.958
235.037
185.204
226.639
234.721
181.839
230.079
235.68
177.441
234.879
234.401
176.238
235.68
190.802
221.041
234.8
187.358
225.041
234.717
183.445
240.876
224.48
177.843
232.399
235.438
176.4
235.281
235.601
175.919
235.442
188.798
223.681
234.961
184.479
226.958
235.041
181.204
231.037
235.277
176.885
234.797
235.281
176.001
235.679
190.242
221.598
235.359
186.242
224.88
235.679
182.64
229.2
235.679
178.399
232.884
235.277
176.403
235.439
235.038
177.441
234.72
187.919
224.082
235.199
183.922
227.68
235.356
189.441
222.32
235.198
178.403
233.601
234.398
177.441
234.8
189.76
222.32
235.119
185.761
226.481
234.717
182.001
229.522
235.199
178.64
234.398
234.401
176.802
234.958
191.283
220.319
235.838
187.042
224.639
234.638
183.922
227.602
235.837
179.761
232.24
235.277
176.723
234.638
235.681
176.162
235.519
188.959
223.124
235.036
185.201
226.398
235.123
181.52
230.477
237.601
175.121
234.241
235.518
176.241
235.597
190.403
221.519
235.36
186.321
225.281
235.037
182.881
228.722
235.999
178.478
233.282
235.04
176.001
235.597
235.12
176.562
235.438
188.163
223.44
235.758
184.001
227.839
234.641
180.72
230.958
235.202
177.039
235.44
235.198
176.005
235.198
190.159
221.522
235.676
186.242
225.443
235.435
182.084
231.759
232.958
200.402
216.001
233.601
177.678
233.119
189.681
222.639
235.041
185.52
226.8
234.958
181.523
229.76
235.518
177.839
234.083
235.198
176.719
234.88
191.203
220.398
235.36
187.362
225.12
235.037
183.121
228.722
235.119
179.28
232.56
234.72
176.96
235.519
234.879
176.324
235.277
188.964
222.958
235.356
184.885
226.876
235.521
180.802
230.639
235.04
177.52
234.801
236.398
175.523
235.119
190.159
221.602
235.518
186.158
225.121
235.119
182.881
229.601
234.638
178.96
232.962
235.68
176.241
235.2
192
219.519
235.6
188.001
223.598
235.521
184.08
227.681
235.758
179.761
231.842
235.115
176.242
235.44
235.36
176.482
235.119
189.599
221.921
235.281
186.001
226.079
237.277
179.922
229.361
235.439
178.32
233.602
235.439
176.719
234.799
191.441
220.32
235.439
187.441
224.481
235.277
183.441
228.158
235.36
179.685
232.237
235.281
176.08
235.759
234.961
176.881
234.559
189.441
223.12
234.796
185.283
226.56
235.36
181.441
230.478
234.799
177.761
234.24
235.439
176.242
235.679
190.404
221.436
234.961
186.798
225.041
235.281
182.881
229.12
234.958
179.121
232.399
235.521
176.321
235.278
235.522
176.557
234.559
189.204
222.639
235.199
185.2
227.68
234.082
181.441
230.718
235.119
177.362
233.838
235.92
176.483
235.036
190.723
221.038
235.6
186.561
225.519
234.879
182.802
228.721
235.68
178.798
232.879
234.879
177.121
234.884
235.435
176.802
234.961
188.238
223.921
234.8
184.482
227.44
201.436
214.323
229.278
235.842
178.08
233.518
235.041
176.241
248.717
221.523
177.362
234.957
187.84
223.759
235.439
184.001
227.842
235.198
180.163
231.519
235.36
176.32
235.597
235.44
176.723
234.559
189.681
221.519
236.082
185.599
226.078
235.202
181.923
229.838
235.439
177.922
233.759
235.439
176.64
235.356
190.802
220.564
235.115
187.524
226.399
233.6
183.2
228.162
235.356
179.682
232.24
235.518
176.403
234.717
193.122
220.642
233.439
189.118
222.56
235.521
185.122
226.958
235.199
181.038
230.162
235.439
177.602
234.639
234.962
176.478
235.12
191.042
221.598
234.401
186.96
224.642
235.435
183.122
228.722
235.359
179.118
232.564
235.435
176.403
235.439
235.199
176.483
235.198
188.482
223.519
235.04
184.64
227.44
235.68
180.32
230.481
235.439
177.039
234.883
235.439
176.64
241.597
183.523
221.279
235.6
186.238
225.68
235.763
181.76
229.598
235.281
178.32
233.121
235.758
176.482
235.037
191.685
220.158
235.119
187.84
223.921
235.596
183.682
227.921
235.119
180.163
231.759
236.958
175.042
235.518
234.962
176.479
249.439
175.283
222.236
235.281
185.441
226.56
235.12
181.52
230.082
235.277
177.84
233.763
235.198
177.279
235.522
190.32
220.959
235.281
186.881
225.199
235.277
182.723
228.477
235.518
179.204
232.56
234.639
177.121
234.8
235.68
176.321
235.359
188.72
223.041
235.198
184.96
226.962
235.037
181.362
230.56
235.119
177.441
234.481
235.277
176.483
235.6
190.08
221.519
235.281
186.399
225.519
234.721
182.96
228.958
235.601
178.64
233.12
234.883
176.64
235.758
191.682
219.676
209.042
214.402
223.68
235.199
184.32
227.12
235.597
180.482
231.042
235.198
176.96
235.041
235.277
176.644
235.356
189.682
221.759
235.679
185.761
225.921
235.198
182.084
229.676
235.36
178.163
233.361
235.518
176.238
235.281
191.681
220.079
235.439
187.602
224.079
235.202
183.919
229.36
234.078
179.922
231.839
234.878
176.325
235.356
235.921
176.881
234.559
189.279
226.162
231.837
185.204
226.399
235.438
181.362
230.56
234.879
177.761
233.921
235.596
176.802
234.721
190.96
220.8
234.8
187.682
224.718
235.359
183.122
228.958
235.199
178.963
232.241
235.356
176.561
235.44
235.439
178.722
232.879
188.561
223.038
235.36
184.802
227.601
234.796
180.802
230.56
235.439
177.204
234.88
235.036
176.4
235.438
190.246
221.519
235.278
190.161
224.399
234.961
180.08
231.76
235.6
176.08
235.602
234.957
176.802
234.958
189.441
222.642
234.958
185.599
226
235.202
182.08
229.68
235.917
177.523
233.759
235.518
176.321
235.04
191.362
220.959
235.439
186.801
224.32
235.758
183.122
228.161
235.68
179.358
232.801
234.72
176.001
235.598
235.601
176.478
235.92
188.084
223.436
234.721
185.042
231.278
228.721
183.2
228.158
235.522
179.52
232
235.6
175.839
235.281
236.158
176.084
235.198
189.039
222.56
235.36
185.279
226.801
237.123
179.279
230.639
234.638
177.922
236.079
233.439
176.802
235.198
190.482
221.598
234.961
186.798
225.282
234.879
182.881
228.481
235.277
179.445
232.639
235.119
176.4
235.6
235.44
176.159
235.439
188.403
223.519
234.958
188.963
225.68
198.959
221.278
226.481
235.199
176.722
234.399
235.439
176.482
236.162
187.357
223.601
235.278
184.32
227.203
236.078
179.918
231.763
234.56
176.88
235.44
234.879
176.723
234.957
190.001
222.162
235.277
185.761
225.68
235.198
182.321
230.079
234.559
178.561
233.842
234.8
176.478
235.681
191.199
220.481
235.522
187.2
224.241
234.717
184.241
228.158
234.883
180.159
231.282
235.596
176.321
235.763
234.397
176.881
235.36
189.599
221.842
236.24
185.117
226.323
234.796
182.084
229.917
235.123
178.159
233.681
234.878
176.562
235.837
191.042
220.801
235.36
187.039
225.12
234.397
184.001
227.921
235.439
179.52
232.244
235.199
176.238
234.883
235.356
176.561
210.403
214.315
221.842
234.721
186.64
224.88
235.277
211.124
216
220.478
178.64
232.801
235.359
176.242
235.119
192.483
219.996
234.721
188.478
223.44
234.961
184.802
229.681
232.799
180.719
231.2
234.72
178.4
233.759
235.199
176.963
234.638
190.321
221.439
235.199
186.561
225.921
235.04
182.242
229.199
235.518
178.482
233.041
235.917
176.001
235.36
191.76
220
235.679
187.441
224.241
234.796
184.163
228.161
236.236
178.806
231.917
235.119
176.802
234.559
235.838
176.242
235.602
189.12
222.718
234.796
185.685
226.241
235.036
181.922
229.918
235.683
177.599
233.759
235.281
176.238
236.082
190.64
221.199
234.8
187.2
224.481
234.958
183.764
228.718
234.958
179.523
232.158
235.439
176.403
234.88
236.078
176.482
234.958
188.801
222.639
235.759
184.802
227.199
234.721
181.278
231.121
235.04
177.043
234.316
235.923
176.08
235.12
190.561
221.357
237.119
184.723
225.038
235.521
182.64
230.399
234.318
178.483
232.879
235.36
176.64
235.12
235.041
176.798
235.679
187.682
223.842
234.958
184.399
226.962
235.838
180.403
231.519
235.36
176.399
235.042
235.119
176.399
235.443
189.918
222.482
234.638
186.08
225.522
235.597
182.08
229.601
240.481
173.117
233.842
234.638
176.881
235.119
191.52
221.041
234.879
187.283
224.241
235.439
183.519
228.241
235.277
179.682
232.082
235.759
175.358
235.679
235.44
176.802
235.277
188.802
222.722
235.198
185.283
226.398
235.439
181.52
230.32
235.123
177.598
234
235.199
177.121
234.721
191.038
221.042
235.438
186.641
224.642
235.436
183.121
228.319
235.601
179.279
246.642
224.158
175.843
235.518
189.839
221.282
235.841
186.08
226.079
234.879
182.241
229.2
235.517
178.483
233.199
235.679
176.404
234.56
192.237
220
235.202
187.918
224.56
235.198
183.441
227.361
235.762
180.317
231.444
235.198
176.561
235.278
235.281
175.839
235.92
189.52
222.801
234.721
185.678
226
235.28
181.923
229.759
235.356
178.005
233.759
195.199
216.88
234.718
191.523
220.158
235.841
187.121
239.36
220.797
183.042
228.079
235.522
179.599
232.079
235.28
176.881
235.12
235.041
176.802
235.115
188.881
223.041
235.119
185.039
226.481
235.92
180.802
230.639
234.958
177.602
234.399
235.439
177.042
234.638
190.482
221.121
235.679
186.4
224.958
235.601
182.64
228.801
235.438
178.964
233.12
235.198
176.321
239.917
230.642
176.159
235.281
188.561
223.681
235.198
184.32
227.44
235.198
180.562
230.8
235.68
176.719
235.361
234.721
176.719
235.202
190.001
221.996
235.439
185.76
226.162
235.04
182.001
229.519
235.439
178.403
233.838
234.8
176.4
235.601
191.199
220.079
235.281
187.84
224.24
235.198
183.761
227.601
235.439
180.159
231.444
235.596
176.483
234.958
235.841
176.562
237.12
187.199
222.158
235.841
185.2
228.241
234.078
180.881
229.921
235.281
178.237
233.681
235.36
176.399
235.121
191.199
220.722
235.36
187.117
224.564
235.518
183.121
228
235.758
179.441
232.403
235.115
176.561
235.44
234.879
176.403
235.601
188.798
223.041
235.679
184.719
226.801
235.439
180.723
230.398
235.36
177.441
234.399
235.517
176.404
239.037
186.643
221.199
235.36
186.64
225.519
234.962
182.719
229.439
234.8
178.96
232.722
235.277
176.64
235.444
234.878
176.798
235.522
187.922
223.917
235.198
184.084
227.44
235.198
180.561
231.2
235.438
176.562
235.439
234.8
176.64
235.281
189.84
222.161
235.037
186.241
225.76
235.841
181.362
229.519
235.596
178.084
233.519
236.958
175.204
235.041
191.278
219.921
235.597
187.681
223.681
235.837
183.682
228
235.04
180.159
231.199
235.202
176.802
235.357
235.601
176.32
234.717
190.001
221.763
235.435
186.005
226.32
235.119
181.76
229.681
235.198
178.321
234.161
234.398
177.042
235.04
191.359
220.56
235.518
187.121
224.722
234.957
183.524
228.477
234.962
179.76
214.639
251.277
177.283
233.839
235.758
178.084
232.88
194.639
217.601
235.759
186.64
224.319
235.601
183.279
228.162
235.438
179.599
232.88
234.642
176.722
235.436
234.721
176.719
235.202
188.881
223.12
234.879
185.2
227.2
234.878
181.122
230.24
235.92
177.043
234.718
235.198
176.561
234.879
190.64
221.361
235.518
186.324
225.759
235.037
182.403
228.88
235.439
178.88
233.361
235.356
176.325
234.875
192.162
241.199
216.003
185.998
223.282
235.758
184.163
227.357
234.961
180.798
231.282
234.8
177.279
234.879
235.282
176.32
235.198
190.163
222.241
235.277
185.681
225.681
235.277
182.242
229.842
234.878
178.479
233.12
235.601
176.88
234.879
191.52
221.12
234.642
187.437
224.162
235.36
183.681
228.241
234.555
180.403
233.839
233.442
176.317
235.602
235.119
177.681
233.601
192.802
219.199
235.439
185.358
226.402
235.759
181.042
230.079
235.198
178.08
234
235.601
176.32
235.198
190.802
220.399
235.521
187.2
225.121
235.119
182.96
228.8
235.12
179.279
232.24
235.601
177.121
235.12
235.037
176.321
235.281
188.478
223.444
235.596
184.163
227.44
235.119
180.64
231.2
234.799
177.201
235.041
235.04
175.998
235.521
190.479
221.601
235.597
185.922
225.361
235.841
182.001
229.677
235.281
178.241
233.44
235.439
176.241
234.958
192.001
219.921
235.439
187.76
224.241
234.958
184.001
228.481
234.638
180.08
231.842
234.638
177.2
234.879
235.361
177.2
234.642
189.441
222.158
235.521
185.52
227.199
236.157
179.843
230
234.962
178.238
233.921
235.198
176.482
235.597
190.802
220.8
235.281
209.039
215.999
224.319
180.96
230.481
235.12
177.602
234.959
235.281
176.159
234.878
190.723
221.038
235.6
186.561
226.241
234.48
182.479
229.12
234.958
179.121
233.041
235.12
176.64
235.203
192.079
219.12
235.357
188.643
222.88
235.679
184.64
227.598
235.521
180.08
230.32
236.078
178.884
232.876
236.24
175.523
235.759
189.681
221.839
235.04
186.242
225.917
236.559
180.644
229.357
235.439
178.403
233.357
235.123
176.64
235.598
191.282
220.56
235.356
187.283
223.921
235.439
183.84
228.481
234.717
180.001
231.842
235.198
176.561
235.519
235.601
176.88
234.481
189.121
222.477
235.518
185.204
227.199
234.958
181.042
230
235.917
177.283
234.082
235.439
176.561
235.597
190.4
220.56
235.6
186.96
225.842
233.999
183.358
229.124
234.958
179.121
232.56
234.556
177.283
234.962
235.439
176.399
235.12
188.959
223.523
234.879
184.719
227.282
235.036
181.121
230.88
234.559
177.52
234.722
235.04
176.96
234.8
190.478
222.402
234.319
186.482
225.76
234.717
182.722
231.279
233.359
178.562
233.041
235.198
178.001
233.76
235.198
176.561
235.679
187.761
223.282
235.92
184.001
227.838
235.68
179.681
231.519
234.8
176.88
235.44
234.962
176.798
235.119
189.681
222.241
234.958
186.001
225.921
235.596
181.686
229.436
235.758
178.005
233.037
236.078
176.242
235.361
191.282
220.718
235.518
186.963
224.241
235.679
183.279
228.639
234.721
180.08
232
235.518
176.403
234.639
235.199
176.801
235.36
189.039
222.56
235.601
185.042
226.477
235.12
181.602
231.44
234.476
177.283
234.079
234.8
176.96
235.758
190.482
221.361
235.198
186.562
224.958
235.041
183.2
228.801
235.438
178.96
232.722
235.119
176.561
235.121
192.481
219.519
235.6
188.08
223.038
237.119
183.042
227.361
235.041
180.798
231.282
235.036
176.881
234.801
235.198
176.241
235.842
189.918
221.601
235.92
185.678
225.444
235.036
182.723
229.278
239.36
174.561
232.158
235.841
176.321
235.759
234.879
176.802
234.961
188.479
223.361
235.438
184.4
227.361
235.119
180.723
230.88
235.758
176.561
234.88
235.198
176.4
235.762
189.76
222.241
235.036
186.08
225.602
235.119
190.881
220.722
235.837
178.08
232.962
235.356
176.483
235.278
191.921
220.481
235.281
187.441
214.398
243.439
185.362
225.681
235.277
182.241
248.638
216
178.562
233.518
235.36
176.802
235.36
190.96
220.639
234.882
187.678
224.162
235.04
184.08
228.079
235.518
179.523
232.241
234.638
177.121
235.277
235.361
176.321
235.439
188.801
222.722
235.439
185.039
226.481
235.119
181.599
230.801
235.04
177.362
234.241
234.874
176.885
235.439
190.557
221.684
234.638
186.881
224.959
235.439
182.801
228.88
235.92
178.4
232.639
235.36
176.001
235.517
235.125
176.316
236.161
188.08
223.601
234.879
184.719
227.361
235.601
180.241
231.038
235.6
176.64
234.403
235.596
176.561
235.439
189.922
224.079
232.8
186.321
225.601
235.518
182.08
229.68
234.879
178.644
232.88
235.837
176.321
235.359
191.599
220.481
234.883
188.317
223.041
235.439
184.241
228.482
234.638
180.08
214.398
252.8
176.084
235.517
235.361
176.64
235.12
189.279
222.56
234.879
185.76
226.241
235.442
181.52
230.237
235.202
178.001
233.759
235.12
176.719
235.521
190.64
221.2
234.72
187.28
224.8
235.199
183.2
228.801
234.878
179.524
232.398
234.958
176.482
235.277
235.843
175.839
235.198
189.204
223.278
234.56
185.361
226.241
235.518
181.441
230.56
235.281
177.441
214.319
214.399
214.398
214.402
214.399
222.162
234.957
186.084
225.038
235.6
182.561
229.357
237.202
176.64
232.718
235.281
176.4
237.119
190.482
219.918
235.04
188.242
223.68
235.439
184.08
227.601
235.439
180.159
231.523
235.04
176.64
235.44
235.277
176.885
235.115
189.283
222
235.277
185.922
225.921
235.037
182.242
229.518
235.281
178.4
234.083
237.115
176.321
234.882
189.599
222.962
235.199
185.042
226.158
235.119
181.922
230.079
235.281
177.839
234.399
234.882
176.321
234.88
191.518
220.561
235.277
187.362
224.481
235.439
183.279
228.162
235.596
179.445
232.56
234.958
176.482
235.038
235.6
176.08
235.679
188.802
224
234.157
185.042
226.482
235.438
181.28
230.879
234.8
177.52
234.56
234.958
194.241
218.161
190.08
221.763
235.435
186.005
224.959
235.758
182.482
229.199
235.199
178.801
233.121
235.277
176.242
234.879
235.601
176.64
235.6
187.84
223.68
235.439
184.08
228.083
234.157
180.963
230.959
235.92
176.719
234.8
234.958
176.644
235.119
190.08
221.921
235.435
185.843
225.921
235.037
182.242
229.68
235.119
178.4
233.12
235.92
176.242
234.718
192.004
221.037
234.638
187.524
224.639
235.198
183.362
227.519
235.837
179.843
232.241
234.796
176.482
235.602
234.717
178.561
233.282
189.519
222.643
235.277
185.279
226.88
234.878
181.682
229.921
235.439
177.602
234.801
234.476
176.321
235.522
190.88
221.199
235.12
186.88
225.121
234.957
183.122
228.8
235.518
178.881
232.481
235.04
177.039
234.88
235.202
176.719
235.119
188.723
223.278
235.119
184.802
227.44
234.559
181.2
230.797
235.763
176.64
234.879
235.36
176.242
235.119
190.4
221.44
235.359
186.483
226.236
234.24
182.644
229.598
234.559
179.042
232.88
236.318
175.922
234.959
191.921
219.519
235.999
187.681
224.32
234.8
188.08
223.44
235.679
180.08
231.12
235.601
176.801
235.358
234.72
176.562
235.359
193.599
219.361
234.8
185.121
225.917
237.281
180.159
229.681
235.6
177.761
235.921
233.198
176.881
234.8
191.279
220.879
234.879
187.362
224.319
235.601
183.283
228.56
234.555
180.084
231.839
235.841
176.478
234.722
236.078
176.162
235.278
188.801
222.959
235.36
184.881
227.921
234.157
181.121
230.722
235.198
177.279
234.481
235.68
176.32
235.12
190.403
221.12
236.157
185.922
225.038
234.721
183.44
228.561
235.438
179.201
232.24
235.68
176.482
234.959
235.438
176.159
235.522
188.719
223.282
234.958
185.038
226.643
235.281
181.2
230.88
235.518
176.801
234.718
235.522
176.321
234.799
190.719
221.921
234.879
186.321
225.199
235.36
182.64
228.56
235.68
178.963
233.199
234.721
175.275
235.764
234.239
177.279
234.721
190
223.121
233.999
186.08
225.602
235.439
182.159
229.199
235.679
178.321
233.601
235.116
176.723
234.721
191.839
220.241
235.04
187.918
224.004
235.435
183.764
227.917
235.281
180.001
231.921
234.879
176.719
235.121
235.359
176.163
235.277
190.001
221.921
235.838
185.2
226.162
235.596
181.445
230.079
234.8
178.32
233.917
235.12
176.403
235.518
191.042
220.079
239.597
183.523
226.801
232.717
183.682
228
235.999
179.2
232.241
235.119
176.723
234.878
235.2
177.121
234.879
189.121
223.278
234.8
185.042
226.718
235.12
181.361
230.561
235.198
177.441
234
235.679
177.279
234.402
190.719
221.203
235.435
186.486
225.037
235.36
182.802
228.797
235.679
178.723
233.361
234.638
176.321
235.679
234.959
176.561
235.119
188.561
225.519
233.759
183.922
227.041
235.597
180.561
231.282
235.198
176.719
235.361
234.883
176.32
235.435
190.001
221.921
235.759
185.523
225.839
235.202
182.158
229.839
234.559
178.802
233.518
235.041
176.403
235.435
191.603
220.24
235.838
187.121
224.079
235.6
183.52
228.083
235.119
180.001
231.839
235.198
176.324
235.198
234.959
177.121
237.041
187.519
222.241
206.56
216
226.639
233.277
181.682
230.241
235.359
177.603
233.677
235.999
176.32
235.123
190.877
220.564
235.758
186.881
224.718
235.443
183.038
228.241
235.518
179.444
232.636
234.961
176.64
235.597
234.643
176.802
235.036
188.881
223.282
235.36
184.557
226.963
234.878
181.362
230.237
235.841
177.121
234.399
235.6
176.479
235.04
190.482
221.681
235.036
186.483
244.799
216
182.404
229.676
234.962
178.561
232.959
235.036
177.125
234.958
191.922
219.68
234.958
188.561
223.76
234.957
184.482
227.279
235.438
180.483
231.601
235.037
176.644
235.439
235.12
176.08
235.36
189.922
222.075
235.04
186.08
226.162
234.8
182.241
229.681
235.596
177.922
233.922
237.119
174.561
235.198
191.279
220
235.92
187.201
224.319
235.282
183.598
228.241
235.04
180.159
231.842
235.36
176.557
235.281
234.959
176.802
234.878
189.283
222.88
235.6
184.719
226.801
235.198
181.201
230.24
235.838
177.121
234.56
235.119
176.483
234.957
190.964
221.199
234.879
187.042
225.278
235.277
182.644
228.959
235.04
179.2
232.801
235.198
176.641
234.878
192.561
221.44
233.199
188.482
223.842
235.439
183.918
214.402
259.198
172.802
230.241
234.717
177.042
235.681
191.199
220.56
234.88
187.68
224.241
234.957
184.001
228.237
235.202
179.761
232.402
234.638
176.881
234.879
236.078
175.682
235.68
189.042
222.556
235.04
185.524
226.876
234.642
181.681
230.399
235.439
177.361
234.482
234.957
176.798
235.281
190.482
221.44
234.8
186.96
224.639
235.999
182.561
229.12
235.12
178.959
230.245
235.036
177.922
234.399
235.04
176.561
234.958
191.121
220.32
235.277
187.523
224.722
235.116
183.362
228.24
235.518
179.441
232.56
234.8
176.96
234.961
235.038
176.564
235.357
188.959
223.523
235.04
184.64
226.639
235.281
181.279
230.722
235.277
177.441
236.079
233.202
176.881
235.037
190.561
223.282
233.439
186.478
225.44
235.04
182.723
228.718
205.759
222.561
220.879
235.68
176.08
235.442
190.159
221.842
234.796
186.482
225.681
235.439
182.08
229.759
235.439
178.001
233.12
235.68
176.08
235.6
191.52
220.32
234.878
188.005
223.838
235.36
184.001
227.357
235.999
179.843
231.44
235.439
176.561
235.042
235.439
176.561
235.356
189.362
222
235.522
185.677
225.842
235.758
181.599
229.842
234.879
194.001
217.838
235.202
176.4
235.281
191.839
220.079
235.361
187.68
223.519
235.281
184.64
227.279
235.679
180.005
231.917
235.281
176.001
235.117
236.16
176.4
234.879
189.444
222.477
235.12
185.602
226.079
235.601
181.519
230.399
236.961
175.84
233.44
235.517
176.562
235.439
191.042
220.402
235.518
187.362
224.958
234.879
183.52
226.639
235.36
180.963
230.56
204.718
216
227.121
234.721
176.561
235.036
190.561
221.121
235.92
186.08
225.44
234.961
182.798
228.643
235.837
178.723
232.556
235.601
176.482
234.559
192.798
219.763
234.879
188.561
223.44
235.758
184.001
227.361
235.357
180.482
231.361
235.119
178.32
233.518
235.361
176.321
234.961
190.238
221.68
235.041
186.482
225.759
235.439
182.001
229.681
234.796
178.722
233.279
235.521
176.561
235.439
191.279
220.083
235.277
187.764
223.835
235.762
183.599
228
235.04
180.159
231.602
235.758
176.242

------------------------------------------------------------------------------------------------------------------------------------------------
max val(#3407) = 259.20us
min val(#1003) = 172.80us
peak-to-peak = 86.41us
mean +- RMS = 214.40 +- 18.07 us

packet size: 516
number of packets: 10000
RATE = 19253.73kbps, PPS = 4664.2
