Destination address set to 01:1B:19:00:00:00
Defaults: 01:1B:19:00:00:00 or 01:80:C2:00:00:0E
SIOCSHWTSTAMP: tx_type 1 requested, got 1; rx_filter 0 requested, got 0
setting ts_flags: 0x53
new ts_flags: 0x53


gap of hw tx time, us: packets 10000:
------------------------------------------------------------------------------------------------------------------------------------------------
0
214.357
214.432
214.41
214.41
214.391
214.398
214.417
214.384
214.368
214.418
214.406
214.376
214.454
214.373
214.447
214.35
964.24
214.32
214.398
214.418
214.391
604.248
214.586
214.248
214.406
214.41
214.519
214.278
214.383
214.388
214.406
214.44
214.353
214.417
214.406
214.41
214.425
214.357
214.402
214.406
214.384
214.41
214.417
214.398
214.384
214.398
214.387
214.414
214.417
214.425
214.353
214.407
214.39
214.425
214.384
214.658
214.135
214.421
214.387
214.406
214.406
214.369
214.417
214.376
214.41
214.417
214.414
214.383
214.398
214.41
214.384
214.394
214.414
214.425
214.383
214.41
214.399
214.375
214.403
214.406
214.402
214.383
214.406
214.41
214.391
214.402
214.5
214.297
214.403
214.406
214.466
214.35
214.383
214.41
214.383
214.406
214.403
214.383
214.417
214.376
214.421
214.395
214.609
214.192
214.398
214.391
214.402
214.429
214.402
214.399
214.53
214.256
214.398
214.402
214.406
214.41
214.493
214.289
214.395
214.421
214.466
214.44
214.286
214.394
214.433
214.383
214.391
214.447
214.361
214.391
214.44
214.44
214.338
214.455
214.342
214.444
214.35
214.439
214.339
214.421
214.402
214.399
214.391
214.394
214.406
214.376
214.44
214.368
214.425
214.391
214.41
214.368
214.44
214.35
214.451
214.368
214.613
214.207
214.368
214.418
214.601
214.2
214.383
214.417
214.399
214.376
214.398
214.433
214.417
214.383
214.369
214.425
214.383
214.398
214.433
214.387
214.399
214.398
214.466
214.557
214.169
214.432
214.384
214.763
214.03
214.383
214.425
214.391
214.425
214.391
214.402
214.436
214.354
214.432
214.368
214.41
214.368
214.406
214.425
214.47
214.305
214.417
214.376
214.414
214.402
214.391
214.394
214.399
214.432
214.369
214.646
214.17
214.39
214.425
214.591
214.195
214.639
214.166
214.409
214.384
214.417
214.376
214.417
214.421
214.369
214.391
214.425
214.417
214.368
214.399
214.417
214.384
214.406
214.394
214.399
214.398
214.418
214.398
214.387
214.399
214.417
214.384
214.398
214.399
214.375
214.429
214.383
214.399
214.417
214.399
214.402
214.399
214.39
214.41
214.406
214.391
214.425
214.376
214.402
214.399
214.391
214.394
214.414
214.53
214.271
214.391
214.41
214.383
214.398
214.41
214.391
214.41
214.406
214.41
214.368
214.414
214.425
214.387
214.511
214.271
214.567
214.23
214.402
214.417
214.399
214.376
214.417
214.398
214.47
214.324
214.398
214.418
214.398
214.383
214.433
214.368
214.418
214.398
214.387
214.399
214.398
214.418
214.383
214.432
214.384
214.383
214.402
214.414
214.402
214.598
214.192
214.391
214.41
214.639
214.154
214.417
214.399
214.413
214.384
214.402
214.417
214.391
214.395
214.383
214.429
214.481
214.312
214.447
214.354
214.391
214.391
214.41
214.398
214.399
214.402
214.398
214.403
214.417
214.398
214.391
214.391
214.384
214.417
214.402
214.47
214.312
214.418
214.391
214.398
214.41
214.398
214.384
214.41
214.424
214.384
214.391
214.398
214.38
214.406
214.425
214.402
214.399
214.383
214.417
214.376
214.448
214.36
214.696
214.094
214.417
214.399
214.41
214.383
214.414
214.417
214.395
214.406
214.545
214.24
214.399
214.41
214.391
214.417
214.413
214.369
214.391
214.41
214.398
214.402
214.399
214.383
214.433
214.376
214.409
214.406
214.391
214.403
214.398
214.395
214.391
214.447
214.353
214.414
214.417
214.384
214.391
214.624
214.184
214.41
214.406
214.372
214.429
214.511
214.248
214.425
214.402
214.399
214.391
214.409
214.399
214.391
214.41
214.503
214.297
214.391
214.41
214.399
214.398
214.402
214.399
214.391
214.601
214.207
214.399
214.394
214.406
214.403
214.439
214.361
214.399
214.402
214.406
214.384
214.398
214.41
214.391
214.417
214.391
214.417
214.384
214.398
214.403
214.398
214.399
214.387
214.413
214.403
214.398
214.402
214.399
214.391
214.41
214.639
214.161
214.384
214.413
214.403
214.391
214.409
214.391
214.538
214.271
214.391
214.417
214.56
214.229
214.459
214.342
214.402
214.399
214.391
214.41
214.391
214.398
214.402
214.406
214.403
214.398
214.395
214.413
214.403
214.398
214.395
214.379
214.418
214.406
214.387
214.406
214.402
214.391
214.418
214.391
214.398
214.609
214.192
214.406
214.402
214.391
214.41
214.545
214.256
214.398
214.391
214.402
214.406
214.403
214.391
214.398
214.474
214.353
214.38
214.402
214.432
214.369
214.398
214.391
214.403
214.413
214.402
214.391
214.403
214.398
214.391
214.41
214.44
214.361
214.398
214.391
214.402
214.425
214.38
214.395
214.413
214.402
214.384
214.391
214.41
214.398
214.402
214.399
214.41
214.391
214.398
214.41
214.391
214.41
214.391
214.398
214.402
214.406
214.403
214.391
214.488
214.504
214.207
214.406
214.41
214.398
214.387
214.399
214.425
214.552
214.226
214.451
214.353
214.403
214.391
214.398
214.41
214.391
214.391
214.41
214.398
214.41
214.383
214.406
214.403
214.398
214.402
214.399
214.41
214.398
214.417
214.376
214.421
214.403
214.391
214.402
214.391
214.391
214.41
214.391
214.609
214.191
214.399
214.406
214.537
214.256
214.402
214.406
214.399
214.395
214.398
214.41
214.398
214.403
214.413
214.376
214.402
214.399
214.41
214.391
214.391
214.409
214.421
214.579
214.2
214.398
214.417
214.384
214.41
214.391
214.406
214.691
214.109
214.418
214.398
214.376
214.417
214.384
214.406
214.402
214.41
214.383
214.399
214.391
214.432
214.384
214.394
214.406
214.403
214.398
214.391
214.41
214.391
214.406
214.402
214.384
214.409
214.414
214.395
214.391
214.398
214.402
214.399
214.41
214.391
214.413
214.572
214.248
214.391
214.376
214.398
214.399
214.402
214.425
214.383
214.432
214.361
214.414
214.41
214.383
214.399
214.376
214.409
214.414
214.395
214.398
214.41
214.511
214.29
214.398
214.391
214.41
214.391
214.41
214.391
214.616
214.192
214.406
214.383
214.41
214.391
214.545
214.256
214.398
214.403
214.398
214.402
214.399
214.41
214.372
214.432
214.387
214.406
214.403
214.391
214.398
214.402
214.399
214.406
214.402
214.594
214.207
214.391
214.391
214.41
214.402
214.406
214.398
214.403
214.398
214.41
214.398
214.384
214.41
214.391
214.398
214.402
214.406
214.403
214.398
214.406
214.395
214.391
214.41
214.398
214.395
214.406
214.391
214.41
214.391
214.398
214.41
214.391
214.406
214.395
214.398
214.402
214.399
214.383
214.425
214.391
214.425
214.376
214.41
214.391
214.398
214.402
214.406
214.399
214.395
214.398
214.402
214.399
214.425
214.383
214.391
214.41
214.398
214.395
214.38
214.417
214.41
214.391
214.425
214.376
214.383
214.432
214.391
214.403
214.398
214.391
214.41
214.616
214.158
214.425
214.391
214.41
214.391
214.41
214.391
214.406
214.402
214.391
214.41
214.391
214.391
214.409
214.399
214.41
214.398
214.391
214.41
214.406
214.402
214.406
214.395
214.383
214.414
214.383
214.41
214.384
214.417
214.391
214.41
214.391
214.398
214.432
214.47
214.29
214.41
214.406
214.394
214.399
214.406
214.402
214.391
214.406
214.395
214.41
214.391
214.398
214.587
214.214
214.406
214.395
214.391
214.409
214.399
214.447
214.354
214.398
214.399
214.402
214.41
214.398
214.376
214.44
214.383
214.418
214.349
214.474
214.361
214.391
214.41
214.398
214.391
214.41
214.406
214.395
214.398
214.455
214.338
214.406
214.391
214.403
214.398
214.406
214.395
214.406
214.402
214.399
214.402
214.391
214.41
214.391
214.398
214.402
214.406
214.403
214.612
214.177
214.41
214.391
214.673
214.135
214.391
214.41
214.398
214.399
214.53
214.263
214.41
214.391
214.398
214.418
214.383
214.41
214.391
214.41
214.391
214.398
214.41
214.391
214.41
214.413
214.369
214.409
214.429
214.395
214.368
214.406
214.41
214.398
214.403
214.391
214.398
214.402
214.399
214.643
214.165
214.391
214.402
214.406
214.403
214.398
214.391
214.402
214.406
214.384
214.41
214.406
214.402
214.398
214.403
214.406
214.383
214.384
214.417
214.425
214.383
214.391
214.417
214.414
214.522
214.256
214.391
214.399
214.594
214.218
214.47
214.319
214.402
214.391
214.406
214.403
214.398
214.417
214.376
214.406
214.403
214.398
214.41
214.398
214.399
214.395
214.406
214.394
214.399
214.519
214.282
214.398
214.41
214.391
214.398
214.395
214.406
214.632
214.184
214.417
214.376
214.391
214.402
214.406
214.418
214.383
214.391
214.402
214.406
214.403
214.391
214.398
214.41
214.398
214.403
214.391
214.409
214.399
214.398
214.384
214.417
214.44
214.353
214.399
214.41
214.398
214.391
214.425
214.447
214.339
214.398
214.391
214.41
214.398
214.403
214.398
214.391
214.425
214.376
214.406
214.395
214.398
214.402
214.391
214.418
214.398
214.391
214.425
214.376
214.41
214.391
214.409
214.399
214.383
214.414
214.402
214.391
214.41
214.391
214.391
214.425
214.376
214.417
214.391
214.406
214.387
214.414
214.473
214.327
214.403
214.406
214.383
214.41
214.398
214.399
214.402
214.391
214.41
214.391
214.41
214.398
214.376
214.414
214.402
214.406
214.395
214.398
214.41
214.417
214.414
214.368
214.391
214.41
214.391
214.41
214.391
214.398
214.402
214.406
214.399
214.41
214.376
214.409
214.399
214.425
214.398
214.376
214.402
214.399
214.425
214.376
214.398
214.395
214.406
214.41
214.398
214.496
214.297
214.406
214.403
214.383
214.406
214.402
214.399
214.41
214.391
214.398
214.402
214.399
214.519
214.263
214.425
214.387
214.654
214.162
214.398
214.391
214.417
214.399
214.41
214.383
214.391
214.402
214.399
214.41
214.398
214.384
214.417
214.391
214.406
214.458
214.335
214.41
214.391
214.41
214.398
214.391
214.384
214.578
214.249
214.398
214.391
214.602
214.21
214.399
214.398
214.391
214.41
214.398
214.403
214.376
214.413
214.395
214.413
214.403
214.376
214.428
214.395
214.398
214.418
214.383
214.399
214.394
214.399
214.41
214.413
214.395
214.383
214.406
214.399
214.395
214.646
214.177
214.376
214.41
214.398
214.399
214.394
214.399
214.398
214.41
214.391
214.402
214.406
214.399
214.402
214.391
214.41
214.398
214.395
214.399
214.424
214.376
214.391
214.41
214.406
214.617
214.184
214.391
214.425
214.383
214.391
214.402
214.399
214.41
214.391
214.518
214.29
214.398
214.403
214.639
214.158
214.402
214.391
214.406
214.417
214.376
214.41
214.391
214.425
214.376
214.398
214.579
214.229
214.433
214.368
214.391
214.466
214.327
214.406
214.403
214.398
214.41
214.398
214.384
214.417
214.391
214.41
214.398
214.403
214.398
214.481
214.32
214.391
214.406
214.395
214.409
214.399
214.391
214.391
214.41
214.398
214.41
214.398
214.403
214.398
214.391
214.406
214.421
214.399
214.518
214.256
214.399
214.436
214.376
214.391
214.398
214.402
214.647
214.135
214.418
214.398
214.41
214.383
214.576
214.233
214.398
214.402
214.399
214.398
214.403
214.406
214.394
214.414
214.395
214.391
214.406
214.402
214.391
214.41
214.372
214.436
214.391
214.624
214.173
214.395
214.417
214.391
214.398
214.418
214.376
214.398
214.41
214.519
214.297
214.44
214.334
214.658
214.15
214.403
214.398
214.399
214.402
214.398
214.403
214.391
214.398
214.41
214.398
214.384
214.41
214.398
214.402
214.406
214.403
214.383
214.399
214.417
214.391
214.41
214.391
214.398
214.41
214.398
214.395
214.406
214.598
214.256
214.488
214.26
214.391
214.398
214.391
214.41
214.406
214.402
214.481
214.309
214.409
214.403
214.398
214.399
214.402
214.391
214.406
214.395
214.398
214.402
214.399
214.406
214.395
214.398
214.41
214.447
214.354
214.639
214.15
214.41
214.398
214.403
214.391
214.398
214.395
214.398
214.418
214.391
214.398
214.402
214.414
214.395
214.398
214.391
214.41
214.391
214.41
214.391
214.398
214.402
214.399
214.406
214.62
214.173
214.402
214.399
214.406
214.402
214.391
214.41
214.383
214.406
214.545
214.264
214.402
214.406
214.41
214.391
214.383
214.41
214.391
214.41
214.398
214.41
214.391
214.391
214.41
214.398
214.391
214.402
214.406
214.403
214.391
214.47
214.319
214.41
214.398
214.403
214.421
214.387
214.406
214.553
214.327
214.304
214.41
214.398
214.399
214.489
214.304
214.425
214.383
214.403
214.391
214.406
214.402
214.391
214.41
214.391
214.398
214.391
214.417
214.403
214.376
214.413
214.41
214.41
214.541
214.248
214.391
214.425
214.383
214.403
214.383
214.406
214.658
214.143
214.455
214.338
214.406
214.402
214.406
214.403
214.391
214.413
214.387
214.406
214.399
214.395
214.398
214.41
214.383
214.418
214.413
214.376
214.41
214.398
214.403
214.398
214.399
214.394
214.406
214.403
214.391
214.406
214.394
214.406
214.384
214.41
214.398
214.538
214.255
214.406
214.403
214.665
214.143
214.391
214.41
214.398
214.391
214.41
214.398
214.399
214.402
214.391
214.41
214.398
214.403
214.398
214.391
214.41
214.391
214.41
214.398
214.391
214.399
214.402
214.406
214.395
214.575
214.319
214.305
214.41
214.391
214.398
214.504
214.297
214.41
214.413
214.391
214.402
214.384
214.425
214.368
214.414
214.409
214.391
214.418
214.383
214.391
214.402
214.436
214.373
214.391
214.56
214.248
214.391
214.406
214.402
214.391
214.417
214.384
214.41
214.391
214.398
214.41
214.406
214.395
214.413
214.376
214.41
214.406
214.395
214.391
214.398
214.402
214.399
214.41
214.391
214.398
214.402
214.406
214.403
214.391
214.398
214.399
214.409
214.403
214.398
214.402
214.399
214.398
214.418
214.496
214.289
214.399
214.391
214.398
214.403
214.424
214.376
214.406
214.403
214.391
214.398
214.41
214.383
214.418
214.398
214.399
214.394
214.406
214.399
214.387
214.414
214.402
214.398
214.399
214.402
214.384
214.409
214.399
214.406
214.395
214.398
214.41
214.406
214.376
214.432
214.384
214.402
214.398
214.395
214.414
214.383
214.402
214.406
214.403
214.391
214.406
214.496
214.319
214.388
214.398
214.391
214.41
214.391
214.41
214.406
214.383
214.41
214.391
214.41
214.398
214.41
214.376
214.406
214.41
214.391
214.398
214.395
214.677
214.12
214.41
214.398
214.41
214.391
214.406
214.402
214.391
214.395
214.406
214.41
214.391
214.402
214.391
214.406
214.406
214.402
214.391
214.417
214.384
214.41
214.391
214.646
214.162
214.398
214.403
214.533
214.241
214.417
214.406
214.395
214.399
214.545
214.255
214.433
214.361
214.406
214.398
214.41
214.383
214.41
214.414
214.368
214.44
214.376
214.425
214.376
214.398
214.41
214.391
214.417
214.391
214.391
214.489
214.319
214.403
214.391
214.398
214.402
214.406
214.399
214.395
214.398
214.41
214.398
214.617
214.177
214.526
214.282
214.534
214.263
214.395
214.398
214.41
214.391
214.41
214.398
214.391
214.41
214.398
214.403
214.398
214.399
214.443
214.365
214.395
214.391
214.413
214.395
214.391
214.41
214.391
214.402
214.406
214.391
214.41
214.391
214.406
214.394
214.399
214.59
214.218
214.391
214.402
214.399
214.41
214.391
214.402
214.398
214.406
214.384
214.417
214.391
214.41
214.391
214.406
214.402
214.391
214.391
214.417
214.384
214.583
214.236
214.391
214.414
214.489
214.297
214.398
214.417
214.534
214.26
214.421
214.387
214.391
214.391
214.406
214.395
214.391
214.409
214.391
214.418
214.391
214.398
214.402
214.406
214.391
214.41
214.391
214.41
214.391
214.496
214.305
214.409
214.391
214.399
214.406
214.417
214.395
214.575
214.214
214.403
214.391
214.406
214.417
214.383
214.403
214.398
214.406
214.384
214.402
214.41
214.391
214.398
214.41
214.391
214.406
214.395
214.398
214.425
214.383
214.384
214.41
214.391
214.586
214.229
214.418
214.383
214.399
214.402
214.425
214.376
214.391
214.391
214.417
214.383
214.418
214.391
214.398
214.41
214.391
214.406
214.395
214.398
214.402
214.399
214.41
214.398
214.391
214.41
214.391
214.41
214.406
214.387
214.398
214.414
214.41
214.631
214.143
214.41
214.398
214.403
214.406
214.409
214.384
214.398
214.403
214.545
214.244
214.444
214.349
214.418
214.383
214.414
214.394
214.406
214.403
214.391
214.398
214.41
214.383
214.414
214.395
214.398
214.402
214.406
214.399
214.395
214.398
214.402
214.399
214.383
214.425
214.391
214.402
214.406
214.403
214.406
214.383
214.399
214.402
214.406
214.395
214.409
214.399
214.406
214.395
214.398
214.391
214.41
214.391
214.41
214.391
214.398
214.41
214.391
214.41
214.398
214.391
214.41
214.406
214.402
214.384
214.398
214.41
214.398
214.384
214.417
214.399
214.394
214.399
214.481
214.335
214.624
214.184
214.391
214.41
214.376
214.402
214.413
214.406
214.388
214.391
214.398
214.41
214.41
214.406
214.376
214.406
214.398
214.402
214.399
214.41
214.376
214.417
214.391
214.41
214.398
214.41
214.383
214.406
214.418
214.376
214.398
214.553
214.27
214.403
214.376
214.398
214.41
214.391
214.41
214.398
214.399
214.394
214.406
214.403
214.391
214.398
214.41
214.391
214.41
214.398
214.391
214.41
214.391
214.41
214.391
214.413
214.395
214.391
214.41
214.391
214.597
214.211
214.383
214.418
214.631
214.158
214.41
214.391
214.402
214.406
214.391
214.417
214.391
214.418
214.368
214.406
214.395
214.428
214.388
214.391
214.398
214.41
214.391
214.425
214.376
214.59
214.207
214.409
214.399
214.402
214.399
214.402
214.398
214.403
214.391
214.477
214.331
214.391
214.41
214.597
214.192
214.406
214.395
214.406
214.402
214.391
214.417
214.391
214.403
214.398
214.395
214.406
214.391
214.406
214.395
214.413
214.395
214.383
214.414
214.474
214.323
214.406
214.391
214.41
214.391
214.398
214.402
214.406
214.403
214.391
214.447
214.353
214.399
214.406
214.402
214.384
214.409
214.421
214.369
214.44
214.368
214.41
214.398
214.403
214.391
214.417
214.391
214.398
214.399
214.515
214.278
214.391
214.41
214.41
214.391
214.424
214.358
214.616
214.207
214.395
214.398
214.41
214.398
214.523
214.271
214.406
214.394
214.463
214.346
214.413
214.376
214.402
214.406
214.403
214.398
214.391
214.41
214.391
214.41
214.391
214.398
214.425
214.575
214.211
214.391
214.406
214.398
214.429
214.406
214.361
214.398
214.402
214.489
214.305
214.436
214.368
214.402
214.406
214.399
214.402
214.391
214.399
214.402
214.406
214.395
214.398
214.402
214.406
214.384
214.41
214.398
214.402
214.399
214.406
214.5
214.293
214.402
214.399
214.406
214.395
214.391
214.409
214.391
214.418
214.391
214.567
214.256
214.376
214.406
214.402
214.406
214.387
214.414
214.391
214.402
214.399
214.402
214.391
214.406
214.395
214.398
214.41
214.391
214.41
214.398
214.391
214.402
214.399
214.41
214.398
214.399
214.417
214.383
214.399
214.601
214.192
214.399
214.409
214.403
214.398
214.391
214.41
214.398
214.403
214.391
214.398
214.41
214.391
214.406
214.402
214.384
214.409
214.399
214.406
214.395
214.424
214.384
214.398
214.418
214.567
214.207
214.41
214.391
214.41
214.391
214.398
214.417
214.384
214.41
214.485
214.304
214.41
214.391
214.41
214.406
214.383
214.41
214.391
214.406
214.402
214.391
214.41
214.391
214.402
214.421
214.376
214.417
214.41
214.399
214.488
214.316
214.372
214.406
214.418
214.376
214.398
214.41
214.398
214.523
214.286
214.383
214.41
214.398
214.403
214.443
214.354
214.394
214.406
214.399
214.402
214.391
214.41
214.398
214.399
214.395
214.398
214.41
214.391
214.41
214.391
214.398
214.41
214.398
214.504
214.29
214.398
214.391
214.41
214.402
214.399
214.398
214.609
214.214
214.391
214.361
214.681
214.15
214.402
214.403
214.398
214.391
214.402
214.414
214.395
214.391
214.398
214.399
214.394
214.418
214.391
214.398
214.402
214.406
214.399
214.402
214.425
214.376
214.417
214.38
214.395
214.398
214.425
214.376
214.398
214.41
214.402
214.485
214.305
214.41
214.391
214.624
214.176
214.399
214.406
214.402
214.391
214.402
214.399
214.41
214.398
214.384
214.417
214.383
214.406
214.403
214.402
214.398
214.44
214.369
214.398
214.384
214.413
214.417
214.403
214.383
214.527
214.274
214.391
214.41
214.391
214.398
214.466
214.335
214.406
214.417
214.376
214.417
214.399
214.395
214.398
214.391
214.402
214.399
214.41
214.391
214.413
214.395
214.391
214.425
214.376
214.518
214.29
214.398
214.418
214.376
214.398
214.41
214.398
214.399
214.395
214.406
214.402
214.662
214.135
214.402
214.391
214.41
214.383
214.418
214.391
214.391
214.417
214.398
214.403
214.398
214.399
214.402
214.391
214.41
214.391
214.398
214.402
214.455
214.35
214.402
214.391
214.41
214.398
214.376
214.418
214.398
214.402
214.414
214.391
214.402
214.406
214.369
214.639
214.188
214.398
214.391
214.41
214.398
214.403
214.406
214.383
214.41
214.398
214.391
214.41
214.41
214.391
214.398
214.403
214.391
214.398
214.402
214.399
214.41
214.398
214.575
214.226
214.526
214.327
214.474
214.263
214.41
214.398
214.403
214.391
214.496
214.312
214.391
214.406
214.402
214.391
214.41
214.398
214.403
214.398
214.391
214.41
214.398
214.403
214.391
214.398
214.41
214.391
214.41
214.44
214.349
214.402
214.399
214.41
214.398
214.617
214.176
214.406
214.376
214.418
214.398
214.402
214.422
214.387
214.391
214.398
214.41
214.391
214.391
214.41
214.398
214.41
214.398
214.403
214.391
214.398
214.41
214.406
214.395
214.447
214.553
214.206
214.399
214.391
214.402
214.425
214.383
214.391
214.433
214.361
214.518
214.297
214.391
214.403
214.391
214.398
214.399
214.428
214.365
214.425
214.383
214.41
214.402
214.399
214.391
214.409
214.399
214.398
214.403
214.391
214.398
214.451
214.35
214.41
214.398
214.384
214.447
214.353
214.418
214.534
214.24
214.414
214.425
214.56
214.225
214.391
214.41
214.391
214.391
214.417
214.391
214.402
214.414
214.391
214.402
214.391
214.41
214.398
214.403
214.391
214.402
214.406
214.391
214.41
214.519
214.27
214.41
214.398
214.399
214.395
214.398
214.41
214.391
214.41
214.398
214.391
214.399
214.409
214.546
214.248
214.398
214.406
214.402
214.403
214.398
214.391
214.399
214.409
214.391
214.41
214.391
214.41
214.391
214.41
214.391
214.391
214.432
214.376
214.41
214.391
214.398
214.402
214.414
214.376
214.41
214.398
214.406
214.508
214.297
214.44
214.391
214.59
214.169
214.398
214.41
214.391
214.417
214.407
214.375
214.418
214.376
214.409
214.406
214.418
214.376
214.398
214.399
214.409
214.44
214.361
214.402
214.407
214.383
214.41
214.391
214.398
214.545
214.327
214.327
214.403
214.398
214.402
214.399
214.417
214.384
214.432
214.357
214.425
214.41
214.376
214.398
214.402
214.391
214.414
214.395
214.398
214.425
214.383
214.376
214.418
214.391
214.545
214.255
214.418
214.41
214.379
214.402
214.406
214.403
214.398
214.391
214.402
214.399
214.41
214.398
214.391
214.391
214.41
214.41
214.391
214.398
214.41
214.391
214.406
214.402
214.406
214.387
214.399
214.406
214.395
214.406
214.402
214.398
214.384
214.643
214.165
214.41
214.391
214.41
214.391
214.398
214.41
214.398
214.399
214.504
214.289
214.41
214.391
214.639
214.169
214.399
214.402
214.391
214.406
214.402
214.391
214.402
214.399
214.398
214.41
214.399
214.394
214.406
214.403
214.391
214.398
214.391
214.417
214.403
214.387
214.402
214.594
214.214
214.561
214.233
214.398
214.41
214.398
214.403
214.398
214.391
214.41
214.398
214.395
214.406
214.391
214.41
214.391
214.41
214.391
214.383
214.425
214.391
214.425
214.383
214.391
214.433
214.383
214.395
214.398
214.433
214.36
214.391
214.391
214.418
214.406
214.394
214.414
214.432
214.369
214.383
214.41
214.553
214.248
214.398
214.391
214.402
214.399
214.41
214.391
214.409
214.399
214.406
214.395
214.413
214.403
214.372
214.402
214.496
214.305
214.398
214.617
214.207
214.387
214.391
214.413
214.403
214.39
214.384
214.41
214.398
214.523
214.278
214.41
214.391
214.391
214.417
214.398
214.399
214.402
214.391
214.387
214.421
214.403
214.383
214.406
214.41
214.391
214.406
214.402
214.391
214.402
214.406
214.399
214.402
214.376
214.417
214.406
214.399
214.395
214.41
214.39
214.399
214.398
214.602
214.248
214.361
214.391
214.406
214.395
214.391
214.417
214.406
214.387
214.406
214.391
214.44
214.361
214.391
214.41
214.398
214.609
214.199
214.403
214.398
214.527
214.282
214.383
214.41
214.519
214.263
214.417
214.398
214.632
214.169
214.433
214.368
214.624
214.173
214.564
214.229
214.41
214.398
214.546
214.248
214.406
214.379
214.561
214.263
214.391
214.41
214.398
214.398
214.497
214.297
214.398
214.41
214.398
214.395
214.399
214.398
214.41
214.406
214.395
214.406
214.391
214.394
214.399
214.41
214.391
214.398
214.425
214.395
214.387
214.41
214.398
214.387
214.407
214.375
214.418
214.398
214.399
214.41
214.394
214.399
214.398
214.41
214.399
214.402
214.455
214.334
214.418
214.383
214.425
214.376
214.398
214.41
214.549
214.267
214.383
214.391
214.41
214.399
214.481
214.319
214.391
214.395
214.406
214.41
214.391
214.406
214.394
214.399
214.41
214.398
214.399
214.394
214.391
214.406
214.399
214.41
214.402
214.526
214.275
214.391
214.391
214.409
214.384
214.425
214.391
214.661
214.147
214.399
214.402
214.391
214.398
214.568
214.233
214.41
214.398
214.391
214.391
214.41
214.41
214.398
214.391
214.402
214.399
214.496
214.305
214.398
214.402
214.407
214.402
214.398
214.391
214.41
214.391
214.41
214.406
214.383
214.41
214.391
214.402
214.406
214.519
214.271
214.466
214.327
214.417
214.391
214.41
214.391
214.41
214.398
214.41
214.383
214.407
214.402
214.398
214.391
214.402
214.399
214.41
214.391
214.391
214.409
214.407
214.402
214.376
214.413
214.41
214.391
214.41
214.549
214.248
214.567
214.218
214.406
214.41
214.391
214.433
214.376
214.398
214.402
214.399
214.394
214.399
214.425
214.376
214.398
214.418
214.398
214.41
214.376
214.398
214.402
214.422
214.387
214.545
214.259
214.395
214.399
214.402
214.391
214.398
214.402
214.399
214.406
214.459
214.342
214.394
214.407
214.398
214.395
214.417
214.391
214.414
214.387
214.391
214.425
214.383
214.391
214.402
214.406
214.391
214.41
214.391
214.398
214.403
214.398
214.41
214.399
214.402
214.398
214.391
214.402
214.399
214.489
214.293
214.417
214.425
214.376
214.41
214.425
214.364
214.41
214.399
214.402
214.398
214.391
214.41
214.399
214.398
214.395
214.398
214.403
214.398
214.41
214.391
214.398
214.403
214.39
214.47
214.346
214.391
214.384
214.658
214.169
214.391
214.398
214.568
214.233
214.432
214.391
214.594
214.192
214.391
214.398
214.41
214.384
214.417
214.391
214.447
214.369
214.376
214.41
214.398
214.425
214.376
214.398
214.41
214.399
214.402
214.398
214.376
214.568
214.263
214.395
214.391
214.398
214.41
214.406
214.395
214.661
214.143
214.44
214.346
214.425
214.383
214.575
214.203
214.422
214.402
214.391
214.413
214.395
214.399
214.402
214.398
214.399
214.395
214.39
214.425
214.384
214.398
214.418
214.383
214.41
214.406
214.383
214.41
214.391
214.41
214.413
214.474
214.312
214.391
214.41
214.391
214.391
214.432
214.376
214.406
214.395
214.41
214.413
214.417
214.369
214.391
214.398
214.41
214.406
214.391
214.395
214.398
214.41
214.406
214.395
214.398
214.474
214.32
214.406
214.402
214.391
214.398
214.403
214.406
214.402
214.398
214.391
214.41
214.605
214.192
214.402
214.399
214.395
214.398
214.41
214.406
214.383
214.403
214.406
214.402
214.391
214.398
214.41
214.391
214.399
214.402
214.398
214.41
214.41
214.391
214.406
214.383
214.399
214.402
214.425
214.376
214.398
214.403
214.398
214.406
214.395
214.398
214.403
214.582
214.226
214.398
214.391
214.41
214.383
214.399
214.41
214.391
214.417
214.391
214.41
214.391
214.391
214.417
214.399
214.391
214.409
214.391
214.41
214.391
214.406
214.402
214.395
214.406
214.489
214.285
214.433
214.383
214.41
214.391
214.402
214.406
214.391
214.41
214.391
214.41
214.398
214.384
214.398
214.41
214.391
214.417
214.391
214.41
214.399
214.402
214.398
214.406
214.395
214.391
214.41
214.391
214.398
214.41
214.391
214.624
214.177
214.575
214.241
214.409
214.455
214.327
214.384
214.425
214.383
214.406
214.395
214.417
214.384
214.398
214.41
214.391
214.44
214.361
214.406
214.402
214.391
214.41
214.391
214.398
214.41
214.406
214.383
214.41
214.481
214.335
214.398
214.376
214.403
214.406
214.402
214.391
214.462
214.346
214.391
214.406
214.395
214.398
214.403
214.406
214.402
214.391
214.398
214.425
214.384
214.402
214.398
214.391
214.523
214.278
214.41
214.398
214.391
214.41
214.406
214.635
214.166
214.391
214.395
214.406
214.398
214.496
214.282
214.418
214.406
214.481
214.312
214.398
214.41
214.391
214.41
214.398
214.391
214.403
214.406
214.417
214.383
214.391
214.403
214.406
214.402
214.391
214.391
214.417
214.399
214.402
214.47
214.319
214.41
214.391
214.647
214.154
214.398
214.41
214.399
214.402
214.398
214.391
214.41
214.391
214.511
214.297
214.399
214.402
214.399
214.402
214.391
214.398
214.395
214.406
214.399
214.402
214.398
214.41
214.391
214.41
214.391
214.41
214.372
214.417
214.406
214.395
214.398
214.403
214.398
214.425
214.376
214.406
214.395
214.462
214.342
214.395
214.413
214.395
214.399
214.402
214.398
214.399
214.395
214.391
214.417
214.391
214.406
214.402
214.414
214.387
214.398
214.391
214.403
214.398
214.432
214.455
214.312
214.466
214.512
214.233
214.391
214.406
214.41
214.383
214.425
214.376
214.398
214.418
214.391
214.417
214.383
214.399
214.395
214.398
214.399
214.402
214.398
214.395
214.399
214.413
214.402
214.391
214.403
214.398
214.391
214.41
214.413
214.474
214.312
214.41
214.391
214.398
214.425
214.384
214.402
214.391
214.398
214.41
214.477
214.313
214.402
214.398
214.463
214.481
214.282
214.534
214.248
214.53
214.278
214.391
214.417
214.376
214.391
214.418
214.402
214.413
214.384
214.402
214.391
214.406
214.402
214.391
214.425
214.384
214.402
214.391
214.398
214.403
214.398
214.406
214.466
214.32
214.41
214.413
214.387
214.406
214.617
214.177
214.398
214.399
214.409
214.391
214.41
214.399
214.391
214.402
214.398
214.403
214.518
214.305
214.376
214.398
214.403
214.398
214.41
214.398
214.391
214.41
214.391
214.53
214.271
214.398
214.425
214.384
214.417
214.47
214.304
214.474
214.357
214.395
214.391
214.425
214.368
214.414
214.394
214.406
214.418
214.368
214.391
214.425
214.383
214.41
214.384
214.406
214.488
214.312
214.391
214.403
214.398
214.391
214.41
214.398
214.391
214.41
214.41
214.398
214.399
214.395
214.518
214.282
214.399
214.402
214.395
214.41
214.402
214.391
214.406
214.402
214.414
214.402
214.398
214.376
214.384
214.417
214.406
214.395
214.391
214.417
214.399
214.383
214.417
214.391
214.395
214.414
214.391
214.402
214.402
214.47
214.335
214.402
214.398
214.391
214.403
214.406
214.402
214.391
214.398
214.403
214.398
214.41
214.398
214.391
214.41
214.399
214.398
214.402
214.391
214.41
214.406
214.395
214.398
214.391
214.406
214.395
214.41
214.398
214.519
214.282
214.391
214.406
214.41
214.383
214.41
214.391
214.406
214.395
214.398
214.44
214.361
214.41
214.391
214.398
214.403
214.406
214.394
214.406
214.391
214.418
214.391
214.402
214.391
214.398
214.41
214.391
214.406
214.395
214.398
214.391
214.41
214.602
214.206
214.384
214.417
214.647
214.154
214.519
214.27
214.41
214.391
214.41
214.391
214.398
214.418
214.383
214.41
214.391
214.398
214.391
214.41
214.41
214.398
214.391
214.41
214.414
214.402
214.376
214.398
214.41
214.391
214.425
214.376
214.406
214.41
214.391
214.402
214.391
214.398
214.41
214.391
214.41
214.391
214.398
214.41
214.391
214.399
214.402
214.417
214.391
214.391
214.406
214.417
214.395
214.38
214.402
214.41
214.413
214.38
214.414
214.398
214.391
214.402
214.391
214.41
214.511
214.286
214.402
214.391
214.41
214.391
214.447
214.354
214.391
214.391
214.402
214.425
214.391
214.398
214.41
214.399
214.417
214.376
214.398
214.41
214.391
214.406
214.395
214.402
214.38
214.522
214.305
214.398
214.391
214.403
214.406
214.391
214.409
214.391
214.41
214.391
214.406
214.395
214.398
214.53
214.279
214.402
214.398
214.391
214.41
214.399
214.402
214.398
214.403
214.391
214.398
214.41
214.391
214.398
214.41
214.391
214.41
214.398
214.391
214.399
214.395
214.424
214.384
214.432
214.376
214.399
214.417
214.391
214.47
214.316
214.654
214.154
214.391
214.398
214.403
214.406
214.398
214.395
214.406
214.402
214.399
214.398
214.395
214.398
214.403
214.398
214.391
214.41
214.398
214.41
214.391
214.673
214.143
214.383
214.41
214.391
214.425
214.504
214.282
214.511
214.301
214.376
214.402
214.398
214.41
214.391
214.425
214.398
214.376
214.41
214.384
214.417
214.391
214.398
214.403
214.398
214.41
214.391
214.398
214.41
214.406
214.395
214.504
214.289
214.406
214.391
214.41
214.413
214.384
214.402
214.391
214.41
214.398
214.399
214.391
214.402
214.41
214.398
214.399
214.402
214.391
214.399
214.402
214.406
214.402
214.399
214.398
214.402
214.391
214.418
214.394
214.395
214.395
214.398
214.403
214.398
214.41
214.383
214.406
214.41
214.402
214.436
214.346
214.406
214.403
214.398
214.399
214.402
214.391
214.41
214.409
214.463
214.342
214.383
214.418
214.391
214.398
214.402
214.391
214.41
214.391
214.41
214.391
214.398
214.41
214.391
214.447
214.376
214.376
214.403
214.406
214.398
214.395
214.398
214.53
214.271
214.406
214.417
214.376
214.418
214.545
214.237
214.424
214.403
214.357
214.41
214.488
214.32
214.383
214.418
214.406
214.402
214.391
214.398
214.624
214.177
214.406
214.395
214.398
214.403
214.398
214.425
214.391
214.398
214.403
214.406
214.402
214.583
214.191
214.433
214.368
214.406
214.395
214.398
214.418
214.409
214.399
214.376
214.41
214.398
214.391
214.519
214.38
214.308
214.391
214.41
214.402
214.391
214.398
214.41
214.399
214.402
214.398
214.384
214.41
214.398
214.41
214.413
214.376
214.425
214.376
214.399
214.409
214.399
214.402
214.399
214.402
214.398
214.406
214.395
214.391
214.406
214.402
214.391
214.403
214.398
214.406
214.402
214.391
214.41
214.391
214.41
214.391
214.44
214.376
214.391
214.394
214.399
214.398
214.388
214.413
214.41
214.391
214.398
214.403
214.575
214.233
214.391
214.398
214.41
214.391
214.41
214.391
214.398
214.41
214.387
214.429
214.391
214.368
214.425
214.391
214.402
214.399
214.398
214.41
214.391
214.406
214.395
214.391
214.41
214.406
214.402
214.391
214.398
214.391
214.418
214.398
214.395
214.406
214.376
214.564
214.259
214.395
214.406
214.395
214.398
214.41
214.398
214.391
214.403
214.398
214.41
214.398
214.403
214.398
214.414
214.368
214.41
214.41
214.391
214.406
214.398
214.41
214.383
214.403
214.454
214.369
214.398
214.376
214.425
214.376
214.425
214.383
214.41
214.399
214.391
214.402
214.391
214.398
214.403
214.406
214.402
214.398
214.391
214.403
214.398
214.425
214.383
214.384
214.53
214.293
214.395
214.391
214.432
214.376
214.399
214.394
214.399
214.534
214.267
214.398
214.391
214.41
214.398
214.418
214.391
214.402
214.391
214.417
214.391
214.399
214.417
214.376
214.398
214.41
214.399
214.417
214.383
214.391
214.406
214.395
214.41
214.398
214.527
214.274
214.391
214.41
214.391
214.398
214.41
214.406
214.395
214.376
214.44
214.398
214.376
214.511
214.297
214.418
214.383
214.406
214.395
214.391
214.391
214.417
214.391
214.402
214.399
214.398
214.403
214.398
214.406
214.395
214.402
214.406
214.391
214.609
214.181
214.409
214.41
214.399
214.402
214.455
214.342
214.395
214.406
214.496
214.304
214.391
214.41
214.391
214.402
214.406
214.391
214.403
214.406
214.402
214.391
214.391
214.41
214.398
214.406
214.395
214.406
214.402
214.391
214.41
214.44
214.349
214.403
214.398
214.406
214.402
214.391
214.41
214.391
214.391
214.417
214.433
214.541
214.226
214.466
214.327
214.398
214.41
214.399
214.402
214.398
214.41
214.384
214.398
214.41
214.391
214.398
214.41
214.402
214.395
214.402
214.391
214.41
214.519
214.278
214.402
214.391
214.403
214.391
214.398
214.425
214.609
214.184
214.391
214.425
214.398
214.376
214.553
214.248
214.41
214.391
214.398
214.399
214.41
214.391
214.402
214.398
214.403
214.406
214.409
214.384
214.417
214.384
214.417
214.391
214.398
214.399
214.417
214.369
214.417
214.413
214.376
214.467
214.334
214.41
214.391
214.406
214.395
214.406
214.398
214.628
214.15
214.418
214.398
214.425
214.383
214.399
214.391
214.41
214.402
214.391
214.398
214.403
214.406
214.402
214.391
214.398
214.448
214.353
214.406
214.395
214.406
214.395
214.406
214.398
214.402
214.391
214.403
214.406
214.391
214.409
214.391
214.403
214.406
214.398
214.395
214.398
214.41
214.391
214.417
214.384
214.398
214.41
214.391
214.41
214.376
214.413
214.403
214.406
214.383
214.553
214.255
214.41
214.391
214.425
214.376
214.398
214.418
214.616
214.173
214.632
214.169
214.402
214.406
214.545
214.248
214.391
214.41
214.391
214.41
214.398
214.391
214.41
214.399
214.398
214.41
214.383
214.384
214.417
214.406
214.395
214.432
214.391
214.376
214.41
214.391
214.398
214.41
214.399
214.402
214.391
214.413
214.384
214.395
214.417
214.398
214.399
214.631
214.162
214.406
214.41
214.398
214.395
214.406
214.395
214.391
214.398
214.403
214.406
214.402
214.391
214.398
214.41
214.391
214.41
214.391
214.398
214.41
214.414
214.387
214.391
214.417
214.391
214.399
214.402
214.391
214.391
214.41
214.477
214.338
214.391
214.391
214.399
214.402
214.41
214.398
214.391
214.403
214.398
214.41
214.391
214.398
214.41
214.399
214.402
214.391
214.421
214.387
214.391
214.41
214.391
214.398
214.403
214.406
214.417
214.376
214.398
214.433
214.368
214.41
214.391
214.406
214.395
214.398
214.41
214.391
214.398
214.395
214.414
214.402
214.398
214.391
214.41
214.391
214.406
214.395
214.398
214.41
214.399
214.398
214.402
214.391
214.41
214.399
214.402
214.406
214.455
214.338
214.399
214.394
214.519
214.278
214.41
214.391
214.406
214.402
214.399
214.383
214.418
214.398
214.395
214.398
214.391
214.425
214.395
214.391
214.398
214.41
214.399
214.402
214.391
214.455
214.353
214.391
214.41
214.391
214.391
214.398
214.41
214.41
214.398
214.391
214.41
214.605
214.233
214.44
214.312
214.41
214.391
214.399
214.409
214.482
214.312
214.398
214.425
214.383
214.399
214.417
214.391
214.395
214.391
214.398
214.403
214.398
214.399
214.391
214.409
214.395
214.406
214.406
214.402
214.391
214.639
214.162
214.41
214.406
214.391
214.402
214.414
214.402
214.383
214.384
214.413
214.403
214.383
214.41
214.432
214.376
214.399
214.391
214.409
214.391
214.403
214.398
214.41
214.391
214.402
214.395
214.41
214.398
214.395
214.406
214.395
214.406
214.394
214.399
214.383
214.418
214.406
214.402
214.398
214.639
214.177
214.384
214.402
214.391
214.398
214.41
214.391
214.41
214.383
214.406
214.406
214.395
214.406
214.395
214.406
214.387
214.463
214.349
214.402
214.391
214.399
214.402
214.41
214.398
214.395
214.406
214.391
214.41
214.391
214.383
214.504
214.32
214.402
214.398
214.391
214.403
214.406
214.391
214.409
214.399
214.395
214.398
214.384
214.424
214.391
214.41
214.399
214.402
214.391
214.391
214.417
214.399
214.402
214.391
214.391
214.41
214.398
214.399
214.409
214.44
214.354
214.406
214.402
214.556
214.233
214.41
214.391
214.406
214.395
214.41
214.398
214.406
214.395
214.391
214.398
214.41
214.399
214.398
214.395
214.398
214.418
214.391
214.616
214.199
214.388
214.398
214.399
214.398
214.474
214.319
214.41
214.406
214.395
214.421
214.368
214.41
214.647
214.143
214.402
214.391
214.425
214.391
214.432
214.368
214.384
214.41
214.406
214.402
214.406
214.398
214.388
214.417
214.387
214.466
214.327
214.41
214.391
214.41
214.398
214.41
214.384
214.398
214.41
214.391
214.462
214.339
214.455
214.368
214.376
214.504
214.304
214.391
214.41
214.398
214.406
214.395
214.391
214.406
214.395
214.398
214.403
214.406
214.402
214.398
214.384
214.41
214.406
214.383
214.41
214.41
214.413
214.376
214.41
214.391
214.406
214.402
214.399
214.402
214.391
214.398
214.594
214.207
214.587
214.214
214.398
214.391
214.418
214.409
214.384
214.406
214.402
214.391
214.41
214.398
214.384
214.41
214.406
214.398
214.384
214.432
214.38
214.406
214.383
214.41
214.402
214.485
214.327
214.391
214.395
214.526
214.282
214.391
214.41
214.647
214.142
214.41
214.391
214.399
214.402
214.406
214.402
214.391
214.402
214.399
214.398
214.41
214.391
214.406
214.41
214.376
214.417
214.391
214.41
214.391
214.398
214.403
214.605
214.203
214.56
214.248
214.399
214.391
214.624
214.169
214.496
214.32
214.391
214.402
214.391
214.398
214.418
214.391
214.488
214.305
214.398
214.403
214.406
214.383
214.417
214.391
214.433
214.56
214.218
214.391
214.383
214.425
214.399
214.402
214.406
214.391
214.395
214.646
214.162
214.398
214.391
214.41
214.391
214.594
214.327
214.278
214.41
214.391
214.41
214.575
214.222
214.571
214.23
214.398
214.395
214.398
214.41
214.391
214.41
214.391
214.398
214.41
214.632
214.169
214.391
214.391
214.41
214.398
214.41
214.398
214.391
214.425
214.511
214.275
214.398
214.391
214.666
214.143
214.402
214.391
214.398
214.41
214.399
214.398
214.395
214.398
214.41
214.391
214.41
214.398
214.399
214.395
214.556
214.323
214.32
214.406
214.522
214.271
214.41
214.391
214.406
214.395
214.398
214.399
214.409
214.399
214.402
214.496
214.305
214.398
214.399
214.402
214.391
214.41
214.391
214.41
214.391
214.398
214.425
214.376
214.391
214.417
214.391
214.406
214.395
214.398
214.41
214.391
214.41
214.391
214.398
214.41
214.425
214.372
214.402
214.391
214.651
214.15
214.639
214.184
214.561
214.338
214.289
214.395
214.395
214.391
214.406
214.402
214.432
214.369
214.413
214.388
214.413
214.391
214.523
214.285
214.384
214.41
214.402
214.406
214.402
214.639
214.169
214.38
214.395
214.496
214.301
214.402
214.41
214.406
214.383
214.44
214.369
214.394
214.399
214.406
214.417
214.376
214.406
214.41
214.391
214.417
214.575
214.207
214.402
214.391
214.403
214.398
214.41
214.398
214.399
214.402
214.489
214.312
214.413
214.388
214.391
214.391
214.417
214.391
214.398
214.403
214.624
214.184
214.496
214.301
214.402
214.391
214.41
214.398
214.391
214.403
214.44
214.368
214.421
214.395
214.376
214.398
214.448
214.353
214.398
214.403
214.398
214.402
214.399
214.391
214.41
214.398
214.399
214.417
214.376
214.41
214.406
214.394
214.399
214.639
214.162
214.398
214.399
214.402
214.398
214.403
214.406
214.394
214.399
214.391
214.41
214.398
214.391
214.41
214.398
214.403
214.398
214.391
214.417
214.391
214.651
214.15
214.399
214.402
214.398
214.403
214.398
214.399
214.402
214.398
214.546
214.255
214.432
214.358
214.402
214.41
214.391
214.409
214.399
214.398
214.403
214.413
214.376
214.41
214.417
214.399
214.391
214.383
214.41
214.406
214.395
214.488
214.305
214.406
214.398
214.403
214.398
214.402
214.399
214.583
214.218
214.413
214.387
214.399
214.398
214.41
214.391
214.41
214.391
214.391
214.425
214.383
214.399
214.398
214.444
214.425
214.349
214.425
214.361
214.406
214.395
214.398
214.402
214.406
214.391
214.391
214.41
214.41
214.391
214.406
214.402
214.391
214.402
214.399
214.462
214.339
214.398
214.399
214.594
214.218
214.398
214.391
214.399
214.409
214.391
214.41
214.391
214.402
214.406
214.399
214.402
214.391
214.402
214.406
214.399
214.402
214.391
214.399
214.409
214.399
214.395
214.398
214.399
214.402
214.406
214.402
214.391
214.41
214.391
214.398
214.403
214.398
214.402
214.399
214.406
214.395
214.398
214.391
214.417
214.403
214.398
214.391
214.41
214.398
214.399
214.402
214.399
214.394
214.485
214.32
214.402
214.391
214.402
214.399
214.406
214.395
214.428
214.369
214.402
214.406
214.402
214.391
214.511
214.29
214.41
214.398
214.391
214.399
214.402
214.406
214.391
214.395
214.413
214.402
214.399
214.402
214.391
214.399
214.409
214.399
214.395
214.421
214.394
214.391
214.399
214.402
214.391
214.432
214.369
214.406
214.402
214.391
214.402
214.399
214.398
214.602
214.199
214.402
214.399
214.41
214.391
214.413
214.376
214.602
214.233
214.398
214.376
214.399
214.402
214.421
214.387
214.391
214.417
214.399
214.41
214.376
214.398
214.41
214.398
214.391
214.41
214.391
214.402
214.406
214.399
214.402
214.433
214.349
214.417
214.403
214.391
214.391
214.409
214.406
214.399
214.395
214.398
214.406
214.395
214.406
214.402
214.399
214.391
214.409
214.399
214.402
214.391
214.391
214.417
214.418
214.383
214.391
214.406
214.587
214.214
214.402
214.391
214.41
214.398
214.399
214.402
214.391
214.41
214.391
214.406
214.402
214.391
214.399
214.409
214.399
214.402
214.391
214.399
214.402
214.421
214.387
214.391
214.391
214.41
214.406
214.395
214.398
214.402
214.399
214.432
214.376
214.391
214.41
214.391
214.41
214.391
214.398
214.602
214.199
214.406
214.402
214.391
214.41
214.398
214.403
214.398
214.391
214.399
214.402
214.398
214.41
214.399
214.394
214.406
214.41
214.391
214.647
214.154
214.391
214.41
214.398
214.391
214.511
214.312
214.399
214.38
214.556
214.244
214.437
214.368
214.402
214.391
214.402
214.399
214.398
214.41
214.399
214.383
214.417
214.399
214.402
214.391
214.41
214.391
214.398
214.403
214.398
214.414
214.394
214.399
214.402
214.391
214.417
214.384
214.41
214.59
214.199
214.399
214.402
214.639
214.169
214.391
214.399
214.402
214.398
214.41
214.391
214.399
214.402
214.406
214.402
214.391
214.41
214.398
214.403
214.398
214.391
214.41
214.398
214.399
214.402
214.391
214.406
214.395
214.398
214.403
214.44
214.368
214.391
214.41
214.47
214.327
214.391
214.402
214.654
214.154
214.391
214.406
214.402
214.391
214.41
214.391
214.41
214.398
214.399
214.395
214.398
214.399
214.409
214.399
214.402
214.391
214.41
214.654
214.147
214.391
214.398
214.41
214.391
214.519
214.289
214.399
214.391
214.402
214.406
214.444
214.349
214.402
214.399
214.474
214.334
214.391
214.399
214.409
214.391
214.41
214.391
214.41
214.398
214.399
214.402
214.391
214.402
214.399
214.41
214.398
214.391
214.399
214.409
214.399
214.402
214.391
214.41
214.398
214.418
214.383
214.391
214.406
214.395
214.417
214.387
214.395
214.399
214.402
214.406
214.402
214.391
214.402
214.399
214.406
214.417
214.376
214.406
214.395
214.398
214.41
214.391
214.583
214.218
214.406
214.395
214.398
214.417
214.422
214.387
214.383
214.406
214.395
214.391
214.421
214.387
214.391
214.406
214.402
214.399
214.402
214.391
214.41
214.398
214.391
214.41
214.391
214.406
214.395
214.406
214.402
214.391
214.402
214.422
214.387
214.398
214.391
214.41
214.391
214.41
214.391
214.398
214.406
214.402
214.399
214.395
214.409
214.391
214.406
214.399
214.391
214.41
214.402
214.398
214.399
214.383
214.41
214.41
214.398
214.399
214.402
214.391
214.399
214.402
214.398
214.41
214.504
214.293
214.402
214.399
214.395
214.398
214.399
214.402
214.406
214.391
214.402
214.402
214.399
214.41
214.398
214.391
214.399
214.402
214.41
214.398
214.391
214.402
214.399
214.406
214.402
214.391
214.399
214.402
214.398
214.41
214.384
214.409
214.399
214.398
214.41
214.391
214.402
214.399
214.41
214.436
214.353
214.399
214.402
214.485
214.323
214.391
214.399
214.616
214.192
214.395
214.398
214.399
214.402
214.406
214.402
214.391
214.402
214.414
214.402
214.391
214.391
214.417
214.391
214.391
214.433
214.376
214.402
214.391
214.398
214.41
214.391
214.41
214.398
214.391
214.403
214.398
214.391
214.41
214.44
214.368
214.399
214.398
214.402
214.391
214.403
214.413
214.384
214.409
214.403
214.413
214.384
214.394
214.388
214.421
214.398
214.391
214.41
214.391
214.41
214.398
214.391
214.402
214.399
214.406
214.402
214.598
214.203
214.398
214.399
214.65
214.143
214.538
214.259
214.41
214.402
214.391
214.41
214.391
214.398
214.41
214.399
214.402
214.398
214.399
214.402
214.391
214.399
214.409
214.399
214.391
214.594
214.207
214.402
214.391
214.417
214.391
214.399
214.409
214.399
214.402
214.485
214.305
214.409
214.399
214.609
214.184
214.391
214.417
214.399
214.402
214.391
214.399
214.402
214.398
214.41
214.391
214.399
214.402
214.398
214.41
214.391
214.44
214.368
214.399
214.402
214.399
214.394
214.406
214.403
214.526
214.263
214.399
214.402
214.398
214.41
214.455
214.338
214.399
214.406
214.395
214.398
214.399
214.409
214.399
214.402
214.391
214.41
214.398
214.399
214.402
214.391
214.402
214.406
214.418
214.492
214.282
214.402
214.399
214.413
214.395
214.391
214.399
214.409
214.418
214.383
214.504
214.545
214.15
214.538
214.259
214.403
214.394
214.406
214.399
214.402
214.391
214.406
214.418
214.383
214.402
214.399
214.417
214.391
214.391
214.395
214.413
214.384
214.601
214.207
214.417
214.376
214.399
214.402
214.455
214.353
214.391
214.402
214.497
214.308
214.402
214.391
214.624
214.177
214.41
214.398
214.391
214.391
214.417
214.391
214.399
214.402
214.41
214.398
214.391
214.406
214.403
214.394
214.406
214.399
214.395
214.398
214.41
214.391
214.406
214.391
214.402
214.402
214.406
214.399
214.402
214.568
214.222
214.466
214.342
214.395
214.398
214.402
214.399
214.406
214.402
214.391
214.399
214.409
214.399
214.402
214.399
214.402
214.398
214.391
214.41
214.391
214.406
214.395
214.406
214.402
214.391
214.399
214.409
214.399
214.402
214.391
214.425
214.376
214.665
214.143
214.391
214.399
214.409
214.403
214.398
214.391
214.399
214.402
214.398
214.41
214.391
214.406
214.395
214.406
214.402
214.391
214.41
214.391
214.391
214.609
214.199
214.391
214.41
214.406
214.402
214.391
214.425
214.376
214.406
214.496
214.297
214.399
214.402
214.406
214.402
214.418
214.372
214.409
214.418
214.376
214.406
214.402
214.398
214.403
214.398
214.391
214.399
214.409
214.391
214.399
214.451
214.361
214.398
214.414
214.395
214.383
214.399
214.402
214.545
214.263
214.391
214.433
214.368
214.406
214.402
214.391
214.399
214.409
214.399
214.402
214.391
214.399
214.402
214.406
214.402
214.391
214.41
214.391
214.406
214.402
214.391
214.406
214.402
214.403
214.398
214.391
214.41
214.391
214.406
214.402
214.391
214.391
214.417
214.418
214.376
214.398
214.406
214.545
214.26
214.398
214.391
214.399
214.41
214.402
214.398
214.391
214.399
214.402
214.406
214.402
214.391
214.399
214.394
214.497
214.319
214.391
214.406
214.403
214.39
214.41
214.391
214.41
214.399
214.402
214.398
214.391
214.41
214.399
214.398
214.402
214.624
214.173
214.403
214.39
214.41
214.391
214.399
214.41
214.39
214.41
214.399
214.391
214.402
214.398
214.41
214.391
214.402
214.444
214.365
214.391
214.406
214.391
214.402
214.406
214.402
214.534
214.256
214.41
214.39
214.41
214.399
214.462
214.339
214.398
214.41
214.383
214.399
214.41
214.39
214.403
214.398
214.399
214.417
214.391
214.417
214.376
214.41
214.399
214.398
214.402
214.391
214.399
214.41
214.398
214.402
214.391
214.418
214.391
214.39
214.41
214.391
214.402
214.407
214.402
214.541
214.263
214.376
214.418
214.413
214.387
214.406
214.387
214.407
214.398
214.402
214.391
214.399
214.41
214.398
214.399
214.394
214.41
214.391
214.41
214.398
214.391
214.399
214.41
214.39
214.41
214.391
214.399
214.402
214.406
214.402
214.391
214.399
214.639
214.161
214.407
214.394
214.41
214.391
214.406
214.395
214.398
214.402
214.399
214.406
214.402
214.391
214.399
214.402
214.398
214.403
214.398
214.41
214.399
214.402
214.398
214.391
214.399
214.552
214.256
214.383
214.41
214.399
214.402
214.406
214.402
214.391
214.399
214.41
214.398
214.402
214.391
214.402
214.407
214.402
214.391
214.398
214.399
214.41
214.402
214.398
214.391
214.402
214.399
214.406
214.395
214.398
214.399
214.402
214.406
214.402
214.624
214.166
214.402
214.406
214.391
214.402
214.56
214.249
214.39
214.41
214.391
214.41
214.391
214.398
214.399
214.402
214.399
214.41
214.398
214.417
214.376
214.406
214.403
214.39
214.425
214.594
214.188
214.418
214.391
214.375
214.41
214.474
214.335
214.398
214.383
214.523
214.286
214.41
214.398
214.402
214.406
214.384
214.41
214.406
214.394
214.399
214.398
214.418
214.375
214.41
214.391
214.403
214.398
214.398
214.41
214.391
214.41
214.391
214.406
214.402
214.391
214.391
214.418
214.398
214.545
214.248
214.403
214.406
214.59
214.21
214.391
214.406
214.403
214.402
214.387
214.402
214.41
214.399
214.398
214.402
214.391
214.41
214.399
214.398
214.402
214.391
214.403
214.398
214.398
214.403
214.398
214.399
214.41
214.398
214.395
214.398
214.406
214.403
214.391
214.432
214.368
214.403
214.398
214.568
214.24
214.391
214.41
214.391
214.41
214.391
214.398
214.399
214.41
214.398
214.402
214.399
214.391
214.41
214.391
214.409
214.399
214.398
214.617
214.184
214.402
214.391
214.391
214.41
214.477
214.324
214.398
214.403
214.406
214.398
214.402
214.391
214.41
214.391
214.406
214.402
214.391
214.403
214.398
214.41
214.398
214.387
214.414
214.399
214.402
214.379
214.41
214.425
214.376
214.41
214.398
214.384
214.398
214.41
214.406
214.402
214.418
214.383
214.391
214.425
214.376
214.398
214.41
214.391
214.406
214.395
214.406
214.395
214.406
214.398
214.395
214.398
214.399
214.402
214.399
214.424
214.376
214.403
214.406
214.398
214.417
214.376
214.545
214.264
214.402
214.398
214.391
214.418
214.383
214.406
214.402
214.391
214.403
214.398
214.406
214.402
214.391
214.41
214.391
214.41
214.541
214.248
214.406
214.395
214.41
214.398
214.391
214.399
214.41
214.391
214.398
214.402
214.391
214.41
214.399
214.409
214.391
214.41
214.391
214.399
214.409
214.388
214.402
214.402
214.406
214.395
214.406
214.391
214.402
214.406
214.402
214.399
214.395
214.406
214.391
214.406
214.394
214.403
214.398
214.399
214.409
214.391
214.406
214.395
214.41
214.398
214.455
214.346
214.399
214.402
214.398
214.391
214.399
214.41
214.398
214.402
214.391
214.399
214.402
214.406
214.395
214.398
214.406
214.395
214.406
214.402
214.391
214.399
214.41
214.398
214.402
214.391
214.406
214.403
214.398
214.402
214.399
214.398
214.403
214.398
214.399
214.394
214.391
214.418
214.413
214.38
214.398
214.399
214.41
214.454
214.339
214.398
214.395
214.583
214.229
214.402
214.391
214.41
214.399
214.402
214.391
214.398
214.391
214.41
214.406
214.383
214.41
214.41
214.399
214.391
214.409
214.391
214.632
214.169
214.406
214.395
214.406
214.402
214.391
214.406
214.402
214.399
214.391
214.391
214.436
214.383
214.647
214.147
214.398
214.406
214.402
214.399
214.395
214.398
214.406
214.402
214.391
214.41
214.399
214.391
214.409
214.399
214.402
214.391
214.406
214.402
214.391
214.403
214.406
214.398
214.402
214.56
214.234
214.406
214.391
214.616
214.184
214.497
214.312
214.398
214.402
214.391
214.391
214.418
214.398
214.402
214.391
214.399
214.402
214.399
214.402
214.398
214.41
214.391
214.399
214.402
214.552
214.252
214.403
214.398
214.402
214.391
214.41
214.399
214.639
214.154
214.447
214.342
214.41
214.406
214.571
214.222
214.399
214.41
214.398
214.395
214.398
214.391
214.418
214.398
214.402
214.391
214.41
214.391
214.406
214.402
214.391
214.399
214.402
214.399
214.409
214.391
214.399
214.41
214.398
214.481
214.312
214.41
214.391
214.406
214.402
214.406
214.395
214.391
214.399
214.417
214.383
214.391
214.41
214.406
214.402
214.418
214.379
214.403
214.406
214.409
214.391
214.395
214.399
214.417
214.447
214.327
214.406
214.395
214.406
214.395
214.406
214.395
214.398
214.414
214.383
214.402
214.617
214.192
214.496
214.304
214.391
214.406
214.395
214.41
214.398
214.391
214.399
214.425
214.376
214.409
214.391
214.399
214.41
214.391
214.409
214.391
214.403
214.556
214.248
214.402
214.391
214.395
214.414
214.409
214.391
214.384
214.406
214.458
214.354
214.391
214.398
214.583
214.226
214.391
214.391
214.409
214.399
214.41
214.398
214.395
214.398
214.399
214.41
214.391
214.402
214.398
214.391
214.41
214.406
214.402
214.391
214.403
214.398
214.406
214.402
214.391
214.391
214.418
214.398
214.402
214.527
214.274
214.414
214.383
214.658
214.143
214.402
214.399
214.402
214.398
214.391
214.403
214.398
214.406
214.402
214.391
214.41
214.399
214.398
214.395
214.398
214.406
214.403
214.398
214.402
214.391
214.399
214.41
214.402
214.398
214.391
214.399
214.41
214.616
214.177
214.398
214.403
214.398
214.406
214.402
214.391
214.41
214.399
214.398
214.402
214.391
214.399
214.41
214.398
214.417
214.376
214.399
214.41
214.398
214.553
214.255
214.403
214.383
214.406
214.402
214.391
214.403
214.406
214.391
214.466
214.342
214.383
214.418
214.398
214.395
214.398
214.418
214.391
214.402
214.398
214.406
214.395
214.391
214.425
214.383
214.414
214.376
214.402
214.406
214.402
214.391
214.406
214.403
214.391
214.409
214.399
214.402
214.399
214.496
214.297
214.398
214.399
214.402
214.406
214.402
214.384
214.41
214.398
214.406
214.402
214.399
214.402
214.391
214.399
214.409
214.391
214.403
214.406
214.402
214.398
214.391
214.391
214.418
214.398
214.391
214.402
214.41
214.391
214.399
214.409
214.391
214.399
214.41
214.398
214.402
214.391
214.41
214.504
214.293
214.402
214.391
214.399
214.41
214.391
214.409
214.391
214.399
214.41
214.398
214.402
214.399
214.387
214.414
214.398
214.402
214.391
214.403
214.406
214.398
214.402
214.399
214.383
214.41
214.406
214.402
214.391
214.399
214.41
214.391
214.409
214.583
214.214
214.395
214.399
214.409
214.391
214.41
214.391
214.399
214.409
214.391
214.399
214.402
214.406
214.402
214.399
214.398
214.403
214.398
214.402
214.391
214.41
214.391
214.425
214.383
214.497
214.312
214.398
214.41
214.383
214.391
214.433
214.376
214.398
214.402
214.391
214.41
214.399
214.391
214.409
214.391
214.403
214.398
214.41
214.398
214.391
214.391
214.418
214.398
214.402
214.406
214.388
214.406
214.391
214.424
214.376
214.425
214.376
214.406
214.417
214.376
214.41
214.605
214.192
214.504
214.289
214.41
214.391
214.399
214.402
214.406
214.395
214.406
214.391
214.409
214.391
214.406
214.395
214.406
214.402
214.399
214.395
214.398
214.41
214.391
214.398
214.399
214.402
214.399
214.409
214.391
214.403
214.406
214.402
214.398
214.391
214.395
214.605
214.2
214.409
214.391
214.403
214.398
214.399
214.402
214.398
214.391
214.418
214.398
214.402
214.399
214.402
214.391
214.406
214.402
214.391
214.654
214.155
214.398
214.402
214.391
214.399
214.504
214.304
214.402
214.391
214.406
214.395
214.406
214.395
214.398
214.406
214.403
214.394
214.399
214.406
214.395
214.398
214.399
214.409
214.391
214.41
214.387
214.41
214.402
214.399
214.391
214.41
214.391
214.409
214.391
214.41
214.391
214.406
214.402
214.583
214.218
214.391
214.41
214.398
214.395
214.515
214.29
214.417
214.398
214.376
214.406
214.395
214.399
214.402
214.398
214.403
214.406
214.402
214.398
214.391
214.41
214.399
214.402
214.398
214.568
214.222
214.41
214.417
214.383
214.391
214.433
214.383
214.391
214.402
214.463
214.338
214.399
214.417
214.383
214.41
214.38
214.41
214.391
214.409
214.391
214.399
214.402
214.406
214.391
214.402
214.403
214.406
214.391
214.409
214.391
214.403
214.406
214.646
214.154
214.391
214.406
214.395
214.406
214.504
214.289
214.406
214.403
214.552
214.248
214.391
214.41
214.391
214.391
214.41
214.398
214.41
214.391
214.406
214.402
214.391
214.41
214.399
214.391
214.409
214.391
214.399
214.41
214.398
214.395
214.398
214.403
214.398
214.399
214.409
214.391
214.406
214.403
214.398
214.402
214.391
214.632
214.169
214.519
214.282
214.398
214.403
214.406
214.398
214.402
214.391
214.399
214.402
214.41
214.398
214.399
214.402
214.399
214.398
214.402
214.399
214.391
214.586
214.215
214.409
214.391
214.403
214.398
214.44
214.368
214.391
214.403
214.406
214.402
214.398
214.391
214.403
214.398
214.399
214.424
214.376
214.41
214.38
214.417
214.395
214.398
214.403
214.406
214.417
214.376
214.398
214.418
214.391
214.391
214.409
214.399
214.391
214.41
214.402
214.398
214.391
214.41
214.391
214.399
214.409
214.391
214.406
214.395
214.402
214.421
214.376
214.399
214.41
214.409
214.391
214.406
214.384
214.41
214.398
214.402
214.391
214.41
214.391
214.406
214.402
214.391
214.504
214.297
214.41
214.398
214.391
214.399
214.398
214.403
214.402
214.406
214.391
214.402
214.632
214.176
214.391
214.41
214.399
214.391
214.409
214.391
214.391
214.41
214.406
214.395
214.398
214.399
214.402
214.406
214.402
214.391
214.403
214.406
214.391
214.409
214.391
214.41
214.399
214.402
214.398
214.391
214.399
214.402
214.399
214.409
214.391
214.403
214.406
214.402
214.398
214.391
214.399
214.402
214.406
214.402
214.399
214.398
214.403
214.398
214.395
214.398
214.399
214.402
214.406
214.402
214.414
214.387
214.654
214.143
214.402
214.391
214.41
214.391
214.399
214.409
214.391
214.403
214.398
214.41
214.391
214.398
214.399
214.41
214.398
214.395
214.406
214.391
214.41
214.402
214.398
214.391
214.406
214.403
214.402
214.398
214.391
214.399
214.41
214.417
214.368
214.406
214.399
214.402
214.425
214.383
214.395
214.395
214.41
214.417
214.383
214.639
214.143
214.545
214.275
214.391
214.398
214.399
214.402
214.406
214.402
214.391
214.399
214.402
214.421
214.38
214.413
214.384
214.417
214.384
214.409
214.406
214.576
214.218
214.417
214.383
214.391
214.403
214.398
214.399
214.409
214.391
214.399
214.41
214.398
214.402
214.609
214.192
214.399
214.398
214.402
214.391
214.399
214.41
214.398
214.402
214.391
214.391
214.418
214.398
214.402
214.391
214.399
214.402
214.406
214.395
214.398
214.403
214.398
214.406
214.395
214.526
214.267
214.414
214.398
214.553
214.24
214.455
214.354
214.398
214.395
214.398
214.403
214.398
214.406
214.402
214.391
214.403
214.398
214.406
214.391
214.402
214.41
214.391
214.406
214.402
214.504
214.29
214.406
214.398
214.402
214.391
214.395
214.406
214.609
214.199
214.391
214.391
214.666
214.15
214.53
214.271
214.383
214.418
214.398
214.391
214.402
214.403
214.406
214.398
214.402
214.391
214.391
214.41
214.406
214.402
214.391
214.399
214.41
214.417
214.383
214.391
214.399
214.41
214.398
214.44
214.353
214.418
214.391
214.398
214.402
214.391
214.41
214.399
214.398
214.402
214.406
214.395
214.391
214.406
214.395
214.398
214.399
214.402
214.406
214.402
214.391
214.399
214.41
214.417
214.406
214.368
214.391
214.433
214.383
214.402
214.391
214.399
214.41
214.402
214.398
214.406
214.568
214.226
214.455
214.338
214.398
214.399
214.41
214.398
214.402
214.391
214.399
214.402
214.406
214.402
214.399
214.391
214.41
214.402
214.398
214.391
214.41
214.504
214.297
214.398
214.391
214.399
214.402
214.399
214.406
214.394
214.399
214.417
214.391
214.65
214.143
214.545
214.256
214.406
214.395
214.398
214.403
214.398
214.406
214.402
214.391
214.403
214.406
214.402
214.398
214.391
214.403
214.406
214.398
214.391
214.402
214.41
214.391
214.406
214.402
214.391
214.41
214.399
214.391
214.394
214.5
214.316
214.399
214.398
214.62
214.173
214.41
214.391
214.41
214.398
214.391
214.399
214.41
214.391
214.409
214.391
214.391
214.418
214.398
214.402
214.391
214.41
214.391
214.41
214.398
214.391
214.399
214.402
214.391
214.41
214.398
214.399
214.402
214.59
214.211
214.398
214.399
214.41
214.417
214.398
214.376
214.406
214.403
214.391
214.402
214.398
214.41
214.399
214.398
214.417
214.376
214.406
214.403
214.402
214.511
214.278
214.399
214.402
214.41
214.398
214.391
214.399
214.402
214.406
214.432
214.361
214.399
214.402
214.425
214.383
214.391
214.403
214.421
214.391
214.394
214.391
214.399
214.41
214.398
214.387
214.406
214.403
214.398
214.406
214.402
214.391
214.399
214.402
214.406
214.384
214.409
214.403
214.406
214.447
214.353
214.391
214.391
214.418
214.398
214.395
214.398
214.406
214.403
214.394
214.406
214.391
214.395
214.406
214.406
214.402
214.391
214.399
214.41
214.398
214.395
214.406
214.383
214.418
214.398
214.384
214.409
214.399
214.402
214.406
214.402
214.391
214.391
214.418
214.391
214.409
214.391
214.391
214.482
214.327
214.409
214.391
214.391
214.418
214.402
214.398
214.391
214.41
214.391
214.406
214.402
214.391
214.406
214.395
214.406
214.399
214.387
214.413
214.395
214.406
214.402
214.391
214.403
214.406
214.391
214.624
214.176
214.403
214.398
214.662
214.139
214.549
214.248
214.41
214.391
214.409
214.391
214.399
214.402
214.399
214.402
214.413
214.41
214.384
214.398
214.417
214.376
214.41
214.399
214.398
214.417
214.376
214.403
214.413
214.391
214.395
214.462
214.331
214.406
214.41
214.398
214.391
214.399
214.41
214.398
214.417
214.376
214.403
214.398
214.417
214.384
214.398
214.406
214.395
214.41
214.413
214.376
214.399
214.41
214.398
214.402
214.391
214.403
214.391
214.417
214.398
214.399
214.391
214.41
214.398
214.402
214.399
214.402
214.583
214.214
214.466
214.335
214.391
214.41
214.398
214.395
214.398
214.41
214.391
214.399
214.409
214.391
214.406
214.395
214.399
214.409
214.391
214.403
214.398
214.406
214.384
214.409
214.41
214.399
214.402
214.391
214.398
214.624
214.185
214.391
214.402
214.398
214.399
214.56
214.248
214.402
214.391
214.41
214.391
214.406
214.402
214.391
214.399
214.41
214.398
214.402
214.391
214.399
214.41
214.398
214.402
214.391
214.609
214.2
214.398
214.402
214.391
214.399
214.474
214.327
214.409
214.391
214.399
214.402
214.399
214.402
214.398
214.399
214.41
214.398
214.402
214.391
214.403
214.406
214.398
214.402
214.391
214.399
214.425
214.383
214.384
214.409
214.406
214.395
214.421
214.387
214.391
214.399
214.41
214.391
214.409
214.534
214.256
214.402
214.414
214.394
214.391
214.478
214.331
214.398
214.391
214.402
214.403
214.398
214.406
214.395
214.398
214.418
214.383
214.41
214.391
214.398
214.41
214.399
214.402
214.398
214.527
214.274
214.414
214.376
214.409
214.406
214.388
214.398
214.632
214.165
214.432
214.376
214.403
214.402
214.38
214.409
214.41
214.391
214.406
214.402
214.391
214.399
214.402
214.406
214.402
214.391
214.403
214.406
214.398
214.395
214.455
214.353
214.391
214.617
214.191
214.391
214.399
214.41
214.398
214.466
214.335
214.391
214.402
214.511
214.297
214.391
214.41
214.391
214.406
214.395
214.398
214.403
214.398
214.406
214.402
214.391
214.399
214.402
214.406
214.402
214.399
214.383
214.41
214.406
214.384
214.409
214.41
214.391
214.406
214.395
214.398
214.391
214.418
214.391
214.409
214.391
214.602
214.199
214.478
214.33
214.391
214.406
214.403
214.391
214.402
214.398
214.403
214.398
214.406
214.395
214.398
214.403
214.398
214.41
214.398
214.391
214.403
214.533
214.271
214.402
214.391
214.41
214.399
214.398
214.402
214.391
214.41
214.391
214.406
214.402
214.391
214.41
214.391
214.406
214.402
214.399
214.398
214.403
214.398
214.402
214.391
214.41
214.399
214.398
214.402
214.391
214.391
214.418
214.417
214.376
214.421
214.387
214.399
214.402
214.413
214.391
214.38
214.414
214.406
214.376
214.409
214.391
214.425
214.384
214.409
214.391
214.399
214.41
214.391
214.406
214.402
214.391
214.402
214.406
214.402
214.391
214.406
214.395
214.406
214.402
214.391
214.467
214.342
214.402
214.398
214.391
214.41
214.391
214.41
214.398
214.391
214.391
214.41
214.602
214.206
214.391
214.399
214.41
214.398
214.395
214.398
214.406
214.403
214.398
214.402
214.391
214.399
214.402
214.399
214.409
214.391
214.406
214.395
214.399
214.409
214.391
214.406
214.395
214.406
214.402
214.391
214.406
214.636
214.165
214.402
214.391
214.41
214.391
214.399
214.402
214.406
214.391
214.41
214.398
214.402
214.391
214.391
214.418
214.398
214.402
214.391
214.41
214.391
214.406
214.395
214.398
214.399
214.616
214.192
214.402
214.391
214.41
214.391
214.406
214.402
214.391
214.406
214.403
214.398
214.402
214.391
214.647
214.154
214.406
214.402
214.406
214.388
214.398
214.406
214.402
214.399
214.398
214.395
214.421
214.402
214.391
214.395
214.391
214.41
214.391
214.398
214.41
214.391
214.41
214.391
214.398
214.399
214.402
214.406
214.402
214.602
214.214
214.463
214.319
214.402
214.391
214.418
214.391
214.391
214.424
214.376
214.403
214.398
214.406
214.402
214.399
214.402
214.399
214.398
214.384
214.409
214.546
214.263
214.398
214.399
214.394
214.403
214.406
214.402
214.391
214.398
214.403
214.398
214.406
214.402
214.568
214.222
214.41
214.398
214.399
214.394
214.41
214.399
214.398
214.391
214.41
214.402
214.399
214.391
214.409
214.391
214.41
214.399
214.398
214.628
214.165
214.399
214.41
214.398
214.395
214.485
214.323
214.399
214.391
214.53
214.27
214.418
214.391
214.398
214.395
214.398
214.403
214.406
214.398
214.395
214.398
214.406
214.403
214.398
214.395
214.391
214.41
214.398
214.41
214.391
214.47
214.331
214.406
214.402
214.398
214.391
214.41
214.391
214.568
214.24
214.391
214.391
214.617
214.199
214.489
214.312
214.391
214.41
214.398
214.402
214.391
214.403
214.398
214.406
214.402
214.391
214.406
214.403
214.398
214.395
214.406
214.398
214.403
214.402
214.391
214.413
214.399
214.395
214.398
214.402
214.391
214.647
214.154
214.399
214.409
214.391
214.399
214.41
214.391
214.409
214.391
214.425
214.376
214.425
214.383
214.391
214.399
214.41
214.417
214.376
214.391
214.417
214.391
214.425
214.376
214.398
214.632
214.169
214.41
214.398
214.391
214.41
214.391
214.41
214.387
214.402
214.538
214.263
214.417
214.391
214.647
214.147
214.398
214.406
214.384
214.409
214.399
214.41
214.398
214.402
214.399
214.395
214.406
214.391
214.409
214.391
214.41
214.47
214.331
214.398
214.391
214.41
214.399
214.398
214.402
214.391
214.41
214.391
214.406
214.609
214.184
214.504
214.305
214.398
214.402
214.391
214.41
214.399
214.398
214.402
214.399
214.391
214.402
214.406
214.402
214.391
214.399
214.41
214.398
214.402
214.391
214.406
214.395
214.406
214.402
214.391
214.399
214.402
214.654
214.147
214.455
214.349
214.403
214.394
214.579
214.218
214.41
214.399
214.398
214.402
214.391
214.391
214.418
214.398
214.391
214.402
214.399
214.402
214.406
214.391
214.402
214.425
214.376
214.639
214.162
214.398
214.403
214.406
214.417
214.383
214.391
214.418
214.398
214.538
214.248
214.398
214.41
214.391
214.391
214.417
214.391
214.41
214.391
214.406
214.402
214.391
214.41
214.399
214.432
214.553
214.206
214.44
214.361
214.399
214.481
214.334
214.399
214.387
214.406
214.395
214.398
214.403
214.406
214.402
214.398
214.391
214.399
214.402
214.406
214.402
214.391
214.399
214.402
214.399
214.409
214.391
214.399
214.402
214.406
214.391
214.425
214.417
214.399
214.387
214.414
214.36
214.399
214.417
214.418
214.364
214.425
214.432
214.339
214.44
214.39
214.647
214.139
214.421
214.369
214.65
214.184
214.365
214.428
214.576
214.229
214.538
214.236
214.425
214.376
214.41
214.391
214.402
214.391
214.406
214.395
214.398
214.418
214.383
214.41
214.398
214.391
214.459
214.35
214.402
214.398
214.391
214.399
214.402
214.406
214.402
214.391
214.41
214.421
214.376
214.666
214.127
214.399
214.41
214.398
214.402
214.414
214.387
214.399
214.398
214.402
214.425
214.384
214.398
214.41
214.383
214.406
214.433
214.511
214.275
214.39
214.41
214.474
214.519
214.214
214.376
214.402
214.557
214.304
214.338
214.399
214.504
214.312
214.368
214.425
214.406
214.368
214.512
214.304
214.489
214.293
214.402
214.395
214.399
214.44
214.36
214.406
214.399
214.432
214.361
214.41
214.398
214.399
214.417
214.711
214.067
214.429
214.387
214.406
214.376
214.406
214.41
214.395
214.398
214.391
214.425
214.383
214.399
214.402
214.391
214.41
214.398
214.406
214.395
214.391
214.41
214.398
214.41
214.391
214.391
214.41
214.398
214.41
214.639
214.143
214.489
214.319
214.403
214.398
214.391
214.406
214.402
214.403
214.541
214.256
214.432
214.368
214.403
214.398
214.399
214.402
214.398
214.391
214.41
214.399
214.402
214.398
214.399
214.402
214.399
214.398
214.402
214.399
214.402
214.399
214.402
214.398
214.41
214.391
214.395
214.406
214.398
214.609
214.192
214.399
214.409
214.399
214.398
214.504
214.29
214.409
214.391
214.406
214.395
214.399
214.391
214.409
214.41
214.391
214.399
214.394
214.406
214.41
214.391
214.402
214.406
214.399
214.56
214.248
214.395
214.398
214.391
214.403
214.421
214.376
214.409
214.391
214.41
214.391
214.399
214.409
214.391
214.41
214.391
214.406
214.402
214.391
214.41
214.391
214.399
214.409
214.391
214.41
214.406
214.399
214.394
214.399
214.417
214.376
214.41
214.647
214.142
214.41
214.391
214.399
214.402
214.504
214.3
214.403
214.391
214.409
214.391
214.44
214.361
214.417
214.407
214.375
214.406
214.403
214.391
214.409
214.391
214.425
214.376
214.406
214.402
214.399
214.402
214.391
214.406
214.402
214.478
214.323
214.399
214.391
214.409
214.391
214.406
214.395
214.59
214.218
214.399
214.402
214.391
214.399
214.409
214.391
214.403
214.398
214.399
214.409
214.391
214.41
214.391
214.406
214.402
214.399
214.391
214.41
214.383
214.417
214.448
214.349
214.395
214.575
214.226
214.406
214.395
214.398
214.399
214.432
214.376
214.402
214.391
214.463
214.345
214.399
214.402
214.399
214.398
214.402
214.399
214.402
214.391
214.406
214.399
214.402
214.395
214.398
214.399
214.409
214.399
214.391
214.402
214.399
214.409
214.399
214.647
214.225
214.342
214.387
214.399
214.391
214.402
214.41
214.398
214.391
214.553
214.256
214.432
214.368
214.399
214.398
214.395
214.399
214.402
214.398
214.403
214.398
214.399
214.394
214.414
214.402
214.391
214.399
214.402
214.406
214.402
214.485
214.324
214.39
214.391
214.41
214.391
214.406
214.402
214.399
214.391
214.402
214.399
214.409
214.391
214.399
214.402
214.399
214.409
214.391
214.425
214.384
214.391
214.409
214.391
214.406
214.395
214.399
214.394
214.414
214.417
214.376
214.425
214.372
214.417
214.384
214.402
214.406
214.395
214.398
214.41
214.399
214.391
214.409
214.391
214.41
214.391
214.399
214.406
214.394
214.41
214.391
214.399
214.409
214.391
214.41
214.391
214.406
214.402
214.399
214.402
214.391
214.399
214.391
214.409
214.406
214.403
214.398
214.402
214.391
214.406
214.395
214.399
214.409
214.391
214.41
214.391
214.56
214.248
214.399
214.383
214.418
214.391
214.409
214.399
214.398
214.403
214.391
214.409
214.399
214.402
214.391
214.399
214.409
214.391
214.41
214.391
214.399
214.409
214.391
214.41
214.391
214.402
214.406
214.399
214.398
214.594
214.2
214.409
214.391
214.64
214.161
214.399
214.409
214.391
214.403
214.398
214.399
214.53
214.263
214.447
214.361
214.391
214.417
214.391
214.406
214.395
214.391
214.41
214.406
214.398
214.579
214.215
214.409
214.399
214.402
214.391
214.399
214.425
214.383
214.417
214.376
214.399
214.409
214.391
214.609
214.207
214.399
214.394
214.399
214.391
214.402
214.399
214.409
214.399
214.417
214.433
214.342
214.425
214.375
214.41
214.391
214.406
214.402
214.655
214.146
214.399
214.398
214.402
214.391
214.406
214.395
214.399
214.409
214.557
214.24
214.444
214.357
214.395
214.406
214.391
214.402
214.399
214.409
214.399
214.391
214.402
214.406
214.395
214.398
214.399
214.41
214.391
214.409
214.399
214.496
214.297
214.41
214.549
214.248
214.395
214.398
214.399
214.409
214.399
214.402
214.399
214.639
214.161
214.576
214.289
214.327
214.391
214.417
214.391
214.41
214.391
214.399
214.402
214.398
214.41
214.391
214.399
214.409
214.391
214.41
214.391
214.391
214.602
214.206
214.41
214.391
214.399
214.409
214.44
214.357
214.395
214.399
214.488
214.32
214.402
214.391
214.406
214.402
214.399
214.417
214.384
214.398
214.402
214.399
214.391
214.402
214.399
214.409
214.391
214.399
214.402
214.406
214.395
214.432
214.391
214.376
214.391
214.417
214.399
214.391
214.402
214.527
214.281
214.391
214.41
214.56
214.237
214.451
214.342
214.41
214.391
214.406
214.418
214.375
214.406
214.403
214.391
214.402
214.398
214.399
214.425
214.383
214.403
214.398
214.402
214.391
214.399
214.41
214.398
214.402
214.391
214.399
214.417
214.383
214.61
214.191
214.391
214.418
214.39
214.41
214.406
214.391
214.403
214.398
214.417
214.391
214.384
214.402
214.406
214.402
214.391
214.399
214.398
214.402
214.41
214.391
214.399
214.41
214.39
214.594
214.215
214.391
214.41
214.39
214.41
214.391
214.399
214.402
214.398
214.497
214.304
214.399
214.41
214.609
214.191
214.391
214.399
214.41
214.39
214.406
214.403
214.383
214.418
214.39
214.399
214.402
214.399
214.41
214.402
214.398
214.425
214.372
214.395
214.406
214.402
214.391
214.399
214.402
214.406
214.402
214.391
214.399
214.567
214.233
214.455
214.346
214.399
214.402
214.398
214.403
214.406
214.391
214.402
214.406
214.402
214.391
214.391
214.41
214.406
214.402
214.391
214.399
214.402
214.398
214.407
214.394
214.399
214.41
214.39
214.41
214.399
214.609
214.192
214.406
214.409
214.384
214.383
214.553
214.255
214.403
214.398
214.402
214.407
214.398
214.395
214.398
214.402
214.407
214.409
214.406
214.376
214.406
214.403
214.39
214.425
214.376
214.598
214.226
214.375
214.41
214.391
214.399
214.41
214.398
214.391
214.402
214.496
214.313
214.398
214.402
214.613
214.177
214.41
214.398
214.402
214.391
214.399
214.41
214.39
214.407
214.402
214.41
214.406
214.375
214.407
214.394
214.399
214.44
214.36
214.41
214.391
214.41
214.391
214.406
214.402
214.399
214.391
214.402
214.398
214.407
214.394
214.399
214.402
214.406
214.402
214.399
214.391
214.41
214.39
214.41
214.399
214.391
214.41
214.39
214.41
214.391
214.399
214.41
214.39
214.41
214.391
214.399
214.41
214.398
214.391
214.41
214.398
214.395
214.613
214.192
214.394
214.406
214.658
214.143
214.383
214.41
214.399
214.402
214.398
214.407
214.402
214.383
214.418
214.398
214.399
214.394
214.399
214.41
214.398
214.402
214.391
214.399
214.41
214.39
214.41
214.391
214.399
214.41
214.39
214.41
214.399
214.383
214.41
214.398
214.403
214.406
214.391
214.624
214.176
214.399
214.41
214.391
214.402
214.398
214.41
214.391
214.399
214.41
214.39
214.403
214.413
214.391
214.403
214.398
214.383
214.41
214.406
214.403
214.39
214.391
214.41
214.418
214.526
214.263
214.402
214.391
214.59
214.219
214.462
214.338
214.391
214.391
214.41
214.399
214.409
214.391
214.406
214.403
214.398
214.399
214.394
214.399
214.425
214.383
214.417
214.376
214.399
214.402
214.399
214.398
214.41
214.391
214.41
214.398
214.399
214.62
214.173
214.41
214.391
214.402
214.398
214.399
214.41
214.391
214.409
214.399
214.402
214.391
214.406
214.399
214.402
214.398
214.395
214.399
214.402
214.398
214.399
214.41
214.391
214.406
214.601
214.199
214.395
214.406
214.391
214.402
214.399
214.41
214.391
214.398
214.508
214.293
214.398
214.403
214.409
214.399
214.383
214.418
214.398
214.391
214.41
214.391
214.41
214.398
214.402
214.399
214.391
214.41
214.398
214.399
214.394
214.399
214.398
214.41
214.391
214.402
214.391
214.41
214.399
214.545
214.263
214.391
214.402
214.406
214.402
214.463
214.327
214.41
214.391
214.406
214.394
214.399
214.41
214.391
214.409
214.399
214.391
214.41
214.398
214.399
214.394
214.399
214.41
214.398
214.523
214.27
214.399
214.402
214.399
214.406
214.394
214.406
214.624
214.177
214.391
214.395
214.413
214.395
214.406
214.417
214.376
214.403
214.413
214.384
214.424
214.376
214.399
214.41
214.398
214.402
214.391
214.406
214.403
214.391
214.424
214.384
214.398
214.403
214.391
214.406
214.394
214.414
214.387
214.462
214.346
214.391
214.414
214.395
214.391
214.406
214.394
214.647
214.162
214.391
214.409
214.391
214.399
214.402
214.406
214.402
214.391
214.399
214.41
214.391
214.409
214.391
214.406
214.391
214.459
214.353
214.391
214.399
214.41
214.398
214.391
214.41
214.541
214.252
214.399
214.406
214.394
214.399
214.41
214.398
214.391
214.402
214.399
214.41
214.398
214.402
214.391
214.391
214.41
214.406
214.391
214.402
214.391
214.425
214.391
214.402
214.391
214.519
214.278
214.41
214.402
214.391
214.399
214.402
214.399
214.398
214.402
214.433
214.376
214.391
214.39
214.418
214.391
214.41
214.391
214.409
214.391
214.399
214.41
214.391
214.409
214.391
214.399
214.41
214.398
214.402
214.391
214.399
214.402
214.406
214.609
214.184
214.399
214.402
214.399
214.409
214.391
214.399
214.41
214.398
214.519
214.274
214.399
214.41
214.631
214.158
214.41
214.398
214.403
214.406
214.391
214.417
214.383
214.395
214.414
214.394
214.391
214.418
214.391
214.398
214.402
214.448
214.342
214.41
214.398
214.402
214.391
214.399
214.41
214.398
214.402
214.391
214.406
214.395
214.421
214.387
214.391
214.399
214.425
214.383
214.402
214.391
214.399
214.425
214.376
214.398
214.402
214.399
214.41
214.398
214.399
214.394
214.399
214.41
214.391
214.402
214.406
214.391
214.41
214.398
214.399
214.402
214.624
214.177
214.391
214.409
214.399
214.391
214.402
214.399
214.409
214.391
214.391
214.418
214.391
214.409
214.391
214.399
214.41
214.398
214.402
214.399
214.391
214.41
214.391
214.409
214.399
214.391
214.402
214.406
214.402
214.399
214.391
214.425
214.383
214.402
214.391
214.519
214.29
214.391
214.409
214.639
214.151
214.41
214.391
214.402
214.398
214.399
214.402
214.399
214.409
214.391
214.399
214.41
214.391
214.409
214.391
214.391
214.418
214.391
214.398
214.402
214.399
214.402
214.399
214.406
214.556
214.237
214.41
214.398
214.594
214.207
214.391
214.402
214.406
214.395
214.406
214.391
214.41
214.391
214.406
214.402
214.398
214.403
214.391
214.406
214.409
214.391
214.418
214.383
214.402
214.534
214.263
214.403
214.417
214.383
214.391
214.399
214.41
214.391
214.398
214.402
214.406
214.403
214.394
214.564
214.241
214.413
214.388
214.406
214.391
214.409
214.391
214.403
214.391
214.409
214.391
214.406
214.403
214.413
214.38
214.398
214.391
214.418
214.616
214.177
214.398
214.399
214.41
214.391
214.409
214.391
214.399
214.41
214.511
214.282
214.406
214.383
214.41
214.406
214.399
214.394
214.399
214.41
214.398
214.402
214.391
214.406
214.403
214.398
214.402
214.391
214.406
214.403
214.391
214.466
214.334
214.399
214.41
214.398
214.402
214.399
214.391
214.41
214.391
214.409
214.391
214.609
214.192
214.489
214.316
214.394
214.399
214.537
214.312
214.376
214.376
214.399
214.398
214.403
214.409
214.391
214.399
214.41
214.391
214.391
214.409
214.399
214.552
214.249
214.409
214.399
214.391
214.41
214.398
214.402
214.399
214.391
214.44
214.361
214.398
214.41
214.383
214.418
214.391
214.409
214.399
214.398
214.395
214.399
214.409
214.391
214.406
214.403
214.398
214.402
214.391
214.391
214.418
214.398
214.399
214.627
214.166
214.41
214.391
214.409
214.414
214.466
214.32
214.413
214.402
214.519
214.256
214.417
214.406
214.635
214.143
214.399
214.41
214.391
214.409
214.391
214.399
214.41
214.391
214.409
214.414
214.376
214.425
214.383
214.402
214.391
214.406
214.403

------------------------------------------------------------------------------------------------------------------------------------------------
max val(#17) = 964.24us
min val(#185) = 214.03us
peak-to-peak = 750.21us
mean +- RMS = 214.51 +- 8.45 us

packet size: 516
number of packets: 10000
RATE = 19243.50kbps, PPS = 4661.7
