Destination address set to 01:1B:19:00:00:00
Defaults: 01:1B:19:00:00:00 or 01:80:C2:00:00:0E
SIOCSHWTSTAMP: tx_type 1 requested, got 1; rx_filter 0 requested, got 0
setting ts_flags: 0x53
new ts_flags: 0x53


gap of hw tx time, us: packets 10000:
------------------------------------------------------------------------------------------------------------------------------------------------
0
214.248
214.433
214.364
214.402
214.391
214.403
214.398
214.432
214.361
214.406
214.399
214.436
214.492
214.271
214.425
214.38
214.492
214.338
214.365
214.41
214.402
214.399
214.376
214.552
214.278
214.376
214.452
214.526
214.233
214.406
214.383
214.41
214.417
214.688
214.102
214.383
214.41
214.399
214.402
214.372
214.436
214.399
214.409
214.365
214.425
214.383
214.425
214.361
214.432
214.376
214.433
214.391
214.432
214.376
214.376
214.44
214.391
214.402
214.376
214.462
214.354
214.398
214.395
214.398
214.399
214.398
214.41
214.387
214.399
214.406
214.395
214.398
214.504
214.304
214.414
214.383
214.459
214.602
214.142
214.399
214.402
214.399
214.398
214.41
214.391
214.391
214.44
214.372
214.406
214.391
214.402
214.504
214.286
214.409
214.425
214.903
213.894
214.466
214.335
214.617
214.191
214.602
214.184
214.414
214.375
214.41
214.399
214.376
214.402
214.398
214.41
214.391
214.406
214.434
214.374
214.452
214.364
214.376
214.433
214.375
214.523
214.327
214.376
214.406
214.459
214.304
214.429
214.368
214.395
214.376
214.489
214.334
214.41
214.366
214.48
214.346
214.398
214.414
214.421
214.364
214.396
214.39
214.421
214.402
214.399
214.511
214.29
214.56
214.263
214.391
214.41
214.368
214.417
214.613
214.181
214.413
214.399
214.387
214.38
214.409
214.399
214.402
214.41
214.391
214.406
214.391
214.395
214.398
214.41
214.406
214.402
214.399
214.402
214.38
214.417
214.391
214.41
214.391
214.402
214.398
214.399
214.402
214.526
214.271
214.395
214.406
214.41
214.394
214.5
214.297
214.632
214.177
214.383
214.417
214.384
214.41
214.398
214.406
214.395
214.406
214.402
214.38
214.41
214.391
214.417
214.383
214.41
214.399
214.402
214.406
214.41
214.391
214.398
214.41
214.406
214.609
214.192
214.383
214.387
214.414
214.395
214.398
214.391
214.504
214.312
214.383
214.41
214.406
214.395
214.398
214.399
214.395
214.406
214.402
214.406
214.395
214.406
214.402
214.391
214.398
214.399
214.41
214.383
214.399
214.417
214.425
214.488
214.282
214.399
214.398
214.399
214.417
214.395
214.383
214.681
214.135
214.399
214.398
214.402
214.399
214.402
214.399
214.391
214.409
214.391
214.406
214.403
214.383
214.41
214.406
214.395
214.413
214.395
214.391
214.421
214.395
214.413
214.387
214.406
214.602
214.18
214.41
214.399
214.387
214.44
214.368
214.399
214.391
214.402
214.406
214.398
214.395
214.399
214.409
214.399
214.391
214.41
214.391
214.409
214.391
214.403
214.398
214.406
214.402
214.391
214.41
214.399
214.398
214.395
214.41
214.391
214.406
214.391
214.402
214.406
214.391
214.402
214.406
214.587
214.206
214.482
214.334
214.395
214.383
214.406
214.399
214.489
214.338
214.376
214.406
214.395
214.413
214.402
214.391
214.391
214.418
214.398
214.395
214.406
214.391
214.383
214.425
214.384
214.417
214.391
214.402
214.399
214.417
214.391
214.391
214.41
214.398
214.399
214.409
214.384
214.391
214.41
214.391
214.409
214.399
214.391
214.417
214.384
214.402
214.421
214.395
214.383
214.406
214.41
214.41
214.391
214.391
214.394
214.391
214.414
214.402
214.399
214.394
214.399
214.406
214.391
214.417
214.391
214.395
214.41
214.398
214.632
214.158
214.402
214.406
214.391
214.41
214.398
214.395
214.398
214.41
214.399
214.394
214.414
214.383
214.41
214.406
214.391
214.384
214.424
214.395
214.399
214.394
214.399
214.398
214.403
214.406
214.391
214.402
214.406
214.398
214.425
214.395
214.383
214.399
214.395
214.406
214.402
214.398
214.399
214.395
214.406
214.417
214.399
214.383
214.41
214.391
214.398
214.384
214.409
214.41
214.406
214.391
214.391
214.402
214.467
214.334
214.41
214.391
214.406
214.395
214.406
214.391
214.567
214.241
214.56
214.233
214.406
214.395
214.406
214.383
214.41
214.406
214.395
214.398
214.418
214.383
214.399
214.409
214.391
214.403
214.398
214.417
214.384
214.44
214.398
214.361
214.406
214.402
214.384
214.41
214.398
214.406
214.395
214.519
214.285
214.403
214.398
214.395
214.406
214.395
214.398
214.406
214.41
214.41
214.379
214.403
214.402
214.398
214.399
214.402
214.414
214.391
214.387
214.398
214.418
214.391
214.402
214.398
214.399
214.402
214.628
214.18
214.384
214.398
214.391
214.425
214.391
214.395
214.398
214.391
214.425
214.384
214.402
214.406
214.402
214.399
214.398
214.395
214.406
214.402
214.399
214.402
214.383
214.414
214.395
214.406
214.398
214.41
214.376
214.41
214.413
214.384
214.402
214.398
214.41
214.406
214.384
214.394
214.406
214.41
214.414
214.376
214.402
214.575
214.233
214.391
214.41
214.414
214.39
214.395
214.399
214.398
214.384
214.417
214.398
214.41
214.391
214.402
214.418
214.383
214.406
214.391
214.41
214.391
214.56
214.233
214.406
214.395
214.398
214.403
214.526
214.282
214.406
214.391
214.65
214.151
214.391
214.402
214.406
214.395
214.391
214.413
214.395
214.413
214.384
214.41
214.402
214.383
214.414
214.402
214.399
214.398
214.395
214.406
214.395
214.406
214.402
214.632
214.165
214.41
214.398
214.391
214.395
214.605
214.196
214.488
214.32
214.38
214.409
214.403
214.406
214.383
214.417
214.467
214.323
214.417
214.391
214.384
214.428
214.399
214.59
214.218
214.383
214.399
214.383
214.418
214.398
214.402
214.399
214.383
214.41
214.399
214.409
214.418
214.391
214.391
214.575
214.218
214.425
214.372
214.402
214.406
214.402
214.399
214.398
214.395
214.399
214.402
214.406
214.417
214.41
214.372
214.745
214.048
214.41
214.399
214.44
214.353
214.406
214.639
214.162
214.391
214.402
214.417
214.391
214.399
214.398
214.53
214.263
214.418
214.391
214.646
214.154
214.391
214.403
214.413
214.384
214.409
214.399
214.402
214.391
214.418
214.383
214.406
214.395
214.406
214.391
214.402
214.398
214.399
214.402
214.418
214.39
214.399
214.643
214.158
214.398
214.395
214.816
214
214.383
214.41
214.485
214.312
214.395
214.413
214.395
214.398
214.391
214.418
214.398
214.395
214.391
214.398
214.403
214.406
214.391
214.394
214.406
214.403
214.406
214.537
214.271
214.553
214.24
214.478
214.312
214.409
214.399
214.402
214.414
214.432
214.338
214.598
214.211
214.582
214.215
214.409
214.391
214.41
214.391
214.41
214.391
214.406
214.402
214.399
214.394
214.406
214.407
214.488
214.297
214.41
214.398
214.391
214.418
214.398
214.403
214.39
214.418
214.379
214.403
214.398
214.459
214.35
214.402
214.398
214.403
214.383
214.654
214.147
214.406
214.41
214.39
214.418
214.379
214.403
214.391
214.391
214.425
214.383
214.395
214.413
214.395
214.406
214.383
214.425
214.384
214.409
214.399
214.395
214.406
214.398
214.395
214.398
214.41
214.399
214.398
214.387
214.406
214.504
214.305
214.391
214.391
214.417
214.402
214.399
214.394
214.399
214.406
214.41
214.391
214.398
214.395
214.406
214.402
214.399
214.383
214.41
214.406
214.391
214.395
214.432
214.47
214.312
214.395
214.406
214.391
214.402
214.455
214.346
214.406
214.398
214.572
214.244
214.387
214.399
214.417
214.383
214.399
214.41
214.383
214.399
214.402
214.406
214.398
214.395
214.399
214.409
214.391
214.406
214.395
214.402
214.399
214.398
214.41
214.568
214.229
214.402
214.391
214.418
214.391
214.526
214.267
214.421
214.376
214.402
214.406
214.387
214.414
214.395
214.406
214.391
214.409
214.391
214.418
214.391
214.398
214.402
214.399
214.402
214.399
214.8
214
214.391
214.399
214.402
214.414
214.395
214.654
214.135
214.402
214.425
214.376
214.421
214.383
214.41
214.497
214.297
214.39
214.418
214.383
214.425
214.376
214.425
214.376
214.406
214.398
214.403
214.406
214.394
214.399
214.41
214.391
214.39
214.418
214.383
214.399
214.402
214.398
214.497
214.319
214.384
214.391
214.417
214.402
214.391
214.41
214.59
214.207
214.575
214.218
214.399
214.41
214.39
214.403
214.398
214.406
214.403
214.39
214.399
214.41
214.402
214.38
214.409
214.403
214.406
214.398
214.403
214.39
214.399
214.417
214.384
214.586
214.214
214.403
214.398
214.406
214.403
214.56
214.236
214.429
214.368
214.407
214.398
214.402
214.391
214.406
214.395
214.406
214.395
214.398
214.425
214.368
214.433
214.398
214.376
214.406
214.395
214.398
214.41
214.406
214.384
214.402
214.414
214.387
214.661
214.143
214.403
214.398
214.402
214.391
214.632
214.248
214.319
214.418
214.398
214.41
214.376
214.406
214.504
214.289
214.406
214.395
214.406
214.395
214.406
214.391
214.41
214.39
214.399
214.41
214.391
214.402
214.391
214.414
214.394
214.504
214.305
214.398
214.402
214.399
214.391
214.41
214.39
214.418
214.391
214.59
214.203
214.421
214.38
214.413
214.41
214.384
214.398
214.395
214.413
214.41
214.391
214.414
214.379
214.399
214.398
214.395
214.398
214.41
214.399
214.398
214.41
214.383
214.583
214.226
214.398
214.387
214.406
214.407
214.409
214.387
214.429
214.376
214.402
214.406
214.403
214.383
214.406
214.395
214.406
214.398
214.395
214.398
214.399
214.402
214.41
214.383
214.414
214.391
214.41
214.391
214.417
214.383
214.391
214.425
214.388
214.406
214.39
214.399
214.402
214.406
214.403
214.398
214.41
214.496
214.29
214.406
214.398
214.383
214.418
214.473
214.32
214.406
214.391
214.41
214.398
214.395
214.41
214.395
214.394
214.406
214.41
214.417
214.376
214.399
214.391
214.398
214.41
214.432
214.369
214.391
214.511
214.297
214.402
214.406
214.395
214.399
214.398
214.391
214.41
214.391
214.402
214.398
214.41
214.399
214.567
214.234
214.417
214.376
214.413
214.384
214.402
214.41
214.387
214.425
214.376
214.402
214.406
214.395
214.406
214.575
214.21
214.414
214.402
214.406
214.384
214.41
214.398
214.432
214.361
214.41
214.391
214.406
214.399
214.402
214.395
214.406
214.402
214.398
214.399
214.406
214.387
214.406
214.402
214.391
214.406
214.403
214.413
214.387
214.399
214.398
214.384
214.417
214.391
214.41
214.417
214.384
214.398
214.399
214.402
214.481
214.304
214.407
214.402
214.398
214.406
214.403
214.409
214.388
214.394
214.399
214.394
214.407
214.406
214.394
214.399
214.41
214.398
214.399
214.387
214.406
214.402
214.399
214.394
214.512
214.3
214.395
214.417
214.406
214.388
214.398
214.391
214.602
214.203
214.601
214.196
214.406
214.391
214.402
214.398
214.399
214.41
214.398
214.402
214.391
214.406
214.395
214.417
214.391
214.399
214.398
214.395
214.399
214.39
214.41
214.399
214.41
214.417
214.376
214.44
214.364
214.403
214.398
214.402
214.391
214.399
214.394
214.414
214.417
214.384
214.402
214.399
214.391
214.398
214.41
214.391
214.402
214.406
214.399
214.409
214.384
214.41
214.413
214.384
214.402
214.391
214.402
214.41
214.421
214.368
214.399
214.402
214.399
214.402
214.398
214.403
214.631
214.166
214.518
214.275
214.413
214.395
214.406
214.391
214.417
214.388
214.398
214.406
214.391
214.402
214.41
214.399
214.391
214.402
214.406
214.395
214.406
214.398
214.391
214.425
214.383
214.395
214.399
214.409
214.399
214.41
214.391
214.469
214.324
214.413
214.384
214.398
214.429
214.38
214.394
214.41
214.414
214.398
214.395
214.391
214.402
214.391
214.406
214.395
214.413
214.391
214.395
214.399
214.413
214.387
214.654
214.155
214.402
214.398
214.583
214.218
214.399
214.398
214.402
214.391
214.406
214.395
214.425
214.372
214.402
214.406
214.403
214.398
214.402
214.399
214.391
214.395
214.406
214.398
214.417
214.391
214.403
214.391
214.398
214.402
214.403
214.387
214.41
214.409
214.406
214.41
214.372
214.414
214.387
214.402
214.399
214.402
214.399
214.646
214.154
214.433
214.376
214.391
214.409
214.399
214.406
214.395
214.391
214.402
214.406
214.398
214.395
214.399
214.417
214.391
214.398
214.418
214.376
214.402
214.398
214.399
214.391
214.41
214.515
214.293
214.391
214.41
214.398
214.395
214.398
214.406
214.403
214.406
214.601
214.192
214.398
214.391
214.41
214.399
214.402
214.391
214.406
214.402
214.41
214.383
214.406
214.403
214.398
214.402
214.399
214.398
214.395
214.406
214.395
214.406
214.398
214.395
214.406
214.402
214.399
214.391
214.417
214.575
214.211
214.421
214.376
214.402
214.399
214.402
214.406
214.391
214.41
214.398
214.391
214.425
214.383
214.418
214.391
214.417
214.376
214.398
214.515
214.286
214.391
214.402
214.406
214.395
214.399
214.402
214.646
214.151
214.402
214.406
214.395
214.398
214.647
214.154
214.406
214.402
214.399
214.402
214.399
214.402
214.387
214.417
214.384
214.395
214.406
214.391
214.424
214.384
214.402
214.406
214.395
214.398
214.406
214.395
214.399
214.398
214.395
214.413
214.395
214.406
214.384
214.417
214.402
214.504
214.308
214.38
214.398
214.406
214.395
214.399
214.398
214.41
214.391
214.425
214.402
214.383
214.391
214.399
214.402
214.406
214.402
214.406
214.391
214.395
214.41
214.485
214.319
214.391
214.395
214.399
214.601
214.214
214.391
214.384
214.417
214.402
214.399
214.398
214.459
214.342
214.399
214.402
214.395
214.413
214.384
214.398
214.425
214.376
214.391
214.417
214.391
214.41
214.398
214.403
214.391
214.402
214.398
214.41
214.391
214.399
214.409
214.44
214.361
214.391
214.399
214.402
214.413
214.399
214.387
214.654
214.154
214.534
214.267
214.406
214.406
214.508
214.263
214.413
214.388
214.413
214.391
214.417
214.391
214.395
214.399
214.398
214.402
214.399
214.402
214.425
214.372
214.417
214.403
214.406
214.376
214.409
214.384
214.413
214.403
214.391
214.406
214.409
214.391
214.403
214.616
214.166
214.409
214.41
214.399
214.398
214.391
214.395
214.406
214.402
214.399
214.406
214.402
214.402
214.391
214.406
214.384
214.417
214.398
214.391
214.403
214.402
214.398
214.399
214.402
214.406
214.395
214.406
214.402
214.553
214.237
214.466
214.342
214.44
214.349
214.429
214.383
214.399
214.398
214.403
214.398
214.402
214.391
214.41
214.399
214.391
214.406
214.394
214.406
214.403
214.417
214.383
214.406
214.391
214.444
214.35
214.398
214.417
214.384
214.402
214.414
214.383
214.402
214.41
214.526
214.264
214.409
214.399
214.398
214.399
214.406
214.406
214.425
214.368
214.399
214.398
214.391
214.41
214.402
214.391
214.406
214.399
214.409
214.391
214.391
214.41
214.391
214.53
214.278
214.391
214.403
214.398
214.41
214.489
214.312
214.406
214.394
214.613
214.192
214.387
214.414
214.394
214.391
214.406
214.395
214.425
214.376
214.398
214.433
214.376
214.398
214.402
214.391
214.519
214.297
214.41
214.376
214.413
214.395
214.399
214.594
214.214
214.383
214.421
214.38
214.421
214.38
214.406
214.455
214.346
214.398
214.41
214.383
214.399
214.41
214.391
214.402
214.406
214.398
214.395
214.406
214.41
214.383
214.406
214.388
214.406
214.398
214.395
214.413
214.395
214.406
214.459
214.334
214.399
214.402
214.399
214.402
214.398
214.41
214.391
214.406
214.545
214.248
214.41
214.399
214.398
214.402
214.399
214.391
214.41
214.391
214.409
214.406
214.418
214.376
214.398
214.402
214.399
214.391
214.402
214.406
214.41
214.406
214.402
214.519
214.282
214.383
214.399
214.391
214.41
214.488
214.305
214.406
214.391
214.41
214.391
214.409
214.391
214.403
214.406
214.391
214.398
214.41
214.398
214.403
214.398
214.402
214.406
214.391
214.395
214.421
214.38
214.406
214.398
214.403
214.398
214.391
214.624
214.184
214.388
214.413
214.395
214.406
214.567
214.234
214.391
214.398
214.41
214.398
214.403
214.406
214.387
214.413
214.384
214.398
214.41
214.395
214.406
214.391
214.41
214.398
214.391
214.41
214.406
214.402
214.41
214.383
214.399
214.455
214.327
214.432
214.395
214.383
214.41
214.38
214.41
214.409
214.403
214.541
214.263
214.41
214.383
214.391
214.421
214.369
214.417
214.391
214.402
214.406
214.395
214.406
214.402
214.399
214.398
214.395
214.399
214.409
214.391
214.406
214.403
214.391
214.537
214.263
214.399
214.395
214.406
214.402
214.406
214.402
214.628
214.169
214.395
214.406
214.391
214.395
214.406
214.398
214.402
214.406
214.403
214.398
214.391
214.417
214.391
214.395
214.406
214.402
214.391
214.399
214.417
214.41
214.383
214.399
214.391
214.41
214.398
214.395
214.406
214.402
214.399
214.597
214.203
214.474
214.342
214.384
214.402
214.38
214.417
214.402
214.399
214.402
214.398
214.399
214.398
214.403
214.398
214.399
214.394
214.399
214.402
214.406
214.391
214.402
214.418
214.383
214.421
214.387
214.399
214.395
214.398
214.399
214.402
214.398
214.406
214.395
214.399
214.409
214.399
214.41
214.383
214.406
214.391
214.41
214.391
214.402
214.399
214.398
214.41
214.391
214.402
214.399
214.409
214.399
214.398
214.395
214.406
214.391
214.41
214.53
214.293
214.387
214.384
214.406
214.417
214.369
214.406
214.398
214.402
214.425
214.399
214.376
214.398
214.402
214.406
214.403
214.417
214.383
214.399
214.402
214.391
214.421
214.376
214.417
214.391
214.395
214.391
214.41
214.406
214.398
214.403
214.391
214.402
214.398
214.406
214.395
214.417
214.391
214.391
214.41
214.399
214.391
214.402
214.413
214.395
214.414
214.376
214.409
214.391
214.41
214.38
214.417
214.391
214.414
214.391
214.406
214.391
214.402
214.391
214.417
214.391
214.399
214.398
214.474
214.334
214.395
214.395
214.402
214.41
214.391
214.402
214.568
214.24
214.549
214.248
214.399
214.395
214.402
214.421
214.383
214.41
214.406
214.387
214.391
214.399
214.402
214.406
214.387
214.421
214.391
214.395
214.41
214.391
214.406
214.398
214.395
214.399
214.417
214.391
214.391
214.402
214.406
214.395
214.406
214.639
214.15
214.403
214.402
214.413
214.384
214.402
214.406
214.391
214.402
214.406
214.395
214.417
214.388
214.394
214.399
214.395
214.413
214.402
214.399
214.398
214.395
214.399
214.402
214.413
214.391
214.384
214.417
214.402
214.399
214.41
214.582
214.2
214.488
214.327
214.391
214.395
214.406
214.41
214.391
214.391
214.41
214.406
214.402
214.398
214.384
214.395
214.413
214.402
214.399
214.417
214.376
214.399
214.409
214.568
214.222
214.402
214.425
214.376
214.398
214.474
214.327
214.432
214.376
214.399
214.391
214.41
214.398
214.402
214.391
214.403
214.391
214.413
214.402
214.391
214.399
214.395
214.413
214.395
214.398
214.399
214.402
214.399
214.402
214.398
214.41
214.399
214.398
214.402
214.553
214.248
214.391
214.399
214.417
214.391
214.391
214.41
214.391
214.394
214.647
214.192
214.376
214.424
214.369
214.406
214.391
214.41
214.391
214.417
214.391
214.398
214.41
214.399
214.391
214.402
214.398
214.395
214.406
214.391
214.515
214.297
214.391
214.399
214.406
214.402
214.391
214.402
214.406
214.594
214.199
214.41
214.399
214.391
214.402
214.406
214.402
214.406
214.384
214.409
214.391
214.403
214.398
214.414
214.387
214.398
214.41
214.391
214.406
214.395
214.406
214.398
214.403
214.391
214.488
214.32
214.41
214.391
214.398
214.41
214.383
214.41
214.399
214.398
214.568
214.233
214.395
214.406
214.391
214.417
214.391
214.425
214.383
214.391
214.391
214.425
214.387
214.391
214.406
214.399
214.409
214.399
214.395
214.391
214.402
214.398
214.418
214.406
214.391
214.402
214.421
214.372
214.406
214.504
214.282
214.413
214.395
214.639
214.158
214.391
214.417
214.384
214.402
214.41
214.38
214.424
214.384
214.41
214.402
214.387
214.41
214.398
214.403
214.391
214.466
214.342
214.391
214.417
214.384
214.394
214.654
214.158
214.395
214.406
214.399
214.409
214.583
214.203
214.406
214.395
214.413
214.391
214.403
214.394
214.406
214.391
214.399
214.402
214.425
214.383
214.406
214.384
214.402
214.406
214.395
214.406
214.391
214.402
214.406
214.402
214.391
214.425
214.365
214.41
214.402
214.398
214.399
214.41
214.398
214.391
214.402
214.399
214.402
214.406
214.391
214.41
214.391
214.402
214.406
214.391
214.402
214.403
214.406
214.391
214.447
214.361
214.402
214.384
214.413
214.402
214.399
214.402
214.399
214.398
214.56
214.226
214.406
214.41
214.406
214.383
214.417
214.391
214.403
214.391
214.657
214.151
214.395
214.391
214.646
214.177
214.383
214.399
214.41
214.398
214.395
214.398
214.406
214.395
214.414
214.402
214.391
214.398
214.418
214.394
214.384
214.413
214.391
214.643
214.173
214.395
214.391
214.391
214.41
214.609
214.191
214.478
214.319
214.418
214.398
214.395
214.406
214.383
214.388
214.406
214.398
214.402
214.403
214.391
214.406
214.409
214.399
214.395
214.398
214.406
214.402
214.406
214.391
214.395
214.399
214.402
214.413
214.391
214.395
214.406
214.384
214.424
214.391
214.395
214.406
214.41
214.391
214.398
214.403
214.398
214.395
214.398
214.41
214.399
214.391
214.409
214.399
214.383
214.418
214.398
214.391
214.425
214.387
214.399
214.398
214.402
214.391
214.399
214.402
214.406
214.402
214.391
214.425
214.526
214.275
214.398
214.391
214.647
214.139
214.406
214.391
214.41
214.41
214.376
214.413
214.402
214.399
214.391
214.41
214.391
214.402
214.398
214.414
214.537
214.249
214.391
214.409
214.433
214.376
214.402
214.628
214.176
214.384
214.41
214.391
214.402
214.398
214.474
214.421
214.312
214.391
214.417
214.395
214.391
214.399
214.398
214.41
214.398
214.388
214.413
214.402
214.391
214.399
214.402
214.399
214.402
214.398
214.403
214.394
214.403
214.398
214.489
214.319
214.418
214.402
214.383
214.406
214.448
214.346
214.391
214.398
214.436
214.384
214.376
214.413
214.399
214.402
214.417
214.376
214.414
214.394
214.399
214.398
214.388
214.421
214.394
214.391
214.399
214.41
214.398
214.399
214.402
214.391
214.466
214.335
214.402
214.398
214.406
214.395
214.406
214.395
214.406
214.417
214.376
214.406
214.395
214.398
214.41
214.406
214.391
214.395
214.413
214.391
214.388
214.413
214.391
214.395
214.425
214.383
214.406
214.395
214.406
214.391
214.41
214.398
214.41
214.391
214.647
214.161
214.399
214.376
214.417
214.395
214.398
214.406
214.496
214.312
214.384
214.391
214.432
214.387
214.391
214.406
214.41
214.384
214.402
214.406
214.432
214.361
214.406
214.402
214.391
214.403
214.398
214.406
214.391
214.402
214.403
214.5
214.297
214.391
214.409
214.406
214.403
214.47
214.338
214.398
214.395
214.391
214.399
214.394
214.406
214.399
214.402
214.406
214.402
214.391
214.399
214.402
214.406
214.399
214.409
214.384
214.402
214.406
214.402
214.399
214.391
214.459
214.334
214.414
214.402
214.391
214.391
214.41
214.402
214.406
214.53
214.263
214.406
214.41
214.406
214.41
214.368
214.399
214.391
214.409
214.41
214.421
214.376
214.391
214.402
214.403
214.398
214.417
214.391
214.391
214.433
214.376
214.406
214.391
214.402
214.417
214.369
214.413
214.384
214.417
214.391
214.41
214.398
214.402
214.399
214.496
214.305
214.391
214.409
214.399
214.398
214.403
214.398
214.399
214.394
214.399
214.402
214.399
214.409
214.406
214.395
214.391
214.391
214.406
214.417
214.384
214.402
214.406
214.496
214.305
214.398
214.395
214.406
214.391
214.41
214.417
214.575
214.211
214.406
214.391
214.41
214.391
214.391
214.409
214.391
214.425
214.391
214.391
214.545
214.263
214.403
214.391
214.488
214.32
214.383
214.414
214.395
214.391
214.398
214.402
214.399
214.402
214.406
214.399
214.402
214.398
214.395
214.545
214.271
214.413
214.373
214.398
214.406
214.41
214.383
214.399
214.417
214.384
214.402
214.398
214.41
214.391
214.406
214.402
214.391
214.406
214.384
214.417
214.402
214.399
214.398
214.388
214.413
214.384
214.409
214.403
214.406
214.391
214.402
214.413
214.391
214.403
214.391
214.398
214.402
214.418
214.379
214.403
214.409
214.406
214.418
214.368
214.421
214.38
214.406
214.398
214.41
214.41
214.391
214.383
214.399
214.402
214.406
214.395
214.432
214.478
214.289
214.421
214.387
214.421
214.38
214.448
214.349
214.594
214.214
214.395
214.391
214.399
214.406
214.409
214.384
214.402
214.406
214.395
214.413
214.391
214.403
214.398
214.391
214.395
214.406
214.402
214.406
214.402
214.399
214.395
214.398
214.406
214.384
214.417
214.41
214.391
214.391
214.398
214.564
214.237
214.432
214.376
214.395
214.413
214.391
214.384
214.417
214.402
214.399
214.417
214.391
214.417
214.38
214.395
214.398
214.403
214.398
214.391
214.41
214.395
214.406
214.406
214.398
214.417
214.395
214.639
214.136
214.402
214.406
214.402
214.391
214.632
214.176
214.504
214.29
214.398
214.399
214.398
214.402
214.406
214.395
214.399
214.409
214.384
214.413
214.433
214.368
214.41
214.391
214.398
214.395
214.406
214.402
214.399
214.402
214.399
214.391
214.391
214.417
214.391
214.402
214.399
214.409
214.391
214.617
214.192
214.391
214.402
214.413
214.388
214.398
214.399
214.409
214.391
214.399
214.402
214.399
214.398
214.41
214.398
214.395
214.414
214.391
214.417
214.395
214.391
214.398
214.41
214.41
214.398
214.369
214.417
214.391
214.406
214.398
214.568
214.259
214.406
214.369
214.402
214.384
214.413
214.395
214.406
214.402
214.399
214.391
214.398
214.402
214.399
214.41
214.402
214.406
214.391
214.398
214.391
214.403
214.409
214.391
214.399
214.432
214.504
214.274
214.399
214.398
214.403
214.398
214.391
214.635
214.166
214.41
214.398
214.402
214.391
214.406
214.395
214.399
214.398
214.41
214.398
214.403
214.398
214.402
214.391
214.414
214.387
214.425
214.38
214.409
214.391
214.388
214.413
214.402
214.504
214.293
214.395
214.399
214.402
214.421
214.383
214.395
214.425
214.372
214.624
214.181
214.406
214.391
214.402
214.413
214.403
214.383
214.406
214.402
214.399
214.402
214.399
214.391
214.402
214.398
214.497
214.312
214.398
214.399
214.394
214.568
214.226
214.406
214.402
214.413
214.391
214.388
214.413
214.56
214.241
214.398
214.403
214.394
214.414
214.391
214.391
214.402
214.399
214.409
214.399
214.398
214.403
214.417
214.372
214.41
214.391
214.395
214.413
214.41
214.383
214.399
214.432
214.384
214.425
214.375
214.395
214.395
214.395
214.402
214.413
214.41
214.376
214.421
214.515
214.278
214.384
214.395
214.413
214.41
214.398
214.403
214.379
214.414
214.391
214.406
214.41
214.383
214.399
214.409
214.399
214.391
214.402
214.399
214.409
214.391
214.399
214.402
214.399
214.406
214.402
214.398
214.395
214.399
214.409
214.399
214.391
214.609
214.199
214.402
214.399
214.402
214.399
214.391
214.398
214.402
214.41
214.384
214.413
214.395
214.406
214.402
214.391
214.406
214.391
214.41
214.402
214.384
214.406
214.394
214.436
214.395
214.391
214.391
214.395
214.398
214.561
214.248
214.406
214.383
214.402
214.41
214.399
214.413
214.395
214.391
214.395
214.406
214.398
214.402
214.406
214.391
214.403
214.391
214.406
214.394
214.418
214.383
214.399
214.409
214.399
214.398
214.403
214.398
214.41
214.391
214.398
214.41
214.399
214.394
214.399
214.402
214.384
214.406
214.409
214.399
214.398
214.403
214.398
214.387
214.399
214.41
214.391
214.413
214.402
214.391
214.418
214.391
214.391
214.402
214.406
214.402
214.399
214.391
214.518
214.29
214.398
214.41
214.391
214.395
214.413
214.41
214.478
214.304
214.666
214.135
214.402
214.391
214.425
214.372
214.436
214.376
214.399
214.398
214.391
214.402
214.433
214.383
214.41
214.398
214.391
214.391
214.391
214.403
214.402
214.406
214.402
214.59
214.211
214.406
214.383
214.399
214.425
214.537
214.241
214.455
214.342
214.41
214.398
214.387
214.421
214.384
214.402
214.406
214.391
214.402
214.399
214.41
214.398
214.387
214.406
214.399
214.402
214.406
214.391
214.41
214.391
214.402
214.399
214.402
214.413
214.391
214.388
214.413
214.402
214.399
214.398
214.395
214.425
214.383
214.399
214.391
214.402
214.406
214.402
214.399
214.402
214.399
214.417
214.391
214.398
214.41
214.376
214.406
214.391
214.41
214.398
214.395
214.399
214.402
214.406
214.402
214.391
214.399
214.398
214.41
214.391
214.496
214.312
214.624
214.177
214.609
214.192
214.417
214.391
214.391
214.398
214.403
214.398
214.387
214.414
214.391
214.402
214.406
214.395
214.398
214.399
214.41
214.391
214.398
214.402
214.406
214.395
214.414
214.594
214.191
214.399
214.41
214.398
214.391
214.564
214.237
214.474
214.319
214.417
214.399
214.391
214.417
214.399
214.402
214.414
214.375
214.403
214.398
214.391
214.41
214.624
214.169
214.406
214.391
214.41
214.398
214.403
214.417
214.38
214.451
214.349
214.41
214.399
214.394
214.391
214.406
214.395
214.658
214.143
214.406
214.398
214.403
214.398
214.391
214.41
214.402
214.399
214.391
214.394
214.414
214.402
214.399
214.398
214.395
214.406
214.398
214.388
214.413
214.384
214.417
214.391
214.395
214.406
214.417
214.391
214.402
214.384
214.406
214.402
214.406
214.398
214.403
214.391
214.409
214.391
214.41
214.399
214.391
214.402
214.413
214.395
214.391
214.399
214.402
214.413
214.391
214.388
214.406
214.391
214.443
214.391
214.406
214.384
214.402
214.398
214.591
214.203
214.398
214.402
214.391
214.406
214.384
214.41
214.455
214.353
214.391
214.395
214.413
214.391
214.41
214.398
214.388
214.409
214.403
214.409
214.384
214.41
214.398
214.395
214.413
214.391
214.403
214.391
214.406
214.53
214.27
214.455
214.346
214.41
214.391
214.402
214.391
214.414
214.391
214.658
214.146
214.534
214.256
214.402
214.398
214.406
214.403
214.391
214.424
214.376
214.403
214.398
214.406
214.402
214.406
214.391
214.418
214.391
214.387
214.398
214.403
214.406
214.409
214.388
214.394
214.399
214.402
214.406
214.399
214.417
214.496
214.29
214.631
214.177
214.391
214.391
214.41
214.391
214.402
214.406
214.391
214.41
214.398
214.402
214.391
214.406
214.403
214.398
214.402
214.391
214.41
214.399
214.391
214.409
214.406
214.395
214.391
214.406
214.395
214.406
214.398
214.395
214.399
214.409
214.399
214.459
214.342
214.391
214.398
214.699
214.106
214.398
214.406
214.402
214.391
214.406
214.388
214.406
214.398
214.417
214.395
214.391
214.414
214.383
214.417
214.391
214.403
214.391
214.466
214.342
214.402
214.391
214.414
214.387
214.413
214.395
214.654
214.143
214.395
214.398
214.399
214.402
214.399
214.398
214.41
214.391
214.402
214.399
214.398
214.41
214.391
214.395
214.413
214.384
214.417
214.398
214.41
214.391
214.41
214.383
214.399
214.538
214.27
214.402
214.399
214.398
214.388
214.511
214.297
214.647
214.157
214.625
214.176
214.395
214.421
214.383
214.403
214.391
214.402
214.406
214.391
214.402
214.406
214.395
214.398
214.399
214.391
214.417
214.395
214.413
214.41
214.384
214.417
214.391
214.414
214.379
214.399
214.391
214.409
214.406
214.391
214.403
214.398
214.41
214.391
214.398
214.403
214.417
214.38
214.402
214.406
214.387
214.399
214.409
214.406
214.391
214.388
214.413
214.395
214.413
214.388
214.391
214.413
214.395
214.391
214.47
214.338
214.406
214.402
214.399
214.41
214.383
214.406
214.658
214.143
214.402
214.384
214.406
214.402
214.398
214.41
214.391
214.406
214.402
214.384
214.413
214.403
214.398
214.395
214.398
214.41
214.399
214.409
214.391
214.391
214.399
214.41
214.413
214.395
214.391
214.402
214.391
214.41
214.398
214.504
214.286
214.41
214.402
214.62
214.192
214.387
214.399
214.413
214.376
214.402
214.418
214.379
214.403
214.409
214.399
214.395
214.406
214.398
214.395
214.398
214.455
214.354
214.391
214.409
214.399
214.383
214.632
214.177
214.409
214.399
214.402
214.384
214.605
214.21
214.47
214.32
214.402
214.406
214.391
214.41
214.391
214.402
214.406
214.395
214.406
214.398
214.403
214.398
214.391
214.402
214.406
214.395
214.406
214.384
214.409
214.414
214.395
214.398
214.395
214.413
214.391
214.403
214.417
214.383
214.414
214.538
214.248
214.398
214.41
214.383
214.399
214.417
214.41
214.38
214.394
214.41
214.391
214.41
214.398
214.414
214.387
214.384
214.432
214.383
214.406
214.384
214.41
214.391
214.391
214.409
214.399
214.41
214.391
214.409
214.399
214.398
214.395
214.406
214.384
214.409
214.64
214.161
214.406
214.395
214.391
214.417
214.399
214.398
214.399
214.402
214.391
214.402
214.406
214.402
214.391
214.41
214.391
214.41
214.398
214.391
214.41
214.406
214.391
214.632
214.177
214.383
214.395
214.406
214.409
214.606
214.21
214.391
214.384
214.406
214.402
214.398
214.388
214.406
214.409
214.407
214.402
214.383
214.421
214.376
214.436
214.384
214.383
214.414
214.391
214.402
214.398
214.391
214.41
214.402
214.47
214.32
214.41
214.398
214.402
214.399
214.406
214.523
214.71
213.97
214.56
214.241
214.56
214.293
214.76
213.977
214.617
214.172
214.546
214.289
214.376
214.398
214.489
214.297
214.425
214.399
214.447
214.338
214.455
214.346
214.406
214.398
214.403
214.391
214.425
214.375
214.406
214.403
214.398
214.523
214.278
214.639
214.162
214.398
214.402
214.414
214.383
214.395
214.421
214.387
214.391
214.406
214.395
214.421
214.395
214.56
214.222
214.41
214.398
214.395
214.398
214.41
214.414
214.398
214.376
214.433
214.601
214.177
214.398
214.418
214.375
214.406
214.41
214.391
214.481
214.32
214.391
214.395
214.413
214.395
214.398
214.406
214.395
214.414
214.387
214.414
214.39
214.395
214.399
214.398
214.418
214.394
214.384
214.413
214.391
214.418
214.39
214.388
214.417
214.391
214.406
214.391
214.417
214.425
214.368
214.568
214.241
214.56
214.214
214.41
214.406
214.402
214.384
214.428
214.387
214.391
214.418
214.383
214.406
214.384
214.409
214.406
214.403
214.417
214.383
214.407
214.39
214.395
214.41
214.387
214.414
214.402
214.395
214.398
214.391
214.402
214.519
214.29
214.406
214.387
214.398
214.406
214.384
214.417
214.403
214.398
214.632
214.15
214.444
214.376
214.424
214.372
214.395
214.406
214.41
214.399
214.402
214.391
214.391
214.41
214.39
214.41
214.391
214.399
214.402
214.406
214.406
214.395
214.391
214.398
214.41
214.391
214.41
214.391
214.391
214.417
214.391
214.41
214.398
214.391
214.41
214.391
214.425
214.391
214.402
214.414
214.375
214.395
214.406
214.395
214.425
214.406
214.376
214.398
214.481
214.312
214.406
214.395
214.425
214.399
214.375
214.418
214.391
214.413
214.545
214.233
214.418
214.383
214.399
214.417
214.391
214.402
214.38
214.417
214.395
214.414
214.398
214.387
214.406
214.403
214.428
214.372
214.391
214.406
214.384
214.425
214.394
214.557
214.225
214.418
214.398
214.391
214.41
214.526
214.275
214.406
214.391
214.39
214.41
214.425
214.376
214.399
214.394
214.406
214.391
214.418
214.402
214.391
214.391
214.41
214.413
214.395
214.391
214.391
214.402
214.406
214.399
214.394
214.399
214.398
214.425
214.387
214.399
214.406
214.402
214.399
214.391
214.394
214.406
214.391
214.41
214.391
214.417
214.391
214.395
214.398
214.407
214.394
214.399
214.41
214.398
214.395
214.398
214.399
214.402
214.414
214.391
214.402
214.398
214.403
214.39
214.407
214.394
214.406
214.403
214.406
214.394
214.391
214.406
214.583
214.21
214.576
214.225
214.406
214.399
214.394
214.407
214.398
214.395
214.417
214.406
214.387
214.38
214.417
214.403
214.39
214.418
214.398
214.391
214.418
214.383
214.417
214.376
214.421
214.545
214.241
214.391
214.41
214.413
214.388
214.518
214.271
214.425
214.376
214.654
214.154
214.425
214.376
214.413
214.395
214.41
214.383
214.391
214.406
214.395
214.398
214.41
214.384
214.413
214.391
214.41
214.391
214.41
214.398
214.41
214.391
214.391
214.402
214.399
214.41
214.398
214.399
214.409
214.598
214.184
214.418
214.391
214.39
214.403
214.417
214.383
214.407
214.387
214.406
214.402
214.414
214.391
214.402
214.398
214.403
214.39
214.41
214.399
214.398
214.395
214.406
214.402
214.391
214.425
214.365
214.417
214.399
214.402
214.391
214.41
214.398
214.41
214.406
214.391
214.395
214.39
214.425
214.376
214.406
214.395
214.414
214.391
214.394
214.399
214.398
214.402
214.403
214.406
214.398
214.391
214.418
214.391
214.402
214.688
214.105
214.391
214.575
214.241
214.598
214.203
214.391
214.406
214.402
214.391
214.417
214.391
214.391
214.402
214.399
214.41
214.398
214.399
214.39
214.41
214.403
214.398
214.399
214.402
214.383
214.414
214.395
214.398
214.41
214.398
214.41
214.391
214.538
214.263
214.398
214.643
214.158
214.417
214.384
214.413
214.395
214.613
214.18
214.387
214.41
214.41
214.406
214.384
214.394
214.406
214.395
214.406
214.391
214.395
214.421
214.395
214.406
214.398
214.417
214.369
214.406
214.402
214.41
214.383
214.399
214.41
214.391
214.406
214.409
214.391
214.387
214.399
214.462
214.346
214.598
214.203
214.583
214.214
214.402
214.406
214.403
214.406
214.394
214.391
214.399
214.402
214.399
214.398
214.402
214.406
214.403
214.383
214.41
214.387
214.417
214.384
214.425
214.391
214.394
214.399
214.447
214.361
214.391
214.399
214.424
214.388
214.413
214.402
214.384
214.398
214.395
214.406
214.399
214.402
214.398
214.399
214.41
214.409
214.384
214.417
214.384
214.391
214.409
214.391
214.406
214.384
214.402
214.417
214.384
214.413
214.418
214.383
214.402
214.391
214.406
214.395
214.399
214.398
214.632
214.169
214.417
214.399
214.409
214.376
214.406
214.399
214.41
214.394
214.399
214.391
214.41
214.391
214.398
214.402
214.399
214.398
214.403
214.417
214.383
214.399
214.398
214.403
214.398
214.402
214.406
214.403
214.391
214.406
214.402
214.455
214.334
214.41
214.402
214.575
214.249
214.376
214.406
214.391
214.409
214.384
214.402
214.406
214.417
214.376
214.44
214.357
214.403
214.417
214.383
214.406
214.399
214.41
214.406
214.368
214.425
214.395
214.567
214.233
214.399
214.398
214.395
214.414
214.394
214.399
214.398
214.418
214.454
214.328
214.394
214.406
214.391
214.418
214.394
214.384
214.406
214.402
214.406
214.399
214.402
214.398
214.391
214.418
214.394
214.399
214.398
214.403
214.398
214.432
214.369
214.398
214.395
214.399
214.417
214.383
214.406
214.403
214.406
214.383
214.41
214.398
214.403
214.413
214.387
214.406
214.391
214.395
214.406
214.391
214.41
214.398
214.384
214.41
214.432
214.376
214.417
214.384
214.398
214.395
214.406
214.398
214.403
214.406
214.391
214.394
214.406
214.395
214.462
214.335
214.41
214.391
214.601
214.215
214.391
214.394
214.406
214.399
214.402
214.417
214.376
214.425
214.384
214.391
214.526
214.274
214.399
214.391
214.41
214.406
214.402
214.398
214.395
214.406
214.399
214.578
214.215
214.398
214.41
214.399
214.394
214.553
214.244
214.433
214.379
214.388
214.409
214.391
214.403
214.406
214.387
214.406
214.41
214.413
214.402
214.384
214.413
214.388
214.406
214.391
214.402
214.406
214.402
214.406
214.395
214.383
214.399
214.398
214.41
214.399
214.402
214.413
214.388
214.398
214.647
214.154
214.398
214.395
214.406
214.41
214.391
214.398
214.41
214.391
214.395
214.395
214.409
214.391
214.41
214.399
214.402
214.398
214.403
214.398
214.399
214.391
214.402
214.402
214.399
214.402
214.391
214.406
214.402
214.406
214.399
214.466
214.327
214.609
214.192
214.609
214.191
214.399
214.402
214.406
214.395
214.398
214.406
214.395
214.391
214.417
214.414
214.402
214.391
214.376
214.425
214.383
214.406
214.395
214.414
214.383
214.395
214.496
214.5
214.241
214.394
214.365
214.41
214.402
214.406
214.399
214.409
214.391
214.403
214.398
214.402
214.384
214.406
214.402
214.399
214.406
214.402
214.398
214.399
214.402
214.391
214.41
214.413
214.38
214.406
214.402
214.384
214.406
214.406
214.417
214.387
214.384
214.406
214.402
214.406
214.391
214.402
214.639
214.17
214.391
214.406
214.394
214.406
214.403
214.398
214.406
214.387
214.406
214.403
214.391
214.409
214.388
214.394
214.41
214.406
214.402
214.399
214.413
214.564
214.215
214.432
214.368
214.406
214.395
214.406
214.402
214.414
214.383
214.466
214.328
214.609
214.199
214.413
214.388
214.421
214.387
214.391
214.417
214.384
214.398
214.402
214.391
214.553
214.248
214.414
214.391
214.402
214.391
214.402
214.399
214.406
214.402
214.391
214.398
214.403
214.601
214.199
214.406
214.403
214.398
214.391
214.395
214.413
214.433
214.368
214.399
214.387
214.406
214.395
214.406
214.406
214.394
214.406
214.403
214.391
214.406
214.402
214.598
214.21
214.384
214.406
214.394
214.406
214.399
214.395
214.432
214.376
214.391
214.402
214.414
214.387
214.391
214.406
214.41
214.654
214.146
214.519
214.293
214.388
214.398
214.391
214.41
214.398
214.391
214.41
214.406
214.387
214.406
214.388
214.413
214.399
214.387
214.413
214.388
214.406
214.406
214.383
214.41
214.402
214.429
214.376
214.387
214.413
214.403
214.398
214.481
214.312
214.609
214.192
214.406
214.399
214.402
214.391
214.398
214.41
214.391
214.41
214.398
214.395
214.399
214.398
214.399
214.409
214.399
214.402
214.399
214.402
214.398
214.391
214.41
214.399
214.383
214.417
214.403
214.421
214.379
214.399
214.425
214.376
214.398
214.391
214.41
214.477
214.324
214.398
214.41
214.383
214.406
214.399
214.421
214.38
214.409
214.406
214.395
214.417
214.373
214.387
214.417
214.399
214.391
214.406
214.394
214.399
214.44
214.376
214.394
214.38
214.617
214.191
214.41
214.391
214.402
214.399
214.53
214.278
214.399
214.402
214.391
214.41
214.398
214.391
214.402
214.406
214.391
214.418
214.394
214.391
214.406
214.395
214.391
214.406
214.402
214.406
214.384
214.41
214.398
214.53
214.278
214.403
214.406
214.417
214.376
214.504
214.289
214.406
214.399
214.387
214.406
214.41
214.391
214.406
214.394
214.421
214.395
214.41
214.38
214.402
214.391
214.402
214.406
214.402
214.421
214.369
214.391
214.41
214.398
214.402
214.399
214.41
214.398
214.391
214.399
214.409
214.395
214.406
214.402
214.391
214.406
214.403
214.391
214.413
214.38
214.413
214.395
214.399
214.406
214.394
214.399
214.402
214.406
214.395
214.398
214.399
214.398
214.41
214.391
214.41
214.398
214.395
214.399
214.447
214.361
214.391
214.391
214.417
214.399
214.439
214.354
214.402
214.399
214.398
214.402
214.399
214.398
214.523
214.297
214.372
214.41
214.417
214.384
214.413
214.387
214.455
214.346
214.399
214.398
214.41
214.406
214.387
214.421
214.395
214.383
214.399
214.575
214.233
214.391
214.399
214.402
214.406
214.402
214.391
214.658
214.143
214.391
214.41
214.406
214.394
214.414
214.402
214.391
214.399
214.394
214.399
214.398
214.403
214.402
214.391
214.406
214.395
214.518
214.286
214.489
214.312
214.402
214.399
214.462
214.338
214.399
214.391
214.41
214.609
214.191
214.399
214.402
214.399
214.398
214.395
214.425
214.398
214.391
214.406
214.387
214.418
214.379
214.403
214.398
214.402
214.399
214.402
214.406
214.391
214.395
214.44
214.368
214.406
214.391
214.41
214.44
214.346
214.406
214.391
214.616
214.192
214.391
214.425
214.53
214.293
214.361
214.391
214.41
214.398
214.391
214.41
214.406
214.395
214.413
214.387
214.391
214.406
214.403
214.398
214.395
214.406
214.391
214.41
214.391
214.406
214.406
214.398
214.399
214.518
214.271
214.41
214.391
214.41
214.398
214.496
214.305
214.624
214.177
214.398
214.395
214.406
214.398
214.403
214.398
214.395
214.421
214.38
214.413
214.402
214.384
214.406
214.395
214.406
214.417
214.383
214.414
214.376
214.402
214.406
214.391
214.41
214.417
214.399
214.376
214.424
214.384
214.398
214.403
214.398
214.459
214.342
214.398
214.395
214.406
214.395
214.406
214.402
214.399
214.398
214.395
214.406
214.402
214.399
214.398
214.395
214.406
214.402
214.399
214.398
214.402
214.399
214.398
214.403
214.398
214.402
214.399
214.391
214.41
214.409
214.38
214.665
214.147
214.399
214.398
214.41
214.391
214.398
214.403
214.409
214.38
214.41
214.398
214.395
214.414
214.402
214.391
214.391
214.41
214.398
214.395
214.406
214.391
214.402
214.417
214.406
214.399
214.383
214.418
214.383
214.417
214.399
214.481
214.305
214.631
214.162
214.406
214.398
214.403
214.398
214.402
214.399
214.402
214.399
214.409
214.391
214.399
214.402
214.399
214.398
214.402
214.399
214.398
214.395
214.41
214.387
214.41
214.402
214.399
214.398
214.41
214.391
214.391
214.41
214.398
214.579
214.222
214.462
214.339
214.402
214.398
214.399
214.402
214.399
214.398
214.402
214.399
214.402
214.387
214.418
214.402
214.391
214.402
214.414
214.383
214.417
214.384
214.398
214.403
214.398
214.459
214.342
214.402
214.399
214.398
214.395
214.406
214.402
214.399
214.409
214.414
214.391
214.383
214.403
214.417
214.376
214.417
214.391
214.399
214.398
214.402
214.399
214.398
214.403
214.398
214.402
214.399
214.398
214.403
214.409
214.399
214.383
214.41
214.399
214.398
214.41
214.391
214.398
214.459
214.346
214.406
214.391
214.402
214.632
214.176
214.391
214.399
214.41
214.383
214.414
214.387
214.406
214.391
214.402
214.406
214.41
214.391
214.402
214.399
214.398
214.402
214.399
214.41
214.398
214.391
214.402
214.399
214.402
214.399
214.402
214.387
214.425
214.579
214.222
214.455
214.353
214.376
214.402
214.399
214.409
214.384
214.406
214.391
214.41
214.398
214.41
214.391
214.402
214.399
214.398
214.395
214.406
214.402
214.399
214.409
214.391
214.399
214.466
214.327
214.406
214.402
214.399
214.402
214.421
214.384
214.402
214.391
214.552
214.249
214.398
214.395
214.406
214.398
214.403
214.398
214.402
214.399
214.398
214.395
214.406
214.402
214.399
214.398
214.41
214.399
214.443
214.35
214.398
214.403
214.398
214.417
214.418
214.398
214.369
214.406
214.394
214.399
214.398
214.658
214.154
214.639
214.151
214.624
214.184
214.391
214.41
214.406
214.387
214.391
214.406
214.417
214.41
214.38
214.387
214.406
214.402
214.399
214.402
214.399
214.406
214.391
214.402
214.402
214.62
214.177
214.402
214.406
214.391
214.403
214.582
214.207
214.44
214.372
214.399
214.398
214.41
214.391
214.391
214.41
214.398
214.402
214.399
214.398
214.403
214.398
214.402
214.406
214.391
214.403
214.409
214.399
214.391
214.402
214.399
214.466
214.334
214.399
214.398
214.403
214.398
214.402
214.399
214.398
214.403
214.406
214.402
214.391
214.398
214.403
214.409
214.406
214.395
214.387
214.403
214.406
214.394
214.406
214.418
214.376
214.398
214.402
214.399
214.398
214.403
214.398
214.402
214.399
214.545
214.256
214.398
214.402
214.399
214.398
214.504
214.297
214.643
214.158
214.631
214.17
214.398
214.41
214.391
214.398
214.403
214.398
214.402
214.399
214.398
214.403
214.402
214.398
214.399
214.391
214.41
214.398
214.41
214.391
214.402
214.399
214.402
214.62
214.177
214.402
214.47
214.335
214.394
214.583
214.214
214.474
214.335
214.402
214.398
214.395
214.406
214.391
214.425
214.376
214.406
214.383
214.41
214.402
214.399
214.398
214.403
214.406
214.402
214.391
214.425
214.376
214.413
214.41
214.383
214.395
214.395
214.41
214.402
214.383
214.406
214.403
214.567
214.23
214.564
214.236
214.403
214.398
214.402
214.399
214.402
214.399
214.406
214.387
214.406
214.41
214.391
214.398
214.395
214.406
214.391
214.41
214.406
214.394
214.399
214.391
214.41
214.398
214.395
214.406
214.395
214.406
214.398
214.515
214.286
214.398
214.395
214.417
214.391
214.399
214.402
214.399
214.398
214.402
214.399
214.402
214.391
214.406
214.402
214.414
214.387
214.391
214.406
214.417
214.391
214.41
214.376
214.414
214.387
214.406
214.631
214.162
214.406
214.402
214.399
214.391
214.41
214.398
214.41
214.391
214.398
214.395
214.41
214.391
214.406
214.402
214.406
214.391
214.395
214.406
214.398
214.403
214.402
214.398
214.399
214.398
214.403
214.398
214.41
214.391
214.398
214.474
214.338
214.391
214.399
214.402
214.399
214.398
214.41
214.391
214.402
214.568
214.229
214.399
214.402
214.391
214.41
214.406
214.394
214.399
214.41
214.391
214.398
214.41
214.391
214.398
214.403
214.413
214.387
214.399
214.395
214.406
214.398
214.395
214.549
214.263
214.41
214.402
214.383
214.414
214.387
214.399
214.406
214.394
214.399
214.398
214.403
214.398
214.402
214.399
214.402
214.399
214.398
214.395
214.406
214.402
214.399
214.398
214.395
214.406
214.402
214.391
214.41
214.406
214.391
214.398
214.403
214.398
214.41
214.391
214.391
214.41
214.398
214.41
214.391
214.41
214.383
214.406
214.41
214.391
214.391
214.41
214.398
214.402
214.399
214.398
214.403
214.391
214.409
214.399
214.391
214.41
214.406
214.387
214.406
214.398
214.403
214.413
214.41
214.376
214.417
214.384
214.417
214.372
214.444
214.368
214.399
214.398
214.41
214.391
214.398
214.403
214.398
214.402
214.399
214.402
214.399
214.409
214.388
214.402
214.398
214.41
214.399
214.394
214.399
214.398
214.403
214.406
214.391
214.402
214.402
214.553
214.255
214.399
214.391
214.402
214.399
214.53
214.27
214.406
214.391
214.651
214.15
214.41
214.391
214.398
214.395
214.406
214.41
214.391
214.402
214.406
214.391
214.402
214.399
214.391
214.402
214.425
214.383
214.399
214.391
214.41
214.398
214.417
214.399
214.387
214.399
214.398
214.41
214.391
214.398
214.403
214.488
214.305
214.406
214.402
214.399
214.406
214.409
214.384
214.402
214.391
214.406
214.41
214.391
214.398
214.403
214.398
214.399
214.402
214.41
214.391
214.409
214.391
214.399
214.391
214.41
214.402
214.398
214.399
214.398
214.403
214.402
214.571
214.233
214.391
214.395
214.417
214.399
214.391
214.391
214.41
214.398
214.402
214.406
214.395
214.399
214.398
214.402
214.399
214.402
214.399
214.398
214.402
214.399
214.398
214.403
214.398
214.41
214.391
214.398
214.403
214.413
214.387
214.399
214.41
214.654
214.154
214.639
214.158
214.395
214.391
214.398
214.41
214.391
214.402
214.399
214.398
214.402
214.399
214.402
214.399
214.398
214.395
214.406
214.391
214.41
214.402
214.398
214.399
214.391
214.654
214.154
214.402
214.399
214.402
214.406
214.602
214.191
214.399
214.398
214.403
214.398
214.391
214.41
214.402
214.399
214.406
214.394
214.399
214.41
214.391
214.398
214.402
214.399
214.391
214.41
214.398
214.41
214.391
214.402
214.399
214.485
214.312
214.402
214.391
214.41
214.409
214.44
214.35
214.583
214.218
214.398
214.395
214.406
214.398
214.403
214.424
214.391
214.391
214.395
214.406
214.417
214.369
214.406
214.41
214.417
214.38
214.402
214.391
214.398
214.403
214.398
214.402
214.399
214.391
214.41
214.409
214.391
214.399
214.402
214.399
214.398
214.417
214.384
214.665
214.136
214.406
214.394
214.403
214.394
214.395
214.417
214.399
214.391
214.391
214.41
214.398
214.395
214.406
214.406
214.395
214.398
214.402
214.399
214.398
214.41
214.391
214.651
214.142
214.41
214.399
214.398
214.402
214.609
214.188
214.403
214.406
214.402
214.391
214.402
214.399
214.398
214.402
214.391
214.406
214.403
214.402
214.406
214.391
214.398
214.403
214.398
214.402
214.399
214.402
214.391
214.41
214.398
214.399
214.398
214.403
214.398
214.402
214.399
214.455
214.346
214.582
214.218
214.399
214.402
214.399
214.398
214.395
214.406
214.402
214.399
214.398
214.402
214.399
214.402
214.391
214.406
214.402
214.399
214.398
214.403
214.398
214.41
214.391
214.41
214.391
214.398
214.41
214.391
214.398
214.403
214.402
214.534
214.263
214.425
214.376
214.402
214.391
214.406
214.402
214.414
214.402
214.383
214.399
214.402
214.406
214.402
214.388
214.421
214.406
214.391
214.391
214.417
214.376
214.402
214.406
214.399
214.409
214.384
214.65
214.151
214.398
214.395
214.406
214.402
214.406
214.391
214.391
214.41
214.391
214.41
214.406
214.402
214.391
214.402
214.391
214.399
214.398
214.41
214.391
214.402
214.406
214.399
214.413
214.391
214.399
214.398
214.395
214.406
214.41
214.391
214.406
214.387
214.406
214.398
214.403
214.409
214.388
214.402
214.395
214.59
214.214
214.402
214.399
214.402
214.399
214.398
214.41
214.391
214.402
214.406
214.399
214.409
214.399
214.387
214.414
214.391
214.402
214.391
214.402
214.399
214.398
214.402
214.406
214.395
214.406
214.384
214.417
214.391
214.545
214.256
214.424
214.384
214.391
214.402
214.391
214.406
214.402
214.399
214.402
214.406
214.395
214.406
214.391
214.391
214.41
214.406
214.402
214.391
214.391
214.402
214.41
214.398
214.399
214.41
214.391
214.398
214.402
214.399
214.395
214.406
214.398
214.402
214.399
214.511
214.282
214.414
214.394
214.399
214.391
214.41
214.398
214.41
214.391
214.402
214.399
214.398
214.402
214.399
214.398
214.403
214.409
214.391
214.399
214.402
214.406
214.399
214.417
214.391
214.383
214.403
214.417
214.398
214.463
214.319
214.602
214.218
214.575
214.207
214.391
214.402
214.41
214.398
214.399
214.398
214.403
214.398
214.41
214.391
214.398
214.403
214.409
214.391
214.399
214.402
214.399
214.398
214.402
214.399
214.402
214.583
214.214
214.402
214.399
214.391
214.417
214.553
214.237
214.402
214.402
214.399
214.406
214.394
214.399
214.402
214.399
214.398
214.402
214.399
214.398
214.395
214.406
214.402
214.399
214.398
214.395
214.414
214.417
214.395
214.387
214.41
214.402
214.406
214.639
214.139
214.399
214.409
214.391
214.399
214.398
214.403
214.398
214.402
214.399
214.402
214.399
214.398
214.395
214.406
214.402
214.399
214.406
214.394
214.406
214.395
214.391
214.406
214.402
214.399
214.395
214.406
214.398
214.402
214.399
214.504
214.289
214.417
214.391
214.399
214.425
214.447
214.327
214.602
214.199
214.594
214.207
214.402
214.406
214.398
214.395
214.395
214.402
214.395
214.406
214.398
214.403
214.398
214.41
214.391
214.402
214.399
214.398
214.395
214.406
214.395
214.421
214.398
214.572
214.221
214.391
214.395
214.417
214.399
214.553
214.233
214.436
214.368
214.41
214.398
214.403
214.398
214.391
214.417
214.384
214.402
214.399
214.398
214.402
214.399
214.398
214.41
214.395
214.406
214.391
214.398
214.403
214.398
214.395
214.406
214.398
214.403
214.402
214.387
214.402
214.406
214.403
214.631
214.177
214.511
214.278
214.403
214.402
214.398
214.399
214.402
214.406
214.391
214.41
214.391
214.402
214.399
214.402
214.406
214.391
214.402
214.391
214.414
214.387
214.406
214.398
214.403
214.398
214.395
214.406
214.417
214.384
214.417
214.47
214.331
214.372
214.41
214.417
214.372
214.41
214.402
214.399
214.406
214.394
214.406
214.391
214.403
214.398
214.395
214.406
214.402
214.399
214.398
214.399
214.402
214.402
214.399
214.402
214.395
214.402
214.594
214.207
214.391
214.409
214.399
214.391
214.398
214.414
214.398
214.399
214.398
214.403
214.402
214.406
214.398
214.391
214.403
214.398
214.402
214.399
214.398
214.403
214.398
214.402
214.399
214.395
214.398
214.417
214.391
214.399
214.402
214.433
214.372
214.394
214.399
214.402
214.399
214.391
214.432
214.376
214.402
214.519
214.278
214.395
214.406
214.402
214.399
214.409
214.399
214.391
214.398
214.403
214.398
214.417
214.399
214.38
214.406
214.417
214.391
214.406
214.387
214.391
214.41
214.402
214.508
214.278
214.402
214.414
214.394
214.399
214.391
214.41
214.409
214.391
214.399
214.398
214.403
214.406
214.394
214.399
214.402
214.399
214.398
214.395
214.406
214.402
214.399
214.406
214.402
214.391
214.402
214.399
214.398
214.402
214.399
214.398
214.395
214.417
214.384
214.406
214.391
214.417
214.391
214.402
214.399
214.391
214.417
214.41
214.383
214.414
214.383
214.41
214.395
214.413
214.399
214.38
214.406
214.398
214.41
214.391
214.41
214.391
214.398
214.402
214.399
214.398
214.403
214.402
214.398
214.399
214.395
214.413
214.399
214.394
214.399
214.391
214.41
214.398
214.402
214.399
214.391
214.41
214.398
214.41
214.391
214.398
214.403
214.398
214.402
214.399
214.398
214.403
214.398
214.395
214.406
214.398
214.403
214.406
214.394
214.399
214.402
214.519
214.271
214.402
214.406
214.41
214.398
214.47
214.316
214.406
214.402
214.605
214.2
214.394
214.403
214.391
214.406
214.406
214.394
214.399
214.398
214.403
214.425
214.383
214.383
214.418
214.406
214.383
214.395
214.406
214.402
214.399
214.398
214.417
214.403
214.387
214.41
214.391
214.394
214.399
214.398
214.403
214.447
214.346
214.406
214.402
214.399
214.398
214.41
214.391
214.398
214.403
214.398
214.395
214.406
214.398
214.403
214.398
214.402
214.399
214.402
214.399
214.398
214.402
214.399
214.391
214.41
214.425
214.383
214.391
214.395
214.406
214.406
214.635
214.158
214.398
214.403
214.398
214.402
214.399
214.398
214.395
214.406
214.402
214.399
214.41
214.391
214.417
214.391
214.391
214.417
214.391
214.391
214.402
214.399
214.402
214.399
214.398
214.402
214.399
214.391
214.41
214.398
214.395
214.406
214.398
214.617
214.184
214.617
214.184
214.391
214.41
214.406
214.394
214.399
214.402
214.399
214.398
214.402
214.399
214.398
214.395
214.406
214.41
214.391
214.402
214.399
214.402
214.398
214.399
214.391
214.616
214.196
214.398
214.406
214.395
214.399
214.567
214.233
214.399
214.391
214.402
214.406
214.395
214.406
214.402
214.399
214.398
214.402
214.391
214.406
214.403
214.406
214.402
214.391
214.402
214.399
214.391
214.409
214.399
214.402
214.399
214.447
214.361
214.391
214.402
214.399
214.406
214.417
214.376
214.658
214.143
214.417
214.406
214.391
214.376
214.402
214.406
214.402
214.399
214.402
214.399
214.398
214.41
214.391
214.402
214.391
214.41
214.398
214.399
214.398
214.403
214.398
214.395
214.406
214.41
214.391
214.406
214.394
214.399
214.398
214.395
214.417
214.391
214.399
214.616
214.185
214.402
214.398
214.399
214.402
214.391
214.406
214.402
214.399
214.398
214.395
214.406
214.41
214.391
214.402
214.387
214.429
214.372
214.417
214.41
214.399
214.394
214.598
214.192
214.398
214.403
214.402
214.406
214.568
214.214
214.41
214.398
214.41
214.391
214.398
214.403
214.398
214.402
214.399
214.402
214.406
214.391
214.41
214.391
214.398
214.403
214.402
214.398
214.399
214.391
214.41
214.398
214.41
214.391
214.398
214.391
214.41
214.402
214.399
214.41
214.383
214.433
214.375
214.399
214.402
214.399
214.406
214.387
214.413
214.391
214.403
214.398
214.41
214.391
214.398
214.403
214.402
214.398
214.399
214.402
214.399
214.406
214.394
214.399
214.391
214.41
214.398
214.395
214.406
214.395
214.398
214.425
214.492
214.305
214.387
214.406
214.391
214.41
214.391
214.41
214.406
214.391
214.387
214.413
214.395
214.391
214.41
214.406
214.391
214.41
214.417
214.376
214.406
214.414
214.74
214.045
214.399
214.394
214.399
214.609
214.192
214.402
214.406
214.391
214.402
214.399
214.398
214.402
214.399
214.402
214.399
214.398
214.402
214.399
214.402
214.399
214.409
214.384
214.406
214.402
214.399
214.406
214.383
214.417
214.391
214.395
214.406
214.402
214.399
214.395
214.406
214.398
214.41
214.391
214.391
214.41
214.398
214.402
214.403
214.398
214.542
214.255
214.41
214.391
214.391
214.402
214.41
214.406
214.41
214.379
214.403
214.398
214.395
214.406
214.41
214.383
214.414
214.387
214.41
214.398
214.399
214.398
214.41
214.391
214.402
214.399
214.398
214.41
214.391
214.507
214.294
214.398
214.402
214.625
214.176
214.399
214.398
214.395
214.406
214.41
214.391
214.398
214.402
214.399
214.395
214.398
214.406
214.395
214.406
214.402
214.399
214.398
214.391
214.41
214.398
214.403
214.398
214.41
214.391
214.402
214.399
214.398
214.402
214.399
214.466
214.327
214.414
214.402
214.406
214.391
214.41
214.383
214.391
214.41
214.41
214.398
214.391
214.402
214.399
214.395
214.413
214.406
214.395
214.391
214.41
214.391
214.398
214.395
214.413
214.391
214.403
214.398
214.41
214.414
214.375
214.666
214.135
214.553
214.248
214.391
214.41
214.398
214.391
214.41
214.406
214.402
214.391
214.391
214.41
214.402
214.406
214.391
214.41
214.391
214.391
214.41
214.398
214.402
214.399
214.402
214.542
214.255
214.395
214.406
214.398
214.395
214.511
214.305
214.632
214.161
214.632
214.165
214.425
214.391
214.38
214.413
214.41
214.376
214.406
214.398
214.403
214.41
214.383
214.406
214.402
214.399
214.398
214.41
214.391
214.402
214.399
214.41
214.39
214.613
214.184
214.403
214.398
214.402
214.399
214.398
214.41
214.391
214.402
214.399
214.398
214.403
214.406
214.391
214.402
214.398
214.403
214.398
214.402
214.399
214.398
214.403
214.398
214.399
214.402
214.402
214.399
214.391
214.409
214.399
214.462
214.339
214.398
214.402
214.399
214.391
214.432
214.38
214.56
214.237
214.553
214.248
214.398
214.41
214.399
214.394
214.399
214.398
214.395
214.406
214.406
214.395
214.406
214.417
214.391
214.387
214.399
214.398
214.418
214.398
214.383
214.403
214.402
214.541
214.256
214.41
214.406
214.391
214.394
214.527
214.274
214.391
214.399
214.406
214.402
214.402
214.399
214.402
214.406
214.391
214.402
214.399
214.398
214.402
214.399
214.398
214.41
214.391
214.41
214.391
214.402
214.406
214.391
214.395
214.406
214.398
214.625
214.188
214.398
214.406
214.387
214.399
214.594
214.199
214.485
214.323
214.399
214.398
214.402
214.399
214.398
214.395
214.463
214.334
214.444
214.406
214.376
214.398
214.632
214.173
214.391
214.391
214.406
214.387
214.406
214.398
214.403
214.68
214.128
214.391
214.474
214.361
214.372
214.443
214.369
214.391
214.391
214.398
214.391
214.579
214.233
214.391
214.406
214.402
214.422
214.515
214.263
214.511
214.312
214.504
214.27
214.403
214.425
214.406
214.383
214.41
214.391
214.417
214.511
214.339
214.334
214.384
214.402
214.421
214.41
214.398
214.399
214.368
214.41
214.391
214.41
214.391
214.398
214.41
214.391
214.398
214.41
214.391
214.425
214.376
214.398
214.403
214.398
214.395
214.406
214.398
214.403
214.425
214.383
214.406
214.387
214.391
214.406
214.41
214.399
214.402
214.406
214.53
214.304
214.493
214.304
214.963
213.823
214.399
214.368
214.41
214.391
214.432
214.368
214.425
214.406
214.399
214.395
214.413
214.376
214.402
214.399
214.391
214.425
214.376
214.402
214.406
214.383
214.418
214.469
214.309
214.428
214.376
214.395
214.406
214.402
214.406
214.433
214.488
214.448
214.225
214.406
214.41
214.534
214.248
214.545
214.271
214.383
214.403
214.398
214.41
214.406
214.376
214.496
214.32
214.394
214.414
214.425
214.368
214.425
214.376
214.391
214.767
214.064
214.447
214.316
214.455
214.349
214.391
214.429
214.643
214.154
214.41
214.413
214.38
214.372
214.425
214.387
214.391
214.406
214.391
214.41
214.402
214.391
214.406
214.402
214.391
214.406
214.395
214.406
214.398
214.395
214.406
214.391
214.41
214.391
214.41
214.391
214.402
214.406
214.391
214.402
214.406
214.403
214.398
214.391
214.402
214.41
214.391
214.406
214.398
214.418
214.391
214.387
214.425
214.372
214.402
214.399
214.402
214.406
214.391
214.402
214.399
214.402
214.406
214.391
214.489
214.319
214.391
214.41
214.391
214.41
214.432
214.361
214.406
214.41
214.56
214.241
214.383
214.421
214.384
214.436
214.492
214.267
214.406
214.391
214.41
214.398
214.391
214.41
214.489
214.312
214.402
214.406
214.391
214.402
214.399
214.398
214.395
214.406
214.391
214.41
214.398
214.403
214.398
214.402
214.399
214.41
214.391
214.646
214.147
214.398
214.406
214.403
214.398
214.402
214.399
214.398
214.395
214.421
214.384
214.402
214.398
214.41
214.391
214.402
214.406
214.391
214.395
214.406
214.402
214.391
214.406
214.391
214.41
214.41
214.391
214.398
214.433
214.368
214.41
214.391
214.398
214.418
214.383
214.402
214.399
214.402
214.391
214.406
214.402
214.406
214.391
214.403
214.398
214.395
214.406
214.398
214.403
214.398
214.402
214.406
214.391
214.41
214.391
214.402
214.406
214.391
214.391
214.41
214.41
214.567
214.222
214.568
214.233
214.402
214.406
214.391
214.403
214.398
214.402
214.399
214.398
214.403
214.398
214.402
214.44
214.376
214.399
214.409
214.373
214.402
214.41
214.398
214.391
214.391
214.571
214.245
214.387
214.406
214.402
214.406
214.519
214.267
214.406
214.399
214.424
214.395
214.384
214.398
214.399
214.424
214.391
214.38
214.421
214.395
214.391
214.398
214.403
214.398
214.402
214.399
214.402
214.399
214.398
214.41
214.398
214.391
214.403
214.646
214.207
214.53
214.226
214.391
214.398
214.602
214.199
214.398
214.466
214.35
214.384
214.402
214.398
214.403
214.398
214.41
214.391
214.398
214.395
214.406
214.402
214.399
214.398
214.403
214.398
214.399
214.402
214.398
214.41
214.391
214.417
214.391
214.395
214.414
214.383
214.391
214.417
214.391
214.403
214.398
214.575
214.233
214.391
214.395
214.414
214.394
214.399
214.398
214.403
214.398
214.391
214.41
214.398
214.403
214.398
214.399
214.417
214.398
214.376
214.41
214.395
214.406
214.398
214.568
214.233
214.391
214.417
214.391
214.403
214.533
214.256
214.41
214.398
214.403
214.398
214.399
214.402
214.398
214.403
214.398
214.395
214.398
214.406
214.418
214.383
214.395
214.413
214.391
214.395
214.406
214.391
214.41
214.398
214.391
214.41
214.406
214.395
214.398
214.403
214.398
214.41
214.406
214.616
214.17
214.413
214.391
214.395
214.398
214.395
214.406
214.402
214.406
214.391
214.418
214.383
214.402
214.399
214.398
214.403
214.398
214.391
214.41
214.398
214.403
214.398
214.417
214.384
214.406
214.387
214.406
214.402
214.399
214.398
214.448
214.353
214.399
214.409
214.391
214.391
214.41
214.391
214.41
214.398
214.395
214.406
214.41
214.391
214.402
214.387
214.41
214.399
214.409
214.391
214.395
214.406
214.402
214.406
214.391
214.403
214.398
214.568
214.24
214.391
214.403
214.398
214.402
214.399
214.398
214.391
214.41
214.665
214.136
214.398
214.403
214.398
214.391
214.425
214.383
214.403
214.398
214.417
214.384
214.398
214.403
214.398
214.402
214.406
214.391
214.395
214.406
214.402
214.399
214.398
214.391
214.41
214.391
214.417
214.395
214.395
214.402
214.402
214.5
214.297
214.391
214.41
214.391
214.41
214.398
214.395
214.406
214.402
214.399
214.398
214.395
214.406
214.399
214.409
214.391
214.403
214.398
214.41
214.383
214.406
214.403
214.398
214.391
214.41
214.398
214.399
214.417
214.402
214.376
214.406
214.41
214.575
214.218
214.399
214.398
214.41
214.391
214.391
214.41
214.417
214.391
214.391
214.399
214.394
214.406
214.403
214.398
214.402
214.399
214.398
214.395
214.406
214.406
214.425
214.387
214.384
214.398
214.391
214.417
214.406
214.384
214.421
214.406
214.376
214.398
214.406
214.395
214.399
214.402
214.402
214.399
214.398
214.402
214.399
214.398
214.403
214.398
214.399
214.402
214.402
214.391
214.406
214.399
214.409
214.391
214.399
214.402
214.658
214.143
214.398
214.395
214.406
214.41
214.605
214.184
214.515
214.286
214.399
214.402
214.398
214.395
214.406
214.402
214.399
214.398
214.395
214.406
214.395
214.406
214.398
214.418
214.383
214.399
214.402
214.398
214.403
214.406
214.391
214.492
214.327
214.391
214.391
214.399
214.409
214.624
214.17
214.601
214.196
214.594
214.206
214.403
214.398
214.41
214.391
214.398
214.395
214.414
214.394
214.399
214.398
214.395
214.406
214.402
214.406
214.391
214.403
214.398
214.402
214.406
214.391
214.395
214.59
214.215
214.409
214.391
214.391
214.41
214.41
214.391
214.398
214.399
214.395
214.406
214.402
214.398
214.395
214.414
214.394
214.399
214.398
214.395
214.425
214.391
214.406
214.402
214.384
214.398
214.41
214.391
214.398
214.395
214.406
214.425
214.368
214.669
214.136
214.402
214.399
214.402
214.398
214.651
214.15
214.515
214.286
214.402
214.399
214.398
214.391
214.41
214.398
214.391
214.41
214.406
214.395
214.398
214.395
214.399
214.417
214.391
214.417
214.376
214.406
214.402
214.399
214.398
214.504
214.305
214.391
214.409
214.391
214.391
214.481
214.339
214.398
214.391
214.403
214.398
214.402
214.406
214.391
214.403
214.398
214.402
214.399
214.398
214.403
214.398
214.41
214.391
214.406
214.395
214.398
214.41
214.391
214.398
214.395
214.421
214.395
214.567
214.241
214.376
214.421
214.395
214.398
214.553
214.241
214.432
214.376
214.398
214.391
214.395
214.406
214.391
214.41
214.398
214.395
214.406
214.402
214.406
214.391
214.403
214.398
214.41
214.398
214.391
214.403
214.398
214.41
214.391
214.402
214.399
214.398
214.399
214.402
214.402
214.399
214.398
214.402
214.399
214.398
214.403
214.398
214.399
214.394
214.41
214.399
214.398
214.391
214.41
214.402
214.387
214.41
214.391
214.41
214.398
214.403
214.398
214.402
214.406
214.391
214.418
214.383
214.504
214.297
214.398
214.403
214.398
214.402
214.399
214.402
214.605
214.192
214.391
214.41
214.398
214.403
214.417
214.38
214.394
214.418
214.383
214.406
214.402
214.414
214.391
214.387
214.406
214.402
214.414
214.383
214.391
214.41
214.399
214.394
214.406
214.403
214.406
214.394
214.421
214.376
214.403
214.398
214.399
214.443
214.357
214.403
214.398
214.41
214.391
214.398
214.403
214.398
214.41
214.398
214.391
214.395
214.406
214.395
214.413
214.391
214.391
214.41
214.391
214.41
214.41
214.391
214.424
214.376
214.399
214.398
214.403
214.398
214.402
214.399
214.402
214.391
214.421
214.376
214.432
214.376
214.403
214.398
214.402
214.399
214.406
214.383
214.41
214.402
214.399
214.398
214.395
214.406
214.41
214.391
214.398
214.403
214.398
214.41
214.398
214.391
214.403
214.398
214.399
214.402
214.398
214.395
214.406
214.609
214.192
214.398
214.403
214.398
214.402
214.399
214.398
214.399
214.402
214.402
214.399
214.398
214.403
214.398
214.402
214.399
214.398
214.403
214.398
214.391
214.41
214.398
214.403
214.398
214.391
214.41
214.398
214.403
214.417
214.387
214.564
214.248
214.391
214.406
214.387
214.399
214.402
214.399
214.398
214.391
214.402
214.406
214.395
214.406
214.391
214.417
214.391
214.418
214.391
214.391
214.394
214.406
214.418
214.383
214.399
214.432
214.368
214.41
214.399
214.391
214.402
214.398
214.403
214.398
214.399
214.53
214.274
214.406
214.391
214.399
214.409
214.391
214.395
214.406
214.41
214.391
214.398
214.403
214.398
214.402
214.399
214.398
214.395
214.406
214.399
214.409
214.391
214.395
214.406
214.391
214.417
214.391
214.403
214.398
214.41
214.398
214.403
214.379
214.617
214.195
214.399
214.398
214.391
214.41
214.41
214.398
214.395
214.406
214.391
214.41
214.406
214.395
214.398
214.406
214.395
214.398
214.391
214.403
214.402
214.398
214.399
214.398
214.391
214.41
214.399
214.402
214.41
214.556
214.233
214.399
214.394
214.406
214.395
214.406
214.41
214.391
214.398
214.399
214.41
214.402
214.398
214.391
214.403
214.409
214.388
214.402
214.41
214.391
214.398
214.399
214.402
214.402
214.399
214.398
214.399
214.409
214.391
214.403
214.398
214.399
214.65
214.162
214.518
214.271
214.391
214.417
214.391
214.418
214.398
214.395
214.413
214.376
214.418
214.383
214.41
214.391
214.402
214.399
214.398
214.395
214.413
214.391
214.41
214.391
214.425
214.496
214.278
214.395
214.406
214.391
214.425
214.481
214.305
214.624
214.176
214.406
214.391
214.403
214.398
214.402
214.399
214.402
214.387
214.41
214.41
214.391
214.402
214.399
214.398
214.399
214.402
214.398
214.403
214.398
214.391
214.41
214.402
214.391
214.613
214.195
214.399
214.398
214.403
214.398
214.568
214.233
214.455
214.338
214.406
214.399
214.409
214.391
214.395
214.406
214.402
214.391
214.406
214.395
214.399
214.398
214.41
214.398
214.403
214.398
214.402
214.399
214.398
214.41
214.406
214.395
214.413
214.376
214.403
214.398
214.41
214.391
214.398
214.395
214.406
214.538
214.27
214.391
214.395
214.406
214.399
214.424
214.376
214.395
214.406
214.402
214.406
214.384
214.41
214.398
214.402
214.399
214.398
214.403
214.406
214.387
214.406
214.398
214.53
214.271
214.402
214.399
214.41
214.383
214.496
214.312
214.624
214.173
214.399
214.402
214.402
214.399
214.398
214.391
214.41
214.391
214.417
214.391
214.391
214.41
214.417
214.384
214.398
214.41
214.406
214.387
214.406
214.391
214.41
214.391
214.41
214.391
214.398
214.403
214.406
214.394
214.414
214.575
214.203
214.406
214.395
214.406
214.398
214.418
214.394
214.38
214.417
214.395
214.399
214.398
214.391
214.41
214.398
214.403
214.398
214.391
214.41
214.398
214.391
214.41
214.391
214.41
214.447
214.354
214.398
214.395
214.406
214.398
214.41
214.391
214.399
214.402
214.398
214.403
214.398
214.41
214.398
214.391
214.403
214.398
214.41
214.391
214.402
214.399
214.398
214.399
214.402
214.398
214.395
214.406
214.399
214.409
214.391
214.403
214.398
214.526
214.267
214.425
214.384
214.398
214.425
214.376
214.398
214.632
214.162
214.631
214.177
214.398
214.41
214.406
214.376
214.417
214.395
214.406
214.391
214.391
214.41
214.398
214.403
214.398
214.402
214.399
214.398
214.403
214.398
214.402
214.399
214.402
214.391
214.406
214.402
214.399
214.398
214.395
214.406
214.402
214.463
214.334
214.403
214.398
214.41
214.391
214.398
214.403
214.398
214.402
214.399
214.398
214.403
214.398
214.391
214.41
214.398
214.41
214.391
214.395
214.413
214.395
214.387
214.425
214.387
214.399
214.398
214.41
214.41
214.398
214.384
214.398
214.403
214.545
214.255
214.399
214.402
214.391
214.406
214.41
214.383
214.406
214.403
214.398
214.406
214.402
214.391
214.395
214.421
214.384
214.409
214.391
214.418
214.398
214.384
214.409
214.391
214.395
214.406
214.391
214.417
214.391
214.395
214.406
214.402
214.391
214.632
214.177
214.391
214.409
214.399
214.402
214.399
214.398
214.391
214.41
214.398
214.403
214.398
214.402
214.406
214.391
214.395
214.406
214.391
214.41
214.398
214.399
214.402
214.617
214.184
214.398
214.403
214.398
214.406
214.579
214.214
214.467
214.334
214.399
214.409
214.41
214.384
214.406
214.394
214.399
214.398
214.403
214.398
214.417
214.399
214.383
214.418
214.383
214.402
214.399
214.398
214.403
214.398
214.399
214.458
214.342
214.403
214.398
214.402
214.399
214.398
214.399
214.665
214.136
214.402
214.391
214.398
214.444
214.368
214.406
214.391
214.395
214.406
214.399
214.409
214.391
214.395
214.406
214.395
214.406
214.398
214.391
214.41
214.41
214.391
214.398
214.403
214.545
214.263
214.391
214.398
214.395
214.406
214.391
214.402
214.647
214.169
214.624
214.177
214.383
214.406
214.395
214.406
214.399
214.394
214.406
214.395
214.406
214.41
214.391
214.425
214.376
214.398
214.41
214.417
214.391
214.372
214.41
214.399
214.394
214.624
214.185
214.398
214.425
214.391
214.383
214.576
214.233
214.466
214.327
214.398
214.403
214.398
214.41
214.391
214.402
214.399
214.398
214.395
214.413
214.391
214.403
214.398
214.395
214.406
214.398
214.403
214.398
214.391
214.41
214.391
214.462
214.346
214.402
214.406
214.391
214.403
214.421
214.368
214.417
214.391
214.403
214.398
214.41
214.391
214.398
214.395
214.406
214.402
214.399
214.402
214.399
214.398
214.402
214.399
214.406
214.383
214.41
214.395
214.398
214.41
214.406
214.391
214.402
214.399
214.398
214.403
214.398
214.41
214.383
214.512
214.289
214.406
214.402
214.406
214.391
214.403
214.398
214.402
214.399
214.398
214.395
214.406
214.402
214.399
214.398
214.395
214.406
214.391
214.41
214.398
214.403
214.398
214.402
214.406
214.391
214.403
214.62
214.173
214.413
214.391
214.395
214.406
214.395
214.406
214.398
214.391
214.41
214.402
214.406
214.391
214.403
214.398
214.417
214.399
214.402
214.372
214.425
214.376
214.41
214.398
214.403
214.398
214.395
214.406
214.398
214.403
214.398
214.463
214.338
214.398
214.395
214.406
214.391
214.41
214.398
214.572
214.229
214.402
214.399
214.402
214.414
214.398
214.384
214.402
214.398
214.391
214.41
214.391
214.417
214.391
214.403
214.398
214.399
214.402
214.406
214.387
214.406
214.402
214.399
214.402
214.399
214.398
214.406
214.402
214.395
214.399
214.398
214.41
214.398
214.391
214.643
214.151
214.409
214.399
214.406
214.395
214.398
214.402
214.399
214.391
214.402
214.406
214.402
214.399
214.398
214.403
214.398
214.402
214.414
214.402
214.376
214.406
214.402
214.406
214.489
214.305
214.417
214.38
214.402
214.398
214.399
214.41
214.391
214.402
214.402
214.391
214.406
214.41
214.391
214.398
214.403
214.398
214.391
214.417
214.391
214.391
214.41
214.399
214.402
214.398
214.395
214.406
214.402
214.399
214.398
214.403
214.398
214.406
214.402
214.395
214.391
214.406
214.568
214.233
214.398
214.391
214.41
214.391
214.41
214.398
214.395
214.406
214.399
214.402
214.398
214.403
214.398
214.41
214.398
214.391
214.403
214.398
214.399
214.402
214.417
214.391
214.391
214.41
214.391
214.398
214.403
214.398
214.402
214.519
214.278
214.403
214.398
214.651
214.165
214.398
214.38
214.414
214.409
214.384
214.398
214.403
214.413
214.395
214.391
214.398
214.403
214.398
214.402
214.399
214.398
214.403
214.398
214.391
214.41
214.398
214.636
214.176
214.391
214.399
214.398
214.395
214.406
214.402
214.485
214.312
214.395
214.406
214.395
214.398
214.406
214.403
214.398
214.391
214.41
214.402
214.399
214.398
214.402
214.406
214.399
214.395
214.398
214.402
214.399
214.398
214.395
214.406
214.399
214.402
214.398
214.41
214.391
214.41
214.391
214.402
214.391
214.575
214.233
214.391
214.429
214.368
214.41
214.402
214.391
214.406
214.391
214.41
214.406
214.395
214.41
214.398
214.391
214.399
214.409
214.391
214.403
214.398
214.391
214.417
214.391
214.403
214.398
214.41
214.391
214.406
214.515
214.278
214.658
214.143
214.647
214.154
214.398
214.399
214.409
214.391
214.395
214.406
214.402
214.399
214.398
214.403
214.398
214.395
214.406
214.398
214.403
214.398
214.402
214.399
214.398
214.391
214.41
214.639
214.177
214.402
214.384
214.398
214.417
214.602
214.18
214.489
214.312
214.402
214.399
214.402
214.399
214.398
214.399
214.402
214.402
214.406
214.391
214.399
214.394
214.406
214.403
214.398
214.402
214.399
214.413
214.403
214.391
214.391
214.481
214.319
214.399
214.402
214.41
214.391
214.447
214.346
214.583
214.225
214.399
214.398
214.403
214.391
214.409
214.399
214.398
214.403
214.398
214.41
214.398
214.391
214.403
214.398
214.402
214.399
214.398
214.403
214.398
214.391
214.41
214.398
214.395
214.406
214.41
214.391
214.398
214.395
214.406
214.526
214.275
214.417
214.384
214.398
214.41
214.406
214.391
214.402
214.399
214.402
214.398
214.391
214.391
214.41
214.399
214.417
214.383
214.395
214.406
214.391
214.41
214.398
214.395
214.406
214.402
214.399
214.639
214.154
214.406
214.399
214.402
214.398
214.403
214.398
214.496
214.305
214.398
214.403
214.398
214.402
214.399
214.398
214.395
214.406
214.399
214.409
214.391
214.41
214.391
214.399
214.402
214.398
214.395
214.406
214.41
214.391
214.398
214.489
214.312
214.399
214.402
214.398
214.403
214.447
214.361
214.575
214.214
214.41
214.391
214.391
214.41
214.398
214.391
214.41
214.41
214.391
214.398
214.391
214.41
214.391
214.41
214.398
214.395
214.421
214.376
214.425
214.383
214.403
214.417
214.391
214.398
214.391
214.395
214.406
214.41
214.413
214.497
214.282
214.398
214.395
214.662
214.142
214.395
214.406
214.402
214.406
214.391
214.403
214.398
214.391
214.41
214.398
214.395
214.406
214.399
214.402
214.406
214.383
214.41
214.399
214.402
214.406
214.391
214.402
214.399
214.402
214.41
214.391
214.398
214.41
214.391
214.398
214.395
214.406
214.402
214.399
214.398
214.403
214.398
214.399
214.402
214.398
214.418
214.398
214.402
214.384
214.402
214.391
214.406
214.395
214.413
214.391
214.403
214.391
214.503
214.312
214.391
214.406
214.395
214.391
214.41
214.398
214.587
214.214
214.575
214.226
214.398
214.403
214.398
214.402
214.399
214.398
214.41
214.391
214.402
214.406
214.391
214.403
214.398
214.391
214.41
214.398
214.403
214.398
214.402
214.406
214.391
214.391
214.41
214.41
214.391
214.402
214.399
214.398
214.402
214.421
214.376
214.395
214.406
214.41
214.391
214.406
214.387
214.406
214.402
214.414
214.398
214.41
214.395
214.38
214.424
214.391
214.376
214.41
214.391
214.417
214.391
214.403
214.406
214.383
214.666
214.142
214.418
214.383
214.399
214.424
214.38
214.399
214.503
214.294
214.402
214.398
214.403
214.398
214.41
214.391
214.417
214.38
214.677
214.135
214.391
214.398
214.403
214.398
214.402
214.406
214.395
214.399
214.398
214.402
214.399
214.398
214.395
214.406
214.402
214.399
214.402
214.399
214.398
214.391
214.41
214.583
214.218
214.398
214.399
214.409
214.391
214.395
214.414
214.394
214.391
214.406
214.403
214.398
214.399
214.402
214.398
214.403
214.398
214.395
214.406
214.398
214.395
214.41
214.571
214.226
214.41
214.406
214.383
214.391
214.545
214.278
214.41
214.376
214.417
214.399
214.41
214.364
214.41
214.399
214.394
214.406
214.391
214.41
214.399
214.402
214.398
214.403
214.398
214.41
214.391
214.398
214.403
214.398
214.399
214.417
214.383
214.403
214.398
214.402
214.399
214.398
214.395
214.632
214.184
214.391
214.398
214.403
214.398
214.399
214.409
214.395
214.406
214.391
214.402
214.406
214.391
214.41
214.391
214.41
214.398
214.391
214.391
214.425
214.395
214.406
214.383
214.41
214.489
214.301
214.402
214.398
214.395
214.406
214.41
214.398
214.594
214.192
214.598
214.218
214.398
214.391
214.418
214.383
214.399
214.402
214.417
214.391
214.41
214.372
214.41
214.398
214.403
214.398
214.417
214.384
214.406
214.387
214.406
214.395
214.406
214.583
214.233
214.383
214.399
214.402
214.398
214.546
214.255
214.433
214.368
214.398
214.395
214.406
214.406
214.395
214.398
214.395
214.406
214.399
214.402
214.398
214.403
214.398
214.402
214.406
214.391
214.403
214.406
214.394
214.399
214.398
214.425
214.376
214.399
214.402
214.398
214.391
214.429
214.38
214.402
214.398
214.395
214.421
214.391
214.395
214.402
214.399
214.398
214.41
214.383
214.406
214.395
214.414
214.391
214.402
214.402
214.399
214.417
214.391
214.383
214.406
214.403
214.402
214.387
214.41
214.398
214.403
214.398
214.391
214.417
214.448
214.346
214.398
214.391
214.417
214.391
214.395
214.406
214.41
214.398
214.399
214.391
214.402
214.391
214.417
214.391
214.403
214.398
214.41
214.391
214.41
214.383
214.406
214.391
214.41
214.398
214.403
214.582
214.218
214.399
214.398
214.41
214.41
214.38
214.428
214.384
214.398
214.391
214.41
214.398
214.391
214.403
214.398
214.391
214.402
214.406
214.395
214.406
214.391
214.41
214.398
214.395
214.421
214.395
214.398
214.391
214.403
214.398
214.399
214.402
214.398
214.403
214.398
214.399
214.409
214.395
214.628
214.169
214.402
214.399
214.398
214.403
214.398
214.41
214.398
214.391
214.395
214.406
214.402
214.406
214.391
214.403
214.398
214.391
214.41
214.402
214.399
214.406
214.402
214.391
214.398
214.395
214.414
214.391
214.409
214.395
214.399
214.398
214.391
214.41
214.406
214.594
214.199
214.399
214.409
214.391
214.403
214.398
214.402
214.406
214.391
214.403
214.413
214.38
214.425
214.379
214.403
214.417
214.383
214.422
214.394
214.384
214.406
214.394
214.399
214.398
214.395
214.406
214.402
214.391
214.41
214.399
214.398
214.402
214.399
214.398
214.395
214.406
214.402
214.399
214.398
214.403
214.398
214.402
214.399
214.398
214.403
214.406
214.391
214.402
214.398
214.403
214.391
214.398
214.402
214.41
214.399
214.406
214.383
214.417
214.395
214.391
214.406
214.632
214.176
214.391
214.403
214.398
214.402
214.406
214.391
214.418
214.402
214.391
214.414
214.375
214.391
214.41
214.391
214.41
214.398
214.403
214.398
214.41
214.391
214.413
214.388
214.398
214.402
214.399
214.398
214.41
214.406
214.376
214.489
214.353
214.399
214.402
214.376
214.398
214.391
214.395
214.414
214.425
214.391
214.375
214.403
214.413
214.387
214.399
214.398
214.395

------------------------------------------------------------------------------------------------------------------------------------------------
max val(#7367) = 214.96us
min val(#7368) = 213.82us
peak-to-peak = 1.14us
mean +- RMS = 214.40 +- 0.06 us

packet size: 516
number of packets: 10000
RATE = 19253.73kbps, PPS = 4664.2
