Destination address set to 01:1B:19:00:00:00
Defaults: 01:1B:19:00:00:00 or 01:80:C2:00:00:0E
SIOCSHWTSTAMP: tx_type 1 requested, got 1; rx_filter 0 requested, got 0
setting ts_flags: 0x53
new ts_flags: 0x53


gap of hw tx time, us: packets 10000:
------------------------------------------------------------------------------------------------------------------------------------------------
0
107.185
107.199
4568.08
107.218
107.35
107.048
5286.37
107.218
107.214
107.184
107.2
5373.43
107.233
107.327
107.049
107.222
107.338
107.064
107.192
107.184
107.455
106.958
107.211
107.241
107.161
107.166
107.206
107.241
107.177
107.199
107.184
107.207
107.203
107.188
107.21
107.2
107.199
107.207
107.21
107.2
107.522
106.868
107.2
107.537
106.857
107.207
107.184
107.219
107.327
107.063
107.207
107.203
107.207
107.177
107.222
107.184
107.199
107.218
107.177
107.199
107.207
107.191
107.226
107.489
106.894
107.2
107.199
107.192
107.218
107.199
107.335
107.063
107.196
107.188
107.218
107.199
107.184
107.2
107.297
107.161
107.151
107.218
107.27
107.121
107.207
107.184
107.191
107.234
107.191
107.184
107.282
107.109
107.2
107.323
107.079
107.207
107.199
107.289
107.121
107.191
107.2
107.191
107.388
107.015
107.199
107.248
107.169
107.2
107.191
107.207
107.335
107.063
107.181
107.462
106.959
107.192
107.191
107.207
107.316
107.079
107.413
107.219
106.977
107.199
107.384
107.015
107.199
107.218
107.335
107.169
107.071
107.199
107.226
107.184
107.192
107.214
107.305
107.09
107.188
107.203
107.207
107.199
107.207
107.203
107.537
107.158
106.887
107.2
107.53
106.887
107.192
107.203
107.195
107.203
107.192
107.199
107.207
107.192
107.206
107.203
107.2
107.191
107.211
107.199
107.192
107.207
107.191
107.215
107.191
107.196
107.207
107.199
107.203
107.192
107.199
107.278
107.12
107.2
107.21
107.192
107.21
107.196
107.203
107.192
107.199
107.207
107.199
107.192
107.203
107.199
107.207
107.191
107.2
107.21
107.199
107.399
106.992
107.2
107.21
107.199
107.2
107.199
107.38
107.022
107.192
107.207
107.191
107.211
107.199
107.199
107.44
106.959
107.203
107.199
107.188
107.211
107.191
107.2
107.21
107.199
107.2
107.199
107.203
107.192
107.199
107.207
107.199
107.203
107.199
107.199
107.2
107.191
107.226
107.271
107.105
107.207
107.199
107.203
107.199
107.199
107.2
107.361
107.041
107.192
107.199
107.207
107.191
107.211
107.199
107.192
107.207
107.199
107.203
107.199
107.192
107.199
107.207
107.203
107.188
107.21
107.2
107.191
107.211
107.188
107.218
107.192
107.191
107.207
107.196
107.206
107.2
107.191
107.29
107.113
107.206
107.2
107.199
107.192
107.21
107.192
107.207
107.191
107.207
107.203
107.199
107.2
107.191
107.211
107.199
107.215
107.184
107.199
107.199
107.203
107.192
107.425
106.981
107.192
107.203
107.383
107.023
107.191
107.207
107.203
107.199
107.2
107.199
107.44
106.962
107.199
107.192
107.211
107.188
107.199
107.21
107.2
107.203
107.207
107.191
107.199
107.2
107.199
107.192
107.21
107.207
107.199
107.184
107.211
107.199
107.199
107.297
107.102
107.199
107.203
107.199
107.2
107.199
107.192
107.368
107.041
107.2
107.199
107.203
107.199
107.199
107.2
107.199
107.192
107.21
107.199
107.2
107.199
107.199
107.203
107.199
107.2
107.199
107.203
107.199
107.199
107.2
107.214
107.188
107.199
107.199
107.192
107.207
107.192
107.199
107.289
107.113
107.207
107.199
107.203
107.199
107.2
107.203
107.191
107.207
107.199
107.2
107.199
107.203
107.199
107.199
107.2
107.199
107.192
107.21
107.199
107.2
107.199
107.203
107.199
107.199
107.2
107.376
107.015
107.21
107.199
107.2
107.191
107.211
107.192
107.447
106.959
107.199
107.199
107.203
107.199
107.2
107.199
107.199
107.203
107.199
107.2
107.199
107.199
107.203
107.199
107.2
107.199
107.203
107.199
107.199
107.2
107.199
107.297
107.105
107.199
107.2
107.191
107.211
107.199
107.199
107.369
107.03
107.199
107.203
107.199
107.2
107.199
107.199
107.203
107.199
107.2
107.191
107.207
107.203
107.199
107.2
107.191
107.207
107.203
107.199
107.313
107.086
107.203
107.214
107.184
107.2
107.199
107.192
107.21
107.199
107.2
107.282
107.112
107.207
107.199
107.2
107.199
107.192
107.21
107.199
107.234
107.173
107.218
107.176
107.199
107.2
107.199
107.203
107.222
107.176
107.2
107.199
107.199
107.203
107.199
107.2
107.199
107.195
107.391
107.015
107.2
107.203
107.199
107.199
107.2
107.199
107.447
106.955
107.195
107.204
107.191
107.199
107.207
107.203
107.2
107.199
107.191
107.211
107.199
107.2
107.199
107.199
107.203
107.199
107.2
107.199
107.199
107.199
107.203
107.293
107.106
107.199
107.199
107.203
107.2
107.199
107.199
107.368
107.034
107.2
107.199
107.203
107.199
107.199
107.2
107.199
107.191
107.2
107.21
107.2
107.191
107.199
107.2
107.21
107.2
107.199
107.203
107.199
107.199
107.2
107.221
107.169
107.2
107.21
107.2
107.199
107.199
107.203
107.286
107.113
107.199
107.199
107.203
107.199
107.2
107.199
107.199
107.203
107.199
107.2
107.199
107.199
107.203
107.199
107.2
107.199
107.199
107.203
107.195
107.204
107.199
107.199
107.195
107.207
107.2
107.383
107.019
107.195
107.203
107.207
107.192
107.199
107.199
107.451
106.952
107.199
107.191
107.211
107.199
107.2
107.199
107.191
107.211
107.199
107.2
107.191
107.199
107.2
107.21
107.2
107.191
107.207
107.192
107.21
107.2
107.199
107.304
107.094
107.203
107.2
107.199
107.191
107.2
107.21
107.365
107.034
107.199
107.203
107.199
107.2
107.199
107.199
107.203
107.199
107.2
107.199
107.199
107.203
107.199
107.2
107.199
107.191
107.207
107.203
107.2
107.199
107.191
107.234
107.176
107.2
107.191
107.207
107.192
107.21
107.2
107.289
107.101
107.234
107.176
107.2
107.199
107.199
107.199
107.203
107.2
107.199
107.191
107.2
107.21
107.2
107.199
107.199
107.199
107.203
107.2
107.199
107.199
107.199
107.203
107.2
107.199
107.199
107.383
107.019
107.2
107.199
107.21
107.192
107.199
107.2
107.447
106.951
107.192
107.21
107.2
107.199
107.199
107.203
107.199
107.2
107.199
107.199
107.199
107.203
107.2
107.199
107.199
107.203
107.199
107.2
107.199
107.191
107.2
107.312
107.098
107.191
107.207
107.199
107.203
107.2
107.199
107.376
107.022
107.203
107.2
107.199
107.199
107.192
107.21
107.2
107.199
107.191
107.211
107.199
107.2
107.199
107.199
107.192
107.21
107.2
107.199
107.191
107.211
107.199
107.222
107.177
107.203
107.199
107.199
107.2
107.199
107.191
107.297
107.102
107.211
107.199
107.199
107.203
107.199
107.2
107.199
107.199
107.199
107.203
107.2
107.199
107.191
107.203
107.207
107.2
107.199
107.195
107.196
107.21
107.2
107.199
107.199
107.195
107.207
107.384
107.019
107.187
107.211
107.207
107.192
107.199
107.199
107.451
106.951
107.2
107.199
107.199
107.203
107.199
107.2
107.199
107.191
107.207
107.203
107.2
107.199
107.199
107.199
107.203
107.2
107.199
107.199
107.192
107.207
107.203
107.312
107.27
107.008
107.21
107.2
107.199
107.199
107.199
107.376
107.027
107.199
107.199
107.203
107.199
107.2
107.199
107.203
107.195
107.203
107.2
107.199
107.191
107.207
107.203
107.2
107.199
107.203
107.195
107.203
107.2
107.191
107.241
107.161
107.207
107.192
107.207
107.191
107.211
107.196
107.3
107.102
107.203
107.199
107.199
107.2
107.199
107.191
107.211
107.199
107.2
107.191
107.199
107.2
107.21
107.2
107.199
107.191
107.211
107.199
107.2
107.199
107.199
107.192
107.21
107.2
107.199
107.383
107.015
107.196
107.207
107.206
107.192
107.192
107.21
107.455
106.944
107.199
107.203
107.199
107.2
107.199
107.191
107.2
107.21
107.2
107.199
107.191
107.211
107.199
107.2
107.199
107.199
107.199
107.203
107.2
107.199
107.199
107.316
107.086
107.2
107.199
107.199
107.192
107.21
107.2
107.375
107.023
107.199
107.203
107.2
107.199
107.199
107.199
107.2
107.203
107.191
107.207
107.203
107.199
107.2
107.199
107.191
107.204
107.203
107.203
107.199
107.191
107.2
107.233
107.177
107.199
107.203
107.549
106.849
107.2
107.199
107.297
107.094
107.203
107.207
107.191
107.207
107.192
107.21
107.2
107.199
107.191
107.2
107.21
107.2
107.199
107.199
107.199
107.203
107.2
107.199
107.191
107.207
107.192
107.211
107.191
107.207
107.203
107.391
107.008
107.199
107.199
107.218
107.184
107.2
107.199
107.458
106.944
107.199
107.2
107.203
107.195
107.192
107.199
107.211
107.199
107.199
107.192
107.21
107.2
107.191
107.199
107.2
107.21
107.2
107.199
107.199
107.203
107.199
107.312
107.087
107.191
107.207
107.203
107.2
107.199
107.199
107.376
107.026
107.2
107.199
107.203
107.199
107.199
107.2
107.199
107.199
107.192
107.21
107.2
107.199
107.199
107.199
107.203
107.2
107.199
107.199
107.203
107.199
107.2
107.233
107.165
107.203
107.199
107.2
107.199
107.203
107.199
107.293
107.106
107.199
107.191
107.211
107.199
107.2
107.199
107.199
107.203
107.199
107.2
107.199
107.199
107.196
107.206
107.2
107.199
107.199
107.192
107.21
107.192
107.207
107.192
107.21
107.199
107.2
107.391
107.011
107.199
107.199
107.215
107.184
107.199
107.203
107.455
106.944
107.199
107.203
107.188
107.21
107.2
107.199
107.199
107.203
107.199
107.2
107.199
107.203
107.188
107.207
107.203
107.199
107.199
107.203
107.199
107.2
107.199
107.312
107.083
107.206
107.2
107.552
106.846
107.199
107.203
107.384
107.015
107.199
107.192
107.21
107.2
107.199
107.192
107.21
107.199
107.2
107.199
107.199
107.203
107.199
107.2
107.199
107.199
107.203
107.199
107.2
107.199
107.192
107.24
107.169
107.2
107.199
107.195
107.207
107.199
107.2
107.297
107.101
107.192
107.21
107.2
107.199
107.192
107.206
107.203
107.2
107.199
107.199
107.199
107.203
107.2
107.199
107.199
107.203
107.199
107.2
107.199
107.199
107.203
107.214
107.185
107.199
107.192
107.398
107.011
107.2
107.199
107.218
107.184
107.199
107.192
107.462
106.944
107.203
107.199
107.2
107.199
107.199
107.199
107.203
107.2
107.199
107.199
107.199
107.203
107.2
107.199
107.199
107.192
107.21
107.2
107.199
107.199
107.199
107.324
107.079
107.199
107.199
107.203
107.199
107.2
107.191
107.391
107.008
107.21
107.2
107.199
107.192
107.199
107.207
107.203
107.199
107.199
107.192
107.21
107.215
107.184
107.199
107.203
107.199
107.2
107.199
107.192
107.206
107.196
107.248
107.263
107.094
107.196
107.206
107.2
107.199
107.199
107.305
107.097
107.2
107.199
107.199
107.203
107.199
107.2
107.199
107.192
107.206
107.203
107.2
107.199
107.203
107.192
107.206
107.2
107.199
107.199
107.203
107.199
107.2
107.199
107.199
107.203
107.199
107.399
107
107.199
107.203
107.222
107.177
107.199
107.199
107.466
106.936
107.2
107.199
107.199
107.199
107.203
107.2
107.199
107.199
107.203
107.199
107.2
107.199
107.199
107.203
107.199
107.2
107.199
107.192
107.21
107.199
107.2
107.319
107.072
107.21
107.199
107.2
107.199
107.199
107.196
107.39
107.016
107.199
107.192
107.21
107.199
107.2
107.199
107.199
107.203
107.199
107.2
107.199
107.199
107.203
107.199
107.2
107.199
107.192
107.21
107.199
107.2
107.199
107.24
107.162
107.199
107.2
107.199
107.199
107.203
107.199
107.305
107.094
107.199
107.199
107.203
107.2
107.199
107.199
107.199
107.203
107.2
107.199
107.192
107.21
107.199
107.2
107.199
107.199
107.199
107.203
107.2
107.199
107.199
107.196
107.195
107.211
107.199
107.402
107
107.199
107.2
107.221
107.177
107.203
107.199
107.2
107.199
107.192
107.21
107.199
107.2
107.199
107.199
107.203
107.199
107.2
107.199
107.192
107.21
107.199
107.2
107.199
107.199
107.203
107.199
107.2
107.199
107.199
107.32
107.082
107.2
107.199
107.199
107.203
107.199
107.2
107.383
107.015
107.203
107.192
107.207
107.199
107.199
107.199
107.203
107.2
107.199
107.199
107.192
107.21
107.2
107.199
107.203
107.195
107.203
107.2
107.199
107.199
107.203
107.237
107.162
107.203
107.195
107.192
107.21
107.2
107.199
107.304
107.087
107.207
107.203
107.191
107.207
107.199
107.203
107.2
107.199
107.199
107.203
107.199
107.271
107.128
107.203
107.195
107.203
107.2
107.199
107.199
107.203
107.199
107.2
107.199
107.199
107.192
107.41
107
107.199
107.199
107.226
107.176
107.2
107.199
107.199
107.192
107.21
107.2
107.191
107.207
107.196
107.206
107.2
107.199
107.192
107.199
107.21
107.2
107.199
107.192
107.206
107.203
107.2
107.199
107.199
107.192
107.207
107.323
107.079
107.199
107.192
107.21
107.2
107.199
107.203
107.383
107.015
107.2
107.199
107.199
107.203
107.199
107.2
107.199
107.192
107.199
107.21
107.2
107.199
107.199
107.192
107.21
107.2
107.199
107.199
107.199
107.203
107.2
107.248
107.15
107.203
107.199
107.2
107.199
107.199
107.203
107.308
107.091
107.191
107.211
107.195
107.203
107.2
107.199
107.199
107.203
107.199
107.2
107.199
107.199
107.199
107.203
107.2
107.199
107.199
107.203
107.199
107.2
107.199
107.199
107.199
107.2
107.203
107.398
107
107.203
107.199
107.222
107.177
107.192
107.199
107.21
107.2
107.199
107.199
107.203
107.199
107.2
107.199
107.199
107.192
107.21
107.2
107.199
107.199
107.192
107.21
107.2
107.199
107.199
107.196
107.206
107.2
107.199
107.331
107.067
107.203
107.2
107.199
107.199
107.192
107.21
107.391
107
107.207
107.192
107.21
107.2
107.199
107.199
107.192
107.21
107.2
107.199
107.199
107.203
107.199
107.2
107.191
107.2
107.206
107.203
107.2
107.199
107.199
107.241
107.161
107.2
107.199
107.199
107.203
107.199
107.2
107.312
107.086
107.192
107.21
107.2
107.199
107.199
107.199
107.203
107.2
107.199
107.195
107.203
107.203
107.2
107.199
107.199
107.203
107.199
107.2
107.199
107.203
107.195
107.203
107.2
107.191
107.2
107.413
106.996
107.2
107.199
107.233
107.158
107.21
107.2
107.199
107.199
107.192
107.21
107.2
107.199
107.199
107.203
107.199
107.2
107.199
107.199
107.203
107.199
107.2
107.199
107.195
107.196
107.21
107.2
107.199
107.199
107.192
107.338
107.072
107.199
107.203
107.199
107.199
107.2
107.199
107.391
107.011
107.199
107.2
107.199
107.192
107.199
107.203
107.207
107.199
107.199
107.196
107.206
107.2
107.199
107.199
107.199
107.203
107.2
107.199
107.192
107.203
107.206
107.245
107.154
107.192
107.206
107.203
107.2
107.199
107.199
107.312
107.09
107.2
107.199
107.199
107.192
107.21
107.2
107.199
107.199
107.203
107.199
107.2
107.199
107.192
107.21
107.199
107.2
107.199
107.192
107.206
107.203
107.2
107.199
107.192
107.21
107.199
107.406
106.985
107.207
107.203
107.229
107.17
107.199
107.192
107.199
107.21
107.2
107.199
107.199
107.203
107.199
107.2
107.199
107.199
107.203
107.199
107.2
107.199
107.199
107.203
107.199
107.2
107.199
107.218
107.184
107.199
107.2
107.327
107.071
107.199
107.203
107.2
107.199
107.203
107.195
107.391
107.012
107.199
107.203
107.188
107.21
107.2
107.199
107.192
107.21
107.199
107.2
107.191
107.207
107.203
107.199
107.2
107.199
107.203
107.188
107.21
107.2
107.199
107.248
107.143
107.21
107.2
107.199
107.199
107.199
107.2
107.315
107.087
107.199
107.199
107.203
107.2
107.199
107.199
107.192
107.21
107.2
107.199
107.203
107.199
107.199
107.2
107.191
107.207
107.199
107.196
107.207
107.199
107.199
107.192
107.207
107.203
107.199
107.41
106.981
107.21
107.2
107.24
107.158
107.203
107.199
107.2
107.191
107.2
107.21
107.199
107.2
107.199
107.199
107.199
107.192
107.211
107.199
107.192
107.21
107.199
107.2
107.199
107.199
107.199
107.203
107.2
107.199
107.199
107.346
107.256
107
107.199
107.199
107.203
107.199
107.2
107.391
107
107.21
107.199
107.2
107.191
107.207
107.192
107.21
107.2
107.199
107.192
107.21
107.199
107.2
107.191
107.2
107.199
107.21
107.2
107.191
107.207
107.199
107.248
107.155
107.199
107.195
107.196
107.21
107.2
107.199
107.319
107.083
107.199
107.2
107.199
107.192
107.206
107.203
107.2
107.199
107.192
107.206
107.203
107.2
107.199
107.192
107.203
107.206
107.2
107.199
107.199
107.199
107.203
107.2
107.199
107.195
107.196
107.425
106.985
107.199
107.199
107.241
107.161
107.2
107.199
107.203
107.195
107.203
107.2
107.191
107.207
107.199
107.203
107.2
107.191
107.207
107.203
107.214
107.2
107.184
107.192
107.21
107.199
107.2
107.199
107.199
107.203
107.199
107.327
107.072
107.203
107.195
107.203
107.2
107.199
107.199
107.399
107.003
107.2
107.199
107.192
107.21
107.199
107.2
107.199
107.192
107.21
107.199
107.2
107.199
107.203
107.199
107.199
107.2
107.199
107.199
107.199
107.203
107.2
107.255
107.143
107.199
107.203
107.2
107.191
107.207
107.203
107.32
107.079
107.199
107.199
107.192
107.21
107.2
107.199
107.199
107.199
107.203
107.2
107.199
107.199
107.192
107.21
107.2
107.199
107.192
107.199
107.21
107.2
107.199
107.199
107.203
107.199
107.2
107.413
106.985
107.192
107.21
107.241
107.158
107.199
107.199
107.203
107.2
107.191
107.2
107.21
107.199
107.2
107.199
107.199
107.192
107.21
107.2
107.199
107.192
107.203
107.206
107.2
107.199
107.199
107.203
107.199
107.2
107.199
107.334
107.057
107.21
107.2
107.199
107.192
107.21
107.199
107.399
107
107.192
107.21
107.199
107.2
107.199
107.192
107.199
107.21
107.2
107.199
107.199
107.211
107.191
107.2
107.199
107.199
107.203
107.199
107.2
107.199
107.203
107.252
107.146
107.2
107.199
107.199
107.199
107.203
107.2
107.319
107.072
107.206
107.203
107.2
107.199
107.199
107.199
107.203
107.2
107.199
107.199
107.199
107.203
107.2
107.199
107.199
107.203
107.199
107.2
107.199
107.199
107.192
107.21
107.2
107.199
107.199
107.417
106.985
107.2
107.199
107.24
107.162
107.199
107.2
107.191
107.207
107.199
107.203
107.399
107
107.199
107.192
107.21
107.2
107.199
107.199
107.203
107.199
107.2
107.199
107.199
107.203
107.199
107.2
107.199
107.199
107.196
107.342
107.064
107.199
107.192
107.206
107.203
107.2
107.199
107.398
107
107.203
107.2
107.199
107.199
107.196
107.199
107.207
107.199
107.199
107.203
107.199
107.2
107.191
107.218
107.192
107.199
107.2
107.199
107.199
107.203
107.192
107.263
107.143
107.192
107.206
107.203
107.2
107.199
107.203
107.327
107.071
107.2
107.191
107.207
107.203
107.199
107.2
107.199
107.199
107.192
107.21
107.2
107.199
107.199
107.192
107.21
107.2
107.199
107.203
107.188
107.207
107.203
107.199
107.199
107.203
107.199
107.425
106.974
107.192
107.206
107.241
107.162
107.199
107.199
107.199
107.203
107.2
107.191
107.207
107.203
107.199
107.2
107.199
107.199
107.203
107.199
107.2
107.199
107.199
107.203
107.199
107.2
107.191
107.2
107.199
107.21
107.2
107.334
107.064
107.196
107.206
107.2
107.199
107.192
107.206
107.41
106.993
107.199
107.199
107.199
107.203
107.2
107.199
107.203
107.199
107.199
107.2
107.199
107.192
107.206
107.203
107.2
107.199
107.192
107.21
107.199
107.2
107.199
107.255
107.143
107.203
107.2
107.199
107.195
107.207
107.199
107.327
107.072
107.199
107.199
107.203
107.2
107.191
107.2
107.206
107.203
107.2
107.199
107.199
107.192
107.21
107.2
107.199
107.199
107.199
107.203
107.2
107.199
107.199
107.192
107.21
107.2
107.199
107.425
106.97
107.199
107.207
107.248
107.15
107.203
107.199
107.2
107.199
107.192
107.21
107.199
107.2
107.199
107.199
107.203
107.199
107.2
107.199
107.199
107.203
107.188
107.211
107.199
107.199
107.203
107.199
107.2
107.199
107.199
107.346
107.056
107.2
107.199
107.199
107.192
107.21
107.2
107.409
106.982
107.206
107.203
107.2
107.199
107.199
107.196
107.206
107.2
107.199
107.192
107.21
107.199
107.2
107.199
107.199
107.203
107.199
107.2
107.199
107.192
107.21
107.263
107.136
107.199
107.199
107.203
107.199
107.2
107.191
107.335
107.075
107.199
107.2
107.199
107.199
107.203
107.199
107.2
107.199
107.203
107.195
107.203
107.2
107.199
107.199
107.192
107.21
107.2
107.199
107.199
107.203
107.199
107.2
107.199
107.199
107.199
107.425
106.978
107.199
107.199
107.248
107.154
107.2
107.199
107.199
107.199
107.203
107.2
107.199
107.199
107.199
107.203
107.2
107.199
107.199
107.203
107.199
107.2
107.199
107.192
107.21
107.199
107.2
107.199
107.199
107.203
107.199
107.342
107.049
107.207
107.203
107.199
107.2
107.199
107.199
107.417
106.985
107.2
107.191
107.207
107.203
107.199
107.2
107.199
107.199
107.203
107.196
107.203
107.199
107.192
107.206
107.203
107.2
107.199
107.199
107.192
107.21
107.2
107.263
107.135
107.203
107.199
107.2
107.199
107.199
107.199
107.339
107.064
107.199
107.203
107.199
107.199
107.2
107.199
107.199
107.199
107.203
107.2
107.199
107.195
107.207
107.199
107.2
107.191
107.211
107.192
107.206
107.2
107.199
107.199
107.203
107.199
107.2
107.432
106.959
107.21
107.199
107.248
107.151
107.192
107.199
107.21
107.2
107.199
107.199
107.203
107.199
107.2
107.191
107.2
107.206
107.203
107.2
107.191
107.2
107.21
107.199
107.2
107.199
107.192
107.21
107.199
107.2
107.199
107.353
107.049
107.199
107.192
107.207
107.199
107.192
107.207
107.421
106.981
107.192
107.21
107.199
107.2
107.199
107.199
107.192
107.21
107.2
107.199
107.199
107.199
107.203
107.2
107.199
107.203
107.188
107.21
107.2
107.199
107.192
107.282
107.127
107.2
107.199
107.192
107.21
107.199
107.2
107.334
107.064
107.203
107.199
107.2
107.199
107.199
107.203
107.196
107.203
107.199
107.199
107.203
107.199
107.2
107.199
107.199
107.192
107.21
107.2
107.199
107.199
107.199
107.203
107.2
107.191
107.207
107.425
106.977
107.2
107.199
107.255
107.147
107.199
107.2
107.199
107.192
107.203
107.206
107.2
107.199
107.199
107.199
107.203
107.2
107.199
107.199
107.199
107.192
107.211
107.199
107.192
107.21
107.199
107.2
107.199
107.199
107.199
107.354
107.049
107.199
107.199
107.199
107.203
107.2
107.199
107.417
106.985
107.199
107.2
107.191
107.207
107.203
107.199
107.2
107.199
107.199
107.203
107.199
107.2
107.199
107.199
107.199
107.203
107.2
107.199
107.192
107.206
107.203
107.271
107.12
107.207
107.203
107.199
107.2
107.199
107.199
107.338
107.064
107.2
107.199
107.199
107.203
107.199
107.2
107.199
107.199
107.203
107.199
107.2
107.199
107.192
107.206
107.203
107.2
107.199
107.192
107.21
107.199
107.2
107.199
107.192
107.203
107.203
107.436
106.966
107.199
107.192
107.267
107.143
107.191
107.211
107.188
107.21
107.2
107.199
107.199
107.199
107.218
107.185
107.199
107.203
107.199
107.199
107.2
107.199
107.199
107.203
107.199
107.2
107.191
107.207
107.199
107.203
107.2
107.349
107.049
107.199
107.203
107.2
107.199
107.192
107.199
107.425
106.985
107.199
107.192
107.21
107.199
107.2
107.199
107.199
107.203
107.199
107.2
107.191
107.207
107.203
107.199
107.2
107.199
107.199
107.203
107.199
107.2
107.199
107.274
107.128
107.199
107.2
107.511
106.887
107.203
107.199
107.335
107.064
107.203
107.199
107.199
107.2
107.199
107.203
107.199
107.199
107.2
107.199
107.192
107.199
107.21
107.2
107.199
107.199
107.203
107.199
107.2
107.199
107.192
107.206
107.203
107.2
107.191
107.44
106.959
107.21
107.2
107.255
107.136
107.199
107.21
107.2
107.191
107.207
107.203
107.199
107.2
107.199
107.199
107.395
107.007
107.2
107.199
107.192
107.21
107.199
107.2
107.199
107.199
107.203
107.199
107.2
107.199
107.192
107.36
107.049
107.2
107.199
107.203
107.199
107.199
107.2
107.214
107.177
107.206
107.192
107.211
107.199
107.203
107.199
107.199
107.2
107.199
107.192
107.21
107.199
107.2
107.199
107.199
107.199
107.203
107.2
107.191
107.2
107.206
107.275
107.128
107.191
107.211
107.199
107.199
107.2
107.199
107.338
107.053
107.207
107.203
107.199
107.199
107.199
107.203
107.2
107.214
107.184
107.203
107.199
107.2
107.199
107.192
107.206
107.203
107.2
107.199
107.199
107.218
107.184
107.2
107.199
107.199
107.192
107.451
106.959
107.199
107.199
107.256
107.146
107.2
107.199
107.199
107.192
107.21
107.2
107.199
107.199
107.192
107.21
107.2
107.199
107.199
107.199
107.203
107.2
107.199
107.199
107.203
107.199
107.2
107.191
107.207
107.199
107.203
107.354
107.045
107.203
107.195
107.203
107.2
107.199
107.199
107.425
106.977
107.2
107.199
107.192
107.21
107.199
107.2
107.199
107.203
107.199
107.199
107.2
107.199
107.192
107.206
107.203
107.2
107.191
107.207
107.199
107.203
107.2
107.27
107.121
107.206
107.203
107.2
107.199
107.199
107.199
107.346
107.057
107.203
107.195
107.199
107.203
107.2
107.199
107.199
107.199
107.203
107.2
107.199
107.203
107.195
107.203
107.2
107.199
107.199
107.203
107.199
107.2
107.199
107.199
107.203
107.199
107.2
107.439
106.952
107.21
107.199
107.264
107.135
107.199
107.199
107.203
107.2
107.199
107.192
107.21
107.199
107.2
107.199
107.199
107.192
107.21
107.2
107.199
107.199
107.203
107.199
107.2
107.199
107.199
107.192
107.21
107.2
107.199
107.361
107.041
107.199
107.2
107.199
107.192
107.199
107.21
107.421
106.978
107.199
107.203
107.199
107.2
107.199
107.199
107.203
107.199
107.2
107.199
107.203
107.188
107.21
107.2
107.199
107.192
107.21
107.199
107.2
107.199
107.199
107.282
107.12
107.2
107.199
107.199
107.203
107.199
107.2
107.342
107.056
107.203
107.199
107.2
107.203
107.195
107.199
107.203
107.2
107.199
107.199
107.199
107.203
107.2
107.199
107.199
107.196
107.206
107.2
107.199
107.192
107.21
107.199
107.2
107.199
107.199
107.44
106.962
107.2
107.199
107.263
107.135
107.203
107.2
107.199
107.199
107.203
107.199
107.2
107.199
107.199
107.203
107.199
107.2
107.191
107.2
107.206
107.203
107.2
107.199
107.203
107.199
107.199
107.2
107.214
107.184
107.199
107.361
107.042
107.199
107.192
107.206
107.203
107.2
107.199
107.425
106.973
107.203
107.2
107.199
107.199
107.203
107.199
107.192
107.207
107.192
107.203
107.195
107.211
107.199
107.199
107.192
107.21
107.2
107.199
107.199
107.192
107.21
107.279
107.12
107.199
107.199
107.203
107.2
107.199
107.199
107.346
107.056
107.2
107.199
107.192
107.21
107.199
107.2
107.199
107.203
107.195
107.203
107.2
107.199
107.192
107.21
107.199
107.2
107.199
107.203
107.199
107.199
107.2
107.203
107.195
107.199
107.203
107.44
106.959
107.199
107.203
107.263
107.136
107.199
107.192
107.21
107.199
107.2
107.199
107.199
107.203
107.199
107.2
107.199
107.199
107.203
107.199
107.2
107.199
107.192
107.199
107.21
107.2
107.199
107.203
107.199
107.199
107.2
107.361
107.037
107.203
107.199
107.2
107.199
107.203
107.199
107.429
106.97
107.199
107.199
107.199
107.196
107.207
107.199
107.199
107.203
107.199
107.2
107.199
107.192
107.206
107.203
107.2
107.199
107.192
107.21
107.196
107.203
107.199
107.289
107.109
107.203
107.2
107.199
107.203
107.199
107.196
107.353
107.049
107.199
107.199
107.203
107.2
107.199
107.199
107.203
107.199
107.2
107.199
107.192
107.199
107.21
107.2
107.199
107.199
107.203
107.199
107.2
107.199
107.195
107.215
107.191
107.2
107.191
107.448
106.962
107.199
107.2
107.27
107.132
107.188
107.21
107.2
107.199
107.199
107.203
107.199
107.2
107.199
107.203
107.192
107.206
107.2
107.199
107.192
107.206
107.203
107.2
107.199
107.199
107.203
107.199
107.2
107.199
107.199
107.369
107.033
107.2
107.199
107.199
107.199
107.203
107.2
107.432
106.959
107.199
107.21
107.2
107.199
107.199
107.203
107.199
107.2
107.199
107.199
107.192
107.21
107.2
107.353
107.045
107.203
107.199
107.2
107.191
107.2
107.199
107.297
107.128
107.184
107.192
107.21
107.196
107.203
107.199
107.353
107.049
107.199
107.2
107.199
107.199
107.203
107.199
107.2
107.191
107.203
107.207
107.199
107.2
107.199
107.199
107.196
107.206
107.2
107.191
107.207
107.192
107.21
107.207
107.192
107.199
107.199
107.451
106.952
107.199
107.199
107.275
107.12
107.207
107.199
107.192
107.206
107.203
107.2
107.203
107.195
107.203
107.199
107.2
107.199
107.199
107.199
107.2
107.203
107.199
107.199
107.203
107.199
107.2
107.199
107.199
107.203
107.199
107.365
107.026
107.207
107.199
107.203
107.2
107.199
107.199
107.432
106.97
107.2
107.199
107.199
107.199
107.203
107.2
107.199
107.199
107.203
107.199
107.2
107.199
107.199
107.192
107.21
107.2
107.199
107.199
107.199
107.203
107.2
107.289
107.113
107.188
107.21
107.2
107.199
107.199
107.192
107.361
107.049
107.199
107.199
107.203
107.199
107.2
107.199
107.192
107.206
107.203
107.2
107.199
107.199
107.203
107.196
107.203
107.199
107.199
107.203
107.199
107.2
107.199
107.21
107.192
107.196
107.203
107.191
107.207
107.199
107.203
107.271
107.128
107.192
107.206
107.203
107.2
107.199
107.192
107.21
107.199
107.2
107.199
107.199
107.203
107.199
107.2
107.199
107.199
107.203
107.199
107.2
107.199
107.192
107.206
107.192
107.211
107.199
107.376
107.026
107.199
107.2
107.199
107.199
107.199
107.203
107.433
106.966
107.192
107.21
107.199
107.2
107.199
107.199
107.192
107.21
107.2
107.199
107.199
107.192
107.21
107.2
107.199
107.199
107.203
107.199
107.2
107.199
107.195
107.301
107.105
107.2
107.199
107.199
107.199
107.203
107.192
107.357
107.049
107.199
107.203
107.2
107.199
107.199
107.192
107.21
107.2
107.199
107.192
107.21
107.199
107.2
107.199
107.199
107.199
107.203
107.2
107.199
107.199
107.199
107.211
107.192
107.191
107.207
107.203
107.199
107.2
107.199
107.274
107.117
107.21
107.2
107.199
107.203
107.199
107.199
107.2
107.199
107.199
107.203
107.199
107.2
107.199
107.199
107.199
107.203
107.2
107.199
107.199
107.203
107.188
107.211
107.199
107.203
107.195
107.369
107.034
107.199
107.199
107.192
107.21
107.2
107.191
107.448
106.958
107.203
107.2
107.199
107.199
107.203
107.199
107.2
107.199
107.207
107.191
107.203
107.2
107.199
107.199
107.203
107.199
107.2
107.199
107.203
107.199
107.199
107.286
107.105
107.207
107.192
107.545
106.865
107.191
107.207
107.361
107.041
107.2
107.199
107.203
107.199
107.199
107.2
107.199
107.192
107.21
107.199
107.2
107.199
107.199
107.199
107.203
107.2
107.199
107.192
107.21
107.199
107.2
107.206
107.185
107.199
107.21
107.2
107.199
107.199
107.199
107.282
107.121
107.199
107.199
107.192
107.21
107.2
107.199
107.199
107.199
107.203
107.2
107.199
107.192
107.199
107.21
107.2
107.199
107.199
107.199
107.203
107.2
107.199
107.199
107.192
107.21
107.2
107.376
107.022
107.203
107.199
107.2
107.199
107.199
107.196
107.443
106.963
107.199
107.199
107.192
107.21
107.2
107.199
107.199
107.203
107.199
107.2
107.199
107.199
107.192
107.21
107.2
107.199
107.199
107.203
107.199
107.2
107.199
107.297
107.12
107.184
107.2
107.552
106.846
107.199
107.203
107.361
107.038
107.192
107.21
107.199
107.241
107.158
107.199
107.199
107.203
107.2
107.191
107.369
107.034
107.206
107.2
107.199
107.199
107.192
107.383
107.027
107.199
107.199
107.218
107.181
107.203
107.199
107.199
107.203
107.199
107.2
107.278
107.12
107.199
107.203
107.2
107.199
107.192
107.206
107.203
107.2
107.199
107.192
107.199
107.21
107.2
107.199
107.199
107.203
107.199
107.2
107.199
107.199
107.192
107.21
107.2
107.199
107.192
107.402
107.007
107.2
107.199
107.199
107.203
107.199
107.2
107.447
106.951
107.203
107.214
107.185
107.199
107.199
107.203
107.199
107.2
107.199
107.199
107.192
107.21
107.2
107.199
107.199
107.203
107.199
107.2
107.199
107.192
107.206
107.297
107.106
107.191
107.211
107.188
107.21
107.2
107.191
107.369
107.03
107.21
107.2
107.199
107.192
107.21
107.196
107.203
107.199
107.199
107.203
107.199
107.2
107.199
107.192
107.206
107.2
107.203
107.199
107.192
107.21
107.199
107.215
107.184
107.192
107.21
107.199
107.2
107.199
107.199
107.282
107.12
107.2
107.199
107.199
107.199
107.203
107.2
107.199
107.192
107.21
107.199
107.2
107.199
107.199
107.192
107.21
107.2
107.199
107.199
107.196
107.206
107.2
107.199
107.199
107.203
107.199
107.376
107.023
107.199
107.203
107.207
107.192
107.199
107.203
107.436
106.962
107.2
107.199
107.192
107.21
107.199
107.2
107.199
107.199
107.192
107.21
107.2
107.199
107.192
107.21
107.199
107.2
107.199
107.203
107.188
107.21
107.2
107.297
107.105
107.195
107.203
107.2
107.199
107.199
107.199
107.361
107.042
107.199
107.199
107.192
107.207
107.203
107.199
107.192
107.203
107.206
107.2
107.199
107.192
107.199
107.21
107.2
107.199
107.199
107.199
107.203
107.2
107.199
107.225
107.177
107.199
107.2
107.199
107.199
107.192
107.21
107.279
107.12
107.199
107.203
107.199
107.2
107.199
107.199
107.203
107.199
107.2
107.191
107.207
107.203
107.199
107.2
107.199
107.199
107.203
107.199
107.2
107.199
107.199
107.199
107.203
107.2
107.199
107.376
107.015
107.203
107.207
107.206
107.192
107.203
107.199
107.448
106.951
107.199
107.203
107.199
107.2
107.199
107.199
107.196
107.206
107.2
107.199
107.199
107.199
107.203
107.2
107.199
107.192
107.206
107.203
107.2
107.199
107.199
107.297
107.105
107.2
107.199
107.199
107.199
107.203
107.2
107.368
107.03
107.203
107.199
107.2
107.199
107.199
107.203
107.199
107.2
107.199
107.199
107.199
107.203
107.2
107.199
107.192
107.21
107.199
107.2
107.199
107.199
107.192
107.225
107.185
107.199
107.199
107.203
107.199
107.2
107.199
107.289
107.109
107.203
107.2
107.199
107.199
107.203
107.199
107.2
107.191
107.207
107.203
107.199
107.2
107.199
107.192
107.206
107.196
107.207
107.199
107.199
107.199
107.203
107.2
107.199
107.203
107.192
107.436
106.97
107.199
107.199
107.211
107.191
107.2
107.199
107.447
106.955
107.199
107.2
107.199
107.199
107.203
107.199
107.2
107.191
107.207
107.203
107.199
107.2
107.199
107.199
107.192
107.21
107.2
107.203
107.195
107.203
107.199
107.301
107.098
107.199
107.192
107.21
107.2
107.199
107.199
107.369
107.033
107.2
107.199
107.199
107.196
107.206
107.2
107.199
107.199
107.203
107.199
107.2
107.199
107.199
107.203
107.199
107.2
107.199
107.192
107.21
107.199
107.2
107.221
107.177
107.199
107.203
107.2
107.199
107.195
107.2
107.3
107.106
107.199
107.192
107.21
107.199
107.2
107.191
107.207
107.199
107.203
107.2
107.199
107.207
107.191
107.2
107.203
107.199
107.199
107.203
107.196
107.203
107.199
107.21
107.207
107.184
107.2
107.383
107.015
107.192
107.207
107.21
107.192
107.192
107.199
107.459
106.951
107.199
107.192
107.21
107.199
107.2
107.199
107.192
107.21
107.199
107.2
107.199
107.192
107.21
107.199
107.2
107.199
107.192
107.21
107.199
107.2
107.199
107.304
107.094
107.203
107.2
107.199
107.199
107.203
107.199
107.365
107.034
107.199
107.192
107.21
107.2
107.199
107.199
107.192
107.21
107.2
107.199
107.192
107.21
107.199
107.2
107.199
107.192
107.206
107.192
107.211
107.191
107.207
107.233
107.169
107.2
107.199
107.199
107.192
107.21
107.2
107.285
107.106
107.21
107.199
107.2
107.199
107.192
107.206
107.203
107.2
107.199
107.199
107.203
107.199
107.2
107.199
107.199
107.199
107.203
107.2
107.199
107.203
107.199
107.199
107.2
107.199
107.199
107.387
107.015
107.2
107.199
107.207
107.188
107.206
107.2
107.455
106.936
107.206
107.203
107.2
107.199
107.199
107.203
107.199
107.2
107.191
107.211
107.188
107.21
107.2
107.225
107.166
107.199
107.207
107.203
107.199
107.199
107.203
107.312
107.087
107.199
107.199
107.203
107.199
107.2
107.199
107.376
107.019
107.206
107.2
107.199
107.192
107.21
107.199
107.2
107.199
107.199
107.192
107.21
107.2
107.199
107.199
107.192
107.199
107.211
107.199
107.199
107.192
107.21
107.222
107.177
107.199
107.192
107.203
107.207
107.199
107.199
107.297
107.102
107.203
107.191
107.207
107.203
107.199
107.2
107.199
107.199
107.203
107.199
107.2
107.191
107.211
107.199
107.199
107.2
107.199
107.199
107.203
107.214
107.185
107.199
107.199
107.199
107.203
107.391
107
107.207
107.192
107.225
107.185
107.191
107.2
107.466
106.943
107.2
107.199
107.199
107.199
107.203
107.2
107.199
107.199
107.203
107.199
107.2
107.199
107.199
107.196
107.206
107.2
107.191
107.207
107.203
107.199
107.2
107.312
107.079
107.21
107.199
107.2
107.199
107.192
107.21
107.372
107.027
107.191
107.207
107.192
107.207
107.203
107.199
107.199
107.203
107.199
107.2
107.199
107.192
107.21
107.199
107.2
107.199
107.199
107.196
107.206
107.2
107.199
107.233
107.165
107.203
107.2
107.199
107.199
107.196
107.206
107.297
107.102
107.192
107.21
107.199
107.2
107.199
107.199
107.203
107.199
107.2
107.199
107.199
107.192
107.21
107.2
107.199
107.203
107.188
107.21
107.2
107.199
107.192
107.21
107.199
107.2
107.199
107.391
107.007
107.203
107.2
107.214
107.184
107.199
107.203
107.455
106.944
107.199
107.192
107.21
107.192
107.199
107.2
107.21
107.199
107.2
107.199
107.203
107.199
107.192
107.207
107.199
107.199
107.203
107.199
107.2
107.199
107.199
107.312
107.09
107.2
107.199
107.192
107.21
107.199
107.2
107.376
107.015
107.21
107.199
107.2
107.199
107.192
107.206
107.203
107.2
107.191
107.2
107.199
107.21
107.2
107.199
107.199
107.203
107.199
107.2
107.199
107.199
107.203
107.229
107.17
107.199
107.199
107.199
107.2
107.203
107.191
107.305
107.105
107.199
107.2
107.199
107.192
107.206
107.203
107.2
107.199
107.199
107.199
107.203
107.2
107.191
107.2
107.21
107.199
107.2
107.191
107.2
107.199
107.21
107.2
107.191
107.207
107.203
107.391
107.008
107.199
107.199
107.226
107.173
107.203
107.199
107.455
106.943
107.203
107.2
107.199
107.203
107.199
107.199
107.2
107.199
107.203
107.199
107.199
107.2
107.199
107.203
107.188
107.203
107.207
107.199
107.199
107.192
107.21
107.312
107.087
107.192
107.21
107.199
107.2
107.199
107.199
107.384
107.018
107.2
107.199
107.203
107.199
107.196
107.203
107.191
107.207
107.199
107.203
107.2
107.199
107.199
107.203
107.196
107.203
107.199
107.192
107.21
107.199
107.2
107.233
107.165
107.203
107.199
107.2
107.199
107.199
107.199
107.297
107.106
107.199
107.199
107.203
107.199
107.2
107.199
107.192
107.199
107.21
107.2
107.203
107.195
107.203
107.199
107.192
107.207
107.203
107.214
107.184
107.2
107.199
107.199
107.199
107.203
107.2
107.398
107
107.199
107.2
107.218
107.184
107.199
107.199
107.467
106.936
107.191
107.207
107.203
107.199
107.2
107.199
107.192
107.21
107.199
107.2
107.199
107.199
107.192
107.21
107.2
107.199
107.195
107.207
107.199
107.2
107.199
107.312
107.079
107.21
107.2
107.191
107.207
107.196
107.206
107.384
107.015
107.199
107.203
107.199
107.2
107.199
107.192
107.199
107.21
107.192
107.207
107.199
107.192
107.21
107.2
107.199
107.199
107.199
107.203
107.2
107.199
107.199
107.233
107.169
107.2
107.199
107.199
107.203
107.199
107.2
107.304
107.094
107.199
107.203
107.2
107.199
107.199
107.199
107.2
107.203
107.199
107.199
107.192
107.21
107.2
107.199
107.199
107.203
107.199
107.2
107.199
107.199
107.203
107.199
107.2
107.199
107.199
107.402
107
107.2
107.199
107.225
107.166
107.21
107.2
107.199
107.199
107.192
107.207
107.203
107.199
107.199
107.203
107.199
107.2
107.199
107.192
107.21
107.199
107.2
107.203
107.195
107.203
107.199
107.2
107.199
107.192
107.21
107.32
107.079
107.199
107.203
107.199
107.199
107.2
107.199
107.383
107.015
107.203
107.2
107.199
107.199
107.199
107.203
107.2
107.199
107.199
107.199
107.203
107.2
107.199
107.199
107.203
107.199
107.2
107.199
107.192
107.21
107.199
107.241
107.158
107.192
107.206
107.203
107.192
107.207
107.199
107.305
107.097
107.2
107.199
107.199
107.203
107.199
107.2
107.199
107.199
107.199
107.203
107.2
107.199
107.199
107.203
107.199
107.2
107.199
107.192
107.21
107.199
107.2
107.199
107.199
107.192
107.21
107.399
107
107.203
107.188
107.233
107.177
107.199
107.203
107.199
107.199
107.2
107.199
107.192
107.21
107.199
107.2
107.199
107.199
107.203
107.199
107.2
107.199
107.199
107.203
107.199
107.2
107.191
107.2
107.206
107.203
107.2
107.319
107.079
107.199
107.203
107.2
107.199
107.192
107.21
107.384
107.173
107.041
107.199
107.203
107.199
107.2
107.199
107.192
107.206
107.203
107.2
107.199
107.192
107.199
107.21
107.2
107.199
107.199
107.199
107.203
107.2
107.199
107.241
107.161
107.199
107.2
107.199
107.203
107.199
107.199
107.312
107.079
107.211
107.195
107.203
107.2
107.199
107.199
107.203
107.199
107.2
107.199
107.199
107.203
107.199
107.2
107.199
107.199
107.199
107.203
107.2
107.199
107.199
107.199
107.203
107.2
107.191
107.406
107.004
107.199
107.2
107.221
107.177
107.203
107.188
107.211
107.199
107.192
107.199
107.21
107.2
107.199
107.199
107.199
107.203
107.2
107.199
107.199
107.203
107.199
107.2
107.199
107.192
107.206
107.203
107.2
107.199
107.199
107.331
107.068
107.203
107.199
107.199
107.199
107.203
107.2
107.383
107.015
107.196
107.206
107.2
107.199
107.192
107.21
107.188
107.211
107.199
107.199
107.196
107.206
107.2
107.199
107.192
107.206
107.203
107.2
107.199
107.199
107.192
107.248
107.162
107.199
107.199
107.196
107.206
107.2
107.199
107.312
107.09
107.199
107.2
107.203
107.195
107.192
107.21
107.2
107.191
107.207
107.203
107.199
107.2
107.199
107.192
107.206
107.203
107.2
107.199
107.199
107.203
107.196
107.203
107.199
107.199
107.199
107.41
106.993
107.199
107.199
107.233
107.162
107.207
107.199
107.192
107.206
107.196
107.207
107.191
107.2
107.206
107.203
107.2
107.199
107.192
107.206
107.203
107.2
107.199
107.199
107.203
107.199
107.2
107.199
107.199
107.203
107.199
107.328
107.071
107.192
107.203
107.206
107.2
107.199
107.199
107.395
107.007
107.2
107.199
107.192
107.206
107.203
107.2
107.199
107.192
107.206
107.203
107.2
107.199
107.199
107.203
107.199
107.2
107.199
107.192
107.206
107.203
107.2
107.248
107.143
107.206
107.203
107.2
107.199
107.203
107.192
107.319
107.087
107.199
107.199
107.203
107.199
107.2
107.199
107.199
107.199
107.203
107.2
107.199
107.199
107.199
107.203
107.2
107.199
107.192
107.199
107.21
107.2
107.191
107.207
107.203
107.199
107.2
107.406
106.992
107.203
107.199
107.23
107.169
107.199
107.192
107.21
107.2
107.199
107.199
107.192
107.21
107.2
107.199
107.199
107.192
107.199
107.211
107.199
107.192
107.21
107.199
107.2
107.199
107.199
107.203
107.199
107.2
107.199
107.327
107.075
107.199
107.2
107.199
107.199
107.203
107.199
107.399
106.992
107.207
107.199
107.203
107.2
107.199
107.199
107.192
107.21
107.2
107.199
107.192
107.21
107.199
107.2
107.199
107.192
107.199
107.21
107.2
107.199
107.199
107.248
107.154
107.2
107.199
107.192
107.21
107.199
107.2
107.312
107.079
107.206
107.203
107.328
107.071
107.203
107.199
107.196
107.203
107.199
107.203
107.195
107.203
107.2
107.199
107.199
107.203
107.199
107.2
107.199
107.199
107.199
107.203
107.192
107.207
107.192
107.417
106.992
107.2
107.199
107.233
107.169
107.199
107.2
107.191
107.211
107.199
107.199
107.2
107.199
107.192
107.199
107.21
107.2
107.199
107.192
107.206
107.203
107.2
107.199
107.199
107.203
107.199
107.2
107.199
107.192
107.206
107.339
107.064
107.199
107.199
107.199
107.203
107.2
107.199
107.391
107.011
107.199
107.2
107.191
107.207
107.203
107.199
107.2
107.199
107.199
107.203
107.199
107.2
107.199
107.312
107.079
107.21
107.2
107.199
107.199
107.203
107.199
107.256
107.143
107.199
107.203
107.199
107.2
107.199
107.199
107.32
107.082
107.2
107.199
107.192
107.206
107.203
107.2
107.199
107.192
107.203
107.206
107.2
107.199
107.192
107.206
107.203
107.2
107.199
107.199
107.203
107.199
107.2
107.199
107.199
107.199
107.203
107.406
106.993
107.199
107.203
107.241
107.158
107.191
107.207
107.203
107.199
107.2
107.199
107.199
107.192
107.21
107.2
107.199
107.192
107.206
107.203
107.2
107.199
107.199
107.199
107.203
107.2
107.199
107.199
107.203
107.199
107.2
107.334
107.068
107.199
107.199
107.2
107.199
107.192
107.206
107.403
107
107.199
107.192
107.199
107.21
107.2
107.199
107.199
107.199
107.203
107.2
107.199
107.199
107.203
107.196
107.203
107.199
107.192
107.206
107.203
107.2
107.199
107.256
107.135
107.21
107.2
107.199
107.199
107.199
107.203
107.32
107.071
107.207
107.203
107.199
107.2
107.199
107.192
107.206
107.203
107.196
107.203
107.192
107.206
107.2
107.203
107.199
107.199
107.203
107.188
107.211
107.199
107.192
107.199
107.21
107.2
107.199
107.417
106.985
107.199
107.2
107.24
107.151
107.199
107.21
107.2
107.191
107.207
107.203
107.199
107.2
107.199
107.192
107.21
107.199
107.2
107.199
107.192
107.21
107.199
107.2
107.199
107.199
107.192
107.21
107.2
107.191
107.207
107.339
107.063
107.2
107.191
107.211
107.195
107.203
107.2
107.402
106.996
107.203
107.199
107.2
107.191
107.2
107.21
107.199
107.2
107.199
107.192
107.21
107.199
107.2
107.199
107.199
107.203
107.199
107.2
107.199
107.203
107.199
107.256
107.143
107.199
107.192
107.21
107.199
107.2
107.199
107.319
107.079
107.203
107.2
107.199
107.199
107.192
107.21
107.2
107.199
107.192
107.199
107.21
107.2
107.199
107.199
107.199
107.203
107.2
107.199
107.199
107.207
107.195
107.2
107.199
107.195
107.207
107.429
106.97
107.199
107.192
107.248
107.161
107.2
107.199
107.199
107.203
107.199
107.2
107.199
107.199
107.199
107.203
107.2
107.199
107.192
107.21
107.199
107.207
107.192
107.199
107.199
107.203
107.2
107.199
107.199
107.192
107.21
107.335
107.064
107.199
107.192
107.21
107.2
107.199
107.199
107.41
106.992
107.2
107.199
107.192
107.206
107.203
107.2
107.199
107.199
107.203
107.199
107.2
107.199
107.199
107.207
107.38
107.015
107.199
107.199
107.199
107.203
107.2
107.255
107.143
107.192
107.21
107.2
107.199
107.199
107.192
107.331
107.079
107.199
107.192
107.21
107.199
107.2
107.199
107.199
107.203
107.199
107.2
107.199
107.199
107.199
107.203
107.2
107.199
107.199
107.192
107.21
107.2
107.199
107.192
107.21
107.199
107.2
107.417
106.974
107.21
107.199
107.241
107.158
107.192
107.199
107.21
107.2
107.199
107.199
107.192
107.21
107.2
107.199
107.192
107.21
107.199
107.2
107.199
107.199
107.203
107.199
107.2
107.199
107.199
107.192
107.21
107.2
107.199
107.338
107.053
107.21
107.2
107.199
107.192
107.206
107.203
107.406
106.993
107.199
107.203
107.199
107.2
107.199
107.199
107.203
107.199
107.2
107.199
107.192
107.206
107.203
107.44
106.959
107.192
107.21
107.192
107.207
107.199
107.199
107.256
107.146
107.2
107.199
107.199
107.199
107.203
107.2
107.327
107.071
107.192
107.21
107.2
107.199
107.192
107.206
107.203
107.2
107.199
107.192
107.206
107.2
107.203
107.199
107.199
107.199
107.203
107.2
107.199
107.199
107.203
107.196
107.203
107.199
107.199
107.425
106.977
107.2
107.191
107.256
107.154
107.199
107.2
107.199
107.199
107.199
107.203
107.2
107.191
107.2
107.21
107.199
107.2
107.199
107.199
107.199
107.203
107.2
107.199
107.192
107.21
107.199
107.2
107.199
107.199
107.199
107.346
107.057
107.199
107.199
107.203
107.196
107.203
107.199
107.41
106.985
107.206
107.2
107.199
107.192
107.203
107.206
107.2
107.199
107.192
107.206
107.203
107.2
107.199
107.192
107.199
107.21
107.2
107.199
107.192
107.21
107.199
107.264
107.135
107.199
107.203
107.199
107.2
107.199
107.192
107.338
107.071
107.2
107.199
107.199
107.203
107.199
107.2
107.199
107.203
107.195
107.203
107.2
107.199
107.192
107.206
107.203
107.2
107.199
107.199
107.196
107.203
107.203
107.199
107.192
107.199
107.21
107.425
106.974
107.192
107.21
107.248
107.151
107.191
107.207
107.199
107.203
107.2
107.191
107.207
107.203
107.199
107.2
107.199
107.192
107.206
107.203
107.2
107.199
107.192
107.206
107.203
107.2
107.199
107.192
107.203
107.206
107.2
107.199
107.199
107.192
107.21
107.2
107.199
107.199
107.192
107.417
106.993
107.199
107.199
107.199
107.203
107.2
107.199
107.199
107.192
107.21
107.2
107.199
107.199
107.203
107.199
107.2
107.199
107.199
107.203
107.199
107.2
107.203
107.259
107.128
107.21
107.2
107.199
107.192
107.21
107.199
107.328
107.063
107.2
107.21
107.199
107.2
107.199
107.192
107.199
107.21
107.2
107.191
107.2
107.199
107.21
107.2
107.199
107.199
107.199
107.203
107.2
107.199
107.199
107.203
107.199
107.2
107.199
107.425
106.973
107.203
107.2
107.255
107.136
107.21
107.199
107.2
107.199
107.192
107.21
107.199
107.2
107.199
107.192
107.206
107.203
107.2
107.199
107.199
107.192
107.21
107.2
107.191
107.2
107.21
107.192
107.207
107.199
107.199
107.346
107.056
107.2
107.199
107.199
107.203
107.199
107.2
107.406
106.996
107.195
107.203
107.2
107.199
107.199
107.192
107.21
107.2
107.199
107.199
107.199
107.203
107.2
107.191
107.2
107.199
107.21
107.2
107.199
107.203
107.188
107.274
107.136
107.199
107.195
107.203
107.203
107.2
107.199
107.327
107.075
107.199
107.2
107.199
107.192
107.199
107.21
107.2
107.199
107.199
107.196
107.203
107.203
107.199
107.199
107.203
107.199
107.2
107.199
107.199
107.199
107.203
107.2
107.199
107.199
107.192
107.44
106.97
107.199
107.199
107.256
107.139
107.207
107.199
107.199
107.199
107.203
107.2
107.199
107.199
107.192
107.21
107.2
107.199
107.192
107.199
107.21
107.2
107.199
107.199
107.203
107.199
107.2
107.199
107.199
107.203
107.199
107.35
107.049
107.199
107.203
107.199
107.2
107.199
107.199
107.418
106.984
107.2
107.199
107.192
107.199
107.21
107.2
107.199
107.203
107.188
107.21
107.2
107.199
107.192
107.199
107.21
107.2
107.199
107.192
107.199
107.21
107.2
107.263
107.135
107.196
107.206
107.2
107.199
107.199
107.203
107.335
107.064
107.199
107.192
107.206
107.203
107.2
107.199
107.199
107.199
107.203
107.2
107.199
107.192
107.199
107.53
106.88
107.199
107.199
107.203
107.199
107.2
107.199
107.192
107.199
107.21
107.2
107.432
106.959
107.199
107.21
107.256
107.143
107.192
107.206
107.203
107.2
107.199
107.192
107.21
107.199
107.2
107.199
107.199
107.203
107.199
107.2
107.199
107.199
107.199
107.203
107.2
107.191
107.207
107.199
107.203
107.2
107.199
107.353
107.045
107.203
107.2
107.199
107.199
107.203
107.199
107.414
106.985
107.192
107.21
107.196
107.203
107.199
107.195
107.196
107.21
107.2
107.191
107.207
107.192
107.21
107.2
107.191
107.207
107.192
107.21
107.2
107.199
107.203
107.271
107.127
107.2
107.199
107.199
107.203
107.199
107.2
107.334
107.064
107.203
107.199
107.2
107.199
107.199
107.199
107.203
107.2
107.199
107.199
107.192
107.21
107.2
107.199
107.199
107.199
107.203
107.2
107.199
107.199
107.199
107.203
107.2
107.199
107.199
107.433
106.969
107.2
107.199
107.256
107.146
107.199
107.2
107.199
107.199
107.192
107.21
107.2
107.199
107.192
107.21
107.196
107.203
107.199
107.199
107.203
107.199
107.2
107.199
107.192
107.199
107.21
107.2
107.199
107.203
107.195
107.354
107.049
107.199
107.199
107.199
107.203
107.2
107.199
107.417
106.981
107.2
107.203
107.199
107.199
107.203
107.199
107.2
107.199
107.199
107.203
107.199
107.2
107.191
107.207
107.203
107.199
107.2
107.199
107.199
107.192
107.21
107.271
107.135
107.185
107.206
107.203
107.2
107.199
107.199
107.339
107.063
107.2
107.199
107.199
107.203
107.199
107.2
107.199
107.199
107.203
107.199
107.2
107.199
107.192
107.21
107.188
107.211
107.199
107.203
107.195
107.203
107.2
107.199
107.203
107.222
107.176
107.433
106.966
107.199
107.203
107.256
107.143
107.199
107.203
107.192
107.203
107.203
107.191
107.207
107.192
107.21
107.2
107.199
107.199
107.203
107.199
107.2
107.199
107.192
107.199
107.21
107.2
107.199
107.199
107.203
107.199
107.2
107.353
107.038
107.21
107.199
107.2
107.199
107.199
107.199
107.418
106.985
107.199
107.199
107.192
107.207
107.203
107.199
107.199
107.199
107.203
107.2
107.199
107.199
107.199
107.203
107.2
107.199
107.199
107.203
107.199
107.2
107.199
107.278
107.124
107.199
107.2
107.199
107.199
107.192
107.21
107.343
107.056
107.199
107.199
107.203
107.2
107.199
107.199
107.192
107.21
107.2
107.199
107.199
107.203
107.199
107.2
107.199
107.199
107.199
107.203
107.2
107.199
107.199
107.203
107.192
107.207
107.199
107.432
106.966
107.203
107.2
107.263
107.135
107.192
107.21
107.2
107.191
107.2
107.21
107.199
107.2
107.191
107.2
107.206
107.203
107.2
107.199
107.192
107.21
107.199
107.2
107.199
107.192
107.21
107.199
107.2
107.199
107.199
107.361
107.041
107.2
107.199
107.199
107.203
107.199
107.2
107.425
106.973
107.199
107.203
107.2
107.199
107.192
107.21
107.199
107.2
107.199
107.192
107.206
107.203
107.2
107.199
107.192
107.21
107.199
107.2
107.199
107.199
107.192
107.289
107.121
107.199
107.192
107.206
107.203
107.2
107.199
107.346
107.045
107.21
107.2
107.199
107.199
107.203
107.199
107.2
107.199
107.199
107.192
107.21
107.2
107.199
107.192
107.199
107.21
107.2
107.199
107.199
107.199
107.192
107.211
107.199
107.203
107.188
107.447
106.963
107.199
107.199
107.267
107.135
107.2
107.199
107.199
107.203
107.199
107.2
107.199
107.195
107.203
107.203
107.2
107.199
107.192
107.455
106.954
107.2
107.199
107.199
107.199
107.203
107.2
107.199
107.192
107.206
107.203
107.358
107.041
107.199
107.199
107.203
107.192
107.207
107.199
107.425
106.977
107.2
107.199
107.199
107.199
107.203
107.2
107.199
107.199
107.199
107.203
107.2
107.199
107.199
107.203
107.199
107.2
107.199
107.199
107.199
107.2
107.203
107.278
107.12
107.199
107.203
107.2
107.199
107.192
107.203
107.349
107.057
107.199
107.199
107.199
107.203
107.2
107.199
107.192
107.21
107.199
107.2
107.199
107.199
107.203
107.199
107.2
107.199
107.192
107.199
107.21
107.2
107.199
107.199
107.203
107.199
107.2
107.44
106.951
107.206
107.203
107.264
107.135
107.199
107.199
107.203
107.2
107.199
107.199
107.199
107.203
107.2
107.199
107.199
107.203
107.199
107.2
107.199
107.192
107.199
107.21
107.2
107.199
107.203
107.188
107.21
107.2
107.199
107.361
107.03
107.21
107.2
107.199
107.203
107.192
107.206
107.425
106.966
107.207
107.203
107.196
107.203
107.199
107.192
107.21
107.199
107.2
107.199
107.199
107.192
107.21
107.2
107.199
107.199
107.203
107.199
107.2
107.199
107.203
107.278
107.12
107.2
107.191
107.207
107.199
107.203
107.2
107.353
107.045
107.199
107.203
107.2
107.191
107.2
107.206
107.204
107.199
107.199
107.192
107.206
107.2
107.203
107.199
107.199
107.196
107.207
107.199
107.199
107.199
107.203
107.207
107.192
107.199
107.199
107.192
107.211
107.199
107.199
107.263
107.135
107.204
107.199
107.199
107.192
107.21
107.2
107.199
107.199
107.199
107.203
107.2
107.199
107.191
107.207
107.203
107.2
107.199
107.199
107.199
107.196
107.207
107.199
107.199
107.199
107.203
107.369
107.03
107.199
107.199
107.192
107.211
107.199
107.199
107.432
106.966
107.204
107.199
107.199
107.199
107.192
107.211
107.199
107.199
107.192
107.206
107.192
107.211
107.199
107.199
107.199
107.204
107.199
107.199
107.199
107.203
107.2
107.285
107.113
107.199
107.196
107.207
107.199
107.199
107.199
107.354
107.049
107.199
107.199
107.203
107.199
107.2
107.199
107.199
107.199
107.192
107.207
107.203
107.199
107.199
107.199
107.204
107.199
107.199
107.199
107.203
107.2
107.199
107.207
107.191
107.199
107.204
107.447
106.951
107.199
107.192
107.282
107.128
107.199
107.203
107.199
107.2
107.199
107.191
107.2
107.21
107.2
107.199
107.199
107.199
107.203
107.2
107.199
107.199
107.199
107.203
107.2
107.199
107.199
107.203
107.195
107.204
107.199
107.368
107.023
107.206
107.204
107.199
107.199
107.192
107.21
107.429
106.97
107.199
107.199
107.199
107.204
107.199
107.199
107.199
107.203
107.2
107.191
107.199
107.211
107.195
107.192
107.211
107.191
107.2
107.451
106.959
107.199
107.199
107.289
107.113
107.2
107.199
107.199
107.192
107.203
107.207
107.349
107.041
107.2
107.199
107.211
107.199
107.199
107.199
107.192
107.203
107.207
107.199
107.199
107.203
107.2
107.199
107.199
107.199
107.203
107.2
107.199
107.191
107.207
107.211
107.192
107.199
107.199
107.199
107.203
107.2
107.199
107.27
107.121
107.199
107.211
107.199
107.199
107.192
107.21
107.2
107.199
107.199
107.199
107.192
107.211
107.199
107.199
107.199
107.203
107.2
107.199
107.199
107.192
107.207
107.203
107.199
107.199
107.199
107.369
107.034
107.199
107.199
107.199
107.2
107.203
107.199
107.432
106.966
107.203
107.2
107.199
107.199
107.192
107.207
107.203
107.199
107.191
107.207
107.203
107.196
107.203
107.191
107.2
107.199
107.211
107.199
107.199
107.199
107.2
107.289
107.113
107.191
107.211
107.196
107.203
107.191
107.207
107.353
107.046
107.203
107.199
107.199
107.199
107.203
107.2
107.199
107.199
107.199
107.203
107.215
107.184
107.191
107.207
107.203
107.196
107.203
107.199
107.203
107.188
107.211
107.206
107.192
107.199
107.203
107.2
107.199
107.191
107.2
107.282
107.128
107.199
107.199
107.192
107.21
107.2
107.199
107.199
107.192
107.21
107.2
107.199
107.199
107.203
107.199
107.2
107.199
107.199
107.199
107.192
107.211
107.199
107.199
107.192
107.207
107.203
107.364
107.034
107.203
107.188
107.211
107.199
107.199
107.192
107.44
106.97
107.199
107.199
107.199
107.192
107.211
107.199
107.199
107.203
107.199
107.2
107.199
107.199
107.199
107.203
107.2
107.199
107.199
107.199
107.2
107.203
107.199
107.289
107.102
107.207
107.203
107.199
107.199
107.199
107.203
107.357
107.042
107.199
107.199
107.203
107.215
107.184
107.199
107.214
107.177
107.211
107.199
107.53
106.861
107.207
107.218
107.184
107.199
107.192
107.203
107.207
107.199
107.199
107.211
107.191
107.2
107.199
107.199
107.199
107.203
107.2
107.278
107.112
107.207
107.203
107.2
107.199
107.199
107.199
107.192
107.211
107.199
107.191
107.2
107.199
107.211
107.199
107.199
107.199
107.203
107.2
107.191
107.207
107.192
107.207
107.203
107.199
107.199
107.376
107.015
107.211
107.199
107.199
107.199
107.192
107.211
107.439
106.951
107.207
107.2
107.203
107.199
107.199
107.192
107.21
107.2
107.199
107.199
107.199
107.2
107.203
107.199
107.199
107.199
107.196
107.207
107.199
107.199
107.199
107.297
107.106
107.199
107.191
107.2
107.21
107.2
107.199
107.361
107.037
107.203
107.2
107.199
107.191
107.207
107.2
107.203
107.199
107.191
107.2
107.21
107.2
107.199
107.199
107.192
107.199
107.211
107.199
107.199
107.192
107.199
107.226
107.184
107.199
107.203
107.188
107.211
107.199
107.199
107.282
107.117
107.203
107.199
107.199
107.199
107.203
107.2
107.199
107.199
107.199
107.203
107.2
107.199
107.199
107.203
107.199
107.196
107.203
107.199
107.199
107.203
107.2
107.199
107.199
107.199
107.203
107.372
107.027
107.199
107.203
107.196
107.203
107.199
107.199
107.44
106.962
107.2
107.199
107.199
107.192
107.21
107.2
107.199
107.199
107.199
107.2
107.203
107.199
107.199
107.199
107.203
107.2
107.199
107.199
107.192
107.21
107.2
107.293
107.105
107.199
107.2
107.203
107.199
107.199
107.199
107.361
107.042
107.199
107.199
107.192
107.21
107.2
107.199
107.199
107.199
107.192
107.211
107.199
107.199
107.199
107.203
107.2
107.199
107.199
107.199
107.203
107.2
107.199
107.214
107.188
107.196
107.203
107.199
107.199
107.199
107.203
107.278
107.121
107.199
107.192
107.207
107.203
107.199
107.199
107.199
107.192
107.211
107.199
107.199
107.192
107.21
107.188
107.211
107.199
107.192
107.199
107.211
107.199
107.199
107.199
107.2
107.203
107.199
107.376
107.022
107.203
107.2
107.199
107.199
107.192
107.21
107.436
106.963
107.199
107.203
107.199
107.2
107.199
107.199
107.199
107.2
107.195
107.199
107.207
107.192
107.207
107.203
107.199
107.199
107.199
107.2
107.203
107.199
107.199
107.297
107.094
107.211
107.199
107.199
107.199
107.192
107.211
107.36
107.031
107.206
107.196
107.207
107.199
107.192
107.199
107.21
107.188
107.211
107.192
107.206
107.203
107.2
107.199
107.192
107.21
107.199
107.2
107.199
107.199
107.199
107.218
107.185
107.199
107.199
107.203
107.199
107.2
107.199
107.278
107.12
107.203
107.2
107.199
107.199
107.192
107.207
107.199
107.203
107.199
107.192
107.21
107.2
107.199
107.199
107.199
107.203
107.2
107.199
107.192
107.199
107.199
107.211
107.199
107.199
107.192
107.394
107.016
107.199
107.199
107.207
107.195
107.2
107.199
107.447
106.951
107.203
107.2
107.199
107.192
107.206
107.203
107.2
107.199
107.199
107.199
107.203
107.2
107.199
107.192
107.199
107.199
107.211
107.199
107.199
107.199
107.203
107.297
107.102
107.199
107.192
107.207
107.203
107.199
107.199
107.368
107.023
107.211
107.199
107.199
107.203
107.188
107.211
107.199
107.199
107.207
107.308
107.087
107.199
107.192
107.206
107.248
107.155
107.199
107.199
107.203
107.188
107.211
107.218
107.18
107.192
107.21
107.192
107.207
107.192
107.199
107.297
107.113
107.199
107.199
107.199
107.203
107.2
107.199
107.192
107.199
107.21
107.2
107.199
107.192
107.206
107.192
107.211
107.199
107.199
107.192
107.21
107.2
107.199
107.192
107.21
107.188
107.211
107.383
107.015
107.199
107.203
107.207
107.192
107.199
107.199
107.466
106.937
107.199
107.199
107.199
107.2
107.199
107.203
107.199
107.199
107.192
107.211
107.199
107.199
107.199
107.2
107.199
107.203
107.21
107.188
107.203
107.2
107.199
107.304
107.094
107.192
107.211
107.199
107.199
107.203
107.188
107.38
107.03
107.199
107.192
107.21
107.2
107.199
107.199
107.203
107.199
107.2
107.199
107.192
107.203
107.203
107.203
107.199
107.199
107.192
107.21
107.2
107.199
107.199
107.226
107.165
107.211
107.199
107.199
107.192
107.21
107.188
107.297
107.113
107.203
107.188
107.211
107.199
107.199
107.203
107.199
107.2
107.199
107.199
107.199
107.192
107.211
107.199
107.199
107.199
107.192
107.211
107.199
107.199
107.192
107.207
107.203
107.199
107.199
107.383
107.012
107.207
107.199
107.207
107.184
107.199
107.211
107.447
106.951
107.199
107.192
107.207
107.203
107.199
107.199
107.196
107.203
107.203
107.199
107.192
107.21
107.2
107.199
107.192
107.206
107.203
107.2
107.199
107.199
107.192
107.312
107.098
107.199
107.199
107.192
107.21
107.2
107.199
107.368
107.034
107.199
107.2
107.199
107.199
107.203
107.188
107.211
107.199
107.199
107.199
107.192
107.211
107.199
107.192
107.206
107.203
107.2
107.199
107.199
107.199
107.2
107.225
107.177
107.199
107.199
107.2
107.203
107.199
107.199
107.297
107.102
107.203
107.199
107.199
107.203
107.196
107.203
107.199
107.199
107.199
107.192
107.211
107.199
107.199
107.199
107.203
107.2
107.199
107.199
107.199
107.203
107.2
107.199
107.199
107.199
107.203
107.384
107.015
107.199
107.203
107.207
107.188
107.203
107.199
107.455
106.947
107.2
107.199
107.199
107.199
107.192
107.211
107.199
107.199
107.214
107.188
107.196
107.203
107.199
107.192
107.199
107.211
107.199
107.199
107.199
107.192
107.211
107.304
107.094
107.192
107.199
107.211
107.199
107.199
107.199
107.376
107.027
107.199
107.192
107.206
107.203
107.2
107.199
107.199
107.192
107.199
107.211
107.199
107.199
107.203
107.199
107.2
107.199
107.199
107.192
107.207
107.203
107.199
107.225
107.173
107.192
107.211
107.199
107.199
107.192
107.21
107.294
107.105
107.199
107.192
107.207
107.203
107.199
107.199
107.199
107.2
107.203
107.199
107.199
107.199
107.2
107.203
107.199
107.199
107.199
107.2
107.199
107.203
107.199
107.199
107.192
107.211
107.199
107.391
107
107.207
107.203
107.214
107.184
107.199
107.192
107.466
106.944
107.199
107.199
107.203
107.2
107.199
107.199
107.192
107.21
107.2
107.199
107.199
107.192
107.21
107.2
107.199
107.199
107.199
107.203
107.2
107.199
107.199
107.305
107.094
107.203
107.199
107.199
107.203
107.196
107.203
107.375
107.023
107.199
107.192
107.211
107.199
107.199
107.192
107.21
107.2
107.199
107.199
107.199
107.203
107.2
107.199
107.192
107.206
107.203
107.2
107.199
107.199
107.203
107.222
107.177
107.199
107.199
107.203
107.199
107.188
107.211
107.297
107.105
107.196
107.203
107.199
107.199
107.192
107.21
107.2
107.199
107.199
107.192
107.207
107.203
107.199
107.199
107.199
107.2
107.203
107.199
107.199
107.199
107.203
107.196
107.203
107.199
107.199
107.395
107.004
107.203
107.192
107.225
107.184
107.2
107.199
107.455
106.943
107.203
107.286
107.481
106.839
107.199
107.199
107.417
107.049
107.136
107.191
107.218
107.2
107.184
107.199
107.192
107.225
107.185
107.375
107.008
107.222
107.218
107.425
107.041
107.109
107.199
107.2
107.203
107.199
107.199
107.199
107.196
107.207
107.199
107.199
107.199
107.203
107.2
107.199
107.199
107.203
107.196
107.203
107.199
107.199
107.199
107.192
107.211
107.199
107.199
107.199
107.192
107.207
107.237
107.165
107.192
107.199
107.211
107.199
107.199
107.203
107.293
107.106
107.199
107.199
107.192
107.207
107.191
107.211
107.199
107.199
107.196
107.207
107.199
107.199
107.192
107.21
107.2
107.199
107.199
107.199
107.203
107.2
107.199
107.192
107.199
107.21
107.2
107.391
107.007
107.199
107.203
107.215
107.184
107.199
107.211
107.447
106.944
107.199
107.199
107.199
107.2
107.203
107.199
107.199
107.192
107.199
107.211
107.199
107.199
107.199
107.203
107.2
107.199
107.192
107.206
107.203
107.2
107.199
107.312
107.086
107.203
107.2
107.199
107.199
107.199
107.2
107.375
107.027
107.199
107.192
107.21
107.2
107.199
107.199
107.192
107.199
107.211
107.199
107.203
107.188
107.21
107.2
107.199
107.199
107.199
107.203
107.2
107.199
107.199
107.233
107.169
107.2
107.199
107.192
107.206
107.2
107.203
107.304
107.094
107.199
107.196
107.207
107.199
107.199
107.199
107.203
107.2
107.199
107.199
107.199
107.192
107.211
107.199
107.199
107.203
107.199
107.2
107.199
107.192
107.206
107.192
107.211
107.199
107.192
107.406
107
107.203
107.199
107.225
107.173
107.192
107.203
107.47
106.936
107.199
107.2
107.203
107.199
107.199
107.199
107.203
107.2
107.199
107.199
107.199
107.2
107.203
107.199
107.199
107.199
107.192
107.211
107.199
107.199
107.199
107.312
107.091
107.199
107.199
107.192
107.199
107.211
107.199
107.383
107.015
107.2
107.203
107.199
107.199
107.199
107.192
107.211
107.199
107.199
107.199
107.203
107.2
107.199
107.199
107.192
107.207
107.203
107.199
107.199
107.203
107.188
107.241
107.169
107.199
107.203
107.196
107.203
107.199
107.199
107.305
107.09
107.195
107.211
107.199
107.192
107.21
107.2
107.199
107.199
107.199
107.2
107.203
107.199
107.199
107.199
107.192
107.211
107.199
107.199
107.199
107.203
107.2
107.199
107.199
107.192
107.21
107.414
106.985
107.199
107.192
107.233
107.177
107.199
107.199
107.192
107.21
107.2
107.199
107.199
107.199
107.2
107.203
107.199
107.199
107.199
107.203
107.2
107.199
107.203
107.188
107.199
107.211
107.199
107.199
107.199
107.203
107.2
107.319
107.079
107.192
107.21
107.2
107.199
107.199
107.199
107.384
107.019
107.199
107.199
107.199
107.192
107.211
107.199
107.199
107.192
107.207
107.203
107.199
107.199
107.199
107.192
107.211
107.199
107.199
107.199
107.192
107.211
107.199
107.24
107.158
107.2
107.203
107.199
107.199
107.203
107.199
107.301
107.098
107.199
107.199
107.192
107.211
107.199
107.199
107.203
107.199
107.2
107.199
107.199
107.192
107.207
107.203
107.199
107.199
107.203
107.188
107.211
107.199
107.192
107.218
107.188
107.203
107.199
107.398
107
107.203
107.2
107.221
107.177
107.199
107.203
107.2
107.199
107.199
107.203
107.199
107.2
107.199
107.192
107.206
107.203
107.196
107.203
107.199
107.199
107.2
107.203
107.199
107.199
107.199
107.203
107.2
107.199
107.199
107.32
107.071
107.211
107.199
107.199
107.199
107.203
107.188
107.395
107.008
107.206
107.203
107.2
107.199
107.199
107.192
107.21
107.2
107.199
107.199
107.199
107.2
107.203
107.199
107.199
107.192
107.199
107.211
107.199
107.199
107.199
107.241
107.162
107.199
107.199
107.199
107.2
107.203
107.199
107.304
107.094
107.192
107.211
107.199
107.199
107.199
107.2
107.203
107.199
107.199
107.192
107.21
107.2
107.199
107.199
107.199
107.192
107.207
107.218
107.184
107.192
107.199
107.211
107.199
107.199
107.192
107.41
107
107.199
107.199
107.233
107.169
107.2
107.199
107.199
107.199
107.2
107.203
107.199
107.199
107.211
107.188
107.203
107.195
107.203
107.199
107.203
107.188
107.211
107.199
107.199
107.2
107.203
107.199
107.199
107.199
107.2
107.323
107.079
107.199
107.192
107.207
107.199
107.203
107.199
107.384
107.015
107.203
107.199
107.199
107.199
107.2
107.203
107.199
107.199
107.192
107.21
107.2
107.199
107.199
107.199
107.2
107.203
107.199
107.199
107.199
107.203
107.2
107.248
107.15
107.192
107.207
107.203
107.199
107.199
107.199
107.312
107.091
107.199
107.199
107.192
107.207
107.199
107.203
107.199
107.256
107.146
107.2
107.199
107.199
107.199
107.203
107.463
106.936
107.199
107.192
107.21
107.2
107.199
107.199
107.199
107.192
107.211
107.406
106.992
107.192
107.21
107.222
107.177
107.192
107.206
107.2
107.203
107.199
107.199
107.199
107.192
107.211
107.199
107.199
107.199
107.2
107.203
107.199
107.199
107.199
107.203
107.2
107.199
107.199
107.199
107.203
107.2
107.199
107.327
107.068
107.206
107.2
107.199
107.199
107.199
107.203
107.391
107.008
107.199
107.203
107.199
107.2
107.199
107.199
107.199
107.203
107.2
107.199
107.199
107.192
107.199
107.211
107.199
107.199
107.199
107.2
107.203
107.199
107.192
107.255
107.154
107.2
107.199
107.199
107.192
107.199
107.211
107.312
107.086
107.203
107.196
107.203
107.199
107.199
107.199
107.2
107.203
107.199
107.199
107.226
107.173
107.203
107.199
107.199
107.199
107.203
107.2
107.199
107.199
107.192
107.207
107.203
107.199
107.192
107.417
106.989
107.199
107.203
107.233
107.165
107.203
107.2
107.199
107.199
107.199
107.2
107.203
107.199
107.199
107.192
107.21
107.2
107.199
107.199
107.192
107.21
107.2
107.199
107.199
107.199
107.203
107.2
107.199
107.199
107.199
107.331
107.072
107.199
107.199
107.192
107.207
107.199
107.203
107.391
107.007
107.196
107.207
107.191
107.207
107.199
107.192
107.211
107.199
107.199
107.199
107.192
107.211
107.199
107.199
107.199
107.192
107.211
107.199
107.192
107.199
107.203
107.255
107.151
107.192
107.206
107.203
107.2
107.199
107.199
107.312
107.083
107.207
107.199
107.199
107.199
107.203
107.2
107.199
107.199
107.199
107.196
107.207
107.199
107.192
107.199
107.21
107.188
107.211
107.192
107.206
107.192
107.211
107.199
107.199
107.199
107.203
107.406
106.993
107.192
107.21
107.229
107.17
107.199
107.192
107.21
107.199
107.2
107.199
107.199
107.203
107.188
107.211
107.199
107.199
107.192
107.21
107.2
107.199
107.199
107.192
107.203
107.207
107.199
107.199
107.192
107.207
107.203
107.327
107.064
107.206
107.203
107.2
107.199
107.199
107.199
107.403
107
107.199
107.199
107.199
107.203
107.2
107.199
107.199
107.192
107.21
107.2
107.199
107.199
107.192
107.199
107.211
107.199
107.199
107.199
107.2
107.203
107.199
107.255
107.143
107.196
107.207
107.199
107.199
107.199
107.192
107.32
107.09
107.199
107.199
107.211
107.192
107.199
107.199
107.199
107.203
107.2
107.199
107.192
107.206
107.203
107.2
107.199
107.199
107.199
107.203
107.196
107.203
107.199
107.192
107.21
107.2
107.199
107.417
106.981
107.203
107.2
107.229
107.169
107.199
107.192
107.211
107.199
107.199
107.192
107.207
107.203
107.199
107.199
107.199
107.203
107.2
107.199
107.199
107.192
107.21
107.2
107.199
107.199
107.192
107.21
107.2
107.199
107.199
107.335
107.064
107.203
107.199
107.199
107.199
107.192
107.211
107.398
107
107.192
107.207
107.203
107.199
107.192
107.21
107.199
107.2
107.199
107.199
107.192
107.207
107.203
107.199
107.199
107.192
107.207
107.203
107.199
107.199
107.199
107.248
107.155
107.199
107.199
107.199
107.192
107.211
107.199
107.319
107.072
107.207
107.203
107.199
107.199
107.192
107.207
107.203
107.199
107.199
107.192
107.199
107.211
107.199
107.199
107.199
107.192
107.211
107.199
107.192
107.206
107.203
107.196
107.203
107.199
107.199
107.418
106.973
107.211
107.192
107.248
107.158
107.203
107.199
107.199
107.192
107.207
107.203
107.199
107.199
107.199
107.2
107.203
107.199
107.199
107.199
107.203
107.2
107.199
107.199
107.199
107.203
107.2
107.199
107.199
107.199
107.203
107.335
107.064
107.199
107.199
107.203
107.188
107.211
107.192
107.409
107
107.2
107.199
107.199
107.199
107.192
107.211
107.199
107.199
107.199
107.196
107.207
107.199
107.199
107.199
107.203
107.2
107.199
107.199
107.199
107.203
107.192
107.263
107.143
107.192
107.199
107.211
107.327
107.071
107.203
107.32
107.079
107.199
107.199
107.203
107.196
107.203
107.199
107.199
107.192
107.207
107.191
107.211
107.199
107.192
107.207
107.203
107.199
107.199
107.199
107.192
107.211
107.199
107.199
107.203
107.199
107.2
107.413
106.985
107.192
107.199
107.248
107.162
107.199
107.199
107.2
107.203
107.199
107.199
107.192
107.207
107.203
107.199
107.199
107.199
107.2
107.203
107.199
107.199
107.203
107.188
107.211
107.199
107.199
107.196
107.203
107.203
107.199
107.334
107.064
107.192
107.211
107.199
107.199
107.199
107.203
107.399
107
107.199
107.192
107.207
107.203
107.199
107.199
107.199
107.2
107.203
107.199
107.312
107.086
107.192
107.211
107.199
107.199
107.192
107.21
107.2
107.199
107.199
107.256
107.135
107.211
107.199
107.199
107.192
107.199
107.211
107.319
107.079
107.203
107.188
107.211
107.199
107.199
107.192
107.21
107.2
107.199
107.199
107.199
107.192
107.211
107.199
107.199
107.192
107.21
107.2
107.199
107.199
107.199
107.203
107.215
107.184
107.203
107.413
106.985
107.2
107.199
107.248
107.15
107.192
107.211
107.199
107.199
107.192
107.207
107.203
107.199
107.192
107.206
107.2
107.203
107.199
107.192
107.206
107.203
107.2
107.199
107.199
107.203
107.192
107.207
107.199
107.199
107.192
107.346
107.064
107.199
107.192
107.199
107.21
107.2
107.199
107.406
106.985
107.199
107.203
107.207
107.199
107.192
107.199
107.211
107.199
107.199
107.192
107.199
107.211
107.199
107.199
107.203
107.196
107.203
107.199
107.199
107.199
107.203
107.252
107.147
107.199
107.199
107.203
107.2
107.199
107.199
107.32
107.075
107.199
107.207
107.199
107.192
107.21
107.2
107.199
107.199
107.199
107.2
107.203
107.199
107.199
107.199
107.203
107.2
107.199
107.199
107.196
107.203
107.203
107.199
107.199
107.199
107.203
107.414
106.985
107.199
107.199
107.241
107.162
107.199
107.199
107.199
107.2
107.203
107.199
107.199
107.199
107.203
107.2
107.199
107.199
107.199
107.2
107.203
107.199
107.199
107.192
107.207
107.203
107.199
107.199
107.192
107.207
107.203
107.342
107.056
107.192
107.21
107.2
107.199
107.199
107.203
107.406
106.993
107.199
107.199
107.199
107.192
107.211
107.199
107.199
107.199
107.2
107.203
107.199
107.199
107.192
107.21
107.2
107.199
107.192
107.206
107.2
107.203
107.199
107.255
107.143
107.203
107.2
107.199
107.199
107.199
107.203
107.327
107.079
107.192
107.192
107.21
107.2
107.199
107.192
107.206
107.203
107.2
107.199
107.199
107.199
107.203
107.2
107.199
107.199
107.199
107.2
107.203
107.199
107.199
107.199
107.203
107.2
107.199
107.425
106.973
107.203
107.2
107.248
107.15
107.192
107.207
107.203
107.199
107.199
107.192
107.21
107.2
107.199
107.199
107.199
107.203
107.2
107.199
107.199
107.203
107.199
107.2
107.199
107.199
107.199
107.203
107.2
107.199
107.199
107.346
107.056
107.188
107.211
107.199
107.192
107.207
107.203
107.406
106.992
107.199
107.2
107.203
107.199
107.199
107.199
107.203
107.2
107.199
107.199
107.199
107.226
107.177
107.199
107.199
107.199
107.192
107.211
107.199
107.199
107.199
107.203
107.2
107.199
107.199
107.192
107.21
107.2
107.199
107.327
107.075
107.199
107.2
107.199
107.199
107.192
107.21
107.196
107.203
107.199
107.199
107.2
107.203
107.199
107.199
107.199
107.203
107.2
107.199
107.199
107.199
107.196
107.207
107.199
107.199
107.199
107.425
106.978
107.199
107.199
107.248
107.154
107.2
107.199
107.199
107.192
107.207
107.203
107.199
107.199
107.199
107.203
107.2
107.199
107.199
107.192
107.21
107.2
107.195
107.203
107.192
107.199
107.199
107.211
107.199
107.199
107.203
107.342
107.057
107.199
107.203
107.192
107.199
107.207
107.199
107.417
106.985
107.2
107.199
107.199
107.199
107.203
107.2
107.199
107.199
107.192
107.207
107.203
107.199
107.192
107.199
107.199
107.211
107.199
107.199
107.199
107.2
107.203
107.263
107.135
107.199
107.203
107.2
107.199
107.199
107.199
107.331
107.072
107.199
107.199
107.199
107.2
107.203
107.199
107.199
107.192
107.207
107.203
107.199
107.199
107.199
107.203
107.2
107.199
107.199
107.192
107.21
107.2
107.199
107.199
107.192
107.21
107.2
107.432
106.966
107.199
107.2
107.259
107.143
107.199
107.199
107.203
107.2
107.199
107.199
107.199
107.203
107.2
107.199
107.199
107.199
107.192
107.211
107.199
107.199
107.192
107.21
107.2
107.199
107.199
107.199
107.203
107.2
107.199
107.346
107.052
107.203
107.2
107.199
107.199
107.199
107.2
107.417
106.985
107.199
107.199
107.203
107.2
107.199
107.199
107.192
107.199
107.211
107.199
107.199
107.192
107.21
107.2
107.199
107.199
107.199
107.2
107.203
107.199
107.199
107.275
107.116
107.211
107.199
107.199
107.199
107.2
107.203
107.334
107.064
107.203
107.199
107.2
107.199
107.199
107.199
107.203
107.188
107.211
107.199
107.192
107.207
107.203
107.199
107.199
107.199
107.203
107.2
107.199
107.199
107.199
107.2
107.203
107.199
107.199
107.432
106.959
107.211
107.199
107.256
107.135
107.21
107.2
107.199
107.199
107.199
107.203
107.2
107.199
107.199
107.199
107.203
107.2
107.199
107.199
107.203
107.188
107.211
107.199
107.199
107.203
107.188
107.211
107.199
107.199
107.199
107.354
107.049
107.199
107.199
107.192
107.203
107.207
107.199
107.417
106.981
107.203
107.2
107.199
107.199
107.192
107.21
107.2
107.199
107.199
107.199
107.192
107.211
107.199
107.192
107.199
107.207
107.203
107.199
107.199
107.192
107.21
107.271
107.128
107.199
107.192
107.207
107.203
107.199
107.192
107.345
107.061
107.203
107.199
107.199
107.199
107.192
107.211
107.199
107.192
107.206
107.203
107.2
107.199
107.199
107.199
107.2
107.203
107.199
107.199
107.199
107.2
107.203
107.199
107.199
107.199
107.203
107.429
106.97
107.199
107.199
107.26
107.143
107.199
107.199
107.199
107.203
107.2
107.199
107.199
107.192
107.21
107.188
107.211
107.199
107.192
107.21
107.2
107.199
107.192
107.206
107.2
107.203
107.199
107.199
107.199
107.203
107.2
107.353
107.045
107.203
107.199
107.2
107.199
107.199
107.192
107.425
106.985
107.199
107.199
107.199
107.203
107.2
107.199
107.199
107.192
107.207
107.203
107.199
107.199
107.192
107.203
107.207
107.199
107.199
107.199
107.203
107.2
107.199
107.271
107.127
107.192
107.211
107.199
107.199
107.192
107.207
107.338
107.064
107.199
107.199
107.2
107.203
107.199
107.199
107.192
107.199
107.211
107.199
107.199
107.192
107.199
107.211
107.199
107.199
107.199
107.2
107.203
107.199
107.199
107.199
107.203
107.2
107.199
107.432
106.966
107.2
107.203
107.447
106.951
107.192
107.207
107.203
107.199
107.199
107.192
107.207
107.203
107.199
107.199
107.199
107.192
107.211
107.199
107.192
107.199
107.21
107.2
107.199
107.199
107.199
107.192
107.199
107.211
107.199
107.354
107.037
107.211
107.199
107.199
107.199
107.192
107.211
107.413
106.985
107.192
107.21
107.2
107.199
107.199
107.199
107.2
107.203
107.199
107.199
107.192
107.207
107.199
107.203
107.199
107.203
107.196
107.199
107.203
107.199
107.199
107.275
107.128
107.199
107.199
107.199
107.196
107.207
107.199
107.334
107.064
107.203
107.2
107.199
107.199
107.192
107.207
107.203
107.199
107.199
107.192
107.199
107.211
107.199
107.199
107.199
107.203
107.2
107.199
107.199
107.192
107.199
107.211
107.199
107.199
107.192
107.447
106.963
107.191
107.207
107.26
107.139
107.203
107.199
107.199
107.199
107.192
107.211
107.199
107.199
107.203
107.199
107.192
107.207
107.199
107.192
107.21
107.2
107.199
107.192
107.206
107.192
107.211
107.199
107.199
107.199
107.192
107.361
107.049
107.199
107.199
107.203
107.2
107.199
107.199
107.425
106.974
107.203
107.199
107.199
107.199
107.196
107.207
107.199
107.199
107.199
107.203
107.2
107.199
107.199
107.192
107.207
107.203
107.199
107.199
107.192
107.207
107.203
107.278
107.12
107.199
107.203
107.196
107.203
107.199
107.199
107.346
107.057
107.199
107.199
107.192
107.207
107.203
107.199
107.199
107.199
107.203
107.2
107.199
107.199
107.199
107.2
107.203
107.199
107.192
107.21
107.196
107.203
107.199
107.199
107.199
107.203
107.2
107.436
106.962
107.199
107.203
107.264
107.135
107.199
107.192
107.21
107.2
107.199
107.199
107.192
107.21
107.2
107.199
107.199
107.192
107.21
107.2
107.199
107.192
107.206
107.203
107.2
107.199
107.207
107.184
107.207
107.203
107.199
107.361
107.037
107.203
107.2

------------------------------------------------------------------------------------------------------------------------------------------------
max val(#12) = 5373.43us
min val(#7941) = 106.84us
peak-to-peak = 5266.59us
mean +- RMS = 108.69 +- 86.28 us

packet size: 516
number of packets: 10000
RATE = 37979.30kbps, PPS = 9200.4
