Destination address set to 01:1B:19:00:00:00
Defaults: 01:1B:19:00:00:00 or 01:80:C2:00:00:0E
SIOCSHWTSTAMP: tx_type 1 requested, got 1; rx_filter 0 requested, got 0
setting ts_flags: 0x53
new ts_flags: 0x53


gap of hw tx time, us: packets 10000:
------------------------------------------------------------------------------------------------------------------------------------------------
0
214.609
214.192
214.398
214.403
218.056
210.726
214.53
214.289
214.414
214.376
214.409
214.399
214.417
214.384
214.398
214.448
214.338
214.432
214.399
214.376
214.409
214.399
214.398
214.403
214.398
214.402
214.399
214.432
214.384
214.383
214.399
214.466
214.35
214.368
214.41
214.406
216.379
212.425
214.406
214.59
214.203
214.399
214.391
214.41
214.406
214.41
214.379
214.53
214.354
214.353
214.365
214.394
214.406
214.403
214.398
214.402
214.399
218.12
210.681
214.413
214.387
214.399
214.489
214.312
214.526
214.274
214.391
214.406
215.835
212.959
214.406
214.402
214.398
214.403
214.391
214.406
214.402
214.398
214.403
214.406
214.402
214.406
214.383
214.403
214.406
214.394
214.407
214.406
214.387
214.432
214.496
214.32
214.353
214.399
214.391
214.425
214.383
214.417
214.399
214.376
214.455
214.466
214.319
214.41
214.35
214.522
214.286
214.398
214.403
214.477
214.331
214.447
214.342
214.384
214.436
214.399
214.398
214.383
214.41
214.384
214.646
214.154
214.384
214.432
214.376
214.417
214.407
214.39
214.403
214.432
214.368
214.399
216.91
211.891
214.432
214.365
214.402
214.398
214.418
214.383
214.402
214.414
214.376
214.425
214.496
214.305
214.368
214.429
214.387
214.368
214.511
214.32
214.391
218.519
210.338
214.369
214.375
214.391
214.418
214.383
214.414
214.56
214.24
214.384
215.955
212.936
214.327
214.432
214.369
214.428
214.403
214.391
214.375
214.41
214.399
214.394
214.414
214.368
214.433
214.398
214.515
214.44
214.229
214.418
214.376
214.406
214.417
214.361
214.647
214.176
214.602
214.222
214.552
214.305
214.312
214.409
215.328
213.488
214.399
214.383
214.402
214.384
214.413
214.403
214.398
214.402
214.399
214.41
214.421
214.387
214.391
214.414
214.353
214.417
214.414
214.41
214.398
214.383
214.425
214.41
214.368
214.391
214.888
214.041
214.271
214.409
214.391
214.406
214.403
214.413
214.387
214.407
214.39
214.395
214.406
214.399
214.402
214.398
217.012
211.932
214.256
214.394
214.406
214.41
214.384
214.398
214.402
214.425
214.372
214.388
214.44
214.391
214.582
214.218
214.425
214.365
214.394
214.422
214.379
214.399
214.406
214.41
214.68
214.12
214.425
214.368
214.399
214.398
214.395
214.406
214.41
214.406
214.383
214.418
214.406
214.38
214.406
214.383
214.425
214.383
214.41
214.391
214.432
214.376
214.399
214.395
214.398
214.391
214.402
214.399
214.406
217.097
211.703
214.418
214.44
214.342
214.402
214.402
214.391
214.414
214.391
214.394
214.391
214.44
214.406
214.436
214.327
214.448
214.349
214.41
214.403
214.39
214.406
214.384
214.436
214.38
214.425
214.375
214.395
214.399
214.41
214.398
214.47
218.722
209.992
214.406
214.418
214.383
214.402
214.421
214.388
214.398
214.391
214.402
215.248
213.557
214.41
214.39
214.395
214.414
214.511
214.29
214.39
214.395
214.399
214.406
214.402
214.391
214.474
214.342
214.391
214.793
214.007
214.41
214.455
214.504
214.256
214.394
214.406
214.376
214.391
214.425
214.383
214.395
214.399
214.41
215.669
213.146
214.365
214.432
214.384
214.402
214.399
214.409
214.384
214.41
214.406
214.383
214.496
214.327
214.361
214.425
214.417
214.376
214.406
214.399
214.394
218.376
210.425
214.399
214.545
214.319
214.343
214.409
214.384
214.41
214.398
214.391
214.951
213.85
214.383
214.425
214.399
214.402
214.44
214.357
214.394
214.422
214.379
214.421
214.388
214.406
214.402
214.398
214.391
214.399
214.394
214.407
214.394
217.887
210.922
214.413
214.399
214.394
214.41
214.38
214.402
214.399
214.402
214.391
214.951
213.865
214.409
214.376
214.406
214.425
214.376
214.399
214.394
214.399
214.417
214.383
214.425
214.376
214.406
214.466
214.327
214.399
214.402
214.44
214.369
217.879
210.918
214.417
214.417
214.391
214.455
214.32
214.394
214.399
214.406
214.402
214.383
214.433
214.398
214.384
214.394
214.425
214.376
214.406
214.391
214.402
214.414
214.41
214.398
214.388
214.406
214.409
214.376
214.647
214.162
214.39
214.407
217.338
211.436
214.425
214.488
214.339
214.368
214.414
214.395
214.398
214.391
214.425
214.654
214.147
214.391
214.488
214.293
214.41
214.41
214.391
214.399
214.394
214.414
214.395
214.398
214.41
214.379
214.403
214.537
214.256
214.414
214.394
214.406
217.448
211.338
214.421
214.41
214.376
214.406
214.394
214.407
214.394
214.406
214.399
214.394
214.433
214.368
214.399
214.406
214.394
214.542
214.267
214.391
214.406
214.425
214.379
214.493
214.323
214.384
214.406
214.406
214.624
214.154
214.402
214.398
217.376
211.425
214.44
214.376
214.383
214.41
214.478
214.312
214.425
214.391
214.394
214.38
214.41
214.413
214.41
214.402
214.399
214.383
214.403
214.391
214.406
214.417
214.398
214.523
214.271
214.398
214.402
214.391
214.399
214.395
214.406
214.394
217.271
211.526
214.403
214.665
214.237
214.338
214.432
214.328
214.406
214.537
214.263
214.399
214.417
214.384
214.424
214.369
214.413
214.466
214.331
214.391
214.399
214.41
214.398
214.399
214.417
214.376
214.41
214.398
214.568
214.221
214.403
214.406
216.883
211.918
214.394
214.425
214.628
214.154
214.605
214.184
214.403
214.406
214.395
214.383
214.617
214.233
214.391
214.383
214.399
214.394
214.414
214.395
214.398
214.414
214.368
214.41
214.511
214.29
214.398
214.41
214.391
214.406
214.402
214.545
214.237
214.436
214.38
214.763
214.056
214.433
214.342
214.41
214.391
214.406
214.394
214.414
214.395
214.391
214.406
214.391
214.443
214.369
214.406
214.383
214.425
218.782
210
214.417
214.384
214.402
214.398
214.403
214.391
214.398
214.402
214.406
214.384
214.425
214.398
214.5
214.462
214.237
214.587
214.21
214.399
214.391
214.402
214.421
214.399
214.376
214.522
214.29
214.484
214.305
214.41
214.398
214.399
216.594
212.199
214.417
214.425
214.372
214.425
214.481
214.282
214.406
214.403
214.398
214.399
214.439
214.354
214.425
214.391
214.391
214.375
214.418
214.425
214.383
214.425
214.575
214.199
214.418
214.391
214.391
214.417
214.376
214.41
214.391
214.406
216.751
212.042
214.425
214.439
214.448
214.297
214.511
214.312
214.369
214.624
214.176
214.399
214.406
214.436
214.365
214.571
214.237
214.466
214.32
214.409
214.388
214.432
214.38
214.406
214.391
214.458
214.342
214.403
214.391
214.406
214.394
214.399
216.849
211.952
214.406
214.424
214.369
214.41
214.533
214.264
214.454
214.365
214.372
214.41
214.399
214.387
214.613
214.199
214.579
214.214
214.545
214.263
214.403
214.406
214.391
214.409
214.406
214.388
214.398
214.399
214.402
214.398
214.403
214.391
217.943
210.857
214.421
214.38
214.436
214.384
214.417
214.361
214.425
214.526
214.256
214.394
214.406
214.41
214.399
214.398
214.41
214.425
214.357
214.62
214.181
214.391
214.424
214.384
214.395
214.406
214.387
214.428
214.388
214.391
214.406
214.402
218.064
210.733
214.402
214.538
214.263
214.406
214.395
214.398
214.399
214.417
214.383
214.41
214.414
214.409
214.576
214.191
214.481
214.32
214.455
214.335
214.402
214.41
214.406
214.409
214.376
214.425
214.384
214.391
214.398
214.402
214.399
214.398
217.891
210.936
214.376
214.421
214.388
214.406
214.398
214.387
214.406
214.466
214.328
214.447
214.353
214.414
214.391
214.41
214.391
214.849
213.944
214.406
214.395
214.439
214.384
214.376
214.417
214.384
214.398
214.402
214.399
214.406
214.402
214.41
217.571
211.203
214.418
214.462
214.335
214.402
214.406
214.395
214.398
214.402
214.557
215.511
213.128
214.41
214.706
214.087
214.428
214.361
214.41
214.391
214.635
214.2
214.372
214.425
214.368
214.402
214.399
214.406
214.395
214.406
214.402
214.398
217.169
211.625
214.398
214.425
214.398
214.384
214.522
214.279
214.394
214.399
214.402
214.406
214.414
214.394
214.448
214.346
214.391
214.511
214.289
214.406
214.399
214.402
214.417
214.399
214.398
214.384
214.395
214.406
214.394
214.399
214.41
214.398
217.297
211.511
214.406
214.395
214.391
214.399
214.394
214.399
214.41
214.391
214.488
214.335
214.398
214.384
214.643
214.176
214.376
214.414
214.395
214.398
214.545
214.271
214.398
214.403
214.391
214.391
214.409
214.425
214.369
214.398
214.399
214.402
216.552
212.245
214.395
214.398
214.474
214.334
214.44
214.361
214.399
214.402
214.406
214.376
214.432
214.41
214.368
214.406
214.399
214.425
214.368
214.402
214.399
214.41
214.383
214.429
214.409
214.391
214.388
214.391
214.398
214.402
214.399
214.406
215.395
213.406
214.391
214.563
214.249
214.398
214.399
214.394
214.406
214.391
214.403
214.398
214.399
214.402
214.41
214.462
214.338
214.399
214.575
214.241
214.391
214.391
214.624
214.176
214.406
214.395
214.414
214.409
214.369
214.406
214.402
214.399
216.297
212.518
214.403
214.376
214.406
214.394
214.406
214.403
214.398
214.399
214.391
214.424
214.384
214.41
214.424
214.376
214.399
214.383
214.403
214.398
214.402
214.406
214.41
214.399
214.409
214.406
214.384
214.383
214.41
214.399
214.391
214.402
216.398
212.403
214.406
214.473
214.32
214.41
214.398
214.399
214.394
214.406
214.399
214.849
213.952
214.394
214.406
214.403
214.454
214.335
214.399
214.409
214.399
218.864
209.929
214.425
214.376
214.417
214.399
214.391
214.394
214.406
214.391
214.403
214.424
214.399
214.402
214.384
214.398
214.399
214.394
214.406
214.403
214.398
214.406
214.38
214.428
214.624
214.256
214.305
214.466
214.552
214.185
214.391
214.406
216.83
211.955
214.418
214.391
214.488
214.312
214.478
214.331
214.398
214.417
214.373
214.387
214.44
214.376
214.406
214.594
214.199
214.583
214.225
214.399
214.394
214.433
214.398
214.384
214.398
214.402
214.384
214.417
214.391
214.402
214.391
214.591
218.142
210.666
214.24
214.384
214.398
214.388
214.406
214.383
214.402
214.399
214.41
215.511
213.301
214.394
214.384
214.489
214.349
214.369
214.394
214.399
214.41
214.398
214.391
214.399
214.402
214.41
214.391
214.406
214.552
214.241
214.519
214.297
218.094
210.684
214.421
214.398
214.395
214.406
214.387
214.399
214.406
214.402
214.399
214.409
214.421
214.369
214.56
214.368
214.267
214.399
214.41
214.391
214.406
218.376
210.409
214.418
214.503
214.305
214.398
214.647
214.147
214.398
214.399
214.394
215.775
213.034
214.413
214.474
214.319
214.455
214.346
214.391
214.402
214.391
214.414
214.391
214.395
214.439
214.358
214.443
214.365
214.41
214.383
214.399
214.424
214.384
214.395
214.406
214.402
214.391
214.406
214.395
214.654
214.154
214.432
214.365
217.402
211.376
214.432
214.384
214.398
214.403
214.582
214.218
214.406
214.399
214.395
214.406
214.409
214.406
214.489
214.29
214.398
214.41
214.391
214.41
214.398
214.406
214.41
214.391
214.417
214.384
214.383
214.402
214.406
214.403
214.391
214.409
217.158
211.617
214.421
214.395
214.406
214.402
214.413
214.384
214.402
214.391
214.41
214.391
214.41
214.391
214.406
214.402
214.413
214.388
214.398
214.391
214.402
214.414
214.417
214.399
214.394
214.485
214.538
214.162
214.398
214.391
214.417
214.384
217.03
211.763
214.429
214.409
214.41
214.365
214.395
214.398
214.402
214.399
214.41
214.398
214.399
214.402
214.432
214.369
214.398
214.399
214.394
214.399
214.41
214.413
214.399
214.379
214.399
214.425
214.391
214.383
214.402
214.399
214.41
214.439
216.358
212.417
214.376
214.41
214.398
214.399
214.417
214.376
214.406
214.402
214.399
214.383
214.432
214.388
214.406
214.391
214.394
214.399
214.406
214.402
214.399
214.424
214.41
214.365
214.432
214.417
214.553
214.226
214.376
214.398
214.391
214.399
216.714
212.113
214.391
214.391
214.394
214.406
214.425
214.369
214.406
214.402
214.398
214.97
213.824
214.413
214.609
214.192
214.395
214.391
214.406
214.394
214.406
214.418
214.383
214.399
214.402
214.391
214.41
214.654
214.143
214.394
214.399
214.41
215.838
212.977
214.399
214.376
214.406
214.5
214.301
214.394
214.406
214.399
214.395
214.511
214.319
214.391
214.395
214.391
214.417
214.376
214.399
214.425
214.391
214.417
214.376
214.432
214.369
214.398
214.414
214.394
214.384
214.406
214.402
214.399
216.225
212.609
214.376
214.384
214.575
214.225
214.583
214.226
214.398
214.399
214.402
214.398
214.399
214.402
214.399
214.402
214.398
214.399
214.402
214.399
214.402
218.496
210.286
216.019
212.853
214.338
214.399
214.41
214.391
214.424
214.376
214.399
215.056
213.767
214.395
214.413
214.369
214.658
214.143
214.406
214.394
214.399
214.406
214.41
214.391
214.394
214.399
214.406
214.402
214.391
214.399
214.409
214.399
214.428
214.376
214.406
214.391
214.399
214.417
214.384
214.391
214.409
214.418
214.383
216.369
212.439
214.399
214.447
214.515
214.327
214.406
214.29
214.406
214.402
214.391
214.417
214.406
214.388
214.391
214.398
214.41
214.406
214.387
214.399
214.398
218.962
209.888
214.545
214.237
214.383
214.402
214.489
214.305
214.391
214.398
214.41
215.88
212.921
214.406
214.609
214.176
214.591
214.214
214.395
214.406
214.394
214.406
214.41
214.391
214.417
214.376
214.534
214.271
214.417
214.387
214.391
214.399
218.417
210.391
214.399
214.394
214.421
214.602
214.225
214.534
214.226
214.391
214.41
214.432
214.398
214.497
214.263
214.432
214.376
214.654
214.139
214.406
214.403
214.421
214.376
214.417
214.398
214.388
214.406
214.394
214.388
214.402
214.398
214.41
215.192
213.616
214.406
214.388
214.391
214.552
214.493
214.169
214.383
214.403
214.406
214.391
214.424
214.388
214.533
214.264
214.496
214.312
214.391
214.489
214.312
219.022
209.778
214.399
214.496
214.305
214.394
214.399
214.41
214.391
214.409
214.391
215.425
213.387
214.421
214.406
214.384
214.383
214.403
214.492
214.305
214.394
214.406
214.399
214.41
214.409
214.391
214.639
214.151
214.579
214.214
214.402
214.425
218.199
210.591
214.409
214.384
214.549
214.267
214.537
214.237
214.399
214.402
214.406
214.827
213.974
214.394
214.406
214.399
214.481
214.32
214.394
214.399
214.398
214.403
214.439
214.542
214.218
214.545
214.263
214.399
214.394
214.399
214.406
214.395
218.199
210.609
214.413
214.403
214.391
214.383
214.41
214.398
214.403
214.398
214.399
217.146
211.654
214.403
214.398
214.414
214.481
214.297
214.432
214.376
214.399
214.394
214.406
214.403
214.413
214.384
214.624
214.24
214.339
214.406
214.409
214.391
214.384
214.398
214.403
214.424
214.406
214.399
214.38
214.398
214.417
214.376
214.399
216.598
212.21
214.41
214.383
214.399
214.41
214.398
214.391
214.519
214.282
214.417
214.384
214.417
214.383
214.399
214.425
214.605
214.177
214.586
214.214
214.399
214.474
214.345
214.391
214.41
214.406
214.384
214.409
214.376
214.406
214.403
214.391
216.845
211.94
214.436
214.395
214.47
214.335
214.458
214.335
214.395
214.59
214.207
214.394
214.421
214.388
214.398
214.399
214.391
214.5
214.308
214.402
214.399
214.394
214.406
214.403
214.391
214.406
214.402
214.391
214.406
214.402
214.399
214.394
217.767
211.064
214.399
214.56
214.218
214.391
214.417
214.384
214.406
214.394
214.406
214.399
214.402
214.432
214.358
214.402
214.552
214.249
214.511
214.286
214.417
214.391
214.395
214.398
214.402
214.421
214.388
214.406
214.391
214.391
214.417
214.391
215.921
212.895
214.376
214.409
214.403
214.413
214.384
214.391
214.402
214.41
214.391
214.413
214.402
214.384
214.417
214.391
214.399
214.642
214.151
214.59
214.211
214.413
214.395
214.417
214.38
214.402
214.399
214.391
214.417
214.395
214.398
214.399
215.921
212.887
214.451
214.447
214.297
214.399
214.662
214.139
214.391
214.406
214.624
214.184
214.383
214.418
214.383
214.402
214.549
214.275
214.376
214.406
214.394
214.421
214.44
214.339
214.424
214.384
214.391
214.406
214.395
214.409
214.391
214.399
215.665
213.158
214.391
214.387
214.421
214.384
214.402
214.399
214.394
214.399
214.41
214.695
214.117
214.402
214.383
214.399
214.395
214.406
214.394
214.399
214.41
218.248
210.541
214.425
214.398
214.395
214.384
214.406
214.402
214.391
214.41
214.391
215.297
213.541
214.376
214.425
214.567
214.226
214.368
214.399
214.406
214.395
214.518
214.282
214.421
214.403
214.398
214.384
214.391
214.402
214.398
214.403
214.398
218.034
210.974
214.203
214.391
214.398
214.41
214.398
214.403
214.406
214.383
214.41
214.376
214.428
214.41
214.384
214.394
214.406
214.403
214.398
214.391
214.41
214.391
214.425
214.379
214.41
214.417
214.391
214.403
214.383
214.399
214.436
214.379
218.452
210.327
214.398
214.425
214.421
214.361
214.395
214.406
214.402
214.398
214.399
215.011
213.79
214.394
214.606
214.199
214.395
214.503
214.301
214.402
214.399
214.41
214.383
214.432
214.384
214.41
214.376
214.406
214.402
214.624
214.173
214.515
218.207
210.466
214.406
214.406
214.402
214.399
214.391
214.402
214.406
214.402
214.399
214.906
213.894
214.403
214.631
214.199
214.361
214.414
214.391
214.395
214.406
214.391
214.409
214.395
214.421
214.384
214.409
214.384
214.481
214.32
214.624
214.176
217.752
211.03
214.425
214.425
214.398
214.391
214.384
214.402
214.399
214.394
214.399
214.406
214.395
214.409
214.519
214.286
214.395
214.391
214.406
214.391
214.402
218.609
210.214
214.402
214.391
214.399
214.425
214.361
214.406
214.394
214.406
214.433
215.049
213.736
214.414
214.425
214.349
214.388
214.406
214.398
214.402
214.391
214.41
214.406
214.402
214.41
214.534
214.241
214.439
214.358
214.409
214.399
214.402
214.399
214.391
214.443
214.598
214.162
214.616
214.199
214.391
214.403
214.398
214.399
216.985
211.872
214.361
214.376
214.409
214.399
214.519
214.278
214.395
214.406
214.402
214.376
214.432
214.406
214.399
214.387
214.391
214.406
214.402
214.399
214.402
214.425
214.372
214.402
214.432
214.376
214.384
214.417
214.384
214.398
214.41
214.432
214.376
214.391
214.417
214.591
214.206
214.384
214.395
214.406
214.394
214.406
214.425
214.369
214.406
214.391
214.417
214.395
214.406
214.398
214.387
214.406
214.418
217.853
210.906
214.44
214.59
214.256
214.331
214.439
214.361
214.414
214.395
214.406
214.376
214.417
214.504
214.293
214.402
214.399
214.447
214.346
214.41
214.391
214.406
214.402
214.406
214.383
214.433
214.376
214.424
214.519
214.256
214.395
214.398
214.402
214.406
214.391
214.425
214.402
214.384
214.398
214.403
214.398
214.414
214.635
215.511
213.057
214.383
214.534
214.259
214.534
214.271
214.507
214.312
215.384
213.406
214.391
214.395
214.406
214.394
214.455
214.354
214.391
214.406
214.394
214.406
214.403
214.398
214.406
214.56
214.241
214.391
214.402
214.399
214.391
214.417
214.395
215.654
213.154
214.413
214.391
214.388
214.391
214.631
214.169
214.399
214.41
214.413
214.399
214.402
214.398
214.388
214.398
214.417
214.376
214.512
214.297
214.391
218.767
210.033
214.384
214.511
214.526
214.185
214.391
214.417
214.391
214.395
214.567
215.271
213.383
214.384
214.481
214.32
214.394
214.414
214.395
214.398
214.414
214.394
214.399
214.398
214.418
214.368
214.402
214.399
214.41
214.398
214.402
214.388
218.379
210.429
214.402
214.414
214.387
214.413
214.388
214.398
214.402
214.399
214.391
214.951
213.85
214.406
214.402
214.391
214.398
214.553
214.248
214.402
214.399
214.41
214.398
214.399
214.409
214.384
214.41
214.391
214.398
214.399
214.409
214.399
217.793
210.985
214.44
214.395
214.526
214.256
214.462
214.346
214.391
214.41
214.391
216.447
212.353
214.425
214.654
214.121
214.406
214.394
214.414
214.395
214.391
214.406
214.417
214.413
214.38
214.399
214.417
214.391
214.376
214.406
214.395
214.398
217.985
210.816
214.406
214.41
214.488
214.312
214.41
214.384
214.391
214.406
214.394
214.463
214.334
214.403
214.406
214.394
214.406
214.455
214.335
214.41
214.394
214.425
214.38
214.402
214.399
214.402
214.413
214.384
214.571
214.23
214.394
214.406
217.553
211.256
214.409
214.391
214.448
214.334
214.403
214.409
214.395
214.402
214.403
214.372
214.432
214.41
214.583
214.203
214.406
214.383
214.402
214.399
214.41
214.428
214.376
214.425
214.402
214.357
214.403
214.439
214.365
214.402
214.403
214.398
217.432
211.369
216.782
212.034
214.383
214.399
214.394
214.406
214.403
214.391
214.413
214.38
214.406
214.425
214.376
214.624
214.173
214.635
214.165
214.41
214.391
214.402
214.429
214.387
214.399
214.575
214.21
214.399
214.406
214.402
214.399
214.391
216.522
212.278
214.403
214.511
214.297
214.398
214.617
214.184
214.399
214.394
214.399
214.41
214.398
214.391
214.545
214.278
214.403
214.376
214.398
214.402
214.395
214.414
214.398
214.417
214.376
214.399
214.406
214.417
214.384
214.409
214.391
214.41
216.91
211.872
214.432
214.369
214.406
214.474
214.327
214.394
214.406
214.403
214.406
214.376
214.409
214.421
214.376
214.613
214.196
214.545
214.248
214.41
214.391
214.462
214.335
214.424
214.38
214.399
214.406
214.398
214.425
214.38
214.398
214.402
216.591
212.24
214.369
214.428
214.387
214.384
214.759
214.042
214.398
214.391
214.402
214.399
214.425
214.383
214.666
214.127
214.406
214.399
214.402
214.399
214.394
217.365
211.44
214.402
214.399
214.402
214.391
214.41
214.398
214.399
214.394
214.421
214.403
214.391
214.425
214.39
214.369
214.41
214.391
214.624
214.176
214.399
214.41
214.406
216.488
212.312
214.448
214.44
214.312
214.47
214.315
214.399
214.41
214.406
214.376
214.432
214.417
214.365
214.395
214.398
214.41
214.391
214.41
214.391
216.488
212.312
214.421
214.384
214.402
214.402
214.485
214.305
214.41
214.391
214.406
214.387
214.406
214.413
214.388
214.406
214.545
214.248
214.41
214.398
214.399
214.417
214.432
214.361
214.406
214.418
214.462
214.297
214.41
214.391
214.406
214.391
214.402
214.406
214.395
214.417
214.398
214.391
214.399
214.553
214.248
214.398
214.41
214.41
214.376
214.406
214.398
214.402
214.399
214.628
214.173
214.391
214.409
216.546
212.255
214.391
214.402
214.406
214.399
214.594
214.207
214.394
214.399
214.41
214.383
214.421
214.387
214.399
214.432
214.369
214.616
214.184
214.399
214.398
214.41
214.376
214.417
214.414
214.496
214.297
214.399
214.391
214.417
214.391
214.395
218.079
210.721
214.406
214.467
214.327
214.406
214.409
214.384
214.41
214.391
214.406
215.067
213.726
214.425
214.376
214.413
214.402
214.425
214.365
214.41
214.409
214.399
214.391
214.402
214.399
214.503
214.538
214.158
214.538
214.255
214.399
214.394
214.421
214.384
214.395
214.398
214.406
214.417
214.508
214.278
214.399
214.394
214.406
214.391
214.425
214.41
214.368
214.399
214.455
214.545
214.207
214.545
214.248
214.425
214.368
214.545
214.286
214.41
214.391
214.646
214.136
214.394
214.414
214.391
215.481
213.335
214.394
214.391
214.403
214.398
214.399
214.394
214.406
214.399
214.402
214.391
214.402
214.421
214.384
214.402
214.399
214.402
214.402
214.399
214.624
214.165
214.44
214.376
214.395
214.436
214.466
214.327
214.432
214.339
214.406
214.406
217.842
210.928
214.433
214.398
214.418
214.383
214.425
214.361
214.391
214.409
214.388
214.387
214.417
214.406
214.41
214.391
214.398
214.519
214.282
214.481
214.32
214.406
214.402
214.384
214.406
214.394
214.399
214.402
214.402
214.403
214.402
214.398
217.091
211.718
214.409
214.373
214.402
214.538
214.263
214.409
214.406
214.391
214.403
214.372
214.436
214.462
214.583
214.143
214.402
214.402
214.399
214.417
214.542
214.233
214.424
214.384
214.391
214.41
214.409
214.388
214.394
214.399
214.639
214.169
217.256
211.552
214.399
214.391
214.417
214.387
214.414
214.376
214.41
214.406
214.402
214.391
214.398
214.399
214.553
214.248
214.417
214.447
214.335
214.395
214.398
214.44
214.376
214.391
214.395
214.421
214.379
214.591
214.218
214.47
214.319
214.399
217.289
211.523
214.406
214.391
214.391
214.443
214.361
214.406
214.399
214.394
214.406
215.523
213.286
214.406
214.387
214.391
214.406
214.402
214.399
214.394
214.478
214.346
214.357
214.425
214.402
214.413
214.395
214.519
214.447
214.215
214.564
214.248
217.079
211.733
214.402
214.414
214.507
214.263
214.553
214.248
214.391
214.406
214.402
214.737
214.056
214.421
214.388
214.398
214.448
214.582
214.162
214.406
214.402
219.023
209.763
214.406
214.406
214.402
214.391
214.399
214.402
214.41
214.391
214.413
216.602
212.176
214.44
214.602
214.173
214.394
214.399
214.41
214.398
214.391
214.425
214.41
214.372
214.402
214.384
214.417
214.391
214.41
214.391
214.406
214.402
214.425
214.364
214.403
214.406
214.473
214.32
214.398
214.602
214.207
214.409
214.384
216
212.808
214.418
214.375
214.474
214.331
214.474
214.346
214.39
214.391
214.399
214.432
214.369
214.409
214.399
214.395
214.391
214.406
214.391
214.428
214.384
219.015
209.789
214.402
214.384
214.398
214.41
214.391
214.399
214.65
214.162
214.556
214.244
214.388
214.402
214.583
214.225
214.399
214.409
214.384
214.406
214.402
214.399
214.409
214.406
214.467
214.334
214.384
214.402
214.413
214.388
214.391
214.398
216.361
212.44
214.398
214.497
214.323
214.391
214.432
214.361
214.395
214.402
214.402
214.399
214.41
214.413
214.376
214.402
214.422
214.379
214.406
214.399
214.394
214.406
214.399
214.44
214.372
214.414
214.394
214.399
214.447
214.335
214.391
214.402
218.361
210.425
214.432
214.492
214.305
214.395
214.398
214.399
214.582
214.218
214.482
217.447
211.368
214.328
214.439
214.354
214.462
214.339
214.375
214.406
214.391
214.403
214.398
214.417
214.407
214.387
214.391
214.398
214.402
214.399
214.41
214.391
218.368
210.421
214.429
214.402
214.395
214.41
214.375
214.44
214.357
214.594
214.215
214.417
214.402
214.384
214.391
214.406
214.394
214.399
214.406
214.402
214.391
214.433
214.36
214.433
214.391
214.391
214.394
214.485
214.324
214.398
214.399
214.391
215.778
213.03
214.568
214.233
214.496
214.304
214.474
214.327
214.512
214.281
214.406
214.403
214.398
214.391
214.41
214.391
214.406
214.41
214.41
214.375
214.422
214.383
214.425
214.395
214.398
214.511
214.275
214.398
214.399
214.402
214.414
214.383
217.282
211.538
214.383
214.605
214.192
214.395
214.406
214.394
214.406
214.395
214.399
214.406
214.451
214.447
214.312
214.485
214.312
214.418
214.368
214.41
214.398
214.399
214.391
214.425
214.383
214.402
214.414
214.394
214.384
214.41
214.398
214.418
217.86
210.914
214.504
214.312
214.406
214.376
214.409
214.403
214.387
214.41
214.398
214.756
214.045
214.395
214.398
214.406
214.402
214.395
214.406
214.399
214.402
214.398
214.418
214.413
214.388
214.39
214.384
214.417
214.391
214.399
214.394
214.399
217.632
211.154
214.477
214.354
214.424
214.384
214.391
214.391
214.391
214.409
214.406
214.395
214.41
214.399
214.424
214.369
214.398
214.433
214.368
214.391
214.398
214.418
214.391
214.417
214.399
214.387
214.406
214.383
214.523
214.278
214.41
214.391
218.808
210.038
214.368
214.504
214.545
214.143
214.391
214.409
214.391
214.418
214.601
214.173
214.444
214.398
214.399
214.376
214.41
214.39
214.403
214.398
214.399
214.402
214.376
214.425
214.413
214.403
214.375
214.399
214.406
214.402
214.391
214.402
217.046
211.759
214.395
214.425
214.383
214.398
214.403
214.406
214.391
214.44
214.353
214.391
214.41
214.398
214.41
214.391
214.41
214.59
214.207
214.394
214.399
214.41
214.413
214.418
214.376
214.39
214.399
214.402
214.399
214.391
214.417
214.383
216.425
212.448
214.338
214.455
214.553
214.184
214.406
214.41
214.398
214.395
214.391
214.425
214.391
214.406
214.387
214.391
214.406
214.402
214.391
214.41
214.391
214.406
214.402
214.417
214.384
214.406
214.391
214.391
214.409
214.403
214.406
214.391
216.699
212.101
214.403
214.44
214.357
214.41
214.39
214.399
214.402
214.402
214.391
214.422
214.387
214.398
214.433
214.376
214.383
214.489
214.319
214.399
214.394
214.414
214.402
214.399
214.406
214.425
214.353
214.425
214.383
214.418
214.375
214.406
215.801
213.008
214.406
214.395
214.39
214.399
214.425
214.368
214.418
214.383
214.417
214.399
214.425
214.36
214.433
214.376
214.391
214.406
214.394
214.399
214.398
214.425
214.384
214.432
214.384
214.383
214.402
214.399
214.394
214.399
214.406
214.395
215.511
213.312
214.383
214.666
214.177
214.533
214.264
214.36
214.463
214.338
214.399
214.41
214.406
214.394
214.391
214.433
214.376
214.428
214.365
214.398
214.399
214.41
214.368
214.425
214.391
214.425
214.375
214.406
214.391
214.403
214.406
214.394
215.35
213.466
214.391
214.399
214.44
214.353
214.654
214.147
214.398
214.402
214.406
214.418
214.391
214.391
214.394
214.399
214.41
214.391
214.406
214.394
214.399
218.959
209.849
214.418
214.454
214.32
214.402
214.406
214.399
214.394
214.399
214.406
214.402
214.418
214.375
214.557
214.252
214.504
214.293
214.41
214.398
214.395
214.398
214.391
214.402
214.414
214.391
214.41
214.391
214.402
214.398
214.399
214.41
216.034
212.755
214.418
214.387
214.549
214.263
214.515
214.263
214.406
214.402
214.418
214.398
214.376
214.41
214.398
214.654
214.211
214.47
214.263
214.402
214.399
214.402
214.406
214.395
214.398
214.391
214.41
214.391
214.398
214.41
214.399
214.402
218.135
210.654
214.433
214.402
214.399
214.368
214.406
214.395
214.406
214.391
214.402
214.992
213.816
214.418
214.477
214.305
214.406
214.387
214.41
214.39
214.407
214.402
214.391
214.425
214.398
214.455
214.319
214.41
214.519
214.282
214.391
214.44
218.041
210.726
214.417
214.417
214.384
214.383
214.448
214.345
214.407
214.398
214.395
214.425
214.398
214.376
214.425
214.376
214.406
214.522
214.271
214.41
214.391
218.263
210.53
214.429
214.394
214.639
214.162
214.399
214.383
214.406
214.395
214.406
215.184
213.624
214.395
214.582
214.249
214.36
214.407
214.402
214.398
214.399
214.41
214.383
214.41
214.398
214.666
214.127
214.399
214.425
214.383
214.399
214.402
214.399
214.409
214.391
214.391
214.399
214.425
214.383
214.41
214.391
214.391
214.402
216.977
211.805
214.425
214.432
214.361
214.406
214.402
214.399
214.394
214.407
214.402
214.398
214.418
214.375
214.407
214.398
214.391
214.459
214.361
214.383
214.41
214.406
214.391
214.394
214.485
214.32
214.395
214.406
214.394
214.407
214.402
214.398
217.504
211.406
214.305
214.488
214.32
214.395
214.398
214.384
214.417
214.383
214.418
214.383
214.41
214.391
214.391
214.421
214.379
214.399
214.526
214.275
214.41
214.398
214.399
214.398
214.395
214.406
214.616
214.2
214.578
214.2
214.398
214.402
217.414
211.383
214.433
214.383
214.391
214.395
214.553
214.255
214.391
214.399
214.402
214.432
214.399
214.383
214.474
214.32
214.402
214.571
214.218
214.403
214.398
214.406
214.395
214.417
214.414
214.402
214.372
214.432
214.365
214.399
214.406
214.402
216.703
212.098
214.413
214.399
214.387
214.406
214.383
214.406
214.403
214.39
214.403
214.383
214.455
214.369
214.409
214.399
214.391
214.395
214.421
214.387
214.391
214.391
214.402
214.447
214.384
214.462
214.455
214.346
214.432
214.342
214.346
214.391
216.489
212.327
214.391
214.41
214.504
214.289
214.485
214.316
214.391
214.406
214.402
214.44
214.361
214.391
214.41
214.391
214.398
214.56
214.248
214.399
214.402
214.391
214.425
214.383
214.399
214.395
214.398
214.41
214.391
214.406
214.402
214.399
217.872
210.913
214.448
214.567
214.192
214.41
214.398
214.391
214.399
214.417
214.395
214.391
214.425
214.376
214.413
214.395
214.391
214.406
214.395
214.413
214.59
218.376
210.245
214.398
214.376
214.399
214.56
214.248
214.395
214.398
214.41
214.398
215.545
213.252
214.421
214.38
214.402
214.391
214.425
214.384
214.398
214.417
214.384
214.481
214.327
214.395
214.391
214.425
214.398
214.402
214.384
214.443
214.354
218.77
210.031
214.394
214.399
214.398
214.403
214.631
214.173
214.515
214.286
214.395
215.552
213.252
214.41
214.515
214.278
214.399
214.402
214.391
214.398
214.399
214.41
214.394
214.436
214.361
214.403
214.406
214.409
214.399
214.391
214.391
214.537
214.29
214.398
214.41
214.399
214.409
214.373
214.402
214.616
214.166
214.609
214.199
215.203
213.598
214.417
214.384
214.575
214.218
214.582
214.226
214.391
214.406
214.41
214.376
214.425
214.398
214.515
214.278
214.391
214.399
214.402
214.399
214.409
216.113
212.703
214.399
214.417
214.361
214.44
214.71
214.057
214.439
214.354
214.406
214.41
214.398
214.395
214.447
214.35
214.417
214.376
214.41
214.391
214.406
218.913
209.861
214.429
214.391
214.398
214.403
214.398
214.41
214.391
214.398
214.399
215.722
213.112
214.369
214.624
214.192
214.575
214.214
214.643
214.158
214.402
214.391
214.41
214.413
214.403
214.376
214.533
214.275
214.391
214.406
214.395
214.398
218.696
210.105
214.425
214.376
214.447
214.357
214.417
214.384
214.395
214.406
214.398
216.756
212.045
214.41
214.383
214.41
214.398
214.673
214.128
214.391
214.425
214.59
214.192
214.616
214.2
214.609
214.169
214.41
214.391
214.398
214.406
214.41
218.128
210.658
214.398
214.538
214.27
214.523
214.271
214.406
214.398
214.402
214.399
214.936
213.872
214.395
214.534
214.304
214.354
214.398
214.41
214.398
214.44
214.354
214.413
214.395
214.432
214.384
214.654
214.12
214.447
214.361
214.391
214.399
217.816
210.996
214.413
214.403
214.391
214.391
214.409
214.384
214.398
214.41
214.399
215.225
213.598
214.395
214.391
214.383
214.406
214.594
214.214
214.395
214.391
214.538
214.263
214.541
214.282
214.526
214.26
214.398
214.399
214.391
214.41
214.398
217.508
211.27
214.44
214.432
214.361
214.44
214.342
214.403
214.398
214.402
214.399
214.391
214.432
214.399
214.714
214.086
214.399
214.387
214.399
214.398
214.635
214.192
214.399
214.391
214.402
214.376
214.421
214.387
214.399
214.402
214.391
214.41
217.285
211.504
214.425
214.391
214.519
214.267
214.533
214.271
214.459
214.334
214.418
214.383
214.406
214.395
214.473
214.328
214.413
214.515
214.271
214.56
214.241
214.398
214.425
214.406
214.383
214.41
214.376
214.41
214.413
214.376
214.399
214.402
217
211.801
214.425
214.376
214.398
214.41
214.549
214.24
214.403
214.406
214.409
214.391
214.399
214.391
214.658
214.143
214.631
214.169
214.418
214.391
214.639
214.191
214.369
214.391
214.44
214.372
214.398
214.425
214.391
214.399
214.402
214.383
218.794
210
214.421
214.383
214.459
214.334
214.466
214.328
214.417
214.398
214.403
214.387
214.41
214.398
214.395
214.406
214.395
214.71
214.094
214.395
214.398
214.403
214.398
218.248
210.56
214.624
214.177
214.602
214.214
214.383
214.399
214.402
216.511
212.297
214.414
214.376
214.398
214.538
214.267
214.398
214.399
214.395
214.413
214.402
214.414
214.395
214.376
214.398
214.553
214.304
214.35
214.395
214.398
214.41
214.398
214.399
214.417
214.391
214.391
214.402
214.399
214.391
214.402
214.406
216.41
212.425
214.391
214.368
214.406
214.402
214.399
214.41
214.383
214.406
214.395
214.406
214.417
214.417
214.358
214.402
214.425
214.605
214.177
214.391
214.409
214.384
214.432
214.406
214.372
214.549
214.263
214.388
214.406
214.402
214.406
214.395
215.917
212.895
214.383
214.481
214.32
214.458
214.343
214.402
214.391
214.406
214.395
214.406
214.406
214.387
214.56
214.241
214.413
214.387
214.406
214.403
214.406
214.421
214.361
214.394
214.433
214.398
214.376
214.41
214.391
214.413
214.384
214.41
216.24
212.553
214.417
214.384
214.417
214.38
214.552
214.26
214.391
214.406
214.409
214.384
214.413
214.395
214.399
214.624
214.255
214.553
214.162
214.413
214.395
218.846
209.951
214.473
214.343
214.451
214.334
214.463
214.353
214.391
214.395
214.406
215.59
213.211
214.391
219.127
209.681
214.398
214.384
214.41
214.398
214.395
214.398
214.41
214.399
214.391
214.473
214.327
214.41
214.391
214.41
214.391
214.398
214.418
214.391
214.398
214.41
214.47
214.316
214.413
214.395
214.398
214.391
214.399
214.94
213.887
214.391
214.391
214.489
214.327
214.451
214.342
214.391
214.41
214.383
214.417
214.399
214.417
214.376
214.496
214.32
214.455
214.331
214.391
214.406
214.402
214.406
214.391
214.417
214.402
214.373
214.639
214.161
214.41
214.391
214.406
217.444
211.398
214.376
214.376
214.417
214.391
214.403
214.391
214.398
214.41
214.398
214.775
214.041
214.399
214.594
214.184
214.406
214.391
214.41
214.391
214.402
214.41
214.406
214.398
214.459
214.334
214.399
214.391
214.41
214.394
214.399
214.406
214.425
214.394
214.38
214.395
214.413
214.395
214.406
214.395
214.398
214.391
214.403
214.398
214.425
214.383
214.399
214.466
214.335
214.398
214.402
214.406
214.403
217.695
211.072
214.439
214.497
214.496
214.282
214.462
214.241
214.406
214.41
214.383
214.696
214.105
214.425
214.503
214.271
214.496
214.312
214.399
214.398
214.395
214.417
214.433
214.357
214.44
214.552
214.241
214.361
214.406
214.41
214.391
214.402
217.598
211.191
214.41
214.665
214.128
214.391
214.421
214.388
214.421
214.383
214.41
214.368
214.433
214.398
214.391
214.402
214.399
214.41
214.391
214.402
214.398
214.41
214.391
214.406
214.395
214.526
214.263
214.523
214.301
214.383
214.402
214.391
216.842
211.967
214.402
214.428
214.388
214.398
214.463
214.323
214.391
214.41
214.394
214.403
214.398
214.417
214.425
214.44
214.335
214.376
214.402
214.406
214.398
214.41
214.391
214.41
214.406
214.402
214.399
214.447
214.338
214.391
214.399
214.402
216.665
212.136
214.406
214.857
213.959
214.537
214.335
214.312
214.395
214.398
214.41
214.383
214.448
214.376
214.383
214.399
214.409
214.399
214.391
214.41
214.402
214.413
214.369
214.406
214.425
214.424
214.376
214.376
214.512
214.289
214.406
214.402
218.418
210.417
214.398
214.384
214.383
214.433
214.597
214.162
214.402
214.399
214.406
215.94
212.876
214.376
214.402
214.398
214.403
214.406
214.398
214.395
214.41
214.391
214.398
214.417
214.384
214.413
214.388
214.421
214.383
214.402
214.399
214.395
218.83
209.978
214.398
214.418
214.421
214.353
214.417
214.391
214.391
214.399
214.402
215.015
213.793
214.418
214.372
214.41
214.398
214.417
214.384
214.395
214.406
214.391
214.417
214.41
214.376
214.398
214.406
214.402
214.696
214.113
214.391
214.402
217.966
210.831
214.402
214.519
214.474
214.221
214.576
214.206
214.403
214.417
214.398
214.384
214.432
214.376
214.395
214.44
214.349
214.403
214.398
214.41
214.391
214.406
214.41
214.391
214.447
214.346
214.41
214.533
214.256
214.568
214.233
214.406
217.823
210.978
214.417
214.391
214.406
214.387
214.417
214.38
214.395
214.398
214.41
214.384
214.432
214.398
214.403
214.372
214.428
214.568
214.214
214.399
214.402
214.56
214.241
214.383
214.429
214.402
214.399
214.387
214.413
214.376
214.658
214.158
214.391
214.395
214.552
214.249
214.421
214.387
214.477
214.32
214.391
214.402
214.41
214.695
214.121
214.406
214.447
214.342
214.38
214.413
214.388
214.398
214.406
214.402
214.433
214.357
214.417
214.387
214.399
214.425
214.383
214.489
214.308
214.402
217.279
211.503
214.448
214.387
214.383
214.583
214.211
214.567
214.237
214.387
214.425
216.79
212.018
214.384
214.398
214.403
214.391
214.533
214.271
214.402
214.399
214.391
214.41
214.417
214.383
214.418
214.372
214.41
214.398
214.402
214.399
214.391
217.545
211.252
214.413
214.414
214.387
214.399
214.454
214.346
214.399
214.402
214.391
214.786
214.015
214.432
214.391
214.376
214.406
214.399
214.402
214.402
214.391
214.414
214.394
214.391
214.418
214.391
214.417
214.455
214.319
214.41
214.391
214.425
214.376
214.41
214.391
214.421
214.432
214.545
214.256
214.432
214.327
214.387
214.406
214.391
214.403
214.398
214.41
214.477
214.339
214.436
214.338
214.406
214.402
214.399
214.417
214.376
214.399
214.402
214.398
214.425
214.538
214.248
214.477
214.32
216.778
212.015
214.665
214.166
214.383
214.403
214.383
214.41
214.56
214.229
214.41
214.376
214.44
214.391
214.56
214.222
214.41
214.417
214.391
214.391
214.395
214.447
214.372
214.425
214.395
214.391
214.394
214.384
214.398
214.399
214.391
214.41
217.094
211.699
214.406
214.417
214.399
214.387
214.391
214.406
214.391
214.658
214.161
214.384
214.398
214.41
214.399
214.417
214.376
214.406
214.395
214.421
214.376
214.402
214.391
214.41
214.406
214.417
214.383
214.418
214.372
214.402
214.417
214.384
214.383
214.44
214.376
214.489
214.327
214.447
214.474
214.271
214.488
214.305
214.406
214.41
214.406
214.387
214.398
214.391
214.406
214.395
214.406
214.402
214.406
216.794
212
214.432
214.376
214.383
214.425
214.402
214.384
214.413
214.399
214.474
215.586
213.158
214.391
214.635
214.173
214.361
214.406
214.594
214.199
214.403
214.383
214.421
214.44
214.368
214.395
214.406
214.395
214.545
214.252
214.395
214.398
218.887
209.921
214.418
214.376
214.496
214.327
214.447
214.335
214.402
214.399
214.391
215.954
212.854
214.395
214.421
214.466
214.319
214.512
214.289
214.485
214.316
214.391
214.406
214.41
214.398
214.624
214.162
214.41
214.398
214.391
214.406
214.395
218.568
210.24
214.391
214.399
214.424
214.384
214.402
214.391
214.41
214.398
214.425
214.376
214.417
214.399
214.56
214.222
214.398
214.395
214.602
214.206
214.489
214.301
214.41
214.402
214.413
214.384
214.398
214.41
214.395
214.398
214.399
214.41
216.015
212.774
214.41
214.402
214.414
214.368
214.406
214.395
214.398
214.399
214.41
214.417
214.391
214.391
214.395
214.406
214.398
214.643
214.158
214.395
214.406
214.398
214.376
214.459
214.376
214.567
214.226
214.398
214.399
214.395
214.406
214.398
215.658
213.263
214.282
214.493
214.323
214.47
214.319
214.384
214.402
214.41
214.417
214.399
214.383
214.432
214.47
214.331
214.448
214.308
214.402
214.41
214.406
214.391
214.398
214.418
214.417
214.368
214.399
214.402
214.399
214.398
214.395
214.406
215.609
213.184
214.406
214.459
214.342
214.395
214.406
214.402
214.398
214.399
214.391
214.763
214.056
214.406
214.384
214.395
214.406
214.394
214.399
214.613
214.188
214.398
219.072
209.718
214.417
214.391
214.41
214.398
214.41
214.391
214.395
214.406
217.65
211.192
214.342
214.44
214.372
214.402
214.395
214.406
214.402
214.399
214.409
214.384
214.395
214.398
214.534
214.278
214.41
214.383
214.467
214.342
214.601
214.256
214.361
214.406
214.376
214.402
214.398
214.399
214.395
214.413
214.395
214.391
216.853
211.955
214.384
214.406
214.409
214.399
214.402
214.391
214.425
214.383
214.399
214.395
214.413
214.384
214.451
214.361
214.406
214.383
214.41
214.526
214.275
214.398
214.391
214.455
214.353
214.433
214.368
214.399
214.394
214.395
214.41
214.425
215.515
213.278
214.406
214.56
214.226
214.383
214.406
214.395
214.425
214.383
214.399
214.402
214.38
214.417
214.417
214.376
214.617
214.289
214.47
214.233
214.534
218.816
209.97
214.312
214.391
214.391
214.409
214.399
214.481
214.297
214.399
214.424
215.696
213.094
214.395
214.383
214.402
214.406
214.403
214.391
214.406
214.391
214.398
214.417
214.403
214.447
214.346
214.391
214.406
214.41
214.383
214.466
214.335
216.12
212.677
214.425
214.387
214.398
214.403
214.387
214.41
214.582
214.211
214.41
214.387
214.545
214.274
214.497
214.293
214.395
214.406
214.398
214.402
214.399
214.432
214.369
214.417
214.447
214.527
214.218
214.383
214.406
214.417
214.388
214.398
215.929
212.876
214.409
214.715
214.064
214.413
214.395
214.398
214.399
214.921
213.891
214.406
214.383
214.399
214.402
214.59
214.218
214.399
214.511
214.29
214.398
218.929
209.838
214.417
214.406
214.395
214.406
214.402
214.399
214.402
214.406
214.395
215.56
213.237
214.41
214.432
214.361
214.398
214.399
214.395
214.398
214.406
214.395
214.425
214.391
214.383
214.406
214.402
214.41
214.391
214.399
214.398
214.402
218.737
210.053
214.41
214.398
214.729
214.064
214.41
214.391
214.406
214.402
214.403
217.526
211.244
214.444
214.605
214.177
214.402
214.406
214.41
214.398
214.376
214.403
214.992
213.831
214.391
214.383
214.399
214.41
214.391
214.402
214.406
214.402
214.399
214.424
214.391
214.384
214.402
214.639
214.158
214.417
214.384
214.417
214.376
214.406
215.545
213.256
214.417
214.688
214.094
214.402
214.399
214.402
214.391
214.41
218.925
209.849
214.433
214.406
214.387
214.406
214.391
214.398
214.403
214.398
214.402
215.361
213.44
214.414
214.432
214.353
214.399
214.402
214.391
214.417
214.391
214.403
214.413
214.399
214.383
214.395
214.398
214.418
214.391
214.398
214.41
214.391
218.898
209.895
214.44
214.383
214.384
214.402
214.399
214.398
214.402
214.425
214.372
217.395
211.384
214.462
214.361
214.402
214.399
214.402
214.391
214.406
214.402
214.463
214.334
214.444
214.376
214.639
214.143
214.402
214.391
214.406
214.402
214.391
214.406
214.402
214.399
214.417
214.376
214.406
214.402
214.406
214.388
214.406
214.402
214.398
214.406
214.41
218.312
210.47
214.594
214.199
214.403
214.406
214.402
216.88
211.917
214.41
214.44
214.349
214.395
214.406
214.402
214.391
214.406
214.402
214.433
214.376
214.391
214.402
214.391
214.406
214.402
214.391
214.41
214.391
217.59
211.233
214.391
214.41
214.391
214.432
214.361
214.391
214.406
214.395
214.425
214.391
214.424
214.384
214.462
214.312
214.403
214.398
214.41
214.391
214.398
214.41
214.391
214.417
214.399
214.391
214.402
214.391
214.41
214.391
214.398
214.403
214.406
214.376
214.417
214.41
214.391
214.406
214.53
214.263
214.398
214.425
214.376
215.425
213.398
214.376
214.647
214.154
214.41
214.391
214.406
214.402
214.391
214.41
214.398
214.418
214.391
214.391
214.409
214.384
214.398
214.41
214.399
214.398
214.429
214.406
214.368
214.425
216.996
211.955
214.241
214.398
214.376
214.41
214.398
214.391
214.41
214.417
214.399
214.429
214.357
214.398
214.391
214.406
214.402
214.406
216.737
212.057
214.417
214.413
214.376
214.391
214.395
214.41
214.406
214.391
214.402
214.376
214.44
214.391
214.477
214.324
214.44
214.349
214.402
214.399
214.402
214.406
214.41
214.413
214.516
214.255
214.519
214.289
214.391
214.391
214.418
214.383
216.865
211.936
214.413
214.395
214.41
214.391
214.398
214.391
214.41
214.399
214.398
216.346
212.455
214.41
214.406
214.383
214.402
214.403
214.398
214.399
214.402
214.398
214.399
214.417
214.376
214.647
214.169
214.398
214.403
214.398
214.391
214.402
214.391
214.418
214.383
214.432
214.376
214.406
214.395
214.414
214.387
214.406
214.391
217.199
211.609
214.391
214.417
214.395
214.406
214.391
214.387
214.399
214.417
214.391
214.414
214.376
214.488
214.32
214.395
214.406
214.391
214.402
214.406
214.417
214.376
214.425
214.425
214.357
214.395
214.398
214.406
214.395
214.406
214.402
215.696
213.12
214.383
214.512
214.289
214.391
214.406
214.444
214.349
214.41
214.399
214.391
214.443
214.384
214.383
214.399
214.409
214.399
214.391
214.402
214.406
219.019
209.774
214.425
214.391
214.504
214.274
214.406
214.399
214.402
214.391
214.399
218.443
210.35
214.432
214.399
214.379
214.399
214.402
214.399
214.533
214.275
214.398
215.207
213.602
214.413
214.376
214.402
214.399
214.391
214.613
214.188
214.402
214.41
214.406
214.383
214.425
214.383
214.391
214.41
214.391
214.399
214.417
214.383
218.008
210.778
214.432
214.399
214.395
216.165
212.737
214.297
214.406
214.391
214.402
214.384
214.424
214.422
214.394
214.534
214.241
214.402
214.391
214.406
214.402
214.399
215.928
212.872
214.399
214.44
214.368
214.391
214.41
214.402
214.391
214.399
214.398
214.474
214.331
214.413
214.399
214.391
214.394
214.399
214.402
214.406
214.402
214.422
214.375
214.41
214.384
214.402
214.639
214.173
214.515
214.263
214.417
214.414
214.402
214.357
214.418
214.417
214.376
214.398
214.41
214.399
214.406
214.394
214.399
215.376
213.432
214.391
214.425
214.376
214.41
214.383
214.41
214.391
214.406
214.395
214.421
214.387
214.391
214.68
214.128
214.632
214.169
214.398
214.399
214.402
218.256
210.526
214.44
214.583
214.195
214.406
214.395
214.413
214.376
214.41
214.406
217.474
211.312
214.398
214.448
214.368
214.425
214.376
214.425
214.368
214.414
214.387
214.406
214.391
214.778
214.023
214.56
214.233
214.455
214.342
214.41
217.921
210.887
214.417
214.44
214.327
214.417
214.391
214.391
214.41
214.399
214.398
214.387
214.429
214.387
214.391
214.399
214.402
214.406
214.402
214.399
214.409
214.391
214.399
214.395
214.421
214.376
214.409
214.399
214.395
214.406
214.53
214.263
214.398
214.418
214.391
214.417
214.376
214.398
214.41
214.391
214.399
214.402
214.398
216.895
211.899
214.432
214.432
214.342
214.41
214.391
214.399
214.402
214.398
214.546
214.27
214.391
214.402
214.703
214.098
214.391
214.399
214.409
214.391
214.617
214.214
214.369
214.409
214.399
214.402
214.391
214.402
214.414
214.383
214.41
214.391
216.395
212.436
214.391
214.451
214.327
214.399
214.409
214.391
214.433
214.376
214.425
214.375
214.399
214.402
214.448
214.349
214.402
214.568
214.233
214.399
214.402
214.398
214.376
214.44
214.384
214.458
214.342
214.391
214.406
214.403
214.398
214.395
214.432
214.384
214.391
214.402
214.398
214.406
214.395
214.391
214.406
214.402
214.463
216.496
212.226
214.432
214.605
214.203
214.384
214.402
214.65
214.139
214.538
214.271
217.112
211.655
214.455
214.402
214.368
214.399
214.402
214.398
214.399
214.402
214.399
214.383
214.417
214.425
214.433
214.334
214.41
214.391
214.406
214.402
214.399
214.402
214.406
214.398
214.403
214.432
214.357
214.489
214.319
214.395
214.391
214.624
214.184
214.384
214.425
214.616
214.173
214.395
214.41
214.398
214.391
214.406
214.387
214.44
214.376
214.534
214.338
214.327
214.399
214.395
214.406
214.402
214.391
214.406
214.395
214.485
214.466
214.255
214.406
214.388
214.406
214.391
214.402
216.278
212.545
214.376
214.474
214.342
214.391
214.402
214.399
214.402
214.391
214.41
214.413
214.399
214.402
214.391
214.391
214.41
214.391
214.398
214.41
214.398
218.707
210.087
214.398
214.41
214.391
214.402
214.387
214.429
214.376
214.406
214.391
218.177
210.624
214.409
214.399
214.395
214.398
214.406
214.402
214.399
214.395
214.413
214.696
214.105
214.383
214.474
214.335
214.398
214.402
214.399
214.391
214.41
214.394
214.429
214.376
214.41
214.462
214.331
214.391
214.406
214.395
214.409
214.391
218.072
210.718
214.425
214.398
214.384
214.402
214.406
214.395
214.398
214.41
214.398
214.504
214.312
214.391
214.489
214.312
214.395
214.413
214.425
214.376
214.391
214.391
214.402
214.433
214.364
214.481
214.32
214.398
214.395
214.41
214.575
214.233
214.391
215.312
213.489
214.432
214.448
214.319
214.391
214.406
214.402
214.403
214.394
214.403
214.425
214.375
214.391
214.602
214.199
214.41
214.406
214.391
214.402
214.399
218.774
210.019
214.406
214.41
214.398
214.395
214.398
214.399
214.402
214.654
214.154
215.485
213.282
214.44
214.399
214.387
214.391
214.406
214.402
214.391
214.41
214.391
214.421
214.387
214.414
214.458
214.32
214.406
214.402
214.41
214.395
214.394
214.41
214.391
214.418
214.39
214.391
214.399
214.402
214.406
214.395
214.406
214.383
214.609
214.2
214.417
214.624
214.162
214.398
214.406
214.395
214.398
214.406
214.41
214.403
214.406
214.398
214.489
214.289
214.399
214.402
214.398
214.399
214.402
214.399
214.409
214.482
214.492
214.218
214.399
214.402
214.398
214.399
214.391
217.346
211.466
214.398
214.482
214.319
214.391
214.399
214.409
214.399
214.395
214.398
214.391
214.433
214.383
214.402
214.391
214.41
214.391
214.398
214.433
214.379
214.406
214.422
214.368
214.417
214.384
214.409
214.399
214.406
214.387
214.414
214.387
216.782
212.034
214.398
214.474
214.301
214.409
214.391
214.41
214.399
214.402
214.391
214.421
214.395
214.398
214.489
214.304
214.391
214.403
214.398
214.41
214.398
214.391
214.41
214.406
214.395
214.575
214.222
214.402
214.391
214.399
214.409
214.399
216.553
212.289
214.376
214.68
214.094
214.41
214.399
214.391
214.402
214.402
214.414
214.391
214.417
214.383
214.391
214.406
214.395
214.402
214.399
214.398
214.406
214.425
214.38
214.406
214.402
214.406
214.399
214.387
214.406
214.398
214.403
214.391
214.402
214.406
214.41
214.391
214.47
214.323
214.398
214.391
214.41
214.399
214.409
214.429
214.38
214.376
214.436
214.361
214.417
214.406
214.387
214.391
214.425
214.391
214.41
214.398
214.399
214.473
214.312
214.403
214.398
214.399
214.402
214.421
214.376
214.41
214.383
214.425
214.383
214.399
214.402
214.399
214.41
214.39
214.406
218.704
210.075
214.432
214.399
214.375
214.41
214.399
214.402
214.398
214.403
214.398
214.391
214.41
214.406
214.432
214.361
214.399
214.402
214.406
214.447
214.346
214.512
214.285
214.402
214.418
214.695
214.094
214.395
214.391
214.417
214.391
214.406
214.425
214.395
214.372
214.417
214.391
214.395
214.391
214.398
214.418
214.391
214.417
216.414
212.368
214.417
214.391
214.41
214.391
214.489
214.312
214.383
214.406
215.361
213.474
214.391
214.519
214.248
214.409
214.403
214.391
214.398
214.399
214.409
214.391
214.399
214.413
214.388
214.409
214.403
214.391
214.406
214.402
214.391
216.271
212.53
214.425
214.511
214.27
214.403
214.391
214.406
214.391
214.409
214.403
214.406
214.383
214.418
214.406
214.387
214.391
214.406
214.398
214.402
214.399
219.008
209.8
214.403
214.39
214.399
214.398
214.395
214.402
214.399
214.406
214.395
215.759
213.045
214.425
214.432
214.335
214.41
214.402
214.398
214.399
214.395
214.413
214.617
214.169
214.414
214.458
214.35
214.383
214.41
214.383
214.403
214.413
214.418
214.398
214.384
214.402
214.383
214.406
214.402
214.399
214.395
214.398
214.406
214.402
218.47
210.331
214.414
214.383
214.41
214.402
214.639
214.143
214.41
214.398
214.399
214.444
214.349
214.425
214.534
214.248
214.402
214.391
214.41
214.398
214.399
216.56
212.226
214.432
214.44
214.334
214.41
214.406
214.391
214.402
214.407
214.387
214.391
214.432
214.414
214.537
214.241
214.481
214.32
214.39
214.399
214.402
214.414
214.387
214.398
214.418
214.383
214.56
214.241
214.398
214.391
214.41
214.391
215.44
213.376
214.406
214.387
214.391
214.41
214.398
214.41
214.399
214.383
214.41
214.414
214.387
214.406
214.391
214.402
214.398
214.399
214.402
214.391
214.406
214.395
214.425
214.398
214.376
214.481
214.327
214.64
214.169
214.391
214.398
214.402
219.057
209.744
214.399
214.406
214.394
214.41
214.391
214.399
214.398
214.402
214.403
214.398
214.391
214.425
214.432
214.463
214.289
214.391
214.41
214.398
214.399
214.376
214.417
214.425
214.774
214
214.497
214.304
214.418
214.39
214.403
214.413
214.376
214.425
214.376
214.398
214.41
214.406
214.387
214.406
214.391
214.418
217.037
211.764
214.413
214.368
214.41
214.391
214.418
214.398
214.395
214.398
214.391
214.41
214.391
214.425
214.383
214.59
214.207
214.395
214.398
214.403
214.398
214.384
214.409
214.433
214.383
214.391
214.402
214.399
214.398
214.41
214.391
214.399
217.064
211.823
214.323
214.463
214.327
214.402
214.398
214.41
214.575
214.215
214.41
214.409
214.399
214.383
214.718
214.091
214.406
214.39
214.422
214.383
214.391
214.406
214.376
214.459
214.383
214.376
214.402
214.406
214.399
214.41
214.391
214.428
214.372
214.399
214.402
214.414
214.402
214.383
214.391
214.41
214.399
214.654
214.142
214.429
214.391
214.391
214.447
214.474
214.263
214.496
214.305
214.406
214.402
214.406
214.418
214.36
214.414
214.489
214.319
214.395
214.399
214.39
214.418
214.391
214.41
214.375
214.414
214.425
214.537
214.241
214.391
214.406
214.496
214.297
214.41
214.383
214.433
214.398
214.391
214.395
214.399
214.398
214.579
214.222
214.402
214.399
216.71
212.09
214.399
214.402
214.399
214.39
214.41
214.399
214.417
214.384
214.39
214.425
214.399
214.387
214.462
214.335
214.402
214.391
214.406
214.403
214.398
214.402
214.399
214.417
214.399
214.545
214.24
214.399
214.398
214.41
214.383
214.41
217.008
211.789
214.403
214.406
214.387
214.406
214.402
214.399
214.398
214.402
214.399
214.402
214.399
214.398
214.417
214.384
214.391
214.402
214.432
214.369
214.406
214.402
214.399
214.409
214.632
214.15
214.617
214.192
214.496
214.297
214.406
215.77
213.046
214.383
214.496
214.297
214.402
214.399
214.398
214.41
214.391
214.406
214.414
214.387
214.402
214.406
214.391
214.395
214.398
214.41
214.391
214.504
218.85
209.853
214.417
214.391
214.388
214.462
214.342
214.395
214.398
214.583
214.226
215.567
213.263
214.395
214.38
214.395
214.402
214.391
214.398
214.406
214.395
214.406
214.414
214.402
214.383
214.474
214.327
214.402
214.399
214.402
214.399
214.39
214.403
214.383
214.425
214.406
214.391
214.395
214.41
214.398
214.391
214.406
214.395
215.62
213.196
214.413
214.643
214.135
214.391
214.406
214.395
214.406
214.395
214.398
214.418
214.406
214.391
214.394
214.824
213.977
214.421
214.376
214.399
214.402
214.537
214.264
214.39
214.41
214.391
214.406
214.395
214.41
214.398
214.399
214.402
214.399
214.398
214.402
214.399
214.507
214.301
214.395
214.413
214.376
214.414
214.41
218.473
210.312
214.433
214.383
214.384
214.406
214.409
214.403
214.379
214.403
214.503
214.831
213.865
214.417
214.654
214.139
214.391
214.399
214.402
214.391
214.406
214.402
214.399
214.417
214.391
214.391
214.402
214.399
214.402
214.399
214.398
214.402
214.391
214.406
214.418
214.383
214.402
214.406
214.395
214.406
214.399
214.402
214.391
217.864
210.937
214.417
214.417
214.357
214.41
214.541
214.264
214.409
214.384
214.417
214.681
214.124
214.394
214.666
214.12
214.406
214.406
214.387
214.399
214.398
214.403
214.406
214.409
214.399
214.383
214.403
214.402
214.395
214.402
214.402
214.462
214.354
214.406
214.383
214.403
214.383
214.41
214.391
214.616
214.192
214.504
216.406
212.297
214.406
214.507
214.279
214.398
214.402
214.399
214.395
214.398
214.414
214.387
214.421
214.383
214.395
214.406
214.395
214.398
214.406
214.395
214.406
214.395
214.398
214.41
214.391
214.406
214.395
214.406
214.391
214.41
214.398
214.395
215.624
213.177
214.413
214.384
214.398
214.41
214.402
214.391
214.399
214.402
214.406
214.417
214.391
214.384
214.511
214.289
214.41
214.399
214.391
214.398
214.417
218.963
209.823
214.425
214.432
214.463
214.304
214.376
214.399
214.402
214.398
214.433
215.537
213.245
214.402
214.421
214.368
214.395
214.399
214.409
214.399
214.402
214.391
214.406
214.395
214.421
214.53
214.248
214.421
214.387
214.391
214.406
214.395
214.406
214.376
214.417
214.425
214.391
214.391
214.402
214.399
214.402
214.62
214.177
214.402
214.399
214.402
214.391
214.53
214.278
214.391
214.41
214.391
214.399
214.409
214.425
214.399
214.383
214.425
214.376
214.391
214.402
214.406
214.384
214.409
214.399
216.079
212.729
214.402
214.696
214.086
214.425
214.391
214.391
214.402
214.399
214.402
214.429
214.383
214.395
214.391
214.398
214.403
214.398
214.402
214.391
214.41
214.391
214.406
214.402
214.414
214.387
214.399
214.398
214.402
214.391
214.403
214.406
216.518
212.263
214.41
214.459
214.35
214.402
214.398
214.391
214.41
214.399
214.409
214.406
214.403
214.398
214.432
214.35
214.402
214.391
214.41
214.399
214.402
218.981
209.842
214.384
214.424
214.365
214.417
214.395
214.421
214.369
214.398
217.835
210.943
214.418
214.398
214.399
214.402
214.398
214.41
214.399
214.398
214.624
214.327
214.252
214.406
214.511
214.271
214.41
214.391
214.41
214.402
214.406
214.398
214.418
214.383
214.41
214.38
214.402
214.402
214.406
214.384
214.402
214.398
217.339
211.47
214.406
214.402
214.383
214.406
214.395
214.406
214.395
214.462
214.346
214.902
213.899
214.387
214.402
214.41
214.391
214.406
214.395
214.398
214.406
214.403
214.398
214.391
214.425
214.504
214.274
214.399
214.409
214.399
214.398
214.391
217.673
211.139
214.391
214.489
214.32
214.398
214.395
214.398
214.41
214.391
214.575
216.162
212.47
214.417
214.447
214.328
214.402
214.398
214.406
214.395
214.406
214.395
214.421
214.402
214.399
214.383
214.602
214.375
214.241
214.384
214.398
214.402
214.391
214.425
214.399
214.417
214.368
214.391
214.418
214.391
214.402
214.398
214.391
218.846
209.948
214.432
214.44
214.334
214.418
214.391
214.398
214.5
214.308
214.489
217.624
211.169
214.32
214.455
214.346
214.391
214.409
214.391
214.391
214.41
214.391
214.41
214.413
214.376
214.384
214.432
214.391
214.402
214.688
214.117
214.395
214.398
214.432
214.388
214.398
214.384
214.391
214.409
214.399
214.402
214.391
214.406
218.714
210.072
214.425
214.406
214.391
214.402
214.383
214.406
214.403
214.391
214.417
215.432
213.357
214.403
214.481
214.519
214.199
214.402
214.406
214.391
214.402
214.391
214.433
214.398
214.391
214.459
214.319
214.41
214.406
214.391
214.41
214.391
214.834
213.982
214.387
214.413
214.384
214.41
214.398
214.41
214.383
214.399
214.398
214.418
214.398
214.395
214.432
214.357
214.395
214.406
214.395
214.398
214.41
214.399
214.398
214.489
214.496
214.218
214.399
214.398
214.395
214.398
214.403
217.03
211.789
214.38
214.413
214.395
214.399
214.406
214.402
214.406
214.387
214.414
214.391
214.417
214.368
214.512
214.297
214.391
214.402
214.406
214.402
214.391
214.41
214.413
214.376
214.433
214.368
214.605
214.192
214.402
214.41
214.391
214.41
214.391
214.413
214.395
214.406
214.384
214.409
214.391
214.41
214.399
214.398
214.391
217.752
211.056
214.391
214.41
214.395
214.406
214.402
214.391
214.41
214.395
214.409
214.384
214.417
214.402
214.504
214.278
214.399
214.402
214.406
214.395
214.398
217.158
211.651
214.402
214.413
214.376
214.399
214.402
214.406
214.395
214.413
214.395
214.399
214.398
214.402
214.391
214.41
214.391
214.417
214.391
214.391
214.406
214.403
217.518
211.29
214.406
214.474
214.312
214.398
214.417
214.376
214.406
214.403
214.424
214.376
214.421
214.395
214.478
214.304
214.402
214.391
214.41
214.399
214.398
214.402
214.384
214.413
214.403
214.402
214.391
214.541
214.267
214.399
214.398
214.402
214.399
214.417
214.399
214.387
214.406
214.391
214.402
214.399
214.409
214.399
214.398
216.177
212.602
214.413
214.406
214.406
214.391
214.399
214.398
214.402
214.391
214.41
214.429
214.383
214.402
214.455
214.32
214.41
214.616
214.184
214.425
214.376
219
209.816
214.391
214.406
214.436
214.357
214.395
214.413
214.391
214.41
214.41
216.334
212.455
214.41
214.399
214.376
214.406
214.394
214.399
214.402
214.406
214.391
214.402
214.406
214.395
214.399
214.391
214.454
214.354
214.402
214.399
214.406
214.402
214.391
214.417
214.553
214.229
214.53
214.271
214.398
214.403
214.398
217.763
211.03
214.403
214.533
214.271
214.402
214.391
214.41
214.399
214.402
214.406
214.631
214.17
214.383
214.399
214.409
214.399
214.391
214.41
214.391
214.409
214.478
214.331
214.413
214.384
214.391
214.642
214.162
214.399
214.398
214.402
214.391
214.482
214.327
214.398
214.402
214.399
214.391
214.41
214.398
214.395
214.406
214.391
214.41
214.417
214.398
214.376
214.41
214.406
214.384
214.409
214.414
214.376
214.432
214.399
214.402
214.41
214.556
214.211
214.447
214.353
214.391
214.403
214.398
216.921
211.887
214.414
214.432
214.361
214.384
214.394
214.414
214.398
214.403
214.398
214.402
214.455
214.346
214.526
214.282
217.741
211.049
214.466
214.335
214.398
214.402
218.963
209.819
214.433
214.488
214.297
214.391
214.545
214.271
214.391
214.402
214.406
214.651
214.158
214.383
214.474
214.334
214.41
214.384
214.417
214.383
214.399
214.41
214.421
214.394
214.391
214.594
214.215
214.376
214.398
214.545
214.26
214.406
218.398
210.399
214.394
214.391
214.41
214.639
214.158
214.402
214.433
214.364
214.41
215.432
213.361
214.418
214.383
214.399
214.409
214.391
214.391
214.41
214.399
214.398
214.41
214.391
214.417
214.391
214.402
214.391
214.391
214.406
214.403
214.406
215.191
213.621
214.398
214.406
214.376
214.402
214.399
214.402
214.399
214.398
214.417
214.391
214.395
214.406
214.447
214.346
214.391
214.414
214.395
214.398
214.402
214.391
214.406
214.403
214.391
214.424
214.399
214.402
214.384
214.473
214.32
217.534
211.248
214.432
214.402
214.384
214.398
214.406
214.41
214.391
214.395
214.406
214.402
214.526
214.275
214.541
214.248
214.406
214.395
214.399
214.402
214.398
214.418
215.424
213.358
214.417
214.631
214.192
214.361
214.406
214.391
214.41
214.537
214.264
214.383
214.425
214.417
214.376
214.496
214.301
214.65
214.143
214.406
214.395
216.192
212.609
214.421
214.387
214.399
214.398
214.395
214.398
214.406
214.403
214.398
214.402
214.429
214.372
214.541
214.256
214.402
214.391
214.406
214.403
214.398
216.587
212.206
214.41
214.455
214.342
214.391
214.59
214.218
214.467
214.349
214.41
214.353
214.433
214.406
214.447
214.338
214.399
214.391
214.41
214.391
214.402
214.455
214.353
214.485
214.353
214.403
214.364
214.418
214.376
214.398
214.402
214.399
214.41
214.391
214.398
214.402
214.391
214.41
214.399
214.402
214.398
214.545
214.26
214.387
214.406
214.402
214.414
214.526
214.26
214.398
214.399
214.394
214.41
214.395
214.406
214.406
214.383
214.474
214.335
214.398
214.402
214.406
214.391
214.403
214.398
216.617
212.203
214.398
214.429
214.346
214.409
214.399
214.406
214.395
214.624
214.176
214.403
214.398
214.414
214.383
214.402
214.391
214.418
214.398
214.391
214.406
214.451
214.361
214.384
214.417
214.398
214.376
214.425
214.376
214.399
214.424
214.384
216.41
212.383
214.44
214.432
214.335
214.402
214.572
214.225
214.402
214.406
214.395
214.399
214.398
214.402
214.47
214.331
214.399
214.398
214.402
214.41
214.387
214.418
214.383
214.41
214.383
214.41
214.414
214.398
214.387
214.399
214.398
218.034
210.76
214.417
214.41
214.383
214.406
214.384
214.402
214.398
214.399
214.417
216.575
212.226
214.421
214.522
214.256
214.391
214.417
214.384
214.417
214.376
214.414
214.402
214.398
214.391
214.41
214.384
214.402
214.398
214.403
214.398
214.406
217.026
211.782
214.418
214.455
214.312
214.402
214.406
214.398
214.395
214.406
214.402
214.399
214.406
214.417
214.376
214.402
214.391
214.41
214.399
214.391
214.402
214.436
214.368
214.41
214.41
214.38
214.394
214.41
214.391
214.402
214.399
214.398
217.324
211.582
214.32
214.391
214.553
214.255
214.384
214.398
214.579
214.222
214.402
214.485
214.312
214.395
214.485
214.319
214.403
214.398
214.402
214.391
214.41
214.391
214.406
214.417
214.403
214.379
214.418
214.402
214.38
214.402
214.402
214.534
214.263
214.914
213.887
214.417
214.399
214.387
214.398
214.44
214.361
214.399
214.391
214.586
214.248
214.376
214.414
214.552
214.241
214.391
214.425
214.368
214.406
214.399
217.947
210.853
214.395
214.489
214.327
214.391
214.391
214.41
214.406
214.394
214.406
215.354
213.44
214.417
214.462
214.32
214.41
214.391
214.511
214.289
214.399
214.398
214.403
214.398
214.402
214.399
214.402
214.399
214.391
214.409
214.399
214.398
217.884
210.936
214.398
214.384
214.41
214.391
214.398
214.402
214.406
214.391
214.403
214.537
214.256
214.425
214.477
214.32
214.383
214.417
214.384
214.59
214.226
214.383
214.417
214.418
214.368
214.463
214.334
214.402
214.391
214.406
214.403
214.391
217.782
211.026
214.417
214.391
214.391
214.417
214.399
214.387
214.399
214.398
214.417
214.376
214.418
214.406
214.387
214.391
214.406
214.402
214.391
214.41
214.391
214.391
214.432
214.391
214.56
214.233
214.399
214.398
214.395
214.406
214.399
214.402
214.402
214.414
214.488
214.297
214.391
214.399
214.41
214.398
214.402
214.391
216.97
211.839
214.417
214.56
214.214
214.399
214.402
214.399
214.402
214.398
214.414
214.368
214.418
214.409
214.391
214.403
214.406
214.391
214.409
214.399
214.391
217.162
211.646
214.41
214.406
214.376
214.41
214.417
214.372
214.417
214.391
214.403
214.383
214.432
214.391
214.497
214.545
214.143
214.409
214.391
214.41
214.399
214.409
214.391
214.399
214.417
214.47
214.308
214.399
214.406
214.391
214.41
214.398
216.808
212.008
214.38
214.428
214.38
214.391
214.398
214.403
214.432
214.376
215.188
213.601
214.406
215.44
213.395
214.365
214.409
214.395
214.399
214.391
214.409
214.406
214.376
214.425
214.391
214.504
214.474
214.221
214.395
214.399
214.417
214.391
214.398
217.955
210.865
214.398
214.497
214.304
214.384
214.406
214.391
214.402
214.398
214.418
214.376
214.432
214.402
214.76
214.015
214.391
214.409
214.399
214.398
214.523
214.297
214.398
214.399
214.395
214.398
214.391
214.402
214.399
214.402
214.399
214.391
214.409
214.421
214.38
214.399
214.391
214.417
214.391
214.398
214.403
214.398
214.41
214.391
214.417
214.399
214.383
214.651
214.15
214.402
214.395
214.406
214.398
218.782
210
214.433
214.409
214.376
214.399
214.402
214.399
214.398
214.402
214.391
214.399
214.425
214.402
214.413
214.369
214.402
214.399
214.406
214.394
214.399
215.722
213.079
214.398
214.395
214.496
214.308
214.41
214.384
214.402
214.406
214.455
214.41
214.327
214.417
214.616
214.177
214.399
214.413
214.38
214.406
214.417
217.951
210.824
214.417
214.383
214.41
214.399
214.398
214.391
214.402
214.41
214.399
215.12
213.688
214.383
214.647
214.162
214.575
214.225
214.391
214.406
214.395
214.425
214.376
214.398
214.403
214.398
214.654
214.151
214.402
214.398
214.403
214.402
215.707
213.105
214.402
214.384
214.398
214.391
214.402
214.41
214.391
214.406
214.395
214.413
214.41
214.391
214.406
214.395
214.383
214.658
214.151
214.417
214.391
218.816
209.973
214.395
214.466
214.429
214.312
214.402
214.399
214.391
214.409
214.391
215.44
213.376
214.402
214.455
214.335
214.398
214.403
214.413
214.387
214.406
214.391
214.395
214.425
214.368
214.429
214.395
214.391
214.398
214.402
214.399
214.402
214.399
218.567
210.233
214.414
214.383
214.403
214.402
214.406
214.383
214.406
214.395
214.406
214.944
213.849
214.41
214.542
214.259
214.398
214.391
214.41
214.421
214.387
214.391
214.406
214.421
214.395
214.594
214.184
214.391
214.41
214.391
214.406
214.402
218.117
210.673
214.417
214.47
214.331
214.639
214.15
214.41
214.395
214.398
214.399
215.098
213.733
214.383
214.387
214.391
214.41
214.391
214.406
214.402
214.425
214.372
214.403
214.417
214.398
214.384
214.425
214.376
214.661
214.139
214.399
214.402
218.308
210.489
214.41
214.447
214.448
214.289
214.41
214.398
214.399
214.406
214.395
214.398
214.417
214.391
214.44
214.354
214.409
214.391
214.391
214.41
214.406
214.402
214.391
214.399
214.425
214.376
214.391
214.503
214.297
214.399
214.41
214.413
214.387
214.41
214.384
214.605
214.203
214.383
214.406
214.433
214.383
214.384
216.913
211.887
214.403
214.582
214.241
214.376
214.425
214.379
214.395
214.399
214.409
214.406
214.425
214.402
214.373
214.394
214.391
214.399
214.402
214.399
214.391
214.409
214.384
214.44
214.376
214.406
214.394
214.399
214.665
214.143
214.402
214.391
216.057
212.767
214.376
214.417
214.391
214.391
214.402
214.399
214.402
214.398
214.406
214.395
214.425
214.391
214.402
214.38
214.402
214.432
214.376
214.391
214.406
214.41
214.384
214.409
214.463
214.331
214.406
214.391
214.409
214.391
214.41
214.391
216.406
212.399
214.409
214.489
214.297
214.399
214.409
214.391
214.41
214.399
214.402
214.398
217.064
211.718
214.433
214.383
214.402
214.406
214.504
214.29
214.398
214.399
217.282
211.515
214.432
214.372
214.602
214.191
214.41
214.414
214.402
214.38
214.394
214.489
214.335
214.406
214.556
214.222
214.398
214.403
214.398
214.399
214.402
214.41
214.391
214.398
214.474
214.338
214.391
214.391
214.406
214.402
214.399
214.402
214.384
214.413
214.402
214.73
214.071
214.414
214.383
214.402
214.399
214.398
214.403
214.406
214.417
214.391
214.383
214.41
214.391
214.41
214.398
214.395
214.406
216.305
212.473
214.421
214.41
214.384
214.406
214.391
214.417
214.387
214.399
214.391
214.409
214.399
214.402
214.406
214.391
214.402
214.414
214.387
214.406
214.391
214.402
214.399
214.417
214.418
214.469
214.305
214.383
214.406
214.403
214.391
214.409
214.399
214.41
214.391
214.406
214.571
214.237
214.383
214.403
214.391
214.398
218.545
210.282
214.376
214.406
214.402
214.391
214.399
214.402
214.594
214.214
214.391
215.527
213.289
214.391
214.568
214.225
214.399
214.402
214.406
214.402
214.391
214.41
214.406
214.41
214.485
214.297
214.391
214.41
214.391
214.406
214.394
214.399
215.771
213.071
214.368
214.76
214.037
214.53
214.271
214.402
214.391
214.41
214.399
214.406
214.394
214.406
214.403
214.391
214.391
214.409
214.391
214.399
214.417
218.459
210.316
214.424
214.425
214.376
214.384
214.409
214.399
214.398
214.425
214.369
215.225
213.59
214.41
214.481
214.301
214.402
214.391
214.399
214.41
214.391
214.417
214.376
214.413
214.418
214.496
214.289
214.399
214.391
214.41
214.398
214.402
214.391
214.399
214.402
214.432
214.399
214.376
214.586
214.241
214.372
214.41
214.398
214.403
215.432
213.365
214.402
214.406
214.387
214.399
214.609
214.188
214.417
214.387
214.399
214.391
214.447
214.353
214.602
214.214
214.391
214.41
214.391
214.402
214.399
217.913
210.887
214.418
214.492
214.29
214.398
214.402
214.406
214.395
214.399
214.594
214.342
214.255
214.418
214.748
214.041
214.538
214.263
214.398
214.403
214.391
214.432
214.402
214.376
214.399
214.391
214.402
214.406
214.398
214.403
214.398
214.402
217.606
211.188
214.421
214.398
214.387
214.399
214.402
214.399
214.391
214.409
214.399
214.41
214.387
214.413
214.391
214.391
214.41
214.399
214.398
214.511
214.29
214.402
214.391
214.417
214.399
214.504
214.293
214.402
214.391
214.402
214.391
214.418
217.973
210.831
214.402
214.376
214.391
214.444
214.372
214.417
214.376
214.399
216.346
212.455
214.417
214.398
214.388
214.406
214.455
214.36
214.376
214.399
214.601
214.2
214.409
214.418
214.59
214.192
214.398
214.402
214.399
214.391
214.41
214.391
214.383
214.425
214.511
214.29
214.391
214.409
214.391
214.403
214.398
214.399
216.575
212.24
214.41
214.512
214.263
214.409
214.399
214.538
214.255
214.417
214.391
214.433
214.364
214.418
214.376
214.402
214.406
214.391
214.402
214.399
214.409
214.414
214.395
214.383
214.41
214.398
214.391
214.41
214.414
214.394
214.399
214.383
216.234
212.59
214.402
214.391
214.383
214.403
214.398
214.406
214.624
214.169
214.406
214.41
214.391
214.433
214.503
214.256
214.41
214.391
214.402
214.398
214.406
214.425
214.361
214.425
214.398
214.395
214.421
214.376
214.402
214.391
214.406
214.395
214.406
214.402
214.414
214.387
214.406
214.399
214.394
214.399
214.402
214.624
214.166
214.409
214.414
214.387
214.399
214.398
214.402
214.399
214.41
214.391
214.398
214.402
216.448
212.334
214.44
214.496
214.339
214.334
214.406
214.41
214.384
214.409
214.391
214.391
214.418
214.398
214.53
214.271
214.402
214.391
214.41
214.398
214.44
214.376
214.384
214.425
214.526
214.24
214.425
214.384
214.398
214.402
214.406
214.395
215.887
212.895
214.44
214.391
214.402
214.384
214.398
214.402
214.391
214.41
214.399
215.857
212.943
214.414
214.383
214.395
214.402
214.406
214.399
214.635
214.173
214.399
214.383
214.433
214.379
214.399
214.409
214.391
214.399
214.391
214.402
214.417
215.647
213.135
214.425
214.421
214.354
214.409
214.399
214.398
214.403
214.398
217.26
211.56
214.406
214.383
214.395
214.406
214.391
214.41
214.47
214.327
214.387
214.455
214.357
214.41
214.376
214.409
214.399
214.391
214.402
214.406
214.402
215.79
213.026
214.391
214.545
214.241
214.398
214.403
214.406
214.402
214.398
214.406
214.41
214.399
214.391
214.616
214.169
214.406
214.395
214.406
214.395
214.56
218.15
210.478
214.421
214.451
214.338
214.403
214.406
214.398
214.395
214.406
214.402
215.376
213.44
214.391
214.383
214.406
214.395
214.406
214.395
214.398
214.399
214.402
214.41
214.387
214.402
214.406
214.395
214.406
214.395
214.398
214.41
214.391
214.402
214.399
214.425
214.447
214.47
214.263
214.395
214.406
214.395
214.398
214.406
217.474
211.327
214.41
214.462
214.32
214.406
214.394
214.406
214.41
214.41
214.383
214.399
214.398
214.403
214.406
214.391
214.417
214.387
214.399
214.406
214.394
214.399
215.184
213.632
214.376
214.424
214.391
214.395
214.399
214.398
214.402
214.399
214.402
214.399
214.417
214.391
214.526
214.267
214.391
214.406
214.399
214.394
214.406
218.305
210.481
214.417
214.497
214.518
214.177
214.406
214.402
214.406
214.395
214.399
214.793
214.007
214.437
214.436
214.327
214.398
214.402
214.399
214.402
214.406
214.395
214.383
214.421
214.41
214.384
214.413
214.387
214.406
214.391
214.395
214.406
214.429
214.413
214.376
214.414
214.368
214.402
214.399
214.402
214.399
214.398
214.402
218.422
210.394
214.414
214.44
214.327
214.394
214.418
214.391
214.398
214.402
214.414
214.387
214.399
214.394
214.485
214.32
214.398
214.403
214.398
214.402
214.391
214.41
214.414
214.376
214.402
214.406
214.395
214.406
214.391
214.409
214.399
214.41
214.368
214.421
214.418
214.597
214.181
214.406
214.391
214.409
214.399
214.402
216.399
212.425
214.391
214.567
214.214
214.395
214.399
214.409
214.391
214.399
214.402
214.399
214.409
214.391
214.673
214.128
214.624
214.181
214.402
214.395
214.406
214.391
214.406
214.428
214.376
214.399
214.398
214.402
214.406
214.395
214.414
214.376
216.007
212.797
214.429
214.398
214.384
214.394
214.399
214.391
214.41
214.391
214.406
214.394
214.425
214.384
214.391
214.473
214.327
214.41
214.399
214.391
214.398
214.402
214.403
214.413
214.384
214.409
214.391
214.41
214.399
214.398
214.402
214.391
217.44
211.361
214.425
214.485
214.297
214.395
214.398
214.399
214.402
214.406
214.425
214.376
214.406
214.417
214.395
214.379
214.425
214.391
214.403
214.383
214.417
214.384
217.128
211.672
214.433
214.364
214.621
214.18
214.402
214.399
214.402
214.406
214.395
214.406
214.406
214.417
214.56
214.215
214.394
214.391
214.418
214.398
214.391
214.395
214.421
214.41
214.489
214.552
214.143
214.617
214.176
214.399
214.391
214.409
218.711
210.09
214.414
214.511
214.274
214.399
214.391
214.417
214.391
214.402
214.403
214.387
214.417
214.391
214.402
214.391
214.406
214.403
214.398
214.41
214.391
214.417
214.399
214.383
214.402
214.399
214.455
214.346
214.391
214.409
214.399
214.398
216.429
212.372
214.41
214.398
214.391
214.403
214.406
214.394
214.391
214.41
214.399
214.425
214.368
214.406
214.511
214.297
214.391
214.402
214.422
214.375
214.433
214.395
214.391
214.39
214.395
214.406
214.384
214.402
214.406
214.398
214.41
218.752
210.041
214.406
214.384
214.41
214.391
214.409
214.391
214.406
214.395
214.399
214.868
213.932
214.422
214.406
214.379
214.402
214.391
214.41
214.399
214.391
214.402
214.398
214.425
214.384
214.432
214.368
214.391
214.406
214.636
214.158
214.409
217.816
211
214.391
214.489
214.304
214.455
214.339
214.406
214.391
214.409
214.391
214.745
214.071
214.399
214.391
214.41
214.409
214.384
214.398
214.402
214.391
214.425
214.418
214.379
214.387
214.399
214.391
214.41
214.391
214.409
214.399
214.398
218.963
209.846
214.394
214.512
214.278
214.41
214.545
214.255
214.399
214.402
214.391
214.647
214.169
214.383
214.553
214.256
214.391
214.409
214.391
214.406
214.425
214.395
214.421
214.444
214.349
214.369
214.406
214.394
214.399
214.398
214.41
214.391
214.402
214.407
214.394
214.414
214.383
214.402
214.399
214.402
214.391
214.41
214.395
218.515
210.304
214.384
214.417
214.383
214.399
214.41
214.383
214.41
214.398
214.399
215.304
213.512
214.387
214.519
214.286
214.39
214.403
214.398
214.399
214.402
214.402
214.421
215.722
213.087
214.469
214.309
214.398
214.391
214.402
214.399
214.398
214.41
214.406
214.395
214.402
214.406
214.384
214.391
214.409
214.391
214.41
214.406
218.282
210.511
214.399
214.398
214.41
214.399
214.394
214.478
214.323
214.399
214.41
214.823
213.951
214.406
214.402
214.669
214.139
214.391
214.41
214.399
214.398
214.402
214.399
214.417
214.399
214.391
214.394
214.399
214.398
214.395
214.406
214.402
214.418
214.372
214.41
214.398
214.402
214.44
214.361
214.399
214.545
214.255
214.399
214.391
214.432
214.369
214.503
214.309
214.387
214.41
214.624
214.169
214.421
214.376
214.417
214.418
214.582
214.192
214.402
214.399
214.398
214.41
214.383
216.993
211.793
214.455
214.519
214.24
214.406
214.395
214.406
214.403
214.398
214.391
217.872
210.929
214.406
214.8
214.004
214.391
214.406
214.474
214.327
214.398
214.41
214.384
214.425
214.375
214.406
214.403
214.398
214.403
214.398
214.398
214.395
214.399
214.394
214.433
214.398
214.384
214.398
214.395
214.406
214.398
214.391
214.41
216.361
212.448
214.387
214.413
214.406
214.388
214.39
214.41
214.553
214.244
214.41
214.41
214.379
214.403
214.552
214.241
214.398
214.406
214.403
214.398
214.41
214.391
214.383
214.452
214.368
214.399
214.398
214.398
214.403
214.383
214.433
214.375
214.425
216.391
212.384
214.425
214.375
214.504
214.305
214.398
214.403
214.398
214.402
214.384
214.432
214.391
214.391
214.425
214.376
214.398
214.403
214.39
214.41
214.399
216.774
212.027
214.398
214.553
214.248
214.398
214.403
214.39
214.41
214.399
214.631
214.185
214.398
214.395
214.526
214.271
214.575
214.21
214.41
214.391
214.406
214.418
214.375
214.425
214.414
214.368
214.403
214.413
214.384
214.409
214.418
214.383
216.079
212.695
214.433
214.395
214.398
214.383
214.41
214.399
214.398
214.481
214.32
214.402
214.421
214.399
214.38
214.398
214.41
214.567
214.215
214.56
214.248
214.41
214.391
214.417
214.399
214.383
214.399
214.394
214.406
214.403
214.398
214.399
214.424
214.391
214.388
214.454
214.369
214.361
214.44
214.376
214.398
214.417
214.376
214.399
214.402
214.414
214.383
214.41
214.391
214.41
214.39
214.399
214.451
214.365
214.41
214.375
214.41
214.391
214.406
214.403
214.39
214.407
214.402
215.609
213.199
214.399
214.409
214.384
214.432
214.376
214.391
214.391
214.402
214.406
214.403
214.424
214.369
214.838
213.974
214.391
214.394
214.61
214.199
214.481
214.32
218.676
210.117
214.413
214.384
214.466
214.334
214.399
214.41
214.391
214.41
216.966
211.815
214.425
214.395
214.399
214.398
214.402
214.391
214.399
214.398
214.41
214.376
214.44
214.376
214.417
214.383
214.399
214.444
214.357
214.41
214.39
214.41
214.38
214.425
214.402
214.391
214.395
214.398
214.399
214.406
214.394
214.41
217.173
211.632
214.395
214.477
214.312
214.425
214.425
214.361
214.39
214.407
214.409
214.384
214.594
214.233
214.398
214.384
214.395
214.421
214.488
214.297
214.399
214.398
217.32
211.489
214.432
214.402
214.369
214.391
214.406
214.394
214.406
214.391
214.41
214.632
214.327
214.24
214.384
214.41
214.398
214.402
214.391
214.399
214.41
214.406
214.391
214.417
214.383
214.842
213.967
214.383
214.41
214.391
214.417
214.391
217.207
211.594
214.417
214.485
214.297
214.391
214.402
214.406
214.403

------------------------------------------------------------------------------------------------------------------------------------------------
max val(#4281) = 219.13us
min val(#4282) = 209.68us
peak-to-peak = 9.45us
mean +- RMS = 214.40 +- 0.79 us

packet size: 516
number of packets: 10000
RATE = 19253.73kbps, PPS = 4664.2
