Destination address set to 01:1B:19:00:00:00
Defaults: 01:1B:19:00:00:00 or 01:80:C2:00:00:0E
SIOCSHWTSTAMP: tx_type 1 requested, got 1; rx_filter 0 requested, got 0
setting ts_flags: 0x53
new ts_flags: 0x53


gap of hw tx time, us: packets 10000:
------------------------------------------------------------------------------------------------------------------------------------------------
0
107.236
278.64
227.684
107.278
235.59
210.666
107.206
107.215
107.173
107.391
107.022
107.184
107.248
168.087
213.786
190.007
492.617
107.143
107.218
152.436
107.116
107.376
221.214
109.256
105.147
157.808
107.15
107.215
107.218
107.199
107.199
109.12
194.234
111.345
188.196
107.244
281.542
107.135
107.218
107.169
107.278
107.113
107.207
107.361
108.902
105.361
107.158
107.225
586.384
107.169
107.229
238.004
107.192
244.583
107.503
106.895
107.203
107.199
107.2
107.233
107.169
107.199
107.199
147.399
106.767
107.609
198.282
186.744
194.391
197.703
107.207
260.282
110.68
103.718
300.121
107.203
107.206
107.192
203.902
107.203
107.181
107.203
107.222
107.21
109.305
138.064
107.165
233.793
107.214
160.914
107.177
107.222
186.593
107.226
107.181
291.375
107.433
172.09
107.214
236.921
148.545
290.613
215.914
196.729
149.056
267.703
169.136
107.177
225.116
388.09
212.703
225.76
202.466
172.297
107.214
107.207
107.177
107.184
218.361
107.176
171.624
104.929
357.064
107.143
241.511
107.177
107.24
243.399
107.282
107.368
180.966
107.17
107.248
193.782
107.184
107.312
265.489
223.349
221.248
203.034
107.199
267.779
106.815
107.23
107.203
227.654
107.177
107.417
107.03
107.169
386.297
180.613
240.56
300.947
288.812
345.625
107.203
107.176
107.256
107.165
107.2
107.203
126.654
211.169
388.624
239.165
107.196
107.199
107.207
107.199
243.184
262.38
107.207
107.143
107.206
107.185
107.218
280.936
206.936
193.895
225.304
184.902
182.211
225.951
206.455
107.218
107.18
275.538
207.064
202.658
394.981
107.203
107.207
107.176
111
167.782
469.218
107.17
107.229
107.184
107.192
283.177
107.191
107.233
107.177
291.199
181.406
227.162
178.312
107.169
111.526
202.113
107.335
107.289
107.154
107.031
266.973
197.914
107.199
107.199
147.233
107.241
107.158
109.492
150.685
107.21
132.782
107.218
107.184
107.357
107.057
107.274
126.35
201.184
154.865
107.184
169.233
180.35
107.214
119.819
107.2
107.206
190.531
107.112
118.335
107.225
107.173
107.226
107.211
107.18
156.304
198.632
158.218
108.76
107.03
105.785
107.218
107.173
107.218
107.23
107.176
107.211
116.808
107.207
128.583
107.218
107.18
107.211
107.176
111.677
102.756
107.199
107.184
107.207
112.865
107.214
131.184
157.887
107.538
349.872
107.199
171.497
222.007
405.955
207.455
1671.07
212.263
215.985
253.271
203.455
199.459
181.135
107.695
106.737
107.177
107.192
107.199
107.229
107.188
107.463
106.97
107.165
107.169
156.936
107.233
107.263
201.662
198.105
107.2
126.056
184.583
107.195
118.775
201.759
216.872
107.218
107.188
107.203
158.241
201.831
107.101
115.075
196.064
186.448
107.184
107.214
107.203
115.557
198.578
203.741
107.154
187.064
182.376
107.218
125.767
205.094
186.722
107.229
125.981
194.391
203.982
215.687
201.361
107.215
138.834
202.985
107.158
151.041
200.64
107.161
114.256
200.447
107.215
107.184
186.097
107.177
124.493
191.297
203.53
107.15
188.496
201.008
204.537
203.73
107.173
114.921
197.455
200.8
211.091
207.342
206.094
107.184
137.316
203.214
107.214
154.26
211.503
200.767
180.696
107.319
124.512
199.289
199.801
209.173
107.113
126.808
200.823
107.218
122.609
107.181
143.473
203.143
107.579
110.839
206.154
141.496
107.192
107.135
107.214
107.226
107.199
107.222
107.184
107.203
107.166
111.424
103.233
109.245
104.913
107.185
107.218
111.327
103.079
108.767
105.635
107.177
107.214
107.199
107.233
107.158
107.891
106.774
106.985
107.158
107.218
107.185
107.214
109.921
104.462
110.929
103.489
107.169
107.24
108.895
105.666
107.03
107.248
107.128
107.184
107.191
107.234
111.079
103.462
107.06
107.222
107.361
107.03
107.195
107.436
108.888
105.274
108.384
106
111.759
102.665
107.192
107.233
107.136
107.233
110.214
104.207
107.169
110.872
105.662
105.067
108.895
105.504
111.857
102.68
107.061
107.203
110.744
103.767
107.105
107.169
111.654
102.816
107.136
107.206
107.2
107.18
107.188
107.226
107.221
110.587
103.801
107.214
107.199
107.226
110.319
104.057
107.233
107.176
110.534
103.842
107.47
106.944
107.192
107.203
109.165
105.256
107.184
107.218
109.428
104.97
107.185
107.21
107.421
106.951
107.211
107.207
107.184
107.207
107.191
107.211
107.188
107.21
107.192
107.199
111.324
103.079
107.199
107.432
111.214
102.955
107.2
111.052
103.365
107.207
107.846
106.552
107.354
107.015
107.206
107.203
107.2
107.221
107.17
107.375
107.034
107.207
109.064
105.342
107.523
106.887
109.128
105.255
107.185
107.695
109.162
104.767
107.176
107.215
107.195
107.357
107.042
107.191
107.312
107.094
107.203
107.2
107.312
107.079
108.815
105.594
107.185
107.206
109.56
104.873
107.27
107.098
107.199
107.23
107.195
107.207
107.177
107.319
107.072
107.206
107.196
107.207
107.221
107.177
107.199
107.211
107.184
107.207
111.098
103.312
107.233
110.485
103.879
107.177
107.545
106.895
107.192
107.462
106.944
107.176
107.2
107.203
107.191
107.207
107.226
107.432
106.925
107.218
107.218
107.188
110.793
103.609
107.199
107.824
109.688
104.097
107.215
107.203
107.173
107.203
107.421
106.985
107.199
107.192
107.191
107.2
110.849
103.545
107.226
107.192
107.191
107.2
108.3
106.091
107.206
107.2
107.36
107.034
107.2
107.233
107.176
107.2
107.191
107.2
107.225
107.192
110.526
103.921
111.335
103.007
107.211
107.199
107.342
107.049
107.199
110.154
108.734
102.729
107.169
107.244
107.173
107.271
107.12
107.425
106.981
107.207
107.425
106.97
111.537
102.873
107.173
107.218
107.191
107.207
109.369
105.033
107.23
107.188
107.428
106.951
107.218
107.185
107.206
107.207
107.218
107.177
107.214
107.177
107.192
107.218
107.184
107.214
109.162
105.413
107.015
107.207
110.147
104.398
107.042
107.191
107.218
107.263
107.399
106.959
107.176
107.312
107.091
107.191
107.207
107.199
107.203
107.2
107.199
107.207
107.195
107.199
107.192
107.207
107.218
107.18
107.2
107.203
110.503
103.91
107.177
107.225
107.583
106.801
107.199
107.207
107.195
107.2
107.199
107.199
108.353
106.072
107.177
107.206
107.271
107.12
107.466
108.888
105.24
107.207
107.278
107.132
107.184
107.214
107.192
107.207
107.203
107.192
107.199
107.199
107.203
107.199
107.391
107.008
107.177
107.229
108.09
106.312
107.184
107.207
107.218
107.199
107.192
107.399
106.985
107.248
107.184
107.199
107.256
107.139
107.199
107.207
107.184
107.199
108.512
105.887
111.759
102.624
107.203
107.2
107.206
107.211
107.192
107.221
107.17
107.24
107.169
107.207
107.199
107.185
107.206
107.203
107.207
107.199
111.722
102.932
106.948
107.184
108.455
105.951
107.199
109.489
104.914
107.191
110.263
104.155
107.191
107.215
107.191
107.192
107.199
107.203
107.2
107.206
107.391
107.008
107.289
107.106
107.199
107.199
107.199
107.226
107.177
107.191
107.207
107.199
107.369
107.034
107.191
107.218
107.188
107.2
107.203
107.439
106.952
107.218
107.191
107.2
107.184
107.222
108.729
105.665
108.624
105.775
107.203
107.195
107.192
107.211
107.191
107.56
106.846
107.203
107.2
107.199
107.199
107.275
107.127
107.294
107.154
107.173
107.161
107.215
107.188
107.221
107.192
109.049
105.361
107.207
107.424
106.974
107.184
107.2
107.195
107.207
107.192
107.218
107.214
107.184
107.207
107.192
107.338
107.064
107.192
107.199
109.511
104.887
107.2
107.218
107.199
107.21
107.264
107.135
107.169
107.207
107.192
107.206
107.203
107.2
107.191
107.207
107.199
107.211
107.207
107.199
108.24
106.17
107.173
107.233
107.169
107.214
108.906
105.489
107.199
107.214
107.17
107.274
107.135
107.207
107.184
107.207
107.199
107.218
110.88
103.681
107.041
107.188
107.21
107.185
107.206
110.433
103.966
107.177
107.218
107.199
107.214
107.203
107.181
107.203
107.191
107.207
107.199
107.233
107.17
107.191
107.2
107.214
107.192
107.195
107.35
107.056
107.199
107.203
107.2
107.206
107.279
107.124
107.191
107.192
107.271
107.15
107.184
107.376
107.027
107.199
107.214
107.184
107.211
107.199
107.229
107.155
107.24
111.263
103.106
107.184
107.59
106.831
107.195
107.192
107.207
107.199
107.199
107.346
107.049
107.214
107.192
107.233
107.97
106.387
107.211
107.462
106.978
107.169
107.286
108.898
105.414
107.218
107.191
107.2
107.176
107.215
107.191
107.203
107.2
107.199
107.192
107.214
107.195
107.192
107.222
107.177
107.206
107.203
108.989
105.402
107.222
107.203
107.177
107.229
107.184
107.192
107.199
107.369
107.026
107.214
107.185
107.206
107.203
107.207
107.199
107.2
107.21
107.188
109.098
105.304
107.207
107.211
107.334
107.057
107.184
107.214
107.203
107.222
107.169
107.207
107.199
107.203
107.199
107.185
107.206
107.185
107.199
107.218
107.192
107.199
107.192
107.206
107.211
108.007
106.391
107.2
107.248
107.169
107.177
107.27
107.121
107.225
107.199
107.264
107.161
107.166
107.191
107.211
107.199
107.192
110.192
104.21
107.181
107.218
107.327
107.071
107.226
107.184
107.192
107.206
107.192
107.346
107.053
107.21
107.184
107.305
107.173
107.139
107.192
107.206
107.463
106.955
108.064
106.312
107.191
111.361
103.045
107.207
107.26
107.15
107.184
107.41
106.992
107.2
107.206
107.256
107.135
107.211
107.184
107.384
109.109
105.12
110.259
104.136
107.191
107.207
107.199
108.282
106.121
107.206
107.448
106.951
107.195
107.207
107.192
107.199
107.218
107.192
107.271
107.127
107.185
107.218
110.101
104.297
107.207
107.184
107.85
106.624
107.128
107.24
107.166
107.218
107.199
107.192
107.289
107.094
107.199
107.226
107.177
107.199
107.207
107.368
107.023
107.195
107.222
107.177
107.191
107.215
107.218
107.199
107.184
107.184
110.872
103.546
107.191
107.222
107.184
107.2
107.203
107.191
107.207
107.353
107.049
107.2
107.695
106.733
107.188
107.188
108.643
105.767
107.177
108.169
106.237
107.218
107.199
107.199
107.184
107.203
107.2
107.199
107.199
107.207
107.21
107.2
107.191
107.2
107.176
107.215
107.21
107.192
107.214
107.177
107.21
107.2
107.199
107.225
107.358
107.033
107.185
107.199
107.383
107.015
107.203
107.207
107.192
107.199
107.211
107.199
107.192
107.206
111.177
103.222
107.195
111.463
102.936
107.207
107.451
106.966
107.184
107.199
107.2
107.191
107.2
107.191
107.203
107.233
107.181
107.203
108.568
105.83
107.185
107.214
111.451
102.944
107.191
107.192
110.297
104.128
107.207
107.199
107.184
107.207
107.195
107.2
107.199
107.192
107.206
107.211
107.192
107.206
107.17
107.229
110.707
103.688
107.206
107.2
107.191
107.218
107.185
107.214
107.184
107.199
107.203
107.2
107.206
107.192
107.199
107.211
107.192
107.297
107.101
107.207
107.21
107.185
107.229
107.169
107.199
110.639
103.786
107.169
108.305
106.116
107.185
107.21
107.184
107.207
107.203
107.199
107.192
107.47
107.128
107.007
110.767
103.636
107.199
107.192
111.398
103.199
107.034
107.504
106.895
107.203
107.184
107.199
107.199
107.233
107.173
107.196
107.207
107.383
107
107.214
107.188
107.2
109.759
104.647
108.097
106.297
108.264
106.127
107.222
107.211
107.173
107.21
110.737
103.669
107.184
107.207
107.305
107.184
107.105
107.207
107.195
107.207
108.049
106.526
107.779
106.439
110.094
104.297
107.2
110.518
103.888
107.184
110.218
104.199
107.199
107.226
107.169
107.199
107.207
107.211
107.188
107.203
107.206
107.192
111.049
103.353
107.2
107.24
108.342
106.027
107.191
107.192
109.959
104.447
107.199
107.218
107.181
107.195
107.2
107.214
107.195
107.2
107.191
107.2
107.218
107.199
107.192
107.191
107.2
107.206
107.211
107.18
107.211
107.199
107.207
107.218
107.184
107.207
107.177
107.218
107.191
107.207
107.192
107.192
107.206
107.226
107.184
107.192
107.808
106.854
108.496
105.643
107.199
110.88
103.53
107.184
107.214
107.199
107.185
107.233
107.176
107.327
107.064
107.32
107.105
107.184
107.192
107.199
107.32
107.094
107.195
107.2
108.27
106.241
107.086
107.192
110.32
104.105
107.177
107.206
107.384
107.019
107.191
107.207
107.218
107.192
107.18
107.218
107.207
107.196
108.142
106.256
111.801
102.598
107.312
107.082
107.192
107.214
107.192
107.218
107.32
107.071
107.184
107.215
107.21
107.184
107.207
107.199
107.185
107.206
108.339
106.176
107.256
107.023
108.409
106
107.188
110.324
104.086
107.218
107.192
107.192
107.191
107.233
107.177
107.207
107.192
107.398
107
107.203
107.199
107.264
109.992
104.342
107.199
107.203
107.188
107.211
107.192
107.184
109.233
105.207
107.424
106.985
107.173
107.218
108.76
105.816
107
107.199
107.21
107.2
107.199
107.207
107.169
107.233
107.188
107.21
107.177
107.214
107.203
107.2
107.199
107.218
107.18
107.218
107.561
106.815
107.207
107.211
107.188
107.289
107.113
107.207
110.53
103.902
107.162
107.398
108.135
106.072
107.195
111.549
102.85
107.177
107.221
107.218
107.185
107.255
107.136
107.214
107.192
107.203
107.191
107.215
107.199
107.192
107.195
107.207
107.177
107.229
111.041
103.361
107.184
107.222
107.267
107.117
107.203
107.191
107.312
107.121
107.176
107.2
107.199
107.207
107.195
107.199
107.2
107.199
107.248
107.162
107.206
107.192
107.184
107.226
107.188
107.199
107.203
107.214
107.403
106.992
107.192
107.207
107.184
107.192
107.206
107.211
107.383
107.008
107.192
107.214
107.195
107.207
110.752
103.639
107.199
108.858
105.545
107.199
107.192
107.214
107.195
107.207
107.192
107.199
107.199
107.331
107.064
107.207
107.199
107.199
107.2
107.203
111.703
102.688
108.368
106.038
107.203
108.567
105.839
107.218
107.173
107.21
107.184
107.233
107.358
107.026
107.18
107.211
107.199
107.207
107.195
107.2
107.432
106.974
109.424
104.97
107.248
111.264
103.079
107.206
108.666
105.737
107.199
107.199
107.354
107.056
107.192
107.199
107.24
107.158
107.203
107.196
108.977
105.418
107.199
107.218
107.184
107.214
107.192
109.256
105.146
107.2
107.206
107.2
107.195
107.199
107.2
107.199
107.214
107.184
107.2
107.203
107.199
107.199
111.793
102.688
107.121
107.191
111.846
102.568
107.195
107.237
107.177
107.41
106.973
107.211
107.222
107.161
107.2
107.218
107.191
107.207
107.192
107.225
107.173
107.2
107.225
107.177
107.218
107.188
107.195
107.215
107.312
107.086
107.184
107.203
107.376
107.038
107.177
107.233
107.176
107.215
107.176
107.218
107.207
107.184
107.192
107.222
107.199
107.188
109.463
104.936
107.191
108.654
108.745
104.225
107.185
107.236
107.181
107.541
106.857
107.2
107.184
107.256
107.142
107.203
110.88
103.526
107.185
107.206
110.192
104.369
107.048
107.192
107.199
107.2
107.203
107.221
107.177
107.199
107.203
107.207
107.184
107.215
107.191
107.203
107.2
107.191
107.207
107.199
107.185
107.21
107.816
106.583
107.225
107.199
107.185
107.191
108.504
105.929
107.176
107.207
107.192
107.192
107.206
107.207
107.196
107.214
107.199
107.192
109.323
105.072
107.191
107.248
110.489
103.88
107.192
110.101
104.297
107.211
107.703
106.688
107.199
107.199
107.199
107.211
107.192
107.199
107.192
107.206
107.203
107.2
107.214
107.184
111.793
102.609
109.688
104.703
107.327
107.087
107.203
107.207
107.255
107.2
107.127
107.218
107.234
107.157
107.384
107.015
107.481
106.914
107.199
107.192
107.225
107.188
107.184
107.203
107.271
107.143
107.195
107.192
107.278
107.154
107.237
107.147
107.184
107.214
107.192
107.256
107.135
107.203
107.207
107.192
110.015
104.545
107.071
107.192
109.282
105.124
107.195
108.234
108.187
105.196
107.432
106.966
107.17
107.214
107.177
107.21
107.199
107.2
107.191
107.2
107.206
107.418
106.992
107.214
107.192
107.184
107.681
106.729
107.192
107.225
107.173
107.226
107.169
107.222
107.199
107.196
107.191
107.2
107.191
107.2
107.221
107.188
107.2
107.199
108.631
105.775
108.579
105.823
107.432
106.967
107.191
107.185
111.834
102.624
107.151
107.225
107.181
107.218
107.184
107.207
107.195
107.327
107.166
107.105
108.034
106.364
107.2
107.203
107.214
107.192
107.191
107.899
110.319
103.384
107.199
107.207
107.188
107.207
107.199
107.199
107.199
107.211
107.184
107.35
107.056
107.211
107.191
107.207
107.229
107.162
107.504
106.895
107.203
107.206
107.185
107.206
107.2
107.218
107.176
107.207
107.199
107.211
107.192
107.199
107.199
107.207
107.195
107.207
107.192
107.192
108.665
105.752
107.192
110.631
103.76
107.218
107.191
107.2
107.424
106.989
107.188
107.207
107.192
107.206
107.185
107.214
107.192
107.21
111.135
103.249
107.225
107.184
111.279
103.127
107.185
108.12
106.289
107.222
107.369
107.033
107.207
107.177
107.192
107.214
107.184
107.207
107.195
107.207
107.199
107.185
109.462
104.955
107.177
107.221
107.17
107.221
107.203
107.23
107.304
107.098
110.759
103.624
107.286
107.098
107.199
107.211
107.191
107.2
107.391
107
107.289
107.124
107.203
107.199
109.015
105.403
107.425
111.109
103.033
107.2
107.206
107.203
107.241
107.15
107.215
107.199
107.195
107.192
107.199
107.207
107.199
107.211
107.184
107.207
109.383
105.027
111.015
103.376
107.199
107.801
109.612
104.188
107.2
107.24
107.158
107.218
107.181
107.203
107.191
107.2
107.199
107.225
107.185
107.206
107.185
107.432
106.992
107.185
107.909
106.579
107.109
107.211
107.192
107.199
107.222
107.21
107.169
107.429
106.985
107.184
107.233
107.158
107.211
107.191
107.222
107.188
107.199
107.207
107.455
106.929
107.206
110.489
103.914
107.184
107.229
107.184
107.203
107.2
107.191
107.207
107.218
107.192
107.192
107.191
107.448
106.97
110.319
104.072
107.184
107.214
111.722
102.688
107.192
107.804
106.587
107.221
107.297
107.113
107.177
107.192
107.206
107.2
107.191
107.218
107.207
107.192
107.203
107.199
107.184
107.222
111.256
103.154
108.233
106.143
107.21
107.207
107.184
107.2
107.191
107.233
107.2
107.184
107.18
107.218
107.2
107.225
107.286
107.098
109.71
104.681
107.191
107.211
111.192
103.191
107.297
110.245
104.067
107.215
111.206
103.192
107.188
107.196
107.417
106.985
107.192
107.206
107.29
107.113
107.221
107.17
107.225
107.192
107.184
107.199
107.2
107.218
107.206
107.2
107.176
107.207
107.199
107.211
107.199
107.207
107.177
107.218
107.191
107.2
107.233
107.165
110.098
104.304
107.215
107.176
107.226
107.188
107.192
109.962
104.44
107.207
107.191
107.218
107.215
107.169
107.192
107.218
107.191
107.2
107.191
107.2
107.214
107.188
107.214
107.192
107.233
107.173
109.635
104.76
107.199
107.376
107.022
107.211
107.192
107.199
107.199
107.29
107.112
107.2
107.199
107.207
107.191
107.211
107.192
107.199
107.218
107.184
107.245
107.169
107.176
107.215
107.191
107.2
107.203
107.214
107.233
107.177
107.184
107.207
107.191
107.203
107.188
107.203
107.2
107.206
110.279
104.12
107.218
107.177
107.199
107.199
107.199
107.226
107.169
107.207
107.199
107.226
107.176
107.215
107.184
107.207
107.21
107.207
107.177
107.206
107.234
107.165
107.192
107.203
107.349
107.042
108.402
106.004
107.203
107.214
107.199
107.218
107.936
106.448
107.184
107.199
107.199
107.211
107.195
107.196
107.199
107.207
111.248
103.154
107.207
107.319
107.068
107.196
107.21
107.214
107.17
107.233
107.176
107.2
109.462
104.962
107.177
107.207
107.192
107.191
107.2
107.218
110.669
103.722
107.206
107.2
107.184
107.218
107.184
107.199
107.207
109.177
105.233
107.184
107.199
107.207
107.199
107.218
107.177
107.214
107.185
107.218
107.188
107.203
107.191
107.207
107.327
107.113
107.143
107.218
109.85
104.56
107.199
107.184
107.207
107.241
107.157
107.2
107.203
107.214
107.177
107.218
107.191
107.2
107.214
107.184
107.192
107.218
107.477
106.906
107.2
107.218
107.191
107.23
107.161
107.233
107.173
107.211
107.192
107.214
107.203
107.18
107.2
107.21
107.192
107.192
107.206
107.203
110.376
104.023
107.203
107.203
107.195
107.2
107.199
109.737
104.673
107.18
107.203
107.214
107.192
107.602
106.8
107.2
107.214
107.331
107.052
107.2
107.203
107.206
109.489
104.91
107.218
107.192
109.105
105.278
107.199
107.2
107.203
107.214
107.289
107.102
107.195
107.192
107.207
107.214
107.199
107.196
107.199
107.184
110.673
103.745
107.199
107.256
107.127
107.207
107.218
107.222
107.162
107.229
107.169
107.199
107.203
107.2
107.199
107.207
107.191
107.207
107.196
107.199
107.199
107.207
107.195
107.2
107.199
107.199
111.019
103.391
107.184
109.541
104.865
107.203
107.199
107.2
107.214
107.199
107.184
107.203
107.2
107.199
107.192
107.214
111.139
103.256
107.184
107.222
107.195
107.207
110.056
104.327
107.207
107.218
107.184
107.2
107.191
107.207
107.203
107.391
107.011
107.203
107.192
107.211
107.191
107.207
107.199
107.2
107.21
107.184
107.455
106.944
107.229
107.203
107.169
107.215
107.184
107.199
107.354
107.157
107.098
107.41
106.974
107.218
107.188
107.203
107.191
107.207
107.199
107.226
107.165
107.203
110.2
104.27
107.139
108.391
108.297
104.91
107.248
107.169
107.177
107.312
107.087
107.21
107.196
107.21
107.222
107.169
107.199
107.211
107.199
107.184
110.846
103.583
110.169
104.218
107.192
107.214
107.196
107.221
107.177
107.207
107.195
107.215
107.176
107.207
107.184
107.207
107.425
106.974
107.225
107.184
107.207
107.211
107.214
107.169
107.222
111.32
103.048
107.218
108.489
105.91
107.177
107.218
107.18
107.218
107.192
107.21
107.196
107.192
110.161
104.233
107.2
107.218
107.206
107.185
110.462
103.929
107.21
109.053
105.346
107.199
107.199
107.218
107.414
107.082
107.079
107.207
107.199
107.203
107.207
107.218
107.173
107.207
108.53
105.872
111.305
103.079
107.379
107.03
107.188
107.226
107.184
107.207
107.203
107.199
107.184
107.327
107.079
107.203
107.264
107.135
107.192
107.214
107.169
107.226
107.206
107.203
107.166
107.248
107.177
107.206
107.185
107.21
107.199
107.312
107.158
107.154
107.173
107.339
107.064
107.206
107.192
107.211
109.541
104.846
107.195
107.207
107.199
107.211
110.752
103.639
107.199
107.801
110.319
103.482
107.191
107.207
107.192
107.447
106.963
107.199
107.192
107.214
107.188
107.207
110.752
103.879
106.97
107.196
107.308
107.086
108.76
105.654
107.192
107.195
107.207
107.199
110.504
103.913
107.192
107.184
107.2
107.206
107.361
107.057
107.417
106.974
107.21
107.192
108.872
105.519
107.177
107.221
107.211
111.759
102.624
107.192
109.369
105.056
107.184
107.245
107.161
107.226
107.191
107.406
106.97
107.207
111.087
103.323
107.184
107.207
107.207
107.184
107.218
107.192
107.191
108.775
105.646
107.185
107.188
107.229
107.177
107.24
107.166
107.203
107.199
107.199
107.199
107.264
107.139
107.199
108.135
106.275
107.191
107.2
109.056
105.335
107.218
108.567
109.824
103.221
107.203
107.2
107.47
106.906
107.191
107.215
107.195
107.214
107.185
107.206
107.425
106.966
107.185
107.225
107.29
107.101
108.778
105.632
107.184
107.199
107.207
107.218
107.184
107.23
107.169
107.199
107.199
107.203
107.2
107.206
107.192
107.207
107.192
107.21
107.199
107.192
109.346
105.06
107.196
111.477
102.921
107.226
107.312
107.071
107.192
107.368
107.03
107.211
107.18
107.211
107.192
107.229
107.18
107.343
107.879
106.384
107.191
107.203
107.2
107.191
107.207
107.218
107.184
107.2
107.199
107.222
107.176
107.211
107.192
107.199
107.192
107.206
107.275
107.135
107.192
107.199
107.339
107.078
111.102
103.304
107.467
106.936
107.176
107.222
107.233
107.154
107.203
107.203
107.177
107.199
107.226
107.18
107.203
107.215
107.184
107.214
108.587
105.808
107.207
107.184
111.192
103.214
107.195
109.237
105.169
107.192
107.177
107.24
107.185
107.218
107.18
107.207
107.195
107.207
107.184
107.215
107.199
107.195
107.895
106.745
111.327
102.842
110.725
103.666
107.191
107.207
107.199
107.211
107.199
107.207
107.177
107.218
107.199
107.192
107.191
107.207
107.199
107.2
107.21
107.192
109.143
105.263
110.233
104.162
107.71
106.688
107.459
106.951
108.662
105.751
110.012
104.492
107.075
107.2
107.199
107.199
107.199
107.418
106.985
107.199
108.391
106.007
107.673
106.73
107.673
106.725
107.199
108.658
105.745
107.199
107.297
107.128
107.176
107.527
106.864
107.215
107.191
107.211
107.184
107.199
107.2
107.206
108.632
105.771
107.191
107.215
107.225
107.169
107.335
107.079
107.218
107.184
107.192
107.192
107.199
107.225
107.173
107.249
107.154
107.199
107.199
107.203
107.199
107.2
107.191
107.2
107.233
107.184
107.192
110.936
103.455
107.206
108.779
105.646
107.177
107.207
107.206
107.196
107.199
107.207
107.192
107.191
107.211
107.207
109.793
104.583
107.68
106.737
108.632
105.751
107.2
107.206
107.203
107.207
111.293
103.14
107.157
107.211
107.192
107.21
107.188
107.199
107.203
107.463
106.958
107.185
107.218
107.56
106.943
107.072
107.184
107.241
107.176
107.215
107.176
107.207
107.297
107.105
107.343
107.214
107.041
107.203
107.214
107.185
107.191
107.207
107.199
107.211
107.192
107.229
107.162
107.218
107.188
107.203
107.199
107.192
107.21
107.222
107.241
107.135
107.199
107.199
107.211
107.192
107.214
107.335
107.048
107.218
109.47
104.914
107.192
107.21
111.436
102.963
107.199
111.034
103.376
107.214
107.177
107.206
107.185
107.214
107.192
107.21
107.184
107.207
107.199
107.2
107.203
107.191
109.433
104.973
107.218
107.414
107.729
106.448
107.191
107.211
109.41
104.981
107.447
106.978
107.173
107.225
107.169
107.23
107.176
107.2
107.195
107.199
107.207
107.203
107.214
107.207
109.184
105.185
107.951
106.458
107.2
107.221
108.388
106.015
107.173
107.21
107.192
107.192
107.21
107.207
107.192
107.206
107.192
107.218
108.391
106
107.199
107.2
108.545
105.864
107.181
107.395
107.09
107.214
107.105
107.2
107.199
107.271
107.127
107.211
107.192
107.24
107.166
107.394
110.335
103.88
107.191
107.264
107.127
107.203
107.301
107.098
107.199
107.177
109.959
104.481
107.206
107.196
107.248
107.207
107.116
107.211
107.218
107.188
111.338
103.064
111.342
103.049
107.199
107.203
107.192
107.207
107.199
109.887
104.515
107.2
107.199
107.214
107.41
107.158
107.019
107.312
107.319
106.966
107.203
107.264
107.127
107.207
107.203
107.192
107.207
107.199
108.143
106.263
107.195
107.2
107.191
107.23
108.778
105.601
107.188
107.651
106.752
107.218
107.191
107.23
107.184
107.192
111.402
103
107.177
107.206
107.2
107.368
107.056
107.177
107.207
107.222
107.195
107.184
107.425
106.989
107.177
107.206
107.203
107.2
107.191
107.207
107.199
107.211
107.192
107.191
108.448
105.966
108.801
105.594
107.199
111.85
102.548
107.192
109.41
105.007
107.211
107.18
107.29
107.12
107.192
107.192
107.206
107.26
107.143
107.206
107.185
107.214
111.432
102.963
107.176
107.222
107.199
108.906
105.504
107.184
107.226
107.207
107.184
107.214
107.184
107.44
106.966
107.196
107.192
107.191
107.207
107.211
111.455
102.928
111.846
102.56
108.391
106.241
106.97
107.229
107.226
107.398
106.955
107.199
107.184
107.425
106.974
107.218
107.184
107.214
107.192
107.203
107.199
107.192
107.207
107.192
109.951
104.455
107.218
107.206
107.196
107.18
107.2
107.218
111.8
102.752
107.042
107.199
107.342
107.064
110.481
103.914
107.191
107.215
107.206
107.403
110.68
103.504
108.605
105.786
107.214
109.034
109.474
103.086
107.184
107.234
107.172
107.579
106.816
107.207
107.192
107.21
107.199
107.2
107.191
107.399
107.007
107.2
110.985
103.443
107.2
107.172
107.211
107.647
106.766
107.219
111.229
103.139
107.192
107.199
107.192
107.206
107.2
107.21
107.184
107.215
107.191
107.211
107.214
107.169
108.873
105.537
107.448
106.966
107.184
107.192
108.985
105.432
107.184
107.335
107.064
107.225
107.181
107.203
107.44
106.958
107.199
107.218
108.681
105.703
107.218
107.188
107.21
107.192
107.192
108.271
110.048
103.264
107.218
107.214
107.177
107.206
107.2
107.195
107.214
107.215
107.176
107.26
107.143
107.206
107.2
107.225
107.2
107.184
108.263
106.12
107.199
107.211
107.192
107.206
107.192
107.211
107.222
107.191
107.177
107.207
107.206
107.188
107.2
107.199
107.199
107.211
107.199
107.192
107.199
107.192
107.21
111.782
102.617
107.206
107.192
107.226
107.376
107.086
107.105
107.2
107.289
107.128
107.192
107.191
107.2
107.21
109.775
104.774
107.041
107.207
107.199
107.211
107.902
107.688
109.857
103.361
107.181
107.225
107.169
107.207
107.199
107.203
107.188
107.211
107.214
107.192
107.192
107.323
107.056
107.215
107.654
106.752
107.203
107.199
107.199
107.218
107.184
107.2
111.12
103.271
107.206
107.207
107.196
107.206
107.185
107.214
107.192
107.21
107.184
107.207
107.199
107.211
108.688
105.703
107.199
111.369
103.033
107.192
107.214
107.207
107.312
107.064
107.211
107.206
107.192
107.199
107.203
107.343
107.056
107.192
107.447
106.977
107.185
107.191
107.222
107.192
107.195
107.264
109.74
104.602
107.195
107.214
107.177
107.207
107.199
107.199
107.203
107.2
107.191
107.207
107.192
107.199
107.211
107.383
107.042
107.172
107.211
107.293
107.098
107.214
107.184
107.226
111.68
102.719
107.191
107.211
107.176
107.207
107.184
107.207
107.199
107.203
107.188
107.203
107.256
107.143
107.906
106.519
107.191
110.794
103.597
107.211
108.038
106.353
107.304
107.109
107.188
107.2
107.199
107.207
107.191
107.2
107.443
106.959
110.192
104.278
109.913
104.418
109.943
104.463
107.21
107.895
106.481
107.241
107.165
107.226
107.176
107.237
107.169
107.2
107.191
107.203
107.188
107.211
107.199
107.226
110.143
104.24
107.199
107.185
107.184
107.256
107.169
107.225
107.166
107.206
110.865
103.538
107.285
107.113
107.203
107.207
107.192
107.199
107.192
107.206
108.831
105.572
107.534
106.868
108.692
105.714
107.192
110.447
103.944
107.206
107.391
107.042
107.161
107.241
107.368
107.008
107.192
107.191
107.2
107.214
107.218
107.184
107.248
107.143
107.203
107.342
110.647
103.601
107.2
107.312
109.417
104.887
107.192
107.214
107.188
107.199
107.2
107.206
107.192
107.203
107.199
107.2
107.206
107.192
107.218
107.181
107.65
106.752
107.226
107.184
107.191
107.215
107.176
107.218
107.188
107.2
107.195
107.222
107.203
107.188
107.195
107.207
107.184
107.226
110.838
103.568
107.207
107.161
107.76
106.646
107.211
107.192
107.376
107.022
109.44
104.985
107.361
107.184
107.03
107.218
107.181
107.203
107.199
107.192
107.206
107.211
108.184
106.207
107.391
107.019
110.191
104.2
107.191
108.598
105.914
107.112
107.185
107.214
107.184
107.233
107.169
107.207
107.184
107.305
107.101
107.29
107.105
107.199
107.185
107.225
107.199
107.2
107.229
110.256
104.127
107.211
107.177
107.199
107.207
107.21
107.237
107.147
107.357
107.041
107.199
107.218
107.177
107.207
108.68
105.73
107.191
107.2
111.639
102.759
107.218
109.718
104.681
107.191
107.177
107.233
107.192
107.199
107.305
107.086
107.199
107.2
107.203
107.199
107.192
107.206
108.106
106.297
107.191
107.297
110.373
103.939
107.2
107.184
107.214
107.218
107.184
107.222
107.169
107.207
107.199
107.2
107.203
107.199
107.192
107.391
107.018
107.2
107.184
107.241
111.157
103.226
107.199
107.192
107.199
107.184
109.391
105.027
107.342
107.056
107.199
107.211
107.192
107.191
107.207
107.199
107.2
107.203
107.191
107.222
107.177
107.218
107.207
107.184
107.214
110.098
104.297
107.199
107.199
107.2
107.206
107.177
107.211
107.199
107.398
107.012
107.199
107.199
107.278
107.14
111.199
103.192
107.199
107.176
108.305
106.263
107.038
107.233
107.169
107.192
107.21
107.222
107.177
107.319
107.079
107.199
107.203
107.222
107.218
107.158
107.199
107.211
107.177
107.221
109.73
104.661
107.196
107.199
107.199
107.215
107.255
107.155
110.624
103.789
107.169
107.211
107.263
107.128
107.191
107.215
107.191
107.203
107.2
107.199
107.199
107.199
111.234
103.176
107.184
107.192
109.263
105.154
110.151
104.248
107.207
107.282
107.143
107.176
107.184
107.207
107.199
107.2
107.203
107.199
107.199
107.354
107.056
107.192
108.143
106.248
107.206
107.211
107.192
107.206
110.835
103.564
107.203
107.214
107.169
107.207
107.199
107.312
110.794
103.616
107.087
107.274
107.128
107.192
111.176
103.222
107.199
109.41
108.966
103.211
107.199
107.233
107.177
107.244
107.162
107.199
107.207
107.195
107.196
107.195
107.215
107.195
107.316
107.09
107.215
107.176
108.29
106.112
107.2
107.206
107.211
107.214
110.929
103.447
107.455
107.169
106.974
107.218
107.177
107.214
107.184
107.226
107.192
107.184
107.519
106.872
107.221
107.196
107.207
107.184
107.192
107.233
107.192
107.206
107.184
107.226
107.165
107.203
107.2
107.214
107.218
107.177
107.199
107.199
107.192
107.376
107.038
107.184
109.139
105.255
109.478
104.955
107.176
107.215
107.176
107.215
109.977
104.425
107.192
107.312
107.079
107.199
107.21
107.207
107.184
107.2
108.015
106.402
107.214
107.177
107.361
107.037
107.2
109.515
109.432
102.639
107.218
107.215
107.27
107.128
107.177
107.214
107.195
107.2
107.409
106.997
107.255
107.147
107.199
107.199
107.185
107.206
107.2
107.203
107.191
107.185
108.56
105.872
110.831
103.583
107.169
107.214
107.195
107.2
107.199
107.241
107.157
107.211
107.192
107.199
107.214
107.184
109.162
105.248
107.184
107.234
107.172
107.2
107.203
107.214
107.184
107.207
107.211
107.68
106.695
107.234
107.172
107.211
107.192
107.206
107.448
106.951
107.211
107.184
109.575
104.816
107.214
108.474
105.921
107.222
107.169
107.233
107.176
107.215
107.184
107.207
107.191
107.211
107.192
107.199
107.214
107.211
107.192
107.184
110.101
104.297
107.222
107.188
107.207
107.199
107.177
107.233
107.342
107.049
107.176
107.215
107.191
107.211
107.184
107.207
107.199
107.203
107.188
107.324
107.078
107.207
107.199
107.211
107.192
107.191
107.207
107.177
107.225
107.222
107.169
107.234
107.172
107.203
107.2
107.191
107.2
107.218
107.191
107.207
109.793
104.598
107.199
107.203
107.215
107.184
107.226
108.951
105.424
107.222
107.169
107.237
107.188
107.207
107.165
107.226
107.177
107.206
107.2
107.21
107.192
107.192
107.206
107.211
110.598
103.785
108.335
106.075
107.199
107.2
107.199
107.199
107.203
107.207
107.432
106.951
107.207
107.199
107.203
107.207
107.192
107.192
107.206
107.211
107.199
107.192
107.985
106.421
107.226
111.721
102.647
107.226
107.172
107.219
111.248
103.15
107.177
107.391
107.018
107.207
107.184
107.207
107.199
107.211
107.207
107.176
107.215
107.203
108.894
105.504
107.184
108.343
109.872
103.398
107.188
107.222
107.177
107.346
107.063
107.188
107.211
107.207
107.195
107.203
107.402
106.993
107.177
107.455
107
107.169
110.12
104.271
107.225
107.2
107.191
107.207
107.184
107.241
107.161
107.207
107.184
107.271
107.135
107.339
107.052
107.218
107.185
107.218
107.831
106.56
110.334
104.079
107.203
111.342
103.057
107.176
107.192
107.241
107.199
107.192
107.176
107.207
107.199
107.467
106.936
107.199
107.289
107.117
109.417
104.985
107.199
107.44
107.936
106.218
107.2
108.597
110
102.985
107.218
107.222
110.519
103.993
107.063
107.211
107.192
107.199
107.192
107.206
107.211
107.207
107.169
107.214
107.199
107.211
107.207
107.184
107.192
107.218
107.191
107.207
107.184
107.222
107.184
107.203
107.2
107.199
107.199
107.207
107.195
107.2
107.191
107.207
107.199
107.211
107.199
107.184
107.2
111.56
102.846
107.21
107.192
107.192
107.312
107.169
107.128
107.293
107.098
107.206
107.203
107.215
107.191
107.192
109.418
105.063
111.568
102.752
109.406
105.004
107.191
108.166
109.015
104.444
107.176
107.215
107.206
107.226
107.143
107.214
107.195
107.207
107.192
107.192
107.346
107.079
107.165
107.225
109.335
105.064
110.305
104.09
107.191
107.207
107.226
107.222
107.142
107.203
107.2
107.206
107.203
107.215
107.184
107.222
107.195
107.2
108.913
105.47
107.192
107.233
108.44
105.962
107.173
110.846
103.552
107.203
110.688
103.711
107.199
107.218
107.181
107.218
107.192
107.375
107.015
107.211
107.192
107.191
109.008
105.402
107.199
107.2
111.575
102.823
107.199
107.211
110.511
103.888
107.206
107.305
107.082
107.245
107.259
107.087
107.206
107.207
107.188
107.215
107.191
107.211
107.18
107.211
110.214
104.177
107.225
107.192
107.184
107.248
107.271
107.098
107.188
107.21
107.192
107.248
107.15
107.2
107.203
107.199
107.199
107.207
107.68
106.715
107.191
107.215
107.176
107.218
107.2
111.597
102.801
107.199
107.185
107.233
107.184
107.199
107.199
107.226
107.169
107.207
107.199
107.466
107.158
106.985
107.369
107.022
107.192
107.21
109.782
104.617
107.199
107.233
107.169
107.215
107.176
107.222
107.184
107.234
107.169
107.199
107.391
107.015
107.195
107.192
107.207
107.192
107.206
107.211
107.192
107.199
107.199
107.199
107.384
107.026
110.094
104.324
107.176
107.222
107.177
107.398
106.993
107.206
107.203
107.207
107.192
107.207
108.176
106.226
107.207
107.184
108.402
106.004
107.211
110.864
103.511
107.241
107.169
107.222
107.177
107.432
106.966
107.207
107.192
107.203
107.191
107.207
107.199
107.211
107.184
107.215
107.199
107.191
109.651
104.767
107.173
107.21
109.098
105.32
107.184
107.199
107.199
107.207
107.192
107.203
107.214
107.177
107.206
107.211
107.199
107.192
107.184
107.214
110.835
103.575
107.184
107.207
107.199
107.211
107.47
106.936
107.211
107.199
107.176
107.2
107.191
107.215
107.21
107.192
107.184
107.207
107.214
107.188
107.196
107.203
107.184
107.214
107.199
109.794
104.609
107.184
107.91
106.53
107.583
106.793
107.191
107.207
107.203
107.207
107.192
107.199
107.207
107.199
107.635
106.76
107.184
107.214
107.184
107.226
107.192
107.191
110.35
104.075
107.177
107.207
107.349
107.049
107.199
107.211
107.184
107.199
107.207
107.207
107.361
107.041
107.215
107.176
110.399
104.011
107.199
107.215
107.169
107.24
107.824
106.56
107.184
107.241
107.157
107.211
107.192
107.191
107.207
107.211
107.229
107.154
110.023
104.41
111.695
102.677
107.203
107.199
107.192
107.8
106.609
107.222
107.192
107.211
107.172
107.234
107.169
107.214
107.177
107.24
107.169
107.196
107.203
107.222
107.195
107.188
107.211
107.176
107.226
107.18
107.203
107.207
107.192
107.226
107.191
107.2
107.176
107.222
107.192
107.191
107.2
107.203
107.391
107
107.214
107.203
107.207
107.192
107.206
107.184
107.203
109.47
104.921
107.2
107.383
107.042
107.184
107.233
107.165
107.211
107.191
107.294
107.105
107.199
111.673
102.726
107.21
107.2
107.218
107.176
108.692
105.714
107.2
107.255
109.594
104.76
107.184
107.191
107.2
107.289
107.12
107.207
107.184
107.2
107.21
107.207
107.192
107.199
107.214
107.305
107.079
107.203
107.184
107.241
107.172
107.211
107.91
106.5
107.252
107.127
111.203
103.207
107.184
107.2
107.206
107.211
107.192
107.199
107.218
107.18
107.204
107.199
107.207
107.184
107.206
111.779
102.631
107.2
107.191
107.218
107.185
107.206
107.192
107.226
107.172
107.204
107.199
107.191
107.207
107.199
107.204
107.199
107.191
107.207
107.376
107.034
111.135
103.279
107.176
110.643
103.76
107.214
107.184
107.207
107.191
107.226
107.263
107.113
107.192
107.21
107.2
107.379
107.027
107.199
107.218
107.207
107.176
107.192
107.462
107.816
106.324
107.229
107.184
107.177
109.503
104.922
107.172
107.211
107.207
107.195
107.32
107.079
107.191
107.207
108.346
106.072
109.552
104.831
107.218
107.18
107.2
107.451
108.383
105.782
107.233
107.162
107.192
107.199
107.192
107.214
107.184
107.211
107.199
107.199
109.087
105.312
107.203
107.207
107.21
107.18
107.2
109.985
104.417
107.214
107.184
107.211
107.192
107.199
107.207
107.191
107.2
107.203
107.199
107.192
107.206
107.211
107.222
107.184
111.481
102.902
107.884
106.519
107.191
107.234
107.188
107.184
107.203
107.199
107.192
107.214
107.192
107.203
107.199
107.207
107.21
107.192
107.391
107
107.214
107.192
108.579
105.823
108.752
105.639
107.199
107.204
107.206
107.207
107.184
107.226
107.177
107.221
107.169
107.2
107.199
107.218
107.192
107.214
107.177
107.214
107.192
107.203
109.759
104.632
107.206
108.594
105.809
107.214
107.177
107.206
107.204
107.334
107.056
107.219
107.187
107.313
107.09
107.191
107.207
107.312
107.091
107.187
107.234
107.21
107.15
107.241
107.169
107.207
111.165
103.233
107.204
107.27
107.128
107.199
107.199
107.211
107.207
107.192
107.184
107.225
107.192
107.199
107.215
107.176
110.184
104.219
107.349
111.323
102.925
107.184
107.719
106.714
107.184
107.286
107.113
107.225
107.184
107.305
107.086
107.211
107.188
107.195
109.008
105.421
107.184
107.203
107.199
107.192
107.192
107.199
107.207
107.21
107.2
107.218
107.176
107.196
107.199
107.195
107.226
107.207
107.173
107.203
107.207
107.191
107.218
107.192
107.18
107.211
107.192
107.214
107.196
107.191
107.47
106.963
107.184
107.214
107.361
107.007
107.2
107.207
107.199
107.218
107.184
107.192
107.327
107.086
107.188
107.215
107.218
107.184
107.192
111.093
103.297
107.207
107.282
107.128
107.301
107.113
107.169
107.21
107.2
107.285
107.113
107.376
107.023
107.21
108.237
106.162
107.195
107.207
109.646
104.752
107.184
108.143
106.256
107.233
107.177
107.207
107.191
107.226
107.177
107.206
107.184
107.2
107.207
107.206
107.196
107.207
107.21
107.184
107.196
107.195
107.192
107.222
107.192
107.225
107.184
107.2
107.206
107.203
107.185
107.206
107.184
107.215
107.195
107.207
107.192
107.199
107.192
107.21
107.215
107.191
108.113
106.278
107.2
111.345
103.057
107.184
111.278
103.154
107.2
107.199
107.376
107
107.21
107.203
107.211
107.176
107.207
107.207
107.196
107.214
107.176
107.215
108.552
105.865
107.184
108.44
105.985
107.184
107.181
107.225
107.185
107.191
107.2
107.199
107.203
107.199
107.226
107.184
107.263
107.128
107.191
107.32
111.744
102.568
107.158
107.226
107.191
107.2
107.199
107.203
107.27
107.155
107.173
107.33
107.072
107.199
107.192
107.21
107.196
107.203
107.199
107.207
107.192
107.21
107.192
107.199
107.199
110.433
103.985
107.165
108.714
105.722
107.199
107.425
106.951
107.207
107.192
107.214
107.196
107.199
107.199
107.207
109.034
105.361
107.199
107.191
110.824
103.583
107.203
107.503
106.887
107.207
107.2
107.203
107.199
107.413
106.985
107.2
107.199
107.21
107.192
107.192
107.207
107.21
110.752
103.647
107.184
107.417
107
107.184
107.215
107.206
107.185
107.199
107.308
107.086
107.215
107.192
107.203
107.191
107.199
107.207
107.207
107.196
108.718
105.68
107.199
107.211
107.917
106.474
107.334
107.418
106.846
107.21
111.158
103.248
107.184
107.2
107.203
107.199
107.191
107.2
107.207
107.21
107.199
107.192
109
105.466
107.117
107.218
111.319
103.079
107.2
107.383
109.714
104.504
107.199
107.233
107.17
107.214
107.184
107.207
107.21
107.185
107.199
107.349
107.042
107.214
107.177
107.255
110.752
103.602
107.184
107.233
107.188
107.218
110.056
104.361
107.181
107.195
107.184
107.222
107.185
107.225
107.177
107.191
107.2
107.214
107.196
107.199
107.207
107.191
107.2
107.21
107.199
109.839
104.567
107.211
109.135
105.263
107.185
107.229
107.162
107.21
107.192
107.191
107.207
107.233
107.342
107.027
108.015
106.383
107.2
107.203
110.206
104.184
107.207
108.079
106.339
107.199
107.176
107.207
107.2
107.417
106.985
107.214
107.184
107.211
107.184
107.293
107.105
107.44
106.967
107.199
111.045
103.477
107.072
107.207
107.21
107.199
107.241
107.15
107.2
107.225
107.177
107.199
107.192
107.207
107.203
107.214
107.177
107.206
108.538
105.872
107.192
107.199
107.207
107.192
107.203
109.774
104.617
107.233
107.251
107.147
107.177
107.372
107.019
107.207
107.203
107.206
107.192
107.192
107.207
107.21
107.192
107.192
107.206
107.211
108.759
105.632
107.199
107.353
107.064
107.2
107.184
107.199
107.199
107.211
107.188
107.417
106.978
107.199
107.207
107.21
107.207
107.184
109.703
104.696
107.21
107.199
107.226
107.188
107.177
107.218
107.191
107.226
107.192
107.191
107.192
107.207
107.177
107.221
107.203
107.2
107.176
107.215
109.263
105.128
107.218
107.191
107.207
107.192
107.192
109.312
105.09
107.222
107.184
107.218
107.417
107.045
107.113
107.192
107.327
107.09
107.184
107.2
107.206
107.2
110.473
103.929
107.184
107.214
107.184
107.215
107.21
107.185
108.808
105.624
107.173
107.21
107.192
107.207
107.192
107.21
107.192
107.199
107.192
107.218
107.192
107.199
107.184
107.214
110.034
104.414
107.451
109.173
104.921
107.222
107.21
107.192
107.289
107.121
107.173
107.21
107.192
107.192
107.206
107.207
107.203
107.192
107.207
107.199
107.207
107.21
108.399
105.977
107.406
109.82
104.372
107.218
107.263
107.113
107.207
107.312
107.082
107.207
107.199
107.207
107.402
107
107.192
107.192
107.887
106.523
107.206
107.192
108.327
106.072
107.199
107.188
109.981
104.417
111.121
103.304
107.192
107.207
107.184
107.353
107.057
107.191
107.2
107.206
107.215
107.195
109.575
105.057
111.376
102.782
107.21
107.207
107.177
107.248
109.815
104.583
107.154
107.222
107.384
107
107.199
107.203
107.199
107.199
107.211
107.199
110.88
103.624
107.094
107.195
107.215
107.199
107.192
109.353
105.056
107.207
107.184
107.207
107.346
107.064
107.177
107.199
107.248
107.173
107.195
107.207
107.241
107.143
107.206
107.305
111.361
102.936
107.184
107.192
107.218
107.214
107.184
107.233
107.158
107.233
107.17
107.263
107.135
107.192
107.207
107.424
106.978
107.192
107.289
107.199
107.121
107.199
107.192
107.214
107.195
107.222
107.169
107.237
107.162
107.225
107.222
107.162
107.192
107.206
107.203
107.188
107.226
107.177
107.206
107.211
108.782
105.609
107.24
107.151
107.233
107.184
107.327
109.504
104.759
107.184
107.219
107.206
107.185
107.199
107.21
107.2
107.191
107.2
107.334
107.083
107.293
107.09
108.824
105.582
107.207
107.192
107.184
107.226
107.184
107.214
107.203
107.199
107.185
107.214
107.248
107.143
107.21
107.185
107.199
107.255
107.151
107.203
107.192
107.206
107.2
107.36
107.057
107.177
107.199
107.233
107.177
107.221
107.177
107.192
107.207
107.199
107.323
107.128
107.143
107.214
107.192
107.203
107.192
107.199
108.225
106.192
107.229
107.162
110.105
104.305
107.192
108.887
109.496
103.214
107.207
107.218
107.177
107.417
106.981
107.207
107.196
107.199
107.192
107.206
107.218
107.181
107.21
107.241
111.398
102.978
107.173
107.225
107.185
107.199
107.195
107.207
107.192
107.222
107.184
107.65
106.76
107.191
107.192
107.346
109.944
104.327
107.176
107.222
107.177
107.207
107.203
107.447
106.944
108.214
110.233
103.177
107.511
106.872
107.214
107.211
107.177
107.199
107.192
107.214
107.192
107.199
110.545
103.951
107.12
107.177
107.199
107.218
107.207
107.184
107.2
107.24
107.162
107.214
108.872
105.515
107.196
107.41
107.154
107.037
107.211
107.199
107.199
107.185
107.206
107.211
107.177
107.206
107.222
107.184
107.2
111.439
102.963
107.199
107.496
106.906
107.196
107.218
107.184
107.207
107.192
107.21
107.199
107.2
107.191
107.418
106.985
107.199
107.192
107.304
109.669
104.639
107.196
108.669
105.729
107.211
107.188
107.225
107.177
107.233
110.143
104.447
106.978
107.192
107.199
107.207
107.199
107.203
107.192
107.206
107.218
107.185
109.056
105.342
107.199
107.233
107.218
107.166
107.177
107.214
107.21
107.327
107.057
107.192
107.206
107.207
107.211
107.191
107.327
107.064
107.177
107.481
106.929
107.222
108.007
106.402
107.177
107.647
109.289
104.711
107.27
107.192
107.098
107.207
107.184
107.233
107.192
107.173
107.203
107.206
107.2
107.21
107.173
107.211
108.078
106.339
107.207
110.424
103.974
107.177
107.458
106.967
107.176
107.485
106.921
107.233
107.185
107.191
107.192
107.192
107.21
107.215
107.936
106.447
107.222
107.177
107.218
107.191
107.192
109.35
105.067
107.185
107.199
107.214
107.184
107.218
107.263
107.121
107.199
107.199
107.2
107.191
107.226
107.177
107.199
107.218
107.199
107.241
107.173
107.191
107.192
107.211
107.391
106.985
107.199
107.225
107.181
107.21
107.192
107.199
107.2
107.218
107.184
107.199
107.902
106.504
107.211
107.184
107.199
107.199
107.218
110.741
103.643
107.192
107.199
107.218
107.192
107.27
107.128
107.207
107.192
107.21
107.192
107.199
107.192
107.218
107.165
107.233
107.177
107.207
108.962
105.44
107.199
108.072
110.808
102.733
107.248
107.154
107.192
107.233
107.169
107.196
107.368
107.042
107.184
107.207
107.289
107.113
107.184
107.214
107.185
107.218
108.015
106.398
107.184
107.226
107.173
107.218
111.113
103.297
107.853
106.707
107.004
107.21
107.199
107.2
107.203
107.199
107.255
107.136
107.222
107.188
107.526
106.865
107.199
107.214
107.192
107.195
109.553
104.861
107.195
107.654
106.745
107.199
107.241
107.158
107.203
107.214
107.184
107.192
108.887
105.53
111.534
102.865
107.312
107.086
107.192
107.195
107.222
107.196
107.334
107.057
107.199
107.207
107.218
107.18
107.297
107.105
107.433
106.951
107.225
107.192
107.192
107.199
107.214
107.192
107.211
107.184
107.192
107.184
107.222
107.21
107.192
107.237
107.169
107.199
107.196
107.206
107.185
107.199
107.225
107.256
107.511
106.816
107.214
107.188
107.263
107.166
107.177
108.759
105.639
107.188
107.207
107.199
107.233
107.166
107.203
107.206
107.192
107.199
107.2
107.21
107.192
107.199
107.944
106.455
107.225
107.177
108.744
105.662
107.192
107.176
107.226
107.214
107.184
107.2
107.424
107.192
106.985
107.233
107.256
107.109
107.195
107.2
107.199
107.214
107.192
107.21
107.185
107.206
107.218
107.192
107.199
107.185
108.518
105.895
107.196
107.221
107.177
107.192
107.207
107.203
107.188
107.203
107.206
107.211
107.173
107.368
107.072
107.169
107.707
106.703
107.191
110.399
104.007
107.226
107.319
107.064
107.185
107.334
107.184
107.087
107.195
107.207
107.199
107.207
107.395
107
107.207
107.214
107.267
107.113
107.191
107.2
107.221
107.177
108.759
105.651
107.278
107.128
107.195
107.444
106.955
107.199
107.199
107.226
107.199
107.192
107.214
107.169
107.218
107.2
107.199
107.199
107.594
106.846
107.147
107.206
107.185
107.206
107.2
107.21
107.192
107.199
107.192
107.207
107.203
107.206
107.185
107.199
107.207
107.203
107.199
107.432
107.181
106.985
107.199
109.594
104.808
107.177
107.225
107.215
107.184
107.199
107.192
107.432
106.978
107.199
107.192
107.206
107.207
107.203
107.177
107.222
107.184
107.207
107.218
107.184
107.192
107.199
109.143
105.282
107.169
107.229
107.338
107.057
107.199
107.199
107.185
107.206
107.2
107.21
107.44
106.959
107.184
107.218
110.207
104.184
107.192
107.289
107.109
107.207
108.259
106.376
106.966
107.29
107.105
107.207
107.199
107.199
107.218
107.192
107.188
107.196
109.334
105.143
107.274
107.057
111.233
103.165
107.2
109.274
109.703
102.624
107.199
107.226
107.173
107.218
107.222
107.161
107.2
107.206
107.196
107.192
107.206
107.203
107.181
107.225
111.297
103.094
109.034
105.361
107.207
107.192
107.206
107.425
106.985
107.199
107.185
107.383
107.023
107.225
107.177
107.192
107.312
107.094
107.21
107.184
107.207
107.192
107.289
107.128
107.207
111.466
102.91
107.199
107.665
106.752
107.2
107.206
107.203
107.177
107.214
107.207
107.184
107.207
107.196
107.199
107.609
106.797
107.21
107.335
107.432
106.831
107.184
109.305
105.094
107.225
107.177
107.222
107.177
107.21
107.192
107.342
107.071
107.196
107.184
107.357
107.049
107.192
107.192
107.221
107.218
107.177
108.496
105.91
107.192
107.225
107.177
107.241
107.176
107.192
107.192
107.192
107.199
107.218
107.18
107.211
107.192
107.206
107.2
107.21
107.192
107.199
111.248
103.158
107.196
107.184
107.207
107.255
107.192
107.177
107.184
107.214
107.177
107.214
107.196
107.199
107.199
107.241
107.158
107.199
107.203
107.199
107.211
107.195
110.241
104.161
107.192
108.207
106.218
107.192
107.695
106.703
107.177
107.218
107.192
107.199
107.192
107.206
107.2
107.203
107.199
107.192
108.353
106.053
107.184
107.218
107.214
107.207
107.177
107.759
106.65
107.207
107.177
107.222
107.188
107.199
107.199
107.207
107.192
107.21
107.192
107.199
107.214
107.188
107.966
106.433
107.192
107.206
107.2
111.394
103.008
107.199
107.914
106.485
107.199
107.233
107.177
107.199
107.192
107.203
107.206
107.192
107.192
107.207
107.36
107.042
107.199
107.199
111.418
102.992
107.192
108.703
105.778
107.15
107.185
107.214
107.169
107.233
107.166
107.274
107.135
107.192
107.192
107.24
107.185
107.184
111.15
103.256
107.218
107.177
107.199
111.413
102.985
107.226
107.184
107.192
111.673
102.718
107.207
107.203
107.199
107.199
107.192
107.207
107.203
107.191
107.312
107.094
107.233
107.177
109.293
105.091
107.199
107.218
107.192
107.214
107.184
107.214
107.185
107.218
107.184
107.199
107.218
107.188
107.192
107.21
107.192
107.192
109.312
105.289
106.997
107.21
109.312
105.248
107.042
108.319
110.44
102.846
107.192
107.218
107.184
107.199
107.192
107.207
107.203
107.342
107.049
107.206
107.207
107.192
107.21
107.2
110.654
103.737
108.56
105.849
107.185
107.221
109.955
104.455
107.286
107.105
107.184
107.215
107.188
107.191
107.2
107.206
107.2
107.199
107.203
107.192
107.225
107.192
107.951
106.447
107.256
111.263
103.075
107.2
107.285
107.113
107.192
107.225
107.185
107.199
107.192
107.206
107.203
107.196
107.21
107.395
109.868
104.335
107.192
107.203
107.192
107.225
107.181
108.033
106.369
107.199
107.199
107.207
107.211
107.199
107.192
107.191
107.215
107.21
107.169
107.207
107.199
107.211
107.188
107.203
111.733
102.673
107.601
106.794
107.199
107.207
107.199
107.233
107.162
107.206
107.185
107.206
107.2
107.21
107.35
107.041
107.207
107.192
107.266
107.136
107.222
107.169
107.233
107.184
107.192
110.56
103.838
107.218
107.185
107.214
107.184
107.29
107.109
107.424
106.97
107.207
107.199
107.211
107.342
107.049
110.376
104.022
107.203
107.2
107.206
107.271
107.12
107.857
106.561
107.319
107.064
107.207
107.195
107.222
107.166
107.21
107.199
107.282
107.121
107.206
107.2
107.233
110.958
103.403
108.688
105.703
107.199
107.225
107.185
107.191
107.207
107.207
111.504
102.906
107.165
107.211
107.206
107.207
107.192
107.21
107.192
107.192
109.27
105.143
108.211
106.184
111.665
102.734
107.203
111.191
103.2
107.191
111.519
102.899
107.199
107.263
107.135
107.2
107.199
107.203
107.199
107.192
107.207
107.203
107.199
107.199
107.199
107.2
109.65
104.759
107.185
107.191
107.215
107.199
107.195
107.23
107.176
107.211
107.192
107.199
107.199
107.199
107.2
107.353
107.049
107.214
107.376
107.019
107.188
107.218
107.391
107.849
106.346
107.196
107.203
107.225
107.166
107.21
107.2
107.199
107.214
107.199
107.267
107.128
107.199
107.2
107.327
107.067
107.196
107.195
107.542
106.872
107.192
109.785
104.688
107.136
111.142
103.249
107.203
107.244
107.147
107.206
107.2
107.199
107.203
107.207
107.191
107.203
109.662
104.744
107.177
107.214
109.703
104.7
107.191
107.662
110.323
103.606
107.24
107.177
107.207
107.297
107.127
107.17
107.191
107.207
107.199
107.2
107.203
107.432
109.951
104.214
107.263
107.147
107.184
107.215
107.191
107.226
107.173
107.21
107.192
107.211
107.188
107.21
107.184
107.2
107.206
107.218
107.185
107.199
108.646
105.745
107.184
107.222
109.259
105.143
107.192
110.575
103.85
107.173
107.195
107.342
107.072
107.206
107.185
107.21
107.199
107.2
107.203
107.206
107.181
107.21
109.929
104.477
107.188
107.207
108.056
106.343
107.199
107.195
109.79
104.631
107.451
106.952
107.24
107.143
107.192
107.218
107.199
107.192
107.192
107.199
107.255
107.162
107.173
107.211
107.199
107.207
107.184
107.24
107.17
107.191
108.158
106.339
107.12
107.199
107.192
107.21
107.2
107.199
107.192
107.199
107.207
107.21
108.312
106.072
107.206
107.211
111.124
103.274
107.207
109.993
108.958
102.643
111.293
103.098
107.199
107.211
107.207
107.199
107.199
107.184
107.2
107.21
107.192
107.199
107.192
107.233
107.192
107.199
107.199
107.177
107.207
107.195
107.308
107.106
107.342
107.071
107.177
107.259
107.143
107.199
107.2
107.203
107.191
107.207
107.199
107.207
107.196
107.199
107.184
107.222
107.177
107.214
107.203
107.199
107.192
107.233
107.177
107.312
107.079
107.206
107.218
107.327
107.057
107.214
107.275
107.109
108.21
106.188
107.211
107.184
107.207
107.21
107.184
109.478
104.962
107.184
107.256
107.15
107.177
107.384
107.015
107.21
107.184
107.207
107.192
107.207
107.203
107.206
108.109
106.282
107.226
107.177
107.624
106.774
107.199
107.218
107.192
107.199
107.185
107.214
107.192
107.218
107.184
107.199
107.199
107.203
107.196
107.203
107.391
107
108.079
106.338
107.192
107.207
107.21
111.327
103.057
107.191
109.681
104.725
107.2
107.21
107.192
107.199
107.192
107.218
107.192
107.199
107.233
107.165
107.2
107.199
107.21
107.2
107.297
107.101
107.196
109.631
104.921
107.03
110.064
104.35
107.218
107.199
107.199
107.192
107.211
107.199
107.177
107.248
107.158
107.21
109.936
104.455
107.199
107.207
108.372
106.023
107.286
107.097
109.121
105.319
107.169
107.222
107.177
107.218
107.188
107.218
107.177
107.214
107.192
107.203
107.214
107.278
107.083
107.222
110.706
103.696
107.24
107.151
107.222
107.195
107.214
107.2
107.409
106.993
107.177
107.206
107.192
107.199
107.2
107.199
107.21
107.2
111.808
102.594
107.18
107.218
110.504
103.88
107.312
108.297
106.022
107.177
107.214
107.211
107.177
107.319
107.549
106.729
107.2
107.199
107.195
107.23
107.184
107.192
109.906
104.503
107.29
107.094
107.225
107.185
107.199
107.184
107.207
107.21
107.2
107.199
107.214
107.184
107.2
107.206
107.196
107.207
107.184
107.207
107.203
107.206
107.177
107.237
107.184
107.203
107.192
107.192
107.221
107.936
106.7
106.958
107.185
107.199
107.207
107.368
107.034
107.192
107.206
107.192
108.346
106.064
109.413
104.978
107.225
107.192
107.199
107.185
107.206
109.779
104.864
106.966
107.185
107.229
107.259
107.128
107.184
107.215
107.184
107.207
107.203
107.191
107.271
107.128
107.207
107.545
106.857
107.192
107.545
106.861
107.255
107.147
107.192
107.233
107.173
107.21
107.192
107.447
106.966
107.196
107.207
107.184
107.214
107.211
107.173
107.199
107.21
107.192
107.192
107.229
107.196
107.191
107.185
107.206
107.218
107.181
107.21
107.207
107.184
107.2
107.195
107.207
107.192
107.206
107.2
107.21
108.369
106.015
107.225
107.188
110.97
103.414
107.251
108.67
108.793
104.079
107.376
107.056
107.184
107.218
107.35
107.034
107.199
107.207
107.192
107.218
107.184
107.199
108.767
105.639
107.184
107.218
107.361
107.03
107.2
107.225
107.177
107.214
107.199
107.211
107.177
107.206
107.185
107.206
107.2
107.21
107.192
107.192
107.206
107.2
107.21
107.192
108.913
105.504
107.181
107.21
107.248
107.151
111.218
103.191
107.185
107.214
107.177
107.206
107.2
107.206
107.196
107.199
107.192
107.218
108
106.391
107.192
107.199
110.432
103.974
107.203
108.398
108.538
104.662
107.21
107.207
110.857
103.726
107
107.21
107.429
106.955
107.206
107.282
107.121
107.206
107.185
107.214
111.624
102.767
110.098
104.304
107.199
107.218
107.177
107.214
107.2
107.199
107.195
107.215
107.176
107.207
107.199
107.211
107.192
107.206
107.192
107.211
107.244
107.154
110.158
104.41
107.03
111.346
103.064
107.184
107.192
107.206
107.2
107.218
107.184
107.214
107.192
107.192
107.218
107.184
107.207
107.206
108.899
105.489
107.206
107.192
107.214
107.203
107.181
109.192
105.203
107.248
107.383
106.981
107.196
107.214
107.275
107.116
107.192
107.203
107.192
107.206
107.2
107.36
110.704
103.53
110.744
103.673
107.165
107.226
107.199
107.218
107.181
107.21
107.177
107.222
107.184
107.207
107.203
107.278
107.113
107.206
107.192
107.218
107.192
107.192
107.221
107.196
111.511
102.88
107.199
111.782
102.617
107.206
107.564
106.824
107.199
107.225
107.185
107.199
107.192
107.199
107.207
107.199
107.21
107.192
107.199
107.211
110.782
103.616
109.354
105.037
107.2
107.891
110.454
103.279
107.184
107.225
107.166
107.323
107.072
107.199
107.376
107.041
107.192
107.192
107.206
107.226
108.169
106.207
110.654
103.744
108.703
105.707
107.192
107.192
110.349
104.064
107.29
107.105
107.199
107.32
107.071
107.218
107.192
107.361
107.037
107.2
107.199
107.395
107.022
107.184
107.594
106.903
107.097
110.711
103.695
107.192
108.481
105.929
107.199
107.286
107.113
107.218
107.184
107.207
107.184
107.218
107.188
107.267
110.534
103.8
107.218
107.207
111.305
103.079
107.191
108.44
110.519
102.65
107.463
106.943
107.185
107.345
107.064
107.192
107.214
107.196
107.207
107.206
107.17
107.206
107.192
107.226
107.229
107.154
107.218
107.181
107.191
107.218
107.192
107.207
107.203
107.207
107.184
107.214
107.177
107.214
107.184
107.211
107.199
107.248
107.151
107.21
107.199
107.185
111.725
102.688
107.196
107.191
107.207
107.192
107.425
106.981
107.192
107.203
107.199
107.207
107.199
107.225
107.17
107.199
107.207
107.203
107.597
106.801
107.184
107.215
110.763
103.646
107.192
107.466
108.805
105.327
107.203
107.192
107.206
107.256
107.143
107.203
107.199
107.192
107.207
107.203
107.214
107.192
107.191
107.2
109.537
104.914
107.15
107.192
107.207
107.218
109.109
105.289
111.651
102.74
107.196
107.312
107.079
107.206
107.2
107.21
107.184
107.207
107.192
107.346
107.06
107.203
108.568
105.838
107.192
111.225
103.169
107.2
111.439
102.974
107.196
107.221
107.17
107.206
107.2
107.206
107.188
107.222
107.32
107.064
108.443
105.959
107.192
107.206
109.121
105.289
107.192
107.199
109.248
105.158
107.267
107.158
107.177
107.263
107.146
107.207
107.184
107.207
107.177
107.207
107.203
107.206
107.2
107.191
107.233
107.418
106.973
107.2
107.169
107.225
107.181
107.218
111.395
102.996
107.192
107.203
107.191
107.312
107.102
107.199
107.192
107.21
107.215
107.169
107.207
107.203
107.18
107.226
107.184
109.537
104.888
107.199
107.177
107.221
107.188
107.207
107.357
107.034
107.192
107.21
107.2
107.199
107.225
107.173
108.034
106.376
107.192
107.192
111.255
103.151
107.203
107.18
107.218
107.226
107.173
107.218
107.312
107.071
107.199
107.207
107.211
107.184
107.192
107.214
107.451
106.951
108.369
106.022
110
104.399
107.21
107.214
107.185
107.206
109.651
104.759
110.624
103.745
107.199
107.214
107.196
107.199
107.192
107.391
107.015
107.21
108.993
105.391
107.263
107.154
110.342
104.263
106.978
107.943
106.47
107.218
111.406
102.978
107.21
107.376
107.004
107.203
107.44
106.958
107.2
107.21
107.192
107.199
108.752
105.654
107.184
107.218
107.207
107.192
107.297
107.105
107.192
107.214
107.218
107.241
107.124
107.21
107.399
106.992
107.2
107.21
107.192
107.192
111.086
103.331
107.188
107.203
110.913
103.647
107.038
110.985
103.417
107.222
107.274
107.12
107.185
107.199
107.207
107.199
107.21
107.215
107.176
107.222
107.177
107.274
109.436
104.876
107.222
107.312
108.602
105.688
107.184
107.365
109.947
104.304
110.775
103.639
107.177
107.206
107.267
107.136
107.184
107.207
107.191
107.2
111.203
103.199
107.192
107.221
107.185
107.203
107.18
107.226
107.184
107.207
109.267
105.142
107.241
107.271
107.334
107.369
106.785
107.809
106.597
107.177
107.226
107.199
107.376
107.192
107.127
107.121
107.361
107.112
111.436
102.906
107.147
107.199
107.2
107.24
107.181
107.203
110.064
104.68
106.944
107.127
107.76
106.722
107.47
106.902
109.65
104.688
107.158
107.282
107.135
107.2
107.203
107.184
107.214
107.192
110.248
104.169
107.199
107.192
107.218
107.181
107.361
107.041
107.199
107.192
107.21
107.2
107.214
107.184
107.263
107.128
107.226
107.184
107.192
107.221
107.203
107.207
107.184
107.2
107.191
107.207
107.192
107.203
107.199
107.192
107.21
107.196
110.65
103.752
107.199
107.211
110.47
103.921
107.199
109.113
105.286
107.21
107.448
106.966
107.169
107.207
107.218
107.184
107.192
107.206
107.2
107.225
107.177
107.391
107.022
107.196
107.192
107.27
107.128
107.346
107.071
107.207
107.177
107.233
107.207
107.169
107.207
107.191
107.215
107.199
107.289
107.121
107.161
107.376
111.166
103.09
107.177
107.206
107.2
107.191
108.369
106.071
107.282
107.143
107.135
107.335
107.169
107.105
107.207
107.177
107.225
107.188
107.294
107.09
107.218
107.192
107.199
107.203
107.192
107.206
108.951
105.482
107.184
107.184
107.199
107.256
107.154
107.214
107.497
106.902
107.195
107.185
107.199
107.199
107.192
107.24
107.215
107.161
107.185
107.199
107.207
107.218
107.398
107.12
107.064
108.433
110.049
103.142
107.17
107.206
107.207
107.203
107.192
107.199
107.192
107.207
107.218
107.176
107.196
107.21
107.192
107.211
107.206
107.192
107.233
107.166
107.203
107.206
107.226
107.188
107.177
107.218
107.184
107.312
107.286
107
107.199
107.203
110.613
103.778
107.218
107.192
107.206
107.2
107.206
107.185
107.394
107.944
110.207
103.255
107.369
107.041
107.192
107.376
107.015
107.199
107.211
107.199
107.199
107.199
107.2
107.21
107.199
107.192
107.192
107.207
110.65
103.759
107.192
107.199
107.2
107.21
107.432
107.087
107.083
107.188
107.21
107.199
107.192
107.199
107.218
107.271
107.113
107.199
107.184
107.222
107.196
107.199
107.192
111.673
102.759
107.199
109.801
104.598
107.191
107.218
107.17
107.199
107.214
107.184
107.271
107.139
111.782
102.609
111.391
103.015
107.211
107.199
111.335
103.041
107.207
108.928
105.474
107.207
107.191
107.226
107.177
107.221
107.177
107.207
107.192
107.218
107.184
107.199
107.214
107.196
109.357
105.034
107.214
107.192
110.041
104.354
107.206
107.185
107.206
107.226
107.319
107.064
107.185
107.413
106.993
107.21
107.192
107.192
107.327
107.079
110.985
103.417
107.192
107.206
107.2
107.199
107.21
107.185
107.199
107.218
108.143
106.312
107.128
107.349
107.057
107.206
107.188
107.215
107.191
107.207
107.41
106.977
107.222
107.184
107.192
107.214
110.203
104.185
107.199
108.459
110.263
102.909
107.271
107.113
107.203
107.568
106.83
107.192
107.192
107.218
107.18
107.218
107.2
107.191
107.203
107.207
107.192
107.199
108.921
105.478
107.199
107.21
107.185
107.229
107.195
107.192
107.192
107.192
107.206
107.2
107.203
107.206
107.29
107.101
111.602
102.801
107.18
107.218
107.192
107.214
107.192
107.203
107.192
107.199
107.207
107.203
107.199
107.248
107.342
107.233
106.978
107.206
107.256
107.143
111.673
102.71
107.211
107.207
107.169
107.229
110.575
103.835
107.199
107.44
110.135
104.027
107.206
107.207
107.192
107.323
107.057
107.206
107.192
107.199
107.211
107.214
107.177
107.199
107.233
107.166
111.225
103.177
107.214
107.184
107.2
107.184
107.218
107.214
107.297
107.113
107.177
107.541
106.85
107.206
107.2
107.203
107.199
107.199
110.88
103.519
107.203
107.206
107.2
107.191
107.2
111.473
102.929
107.184
107.605
106.82
107.244
107.211
107.135
107.222
107.177
107.21
107.184
107.215
111.289
103.109
107.196
107.199
107.207
107.184
111.568
102.849
107.192
108.568
105.838
107.177
107.233
107.199
107.184
107.376
107.023
107.21
107.192
107.192
107.199
107.218
107.192
107.199
108.162
106.236
107.177
107.414
109.394
104.839
107.169
107.225
107.192
107.199
107.185
107.214
107.192
107.21
107.192
107.199
107.192
107.218
110.853
103.538
107.199
107.199
107.2
107.206
110.82
103.568
107.199
111.511
102.899
107.188
108.112
106.467
107.03
107.21
107.312
107.087
107.191
107.203
107.207
107.192
110.88
103.511
109.575
104.842
107.207
107.184
109.936
104.466
107.196
108.417
110.241
102.97
107.173
107.225
107.271
107.169
107.128
107.218
107.207
107.191
107.2
107.218
107.191
107.192
107.207
107.233
107.165
107.196
107.229
107.169
107.2
107.218
107.173
107.233
110.049
104.349
107.169
107.474
106.929
107.206
107.185
107.206
107.2
107.21
107.297
107.094
107.184
107.226
107.199
107.199
107.2
110.616
103.808
107.177
107.173
107.241
107.176
107.2
107.203
107.195
107.402
107
107.2
107.203
107.199
107.199
107.192
107.214
107.203
107.199
111.696
102.688
107.398
108.418
105.793
107.199
109.008
105.398
107.196
107.485
106.921
107.184
107.207
107.203
107.191
107.222
107.177
107.207
107.218
107.184
107.192
107.214
107.21
107.185
107.191
107.207
107.199
107.233
107.17
107.575
106.816
107.206
107.207
107.192
107.203
107.192
107.206
107.2
107.191
107.218
107.226
107.173
107.192
107.203
107.199
111.575
102.823
107.207
107.196
107.214
107.177
107.225
107.181
107.199
107.203
107.199
107.199
107.2
107.199
107.195
107.222
107.192
107.192
107.21
107.327
107.09
107.166
110.575
103.842
107.192
110.015
104.398
107.203
107.2
107.184
107.222
107.169
107.21
107.2
107.195
107.203
107.192
108.838
105.722
107.056
107.2
107.27
107.32
107.004
107.214
111.098
103.297
107.191
107.215
107.184
107.44
106.951
107.207
107.199
107.218
107.199
107.184
107.218
107.192
107.173
107.218
110.575
103.835
108.692
105.785
107.121
107.218
107.15
107.229
111.425
102.985
107.177
107.263
107.143
107.21
107.192
107.199
107.203
107.196
108.09
106.305
107.206
107.207
108.451
105.944
107.312
108.767
105.522
107.207
107.312
107.079
107.192
107.346
107.064
107.199
107.192
107.218
107.191
107.279
107.12
107.192
108.064
106.349
111.474
102.966
109.184
105.162
107.21
107.279
107.112
107.23
107.379
107.023
107.177
107.199
107.192
107.218
107.203
107.188
107.199
107.199
107.199
107.207
108.12
106.275
110.289
104.109
107.215
107.188
107.199
107.199
110.752
103.673
107.177
107.206
107.185
107.206
107.2
107.199
107.203
107.222
107.169
107.218
107.18
107.218
107.185
107.206
107.226
107.184
107.184
110
104.399
107.199
107.192
107.233
107.184
107.327
107.072
107.21
107.192
107.199
107.192
107.21
107.2
107.199
110.951
103.447
107.207
107.203
107.199
107.185
107.199
107.233
107.184
107.199
107.192
107.241
107.158
107.206
107.196
107.199
107.199
107.2
107.304
107.098
107.192
107.214
107.169
107.226
107.214
107.199
107.192
107.184
107.207
107.331
107.064
107.24
111.575
102.809
107.184
107.199
107.199
107.226
107.192
107.184
107.256
107.135
107.218
107.199
107.199
107.2
107.424
106.978
107.207
109.184
108.733
103.68
107.185
107.21
107.184
107.2
107.206
107.207
107.196
107.206
107.192
107.218
107.181
107.21
111.057
103.334
110.872
103.534
110.891
103.504
107.229
111.203
103.166
107.218
107.176
107.2
107.199
107.218
107.192
107.199
107.192
107.206
107.203
107.2
107.199
107.207
107.184
107.214
107.211
107.184
107.199
107.226
107.173
107.21
109.369
105.015
107.199
107.233
107.177
107.199
107.192
107.206
107.2
107.21
107.192
107.222
108.857
105.519
107.233
107.169
109.936
104.462
107.2
109.049
105.375
107.249
107.127
107.218
107.181
107.21
107.192
107.199
107.218
107.185
107.199
107.199
107.192
107.218
107.173
107.21
110.568
103.838
109.711
104.763
107.15
107.192
107.177
107.218
107.241
107.165
107.184
107.226
107.173
107.21
107.192
107.199
107.192
107.218
107.188
107.21
107.192
107.199
107.207
107.192
107.203
107.237
107.161
107.207
107.196
107.221
107.17
107.214
107.184
107.211
107.199
107.199
107.192
107.24
107.166
107.218
108.575
105.808
107.233
107.17
110.229
104.169
107.199
109.425
109.312
102.88
107.192
107.233
107.158
107.233
107.327
107.056
107.184
107.226
107.177
107.214
107.192
107.184
107.327
107.09
111.32
103.071
107.639
106.76
107.199
107.203
107.35
107.075
107.173
107.206
107.196
107.192
107.206
107.211
107.188
107.203
107.199
107.32
107.161
107.128
107.192
107.199
109.278
105.132
107.383
111.662
102.545
107.199
107.203
107.215
107.184
107.192
107.206
107.297
107.106
107.199
107.248
107.158
107.192
107.203
108.455
105.943
107.192
107.214
107.177
107.21
107.207
107.56
110.35
103.714
107.184
107.215
107.176
107.2
107.203
107.319
107.072
107.214
107.192
107.203
107.214
107.184
107.229
107.177
111.226
103.176
108.538
105.853
107.2
107.21
107.192
107.199
109.233
105.192
107.177
107.285
107.113
107.207
107.192
107.199
107.41
107
107.199
107.192
107.225
107.177
109.789
104.609
107.2
110.545
103.879
107.185
108.368
106.03
107.192
107.218
107.177
107.206
107.2
107.21
107.192
107.192
107.199
107.207
111.127
103.275
110.086
104.32
108.703
105.692
107.199
108.56
105.887
107.177
107.173
107.225
107.177
107.214
107.185
107.199
107.21
107.384
107.094
107.139
107.199
107.192
111.658
102.718
107.233
107.184
107.214
107.185
107.199
107.218
107.199
107.184
111.662
102.82
107.127
107.192
107.181
107.368
107.034
107.218
107.192
107.24
107.166
107.184
107.865
106.552
111.526
102.865
107.312
111.271
103.019
107.206
107.858
106.548
111.192
103.203
107.192
107.199
107.192
107.214
107.196
107.206
107.192
107.199
107.203
107.2
107.199
107.199
110.256
104.143
107.203
107.684
109.771
104.157
107.185
107.21
107.391
107.192
107
107.214
107.196
107.199
107.192
107.214
107.192
107.21
107.177
107.207
107.229
107.177
109.376
105.026
107.192
107.191
109.527
104.906
107.334
107.057
107.191
107.211
107.192
107.206
107.185
107.439
106.967
107.21
107.199
107.312
107.072
107.214
110.515
103.88
107.199
110.271
108.395
102.943
107.711
106.695
107.177
107.218
107.188
107.21
107.192
107.199
107.2
107.21
107.192
107.192
110.349
104.064
107.196
107.199
111.504
102.902
107.199
108.579
110.248
102.752
107.244
107.177
107.192
107.289
107.106
107.199
107.207
107.33
107.072
107.214
107.184
107.207
107.211
107.184
107.199
107.199
107.233
107.166
107.218
107.214
107.169
107.226
107.165
107.44
106.97
107.207
107.195
107.286
107.113
107.199
107.199
107.222
107.184
107.196
107.857
106.534
107.207
107.203
107.188
110.09
104.361
107.158
107.203
107.229
107.184
107.184
107.203
107.2
107.199
107.199
107.192
107.233
107.177
107.206
108.249
106.312
107.033
107.203
107.196
107.192
107.206
107.369
107.271
106.969
107.279
107.105
107.207
107.282
108.071
106.241
107.206
107.305
107.094
107.402
107
107.207
107.177
107.225
111.384
103
107.199
107.207
107.203
107.191
108.688
105.745
110.582
103.824
107.169
107.504
106.887
107.207
107.203
107.206
107.185
107.206
108.865
105.545
107.222
107.162
107.894
106.512
107.199
111.274
103.128
107.199
110.703
103.7
107.199
107.199
107.199
107.192
107.207
107.21
107.192
107.199
107.211
107.192
107.191
107.2
107.221
107.185
109.714
104.688
107.199
107.192
107.207
107.218
107.184
107.199
107.192
107.225
107.185
107.199
107.192
107.206
107.2
107.21
107.192
107.207
107.184
107.207
111.274
103.128
107.199
107.199
107.2
107.21
107.192
107.222
107.176
107.226
107.177
107.199
107.192
107.206
107.2
107.225
107.177
107.44
106.973
107.196
107.192
107.199
111.767
102.658
107.191
107.384
110.15
104.083
111.342
103.023
107.199
107.218
107.177
107.206
107.207
107.203
107.192
107.199
107.207
107.199
107.192
107.289
107.177
107.143
107.195
107.207
107.192
107.207
107.353
107.072
110.616
103.752
107.263
107.169
107.166
107.199
107.282
107.113
107.199
107.207
107.203
107.199
107.199
107.199
107.207
107.203
107.192
109.91
104.488
107.185
107.206
107.218
107.192
107.192
107.207
107.203
107.199
107.192
107.199
107.214
109.466
104.929
109.101
105.305
107.218
107.184
109.12
105.294
107.184
107.391
107.004
107.214
107.203
107.222
107.192
107.582
106.793
107.2
107.199
107.199
107.192
107.203
107.192
107.199
109.03
105.387
107.173
107.211
107.206
107.234
107.176
107.214
107.177
107.214
107.188
107.343
107.056
107.207
107.319
107.072
107.203
107.199
107.192
107.27
107.136
107.199
107.184
107.305
107.112
107.226
107.165
107.233
107.177
107.192
107.207
107.206
107.196
107.256
107.142
107.249
107.15
107.195
107.237
107.169
107.215
107.353
107.034
107.192
107.199
107.207
109.018
105.384
107.214
107.211
107.173
107.218
107.304
107.079
107.192
107.207
107.21
107.207
107.177
107.214
107.207
107.195
107.192
107.207
107.346
107.056
107.192
107.206
108.602
105.789
107.218
108.32
109.718
103.56
107.192
107.226
107.169
107.214
107.184
107.199
107.418
107
107.176
107.222
107.184
107.2
107.199
107.21
110.775
103.616
107.218
107.2
107.176
107.23
107.176
107.234
107.169
107.214
107.177
107.353
107.053
107.203
107.199
107.207
107.199
107.199
111.105
103.29
107.192
107.199
110.944
103.469
107.196
108.613
110.169
102.834
107.185
107.214
107.184
107.226
107.176
107.196
107.195
107.343
107.071
107.203
107.192
107.199
107.184
107.207
111.154
103.263
108.286
106.098
107.206
107.218
107.215
107.165
107.515
106.887
107.2
107.203
107.255
107.151
107.184
107.207
107.203
107.214
107.184
107.327
107.09
107.192
107.192
107.192
107.838
111.192
102.579
107.184
107.583
106.83
107.215
107.195
107.192
107.192
107.206
107.211
107.188
107.203
107.214
107.192
108.977
105.425
107.181
107.21
109.496
104.914
107.192
107.221
107.17
107.221
107.234
107.169
107.184
107.207
107.191
107.2
107.199
107.199
107.196
107.206
107.2
107.21
109.936
104.448
107.191
107.222
108.068
109.677
103.849
107.177
107.222
107.21
107.192
107.222
107.169
107.218
107.188
107.225
107.313
107.071
107.192
107.203
107.199
107.199
107.207
107.402
108.737
105.455
107.207
111.842
102.567
107.173
111.82
102.59
107.312
107.102
107.188
107.263
107.128
107.206
107.203
107.196
107.267
107.135
107.184
107.376
107.049
107.199
107.192
107.199
107.2
108.09
106.327
107.184
107.218
107.207
107.169
107.263
107.136
107.206
107.2
107.203
107.199
107.199
107.199
107.203
107.207
107.199
107.192
107.207
107.169
107.222
107.199
107.188
107.214
107.282
107.207
107.12
107.185
107.199
107.207
107.203
107.191
107.207
107.417
106.993
107.188
107.203
108.695
105.703
108.76
105.643
107.18
107.241
107.169
107.233
108.744
105.647
107.184
107.391
107.203
107.008
107.199
107.342
107.056
107.2
107.203
107.191
109.057
105.357
107.21
107.591
107.695
106.297
107.192
109.015
109.474
103.127
107.185
107.221
107.185
107.191
107.211
107.199
107.199
107.207
107.196
107.206
107.185
107.199
109.583
104.823
107.21
107.207
107.391
107.019
107.184
107.207
107.184
107.222
107.177
107.21
107.192
107.192
107.199
107.218
107.244
107.139
107.2
107.206
107.2
107.203
107.206
107.192
107.91
106.489
107.225
111.015
103.388
107.206
107.173
107.218
107.207
107.177
107.191
107.361
107.042
107.199
107.199
107.433
106.966
107.218
108.894
105.609
107.094
107.196
107.199
107.199
107.192
110.425
104.045
107.147
107.199
107.207
107.176
107.44
106.963
107.199
107.192
107.206
107.203
107.207
107.192
107.192
107.206
107.2
107.203
107.206
111.399
102.992
107.2
107.218
107.173
107.21
110.568
103.849
107.185
107.248
107.398
106.951
107.192
107.226
107.184
107.192
107.206
107.2
108.289
106.12
110.809
103.808
106.974
107.225
107.169
107.222
107.177
107.233
107.177
107.308
107.09
107.192
107.207
107.203
107.191
107.271
107.135
107.207
108.891
105.504
107.184
107.214
107.203
107.207
107.192
107.639
109.353
104.606
107.203
107.199
107.192
107.214
107.192
107.203
107.191
107.207
107.199
107.207
107.218
107.177
109.278
105.12
107.177
107.222
107.203
107.207
107.184
107.214
107.196
107.214
107.177
107.214
107.192
107.21
107.192
107.199
107.192
107.218
107.192
107.199
107.199
107.199
107.2
107.21
107.192
107.199
107.199
110.305
104.094
107.218
107.184
107.222
107.177
107.218
107.184
107.214
107.177
107.21
107.2
107.206
107.192
107.192
108.654
106.169
106.786
107.192
109.552
105.109
106.955
110.575
103.809
107.248
107.176
107.207
107.169
107.215
107.206
107.192
107.41
107
107.177
107.206
107.2
107.21
110.365
104.026
108.816
105.586
107.831
106.583
107.177
107.199
107.207
107.21
110.703
103.711
107.169
107.218
107.365
107.018
107.2
107.221
107.188
107.237
108.278
106.083
107.192
107.214
110.568
103.827
107.207
110.778
103.613
107.21
108.568
105.816
107.199
107.214
107.184
107.211
107.192
107.214
107.192
107.203
107.191
107.207
107.233
107.166
110.12
104.282
108.902
105.489
107.207
107.387
110.44
103.789
107.184
107.211
107.192
107.199
107.256
107.142
107.218
107.192
107.192
107.199
107.199
107.207
107.196
107.199
107.199
107.207
107.192
107.21
107.192
107.222
107.176
107.203
107.196
107.226
107.191
107.177
107.207
107.203
107.199
107.192
107.199
107.207
107.218
107.191
107.2
107.199
108.135
106.267
107.199
110.264
104.12
107.199
107.211
107.334
107.207
107.064
107.192
107.21
107.192
107.207
107.184
107.218
107.192
107.199
110.086
104.305
107.21
107.196
107.218
107.199
107.184
109.512
104.921
107.176
107.185
107.233
107.173
107.21
107.192
107.207
107.327
107.082
107.185
107.199
107.207
107.191
107.218
107.192
110.263
104.121
107.184
107.263
107.169
107.199
107.185
107.221
107.331
107.271
106.992
107.343
107.146
107.109
107.192
107.218
107.177
107.225
109.59
104.816
107.56
106.816
107.199
107.249
107.154
110.733
103.665
107.214
107.185
107.225
107.177
107.222
107.169
107.207
107.199
107.21
107.185
107.206
107.2
107.21
110.207
104.184
107.177
107.248
108.184
106.192
107.192
107.304
110.35
103.936
107.218
107.583
106.936
107.176
107.106
107.206
107.185
107.214
107.417
106.978
107.206
107.2
107.206
107.203
107.448
106.928
107.192
107.229
107.185
107.199
107.274
107.136
107.184
107.225
107.181
107.203
107.192
107.199
107.207
107.199
107.195
107.2
111.293
103.135
107.169
107.218
107.177
107.222
107.199
111.418
102.977
107.184
107.192
107.248
107.173
107.233
107.177
107.304
107.105
107.192
107.184
107.215
110.744
103.65
107.181
107.218
107.207
107.199
107.192
107.315
107.087
107.271
110.815
103.512
109.233
105.169
107.192
107.669
109.707
104.24
107.241
107.143
111.361
103.052
110.906
103.481
107.192
107.222
109.545
104.846
107.21
107.222
111.29
103.105
110.605
103.778
107.219
107.18
107.192
107.21
111.391
103.015
107.177
107.218
111.398
103
107.222
107.177
107.346
107.056
108.23
106.154
107.214
108.97
108.887
103.737
107.222
107.21
107.184
107.335
107.064
107.184
107.199
107.211
107.207
107.184
111.59
102.891
108.605
105.722
107.173
107.218
107.177
107.222
107.203
107.244
107.147
107.225
107.181
107.195
107.263
107.151
110.579
103.812
107.191
107.218
111.064
103.32
107.207
107.21
107.184
107.2
107.985
106.432
107.199
107.207
107.177
107.214
108.274
106.102
107.241
107.184
107.432
107.177

------------------------------------------------------------------------------------------------------------------------------------------------
max val(#286) = 1671.07us
min val(#8692) = 102.55us
peak-to-peak = 1568.53us
mean +- RMS = 109.22 +- 22.74 us

packet size: 516
number of packets: 10000
RATE = 37795.71kbps, PPS = 9155.9
