Destination address set to 01:1B:19:00:00:00
Defaults: 01:1B:19:00:00:00 or 01:80:C2:00:00:0E
SIOCSHWTSTAMP: tx_type 1 requested, got 1; rx_filter 0 requested, got 0
setting ts_flags: 0x53
new ts_flags: 0x53


gap of hw tx time, us: packets 10000:
------------------------------------------------------------------------------------------------------------------------------------------------
0
101.53
97.3
99.906
100.504
99.534
99.665
100.906
99.944
98.519
99.759
116.993
101.552
99.384
96.353
97.669
98.113
98.463
98.075
100.015
99.646
99.587
100.278
101.489
99.289
99.406
99.88
99.801
96.853
97.812
99.583
97.831
98.77
96.613
98.835
97.199
97.722
98.661
97.726
97.425
97.267
97.398
98.602
3751.49
102.993
97.635
98.647
104.439
98.038
98.977
98.666
99.383
97.993
98.857
99.244
98.891
98.094
99.008
98.274
98.981
99.121
98.267
98.782
98.199
98.643
113.857
98.639
97.752
98.752
98.496
97.053
98.706
98.489
98.504
262.286
105.105
97.759
97.966
101.267
101
99.342
97.76
97.007
99.643
100.752
98.023
100.24
97.711
128.019
99.845
98.523
99.887
8428.66
106.741
102.135
99.113
102.225
98.478
99.267
99.357
99.65
103.737
98.872
101.384
99.676
101.707
102.128
99.744
98.256
99.583
95.282
103.56
99.045
99.267
108.462
105.647
103.771
105.492
87.5
118.887
95.767
105.113
99.786
102.797
96.616
102.808
96.561
103.03
96.992
103.199
99.609
98.865
95.624
102.839
96.105
101.383
96.884
102.308
97.417
102.523
97.789
102.455
97.331
101.703
98.214
101.857
98.655
102.139
97.135
99.68
99.88
100.248
101.121
96.086
98.218
99.263
97.361
97.414
98.793
109.327
96.632
98.135
106.026
95.966
98.794
97.808
98.304
97.094
97.703
101.73
185.105
96
110.583
95.688
97.631
97.545
99.091
98.206
97.816
98.534
98.353
98.418
97.733
98.827
97.958
97.568
97.673
98.282
99.252
164.992
93.865
99.432
100.271
97.575
96.538
100.248
99.586
98.741
100.466
99.263
100.568
100.143
99.395
100.184
99.831
100.041
99.846
100.143
100.071
100.026
99.568
100.064
100.594
101.184
99.286
99.199
100.572
99.244
100.248
100.267
99.414
100.503
100.185
99.68
100.071
99.865
100.008
99.954
99.944
100.135
99.512
100.094
100.331
99.902
102.191
99.14
98.718
99.936
100.248
99.737
100.03
99.864
100.335
100.098
99.631
100.609
99.718
100.113
99.816
99.617
100.545
99.725
100.098
99.831
100.447
101.075
98.654
99.688
100.151
99.94
99.676
100.579
99.974
99.88
100.586
99.237
100.304
99.922
103.12
114.128
95.12
96.872
98.286
98.203
99.496
99.79
96.312
100.022
98.914
99.609
99.928
100.136
100.455
99.68
99.929
99.759
100.241
100.214
99.643
98.541
100.353
100.376
100.042
100.47
100.537
99.857
100.117
100.071
100.083
99.632
100.15
100.019
100.383
99.56
100
99.801
100.079
100.135
99.97
99.82
99.962
100.233
100.121
99.511
99.786
100.462
99.966
99.816
100.553
99.71
99.978
100.409
99.64
99.966
99.755
96.831
96.737
98.079
97.808
98.177
97.797
97.752
98.192
97.714
98.15
98.027
97.894
97.97
97.76
98.12
98.158
97.823
97.921
97.884
98.094
98.454
97.688
98.361
100.17
95.766
99.207
99.128
99.128
98.665
94.042
97.251
97.771
98.008
98.086
98.132
98.03
97.91
98.041
97.959
98
97.928
97.948
98.03
98.199
97.913
97.647
98.353
98.67
96.849
98.936
98.839
99.116
95.38
97.635
97.79
98.12
97.688
98.361
97.654
98.147
98.022
97.899
97.996
97.786
98.127
100.094
97.083
97.143
98.759
96.816
98.192
98
99.259
97.045
99.233
99.042
99.62
98.041
94.32
97.921
97.466
97.797
97.778
98.143
97.632
98.083
98.116
97.993
97.695
97.947
98.279
97.793
97.774
97.831
98.177
98.056
98.688
96.632
98.872
99.184
96.632
98.458
97.534
97.914
97.992
97.688
97.797
97.714
98.264
97.928
97.966
98.128
98.057
98.154
98.214
97.808
97.624
98.271
98.154
97.981
97.779
99.015
96.481
99.098
99.135
99.158
99.233
94.624
97.59
97.771
97.902
97.85
98.357
97.962
97.846
98.072
97.688
98.24
97.857
97.831
97.793
98.354
97.902
98.09
97.752
97.583
99.906
96.436
98.97
99.481
99.632
94.383
97.504
98.161
97.982
97.714
98.038
98.033
97.726
98.353
97.718
98.049
98.402
97.839
97.977
97.865
98.038
1096.65
97.184
95.861
99.658
95.808
97.256
98.857
96.18
97.636
98.03
97.568
97.368
98.688
99.695
96.098
98.478
97.368
99.425
96.913
98.591
97.282
98.575
98.112
99.354
100.861
94.752
103.872
97.722
98.74
99.339
99.616
96.357
98.545
99.233
99.737
98.158
94.921
97.504
98.056
97.376
98.32
97.823
98.064
98.226
98.127
97.824
98.135
98.248
98.636
97.661
97.711
98.552
98.012
98.067
98.936
99.609
95.576
98.921
99.537
98.846
100.064
98.034
94.68
98.102
97.225
97.858
98.191
97.617
98.094
97.808
98.263
98.2
97.785
97.846
98.267
97.711
98.458
97.869
98.417
98.177
98.616
99.703
95.575
99.128
98.872
98.955
99.647
98.143
94.894
97.162
98.56
97.271
180.56
90.331
102.985
105.391
100.872
102.143
96.872
100.801
100.534
101.947
100.549
96.207
98.368
97.587
97.255
101.639
97.008
98.842
99.455
98.936
99.831
99.24
100.064
99.97
100.038
100.154
99.135
99.921
99.696
100.086
99.651
101.966
97.744
98.808
94
97.497
98.349
98.09
97.903
97.887
98.496
97.842
97.696
97.24
98.192
97.647
98.21
97.872
98.207
97.872
98.888
98.03
96.361
99.176
99.44
98.872
99.794
99.176
100.184
99.741
99.602
100.15
99.703
99.714
101.639
97.872
98.369
94.022
98.125
98.379
97.85
97.951
98.233
97.771
97.252
97.233
98.09
98.421
97.759
97.692
97.925
98.034
97.793
99.278
97.775
96.763
99.357
99.432
99.177
98.744
100.455
99.763
99.504
99.823
99.91
99.688
99.97
99.846
99.737
101.338
108.47
82.944
98.624
98.601
97.433
98.774
97.985
97.838
98.44
97.504
97.195
98.391
97.718
97.666
98.447
97.305
98.278
96.906
100.534
97.353
96.872
98.786
99.541
98.899
99.391
99.902
100.282
99.681
99.921
99.812
99.857
99.722
101.503
98.215
97.849
94.079
98.248
98.391
97.794
98.135
97.65
98.064
97.805
97.808
97.763
97.199
98.064
98.312
102.831
97.624
99.312
98.647
96.154
102.553
98.015
96.71
100.105
99.873
100.15
100
100.259
99.869
99.864
100.459
99.496
99.982
99.672
100.087
100.049
100.12
100.072
100.063
100.203
99.831
99.654
100.32
100.083
99.917
99.771
100.229
99.808
97.568
97.601
99.305
99.165
99.444
100.173
99.977
99.624
100.008
100.049
99.831
99.657
99.824
99.545
100.271
99.616
100.038
99.849
99.951
101.602
108.632
86.391
102.872
101.511
108.906
104.654
89.778
98.711
99.218
98.365
109.139
97.725
96.098
100.218
96.534
97.489
98.864
102.902
91.264
98.112
97.85
97.207
98.432
97.88
97.951
98.192
98.808
97.447
97.891
98.237
97.82
98.605
98.12
97.951
97.771
98.128
98.037
100.113
95.384
99.206
98.891
98.865
99.966
98.151
94.665
97.447
98.489
97.914
97.8
97.985
97.534
98.049
98.327
98.248
98.03
98.376
97.568
98.098
97.857
98.575
97.726
97.891
98.966
99.879
95.185
99.184
99.312
98.771
100.199
97.733
94.865
97.601
97.534
98.128
98.019
97.981
98.24
98.177
98.15
98.128
98.042
98.176
98.091
97.86
98
98.26
98.229
97.823
98.576
99.778
95.943
98.794
99.455
99.112
99.801
97.726
94.921
97.661
98.091
97.695
97.857
97.56
103.448
95.567
97.794
97.894
98.094
98.53
98
97.993
98.199
97.914
97.951
98.192
98.376
98.537
99.925
94.489
100.007
99.241
98.887
99.635
98.053
94.808
98.192
97.744
97.779
97.887
98.071
97.752
97.816
98.707
97.894
98.35
98.195
97.884
98.18
98.384
97.831
97.977
97.917
98.504
99.417
100.391
99.715
100.597
99.32
94.992
98.801
99.538
98.864
99.591
98.417
98.368
94.873
97.47
98.086
97.586
98.391
97.985
97.959
98.034
98.222
98.161
97.861
97.786
98
98.474
97.725
98.545
97.944
98.44
99.857
99.962
94.876
99.121
99.188
98.947
99.857
97.823
95.346
97.248
98.357
97.764
98.142
98
97.907
98.101
98.098
98.398
98.271
97.872
98.008
98.161
98.215
97.8
98.113
98.256
98.233
100.353
99.703
94.797
99.906
99.162
99.334
96.057
101.496
98.15
94.643
97.861
97.951
98.226
97.714
98.038
98.09
98.838
97.275
97.477
98.391
98.331
97.944
98.447
97.632
98.263
98.041
98.455
100.353
99.816
99.816
99.887
100.072
99.962
100.15
99.944
99.985
99.936
99.985
99.744
100.109
100.012
100.101
99.831
100.12
99.824
100.248
100.064
94.274
99.406
99.508
99.173
99.086
98.338
98.425
94.681
97.368
98.421
97.993
98.033
97.959
97.368
98.512
98.688
97.785
97.944
97.816
98.233
98.094
97.838
98.324
97.985
98.541
100.075
100.259
99.82
99.744
100.008
99.887
100.199
100.282
99.613
100.128
100.135
100.211
99.703
99.583
100.672
99.609
100.087
99.601
94.583
99.496
99.403
99.184
99.598
98.21
94.767
97.688
97.447
98.482
97.782
98.33
97.647
98.312
98.071
98.215
98.169
98.263
98.026
98.045
98.252
97.662
98.177
98.24
98.121
100.157
99.752
100.297
100.113
99.729
100.038
99.944
100.195
100.068
99.744
94.763
99.861
99.282
98.609
99.32
98.489
94.924
97.267
98.158
97.425
97.992
98.215
98.334
97.97
97.824
98.169
97.872
98.113
98.165
98.196
98.3
98.267
97.598
98.519
98.154
100.601
99.343
100.169
99.921
94.774
99.105
99.245
99.131
99.564
98.154
95.162
97.376
98.534
97.695
98.177
98.071
98.17
97.97
97.917
98.192
98.225
98.162
97.774
98.534
98.12
98.042
97.752
98.47
98.026
99.974
99.947
100.293
99.312
94.993
98.962
100.008
98.541
99.771
98.688
94.703
97.263
97.785
98.057
97.925
98.184
97.808
98.154
98.278
98.121
97.921
97.928
98.286
98.267
98.056
98.512
97.759
98.049
98.357
97.929
96.537
99.583
103.361
100.455
99.658
100.12
100.936
100.229
99.786
98.88
96.128
99.376
98.424
99.775
98.071
94.609
97.711
98.041
98.03
97.572
115.221
88.538
101.241
97.533
105.346
94.136
104.838
90.034
105.808
98.752
104.417
90.294
97.33
98.045
97.328
97.834
98.406
99.034
98.406
98.162
103.218
98.045
96.646
103.579
99.279
96.282
98.022
100.425
97.481
97.639
99.534
98.759
99.985
99.752
99.481
99.914
99.895
99.714
101.756
97.955
97.864
94.399
97.921
98.064
97.853
98.368
98.587
97.598
98.323
97.932
97.884
97.571
97.722
98.504
97.864
100.873
96.398
99.808
96.455
98.012
100.357
97.323
103.624
95.102
99.496
99.846
98.797
98.748
100.034
99.567
99.696
99.955
99.725
101.617
98.278
98.049
94.489
97.951
98.304
97.639
97.553
98.098
98.748
97.473
98.128
98.057
97.992
96.816
98.658
99.646
99.241
95.902
102.248
96.707
101.989
97.056
97.312
99.873
96.488
99.064
99.752
98.519
99.936
99.703
100.387
99.519
99.489
99.936
100
99.823
99.801
100.128
99.872
99.88
101.751
97.546
98.379
94.211
98.383
97.876
98.109
98.29
98.079
98.075
98.334
97.519
98.177
99.808
96.767
97.865
97.943
99.399
96.504
99.36
95.534
99.85
96.481
99.929
98.879
98.846
100.248
99.459
99.696
99.917
100.161
99.241
99.846
99.545
99.752
101.688
97.951
98.56
93.857
97.696
98.383
97.793
99.602
97.718
98.041
98.042
98.342
97.534
97.616
98.324
97.981
108.417
99.023
104.977
96.594
98.541
99.027
101.876
98.154
99.285
97.489
99.985
102.76
97.033
98.534
97.587
98.071
98.312
100.666
96.421
99.473
96.47
100.136
96.466
99.169
99.489
98.804
100.008
99.579
99.624
99.808
99.673
100.109
99.801
100.03
99.564
100.199
101.368
98.023
98.327
94.184
97.384
98.729
98.207
97.737
97.966
99.049
97.255
97.906
100.782
97.361
100.921
98.241
101.143
97.774
100.571
102.974
92.526
104.553
91.369
96.515
96.447
96.733
103.353
97.44
100.072
99.958
99.169
101.26
99.654
100.071
99.455
100.399
99.075
101.338
99.391
99.91
100.169
99.286
99.474
100.383
100.049
99.711
96.736
98.73
98.71
99.312
98.184
95.482
97.815
97.903
98.169
97.568
97.206
98.632
98.425
97.233
98.071
97.85
98.383
98.222
98.369
97.77
98.421
97.771
98.248
99.669
99.857
100.136
100.146
100.038
100.015
100.282
99.823
99.745
100.462
99.699
99.951
96.809
99.368
100.038
99.473
98.463
100.992
99.504
101.128
100.707
99.548
99.128
96.809
98.906
99.575
98.297
94.624
98.406
98.353
97.406
98.136
97.812
98.109
98.248
97.928
97.921
98.049
98.015
98.312
98.372
97.771
98.184
97.816
98.256
99.319
100.384
100.064
99.8
99.688
100.177
100.008
99.992
99.786
100.248
100.68
99.549
99.466
100.23
94.515
99.804
98.936
98.827
99.797
97.955
94.944
98.312
98.165
97.621
98.007
97.703
98.015
97.809
98.353
98.485
98.139
97.91
97.737
98.721
97.639
98.11
97.883
98.023
98.921
99.767
99.984
100.222
99.481
100.207
100.474
99.733
100.184
99.523
100.143
100.338
97.237
96.755
99.301
98.41
100.368
97.974
97.993
94.695
97.857
98.158
97.564
98.575
97.726
97.928
97.936
97.985
98.192
98.647
97.883
98.278
97.816
97.955
98.143
97.992
98.497
99.413
100.56
99.369
95.022
99.06
99.557
98.703
100
97.707
94.894
97.497
98.199
98.255
97.538
98.342
98.553
97.624
97.913
98.233
98.2
97.831
98.447
98.241
97.936
97.985
98.334
98.09
98.32
100.293
99.891
99.669
94.745
99.304
99.463
98.962
100.241
97.462
94.85
97.158
98.191
97.572
98.094
98.206
97.576
98.289
98.338
98.256
97.974
97.943
97.835
98.669
97.771
98.022
98.489
98.214
98.512
99.609
94.752
100.112
99.335
98.586
99.425
98.121
98.327
94.59
97.474
97.966
99.105
97.312
97.887
97.929
98.346
97.951
98.041
98.365
98.176
97.688
98.455
97.978
98.222
98.24
98.064
100.011
99.775
99.992
94.745
99.729
99.35
98.424
99.2
99.77
98.237
94.297
97.816
97.887
97.97
98.181
98.5
96.996
98.304
97.658
98.602
98.037
98.015
98.369
97.601
98.102
97.729
98.312
97.985
98.966
100.147
95.462
99.169
98.824
98.902
99.921
98.128
94.985
97.368
97.654
97.858
98.015
98.161
98.248
98.185
97.83
97.978
98.319
97.839
97.887
98.594
97.966
98.432
97.632
98.763
97.752
100.143
95.44
99.342
99.049
98.985
99.703
98.515
94.966
97.519
97.879
98.012
97.357
98.289
97.895
98.256
97.699
98.045
98
98.143
98.184
98.083
97.789
98.53
97.775
98.113
98.432
99.921
95.192
99.8
99.038
98.992
99.955
98.012
94.552
97.88
97.85
97.943
97.872
97.782
98.139
98.32
97.846
98.083
98.172
98.091
98.199
98.353
97.993
98.12
97.959
97.767
98.097
100.038
99.387
96.064
99.598
98.319
99.779
98.285
98.282
94.433
98.143
97.672
97.391
97.624
98.016
98.056
98.319
97.73
98.312
98
97.951
97.929
98.424
98.143
98.192
98.12
98.455
99.417
100.151
95.331
99.15
98.703
99.376
99.353
98.575
94.452
97.398
97.76
98.263
97.906
97.921
98.158
97.782
98.21
97.88
97.977
98.158
98.199
98.091
98.15
98.083
98.308
98.331
98.349
100.185
95.451
99.037
99.072
99.207
99.402
117.297
92.421
103.289
92.658
104.902
97.568
99.354
98.229
98.402
97.335
107.304
88.121
97.766
97.97
97.215
98.176
99.576
96.906
101.887
101.943
96.617
99.695
97.955
98.301
97.184
97.162
98.045
98.105
98.312
97.752
98.199
97.865
98.594
97.925
99.865
96.699
99.015
99.086
98.639
100.034
99.91
99.835
100.056
99.921
100.158
100.353
99.993
100.207
99.417
99.631
99.903
104.263
98.474
98.958
98.688
99.786
99.616
100.279
100.312
100.176
99.448
100.455
99.657
99.775
99.816
99.887
99.898
99.873
100.12
99.816
101.669
98.252
97.831
94.278
97.913
97.929
98.109
98.568
98.105
98.034
98.173
98.169
97.778
97.455
97.662
98.233
98.319
98.098
98.15
98.545
99.248
97.113
96.534
99.602
99.887
98.857
98.774
99.936
99.85
99.872
100.226
99.812
99.834
100.177
99.669
100.023
99.692
100.462
100.135
99.993
99.402
99.989
99.913
99.865
99.88
99.778
101.47
98.447
97.951
94.147
97.782
97.898
96.839
98.199
99.361
98.105
97.846
97.481
97.617
98.496
97.583
98.09
98.368
97.79
98.286
98.601
97.53
96.767
99.838
99.106
99.03
99.064
99.812
100.116
99.489
99.857
100.064
100.038
99.8
99.504
100.192
100.004
101.447
99.632
100.18
99.68
100.113
99.955
99.568
99.782
99.68
99.936
99.88
99.865
101.759
97.985
98.496
98.534
93.658
97.744
98.177
98.023
98.169
98.462
97.831
98.338
97.726
97.105
98.417
98.087
98.026
97.369
98.315
97.869
97.88
99.541
99.568
97.026
99.462
98.455
99.305
99.808
100.135
100.064
99.884
100.037
99.97
99.872
99.726
99.632
99.729
100.169
99.823
99.696
101.504
98.312
97.97
94.263
97.575
98.192
98.03
98.827
96.917
104.801
91.759
98.681
103.928
90.775
104.755
91.527
104.688
91.703
97.83
97.715
98.417
95.015
99.447
101.177
99.647
100.12
100.008
100.56
95.714
99.222
99.289
99.73
97.917
94.808
97.835
97.718
97.68
98.184
98.087
97.763
98.564
98
98.256
97.891
98.135
97.902
98.417
98.019
97.741
102.707
95.883
97.771
98.255
100.17
95.214
99.203
99.391
98.789
99.824
97.8
95.241
97.88
97.737
97.703
98.112
97.88
98.056
98.249
98.289
97.838
98.185
98.432
98.162
97.676
98.369
98.09
97.951
98.102
98.308
99.045
100.041
95.775
99.112
98.73
100.094
98.225
97.888
95.041
97.165
97.658
98.703
98.914
97.263
98.289
98.061
97.872
97.921
98.026
98.327
98.072
98.041
98.432
97.887
97.967
98.27
98.628
99.79
95.409
99.391
98.651
98.789
99.951
98.17
94.793
97.44
97.774
97.921
97.974
98.481
97.767
98.105
97.801
98.395
98.315
97.865
98.346
97.534
98.489
98.033
97.91
98.177
98.688
99.71
95.53
99.23
98.643
99.83
98.44
98.512
94.962
97.165
97.617
98.019
98.173
98.552
97.76
98.263
98.098
98.417
98.037
98.019
99.44
97.135
98.166
98.105
98.248
97.681
99.128
100.304
99.823
100.169
99.937
99.718
99.857
100.391
100.282
99.733
99.842
100.192
100.127
100.143
99.56
100
99.922
100.575
99.631
99.395
94.981
99.387
99.031
99.105
99.398
98.083
95.192
97.661
97.703
98.602
97.801
98.169
98.037
97.921
98.354
97.966
98.12
98.399
98.03
97.906
98.338
98.072
98.24
97.775
98.537
99.854
100.112
99.959
99.88
99.77
100.113
100.181
100.041
99.887
100.09
99.647
100.105
100.237
100.042
99.766
100.354
100.135
99.745
99.943
100.162
100.688
99.105
99.846
100.071
100.241
99.786
99.853
100.353
100.015
99.922
100.033
100.109
99.985
99.553
98.902
94.963
99.752
98.981
99.458
98.256
98.402
94.245
97.985
97.985
97.943
98.361
97.929
98.056
97.947
97.88
98.538
97.958
97.752
98.26
97.774
98.647
98.018
97.88
98.703
99.714
99.989
100.203
100.293
99.745
97.331
96.733
99.12
98.338
100.726
97.793
98.113
94.662
98.203
97.462
97.887
98.233
98.357
97.737
98.2
98.255
98.226
98.609
97.334
98.215
98.473
97.899
97.958
97.726
98.658
99.12
100.703
99.459
100.222
100.056
99.752
99.688
100.395
99.902
99.767
100.21
99.861
100.248
99.816
99.993
99.872
100.083
100.157
99.914
100.158
100.09
99.384
100.15
100.207
100.034
100.199
100.425
99.409
99.974
100.241
99.673
99.928
100.384
97.488
96.903
98.943
98.282
99.854
98.097
94.519
98.432
97.711
98.256
98.075
97.782
97.872
98.248
97.673
98.015
98.56
97.85
98.406
97.68
98.425
98.086
98.17
98.233
98.413
99.921
100.03
100.068
99.929
98.15
96.545
98.718
98.978
99.988
97.82
98.199
94.823
97.696
97.951
98.075
97.542
98.53
98.263
97.519
98.511
98.034
98.289
97.839
98.552
97.681
98.15
97.899
98.214
98.282
99.868
100.305
99.56
100.199
99.842
100.192
99.425
94.906
99.27
99.23
99.394
99.925
97.794
98.191
95.162
97.053
98.225
97.963
97.894
98.192
98.023
97.695
98.466
97.902
98.211
98.079
97.962
97.733
98.185
98.184
98.278
98.771
100.112
99.824
99.992
99.824
99.909
99.94
99.948
100.53
99.721
99.839
100.105
99.775
100.255
100.143
100.139
99.598
99.808
100.128
99.985
100.086
100.147
99.767
100.233
99.782
112.913
90.854
96.496
98.681
105.105
91.567
106.531
90.214
107.455
89.417
107.519
89.098
96.887
97.864
97.391
98.192
98.729
103.534
96.185
100.146
96.838
98.594
97.719
98.83
97.963
97.605
98.353
99.177
100.327
99.098
99.135
95.857
99.139
99.181
98.365
97.154
98.673
98.808
100.045
99.331
99.831
99.958
100.083
99.782
100.162
100.169
99.797
100.079
100.019
99.902
100.274
100.057
99.894
99.929
99.932
99.466
100.162
100.038
99.722
99.815
100.56
99.527
99.992
101.098
98.56
97.932
94.249
97.876
97.909
98.399
97.921
98.425
97.902
97.985
98.135
97.673
97.872
98.064
98.162
98.688
99.47
96.387
99.102
102.297
100.312
102.992
99.789
97.155
97.158
98.203
101.383
96.639
99.88
97
97.985
99.966
98.703
99.951
99.97
99.658
99.921
99.974
100.094
99.936
99.962
99.959
99.842
100.229
99.823
99.937
100.24
99.643
99.605
99.97
99.824
99.966
99.827
99.639
101.744
98.425
98.079
93.959
98.154
97.872
97.966
98.034
98.056
98.094
98.342
98.241
97.353
97.715
97.879
98.03
98.354
98.297
98.428
96.643
99.237
99.508
96.173
98.857
99.913
98.846
99.97
99.925
99.233
104.609
97.342
99.523
98.654
99.928
100.128
99.959
100.041
99.816
99.951
99.752
99.778
99.47
100.162
99.8
101.482
98.398
98.354
94.127
97.824
97.981
97.786
98.191
98.327
98.064
97.963
98.022
98.177
97.233
98.222
97.872
97.857
98.049
100.549
96.169
99.53
97.102
100.319
97.346
98.023
99.575
99.218
99.688
100.304
99.809
99.646
99.842
100
99.677
99.962
99.88
99.831
100.346
100.15
99.545
100.042
100.308
99.692
99.879
100.023
99.744
100.192
99.921
99.966
98.342
97.218
101.858
93.582
98.433
109.83
93.346
107.936
91.782
106.651
88.797
97.545
101.834
95.624
97.88
98.632
102.304
101.045
98.512
96.507
96.989
98.507
97.925
98.459
98.037
97.779
98.064
97.992
98.169
98.421
98.248
100.448
99.635
94.759
99.542
99.248
98.962
99.606
98.473
98.087
94.425
98.048
97.234
98.654
98.184
97.383
97.97
97.839
98.345
98.335
98.064
98.207
98.056
98.143
97.921
98
98.135
98.519
100.004
100.079
99.624
100.158
99.812
100.173
100.113
99.992
100.015
99.767
100.304
99.97
99.937
99.966
99.624
100.338
99.816
100.263
99.823
99.824
100.248
100.402
99.974
99.586
100.087
100.094
99.699
100.301
99.928
99.651
100.101
100.056
100.41
99.824
99.992
99.887
100.29
99.789
100.256
99.864
99.7
100.173
99.913
100.151
99.721
99.888
100.454
99.685
100.349
99.76
100.199
99.816
99.816
94.706
101.805
97.319
98.993
99.5
97.959
98.327
94.721
98.177
97.357
98.354
98.022
97.88
98.177
97.921
97.951
98.191
98.2
97.778
98.015
98.177
97.71
98.207
98.256
98.729
99.695
99.929
99.959
100.146
99.654
100.267
100.049
100.109
99.775
99.913
100.226
99.552
100.342
99.895
99.872
100.121
100.033
99.952
99.887
100.24
99.568
100.447
100.331
99.846
99.76
99.721
100.354
99.988
100.034
99.974
100.008
99.868
94.759
99.782
98.824
99.112
99.839
97.492
94.989
97.632
98.248
98.064
98.176
97.681
97.872
98.015
97.752
97.955
97.83
98.553
97.808
97.726
98.496
97.914
98.086
97.545
100.094
99.85
100.214
99.801
99.759
99.993
100.184
100.075
100.124
99.489
94.688
99.211
99.18
98.496
99.609
98.448
94.778
97.368
97.902
98.312
98.64
97.56
98.297
97.327
98.267
97.823
98.293
97.944
97.68
98.335
97.962
97.76
97.985
98.511
99.632
100.451
99.958
99.775
100.319
99.794
99.943
100.026
99.888
100.334
100.327
99.624
99.858
99.906
100.078
99.858
100.116
100.136
99.834
100.143
99.823
99.7
94.996
98.842
99.752
98.402
99.079
98.936
95.008
97.319
98.271
97.977
98.072
97.368
98.207
98.079
98.019
97.921
98.007
97.993
98.127
98.294
97.834
98.263
97.88
97.936
99.929
100.143
99.68
100.109
99.842
99.951
99.884
100.334
99.576
94.759
98.929
99.424
99.03
99.609
98.279
94.545
97.665
98.079
98.256
98.082
97.94
97.993
98.233
97.545
98.263
97.857
98.094
97.899
98.853
97.714
98.072
97.616
98.023
99.083
100.909
99.737
99.703
99.993
99.958
99.985
100.335
100.026
99.918
100.048
99.922
99.83
99.816
100.241
100.327
99.864
99.914
100.094
99.97
99.718
100.252
99.895
99.838
100.338
99.816
100.128
99.733
100.289
99.899
99.662
94.857
99.101
99.241
98.887
99.553
98.195
94.718
97.617
98.045
98.218
97.88
98
97.958
97.756
98.101
97.73
97.943
98.008
98.248
97.695
98.151
98.146
97.895
98.632
99.879
100.019
99.684
100.346
97.696
96.571
99.294
98.751
99.936
97.88
98.474
94.368
97.621
98.33
98.038
97.53
97.966
97.745
98.09
98.263
98
98.289
98.109
97.899
98.263
97.696
98.086
98.248
98.681
100
100.199
100.041
99.44
100.402
100.166
99.71
100.075
100.008
99.944
100.342
99.458
100.369
99.789
99.914
100.064
100.176
99.895
100.154
99.861
100.188
99.782
100.192
99.703
100.034
100.233
99.887
131.47
94.665
97.801
103.135
91.399
105.936
99.346
102.91
95.921
111.518
96.403
97.421
97.552
100.395
98.087
97.68
98.049
97.752
98
98.222
97.729
98.519
100.56
97.113
99.105
96.526
97.929
99.759
97.105
98.61
99.406
98.601
99.925
99.801
99.518
100.467
100.105
99.613
100.323
99.361
99.925
99.785
101.527
98.12
98.049
94.105
98.361
97.895
98.361
97.83
98.064
97.782
97.944
98.376
98.793
97.135
97.891
104.76
97.654
97.53
97.372
98.218
100.226
99.357
99.177
98.887
98.289
99.583
96.474
99.789
96.786
98.718
99.034
99.515
99.789
99.504
100.361
99.808
99.568
99.68
101.639
97.839
98.248
93.632
98.195
98.399
97.624
97.857
98.327
98.079
97.872
97.759
97.88
97.985
98.015
97.944
98.849
98.072
97.864
99.218
99.632
96.511
99.737
97.071
98.854
99.248
98.707
100.12
99.526
99.561
99.639
99.815
101.617
97.951
98.643
93.782
97.496
98.049
98.271
97.977
97.936
101.737
102.391
97.35
97.977
98.199
97.978
98.199
98.88
97.511
97.56
97.899
100.526
97.241
99.631
96.282
99.102
98.594
95.639
99.725
99.042
99.026
98.398
99.959
99.553
101.785
98.031
98.327
93.496
98.098
97.864
98.361
98.173
97.692
98.109
98.177
98
97.977
99.263
96.865
98.526
97.97
97.248
99.981
96.673
98.015
98.951
98.29
97.154
99.632
98.774
99.884
99.563
99.816
99.651
99.981
99.827
99.737
101.315
98.057
97.962
94.545
97.591
98.022
98.203
100.767
97.417
98.245
98.44
97.601
97.647
98.105
97.361
98
98.673
97.504
98.383
99.008
98.71
96.515
100.293
97.034
101.113
103.974
96.304
99.128
99.511
102.936
97.647
104.147
95.518
101.609
96.752
100.553
104.071
95.801
100.128
99.774
99.497
96.312
99.007
99.042
99.736
98.192
94.872
97.654
98.546
97.913
97.44
98.15
97.816
98.801
97.368
97.857
98.008
97.985
97.568
98.413
98.049
98.184
97.914
98.003
99.749
99.864
100.308
99.888
100.176
99.609
99.952
100.233
100.071
100.154
99.733
100.267
99.865
99.974
99.958
97.545
96.185
99.375
98.64
99.488
98.376
94.808
97.858
97.988
98.091
98.022
97.921
97.978
98.086
97.929
97.951
98.034
97.83
97.985
98.414
98.026
98.158
97.955
97.718
99.752
97.248
96.816
99.511
98.624
99.121
99.68
98.248
94.658
98.271
97.774
98.305
97.864
97.921
98.809
97.12
97.917
98.128
98.195
97.925
97.944
97.913
98.079
98.249
97.808
97.951
100.049
99.936
100.034
99.857
100.086
100.008
99.801
100.199
100.105
100.177
99.428
100.26
99.895
100
99.872
99.887
100.44
100.056
99.76
100.078
100.083
99.925
99.97
99.737
100.086
100.384
99.906
99.511
100.44
100.199
99.906
99.726
100.21
99.887
97.414
97.007
98.978
99.075
99.917
97.688
94.809
98.135
98
97.759
97.921
97.914
98.477
97.512
98.015
98.458
98.207
98.083
97.966
98.353
97.91
98.042
97.984
98.354
98.286
99.567
99.944
100.319
99.76
100.361
100.105
99.511
99.936
97.32
96.338
99.44
99.541
99.346
98.03
94.835
98.192
97.808
97.752
97.943
97.895
98.177
97.831
98.034
98.03
98.609
97.928
97.711
98.161
97.929
97.733
98.211
97.808
99.654
100.034
99.789
100.091
100.142
99.824
100.455
97.176
96.899
99.094
98.695
100.083
97.981
98.481
94.73
97.789
97.887
98.042
97.481
98.105
98.286
97.714
97.974
97.65
98.271
98.504
97.496
98.406
98.049
98.24
97.858
98.545
100.327
99.917
100.162
99.898
99.823
100.2
99.71
97.617
96.729
99.038
98.793
99.857
97.974
94.891
98.613
97.383
97.921
97.872
97.808
98.155
98.03
98.12
98.278
98.241
97.304
98.098
98.128
97.846
98.146
97.933
98.225
99.113
99.801
100.398
99.433
94.688
99.033
99.549
98.658
99.823
98.106
94.582
98.031
97.864
98.361
97.56
97.887
98.177
97.553
98.094
98.049
98.21
97.718
98.121
98
97.751
98.049
97.497
99.214
99.673
100.206
100.128
99.85
99.665
100.294
100.24
97.402
96.542
99.248
99.128
99.304
98.184
98.361
94.305
98.015
97.902
97.636
98.293
97.609
97.767
97.985
97.958
97.884
98.022
98.312
98.151
97.831
98.297
98.033
98.207
99.361
100.184
100.023
99.786
99.879
99.985
100.199
99.959
99.729
100.271
100.169
99.887
99.527
100.282
94.68
99.214
99.658
98.673
99.846
97.673
95.064
98.079
97.921
97.831
98.289
97.583
98.09
98.207
97.703
97.977
97.79
98.041
97.76
98.312
98.319
97.857
98.091
97.909
99.771
99.568
100.285
99.816
99.959
99.936
100.177
100.09
100.297
99.413
100.207
100.722
99.383
100.057
99.943
99.937
99.879
99.944
100.361
100.12
99.718
100.12
99.873
97.458
96.199
99.264
98.736
99.591
98.297
94.849
98.463
97.071
98.136
98.09
98
97.752
97.688
98.454
97.617
98.583
97.56
98.128
97.955
98.079
97.958
97.775
98.176
99.865
94.752
99.255
99.809
98.176
100.042
97.582
95.384
98.271
97.785
97.816
97.32
98.086
98.068
98.165
98.248
97.921
98.057
98.169
97.895
116.015
91.643
104.045
95.643
104.236
91.271
104.417
91.233
104.177
91.887
104.545
91.264
97.879
98.248
97.666
99.568
99.214
108.312
103.737
96.59
102.12
101.523
95.797
100.338
101.895
101.007
101.715
100.045
95.507
104.463
98.59
98.113
101.289
98.079
102.128
95.921
100.35
95.996
99.229
99.639
98.121
100.184
99.955
99.575
99.545
101.301
98.041
98.158
94.432
97.801
98.346
97.398
98.391
98.049
97.816
98.154
98.158
97.455
98.143
97.707
97.751
98.361
98.136
96.714
99.372
98.444
96.485
98.402
99.797
98.857
99.745
100.041
100.071
99.489
99.481
101.286
98.241
98.319
93.823
97.809
98.218
98.372
97.289
97.978
97.049
97.503
98.613
98.098
98.241
97.518
98.591
99.515
98.079
97.65
98.797
96.361
100.12
96.327
98.978
104.831
96.176
98.914
99.293
99.015
99.617
99.657
99.688
99.711
101.526
98.403
97.913
94.222
97.895
97.729
98.184
98.214
97.861
98.271
97.605
98.169
97.546
97.447
98.15
97.778
98.903
98.304
97.745
97.086
98.857
96.034
98.91
100.722
98.605
98.609
99.834
99.734
101.391
97.714
99.071
93.895
97.56
98.072
98.522
97.816
97.688
97.902
98.402
98.177
101.03
97.425
98.015
97.688
97.759
99.899
97.101
100.801
95.951
100.617
97.184
97.929
96.53
99.654
99.222
98.665
98.944
99.515
99.759
101.384
97.992
98.286
93.53
98.398
97.857
98.294
97.68
98.248
98.015
98.083
98
98.335
101.048
97.328
97.511
97.868
99.654
98.873
99.533
96.602
97.312
101.921
95.989
97.906
98.59
98.85
98.793
100.007
99.865
99.966
99.519
99.699
99.662
99.673
99.785
99.76
101.485
98.075
98.109
94.075
97.918
98.21
97.718
98.072
97.259
104.868
90.451
98.978
104.853
90.481
101.414
97.639
104.267
97.342
98.399
97.665
95.887
97.568
96.21
102.846
95.361
99.418
99.718
99.736
99.73
102.789
97.978
96.12
99.233
99.045
99.417
98.44
98.087
95.146
97.91
97.936
98.218
97.519
98.305
97.977
98.429
97.627
98.429
97.737
98.184
97.955
97.989
97.955
98.293
98.098
98.03
99.921
99.985
100.406
99.586
99.865
94.894
98.839
99.511
98.771
99.293
98.218
94.775
98.375
98.106
98.105
97.752
98.052
97.929
98.105
98.087
97.857
98.143
98.113
98.312
97.962
97.91
97.985
98.304
99.711
96.913
100.094
100.079
94.545
98.906
99.527
99.21
99.045
98.034
95
98.192
97.801
98.406
97.537
98.079
97.793
98.399
97.504
98.176
98.2
98.218
98.022
98.042
98.368
98.135
97.974
98.297
98.594
99.936
99.895
100.086
99.899
99.958
99.944
99.681
95.165
98.797
99.549
98.722
99.334
98.072
94.744
98.233
97.632
97.951
97.643
97.823
98.921
96.925
98.233
98.041
98.215
97.721
98.151
97.639
97.692
98.342
97.913
99.045
100.098
99.726
94.691
99.222
99.455
98.609
99.985
98.023
94.688
97.616
98.222
97.552
97.643
97.959
97.816
98.526
97.914
97.83
97.85
98.297
97.681
98.063
97.937
98.533
97.73
98.285
99.722
94.824
99.214
99.564
98.519
99.413
98.226
94.71
97.936
97.673
98.29
97.575
97.552
98.463
98.162
98.007
105.665
99.437
100.139
96.518
100.985
96.354
101.165
95.523
100.943
95.76
100.789
95.872
100.914
95.553
100.789
97.132
101.823
97.413
102.425
97.169
102.921
97.117
102.857
97.263
102.467
97.71
103.098
97.334
102.057
97.658
102.022
98.03
102.376
97.211
102.383
98.136
102.097
98.045
102.064
97.136
102.778
97.703
102.368
97.594
102.936
96.974
103.331
97.222
102.105
96.959
102.906
97.563
102.068
97.823
102.072
97.778
103.181
96.83
103.012
96.973
102.403
98.041
102.413
97.561
102.184
97.744
99.767
99.978
102.639
97
102.778
97.357
102.459
97.74
102.643
97.406
102.481
97.489
102.496
97.519
99.632
99.951
100.304
99.737
100.113
99.936
99.951
100.32
99.849
99.918
99.958
100.324
99.657
100.437
99.808
100.128
100.033
99.88
99.936
99.673
96.192
97.214
100.154
98.576
99.725
97.85
94.902
97.985
97.842
98.199
97.681
97.958
97.952
98.263
97.793
97.891
98.357
98.211
98.157
98.474
97.504
98.199
97.846
98.075
99.121
100.109
100.048
100.151
100.376
99.594
99.943
99.944
99.928
94.41
99.102
99.586
98.839
99.864
97.985
95.064
98.199
97.519
98.233
98.057
97.582
98.042
98.255
97.846
98.523
97.872
98.094
98.011
97.981
97.722
98.222
97.857
98.575
98.681
100.064
97.206
96.929
99.673
98.455
99.383
97.978
94.943
97.906
97.733
98.113
98
98.042
98.142
98.128
98.406
97.497
97.601
98.041
98.03
98.098
98.008
98.034
97.789
98.602
99.496
99.575
99.91
100.297
99.673
99.992
94.696
99.24
99.703
98.809
99.68
98.241
94.278
98.522
97.35
98.523
97.319
98.541
98.098
98.064
98.064
98.041
97.591
98.12
98.248
98.263
98.019
97.936
98.071
98.286
98.489
97.44
102.8
99.64
100.255
100
99.793
100.215
99.906
99.973
99.921
100.425
99.399
100.007
100.376
99.771
99.966
99.944
100.466
97.12
96.861
99.515
98.79
99.665
98.113
98.071
95.098
97.868
97.594
98.222
97.835
97.853
98.026
97.703
98.264
99.007
97.139
98.102
98.161
97.79
98.12
98.008
98.011
98.789
100.057
99.808
100.369
99.68
100.023
100.266
99.662
100.09
100.44
99.496
100.102
100.09
99.647
100.086
100.508
99.575
99.895
100.041
100.143
99.872
100.015
100.162
99.613
100.567
99.557
100.214
100.233
99.823
99.767
100.339
99.917
99.827
99.677
100.007
100.44
100.147
99.789
100.203
99.575
100.057
100.015
100.161
100.06
99.955
97.342
96.771
99.271
98.808
99.759
98.113
94.951
97.929
97.44
98.255
97.801
98.256
98.349
98.267
97.831
98.064
98.177
97.895
98.12
97.977
98.327
97.929
97.782
98.395
98.334
100.113
99.399
100.176
100.128
99.823
100.305
99.849
100.023
99.85
100.165
100.041
99.745
100.342
99.97
99.895
99.977
100.007
100.313
99.815
99.76
100.361
99.631
100.049
99.962
94.591
99.27
99.361
98.752
99.463
98.199
94.985
98.24
97.448
97.639
98.225
97.546
98.56
97.857
97.925
97.77
98.35
97.774
98.034
97.978
98.135
98.128
97.985
97.894
99.963
99.767
100.109
100.274
99.857
99.703
99.903
100.097
100.429
99.714
99.632
94.872
99.417
99
98.681
99.646
98.226
94.857
97.669
98.147
97.981
97.872
97.872
98.192
98.008
97.879
98.354
98.184
98.271
98.12
97.767
98.026
98.177
97.872
98.47
99.049
100.015
100.007
97.234
96.872
99.368
98.711
99.951
97.643
95
97.992
97.59
98.256
98.184
97.425
98.015
98.098
98.364
98.196
98.116
97.745
98.199
98.233
98.248
97.748
98.47
97.632
98.639
99.759
100.497
99.77
99.925
99.899
100.184
99.872
100.03
100.425
99.59
99.951
100.196
99.782
100.233
100.022
99.794
100.15
100.026
99.752
100.038
99.928
99.617
100.282
114.222
99.21
90.305
104.086
94.553
105.143
90.71
105.12
90.745
107.752
96.906
97.135
98.481
97.628
101.53
97.97
98.286
95.895
96.481
103.255
96.587
100.56
97.887
97.214
98.256
98.65
97.801
97.711
97.778
98.015
98.297
97.695
97.726
99.801
98.759
97.865
99.455
96.056
99.545
96.369
105.526
98.177
96.658
99.015
99.064
102.229
98.771
98.853
99.489
99.962
99.868
99.843
100
99.71
99.515
99.902
99.809
99.511
101.128
98.154
98.718
93.759
97.771
98.004
97.932
98.192
97.583
98.12
98.222
97.218
97.526
98.338
98.143
97.921
97.496
99.079
96.73
98.549
99.218
96.601
98.966
99.395
98.733
99.602
99.376
101.293
98.376
98.225
94.162
97.688
98.199
97.489
98.038
98.537
98
98.158
97.808
99.177
96.921
97.921
97.767
98.609
99.308
96.154
97.658
98.2
99.684
96.763
98.966
98.835
99.534
100.225
99.369
99.928
99.47
99.65
99.831
101.418
97.924
98.376
93.857
97.681
97.913
97.997
97.819
98.173
98.376
97.744
97.827
97.647
97.929
97.703
98.342
97.876
98.349
98.233
100.376
99.312
96.609
99.797
96.831
98.715
98.601
99.391
100.199
99.553
99.913
100.185
99.612
98
93.937
98.225
97.872
98.038
98.233
97.759
98.091
97.83
98.361
97.654
98.185
98.274
97.312
97.357
98.128
98.011
99.733
96.305
98.793
97.399
99.105
99.538
98.733
99.567
100.147
99.654
99.41
99.861
101.699
97.553
98.248
94.128
97.477
98.361
98.334
97.937
98.105
98
98.064
98.071
97.327
97.459
98.15
97.651
97.845
98.455
98.44
100.609
95.895
99.748
96.237
99.575
98.714
99.482
100.308
99.579
99.549
99.947
99.199
99.88
99.895
101.312
98.161
93.602
108.429
87.375
108.433
87.184
104.695
92.403
97.079
100.921
96.556
99.203
96.944
95.534
96.928
100.572
96.413
99.248
97.715
100.654
95.127
101.681
98.545
99.79
96.21
99.229
98.602
99.846
97.785
95.384
97.639
97.594
98.271
98.007
97.891
98.143
97.598
98.402
97.838
97.801
98.327
98.098
98.015
98.041
97.711
98.041
97.617
100.184
99.925
100.218
99.767
100.466
99.789
99.474
100.271
100.191
100.185
99.823
100.177
99.567
99.88
99.906
94.711
99.169
99.143
98.808
99.466
98.184
95
97.455
98.034
97.91
97.872
98.184
98.057
98.078
98.064
97.816
97.944
98.218
97.688
98.383
98.305
98.199
98.128
98.545
98.974
100.21
99.519
100.128
100.425
99.759
99.857
100.03
99.707
100.436
99.808
99.816
99.951
100.154
94.639
99.779
98.808
98.703
99.41
98.549
94.571
97.763
97.978
98.297
97.898
97.684
98.17
98.206
97.775
97.977
98.312
98.154
98.256
97.823
97.959
98.083
97.872
98.222
99
100.353
100.071
99.978
99.725
100.249
100.191
97.068
97.094
99.233
98.838
99.32
98.304
98.414
94.883
97.583
97.944
97.887
98.049
97.872
98.162
97.973
98.177
97.88
97.582
98.29
98.007
98.297
97.97
98.151
97.808
98.914
99.864
100.151
100.157
99.553
100.056
100.282
100.237
99.681
100.218
99.774
97.354
96.342
99.658
98.518
99.786
97.944
95.24
98.008
98.037
97.587
98.455
97.992
97.718
97.824
97.77
98.406
97.914
98.064
97.744
98.775
97.537
98.256
98.079
98.191
98.85
100.369
99.789
100.154
99.609
100.214
99.865
100.184
99.651
100.259
99.951
99.914
99.808
100.744
99.553
100.414
99.507
99.951
100.158
99.929
99.985
99.785
100.109
99.993
94.56
99.218
99.12
98.918
99.744
97.887
94.666
97.815
98.015
97.824
98.056
97.496
98.121
98.383
97.936
98.316
98.094
97.985
97.808
98.222
97.68
98.666
97.669
98.192
99.883
96.327
97.831
99.376
98.639
98.842
99.489
98.639
94.072
97.601
98.342
97.745
97.83
98.226
97.59
98.192
97.913
97.865
98.248
98.369
97.793
97.598
98.233
97.879
97.737
99.76
99.631
100.286
99.496
100.263
99.985
100.376
99.433
100.154
100.327
100
99.951
99.992
100.064
99.76
100.12
100.169
99.673
99.974
100.473
99.534
100.068
99.932
99.891
100.278
100.057
99.887
100.064
99.729
100.35
99.842
99.887
100.271
99.786
99.879
99.824
100.255
100.154
99.944
100.162
99.846
99.71
100.305
100.007
99.97
99.992
99.91
99.936
100.192
99.808
100.433
99.936
99.895
100.187
99.824
99.71
100.072
100.105
100.023
99.992
100.248
99.718
100.083
100.022
99.73
99.958
99.794
94.951
99.135
99.553
99.015
99.432
98.267
94.91
97.842
98.101
98.072
98.297
97.353
98
98.222
97.993
98.255
98.226
97.827
97.917
98.184
97.944
98.199
97.448
98.383
98.353
99.978
99.895
94.951
99.447
98.65
98.767
99.673
98.384
94.413
97.692
98.425
97.895
97.68
97.902
98.008
97.943
97.594
98.064
98.106
98.022
98.406
98.011
98.136
98.357
98.034
97.567
100.305
99.97
99.485
94.793
99.846
98.955
98.342
99.338
98.124
95.083
97.504
98.319
97.583
98.515
97.981
97.872
97.73
98.383
98.079
97.666
97.928
98.305
97.688
98.127
98.087
97.865
98.789
99.203
95.041
99.113
99.662
98.823
99.696
97.658
95.093
97.098
98.008
97.616
98.32
97.921
97.906
97.771
97.8
98.162
98.327
113.895
88.552
97.531
97.751
107.978
97.308
104.177
92.425
103.985
91.661
97.835
97.372
98.147
97.537
99.312
97.008
99.101
99.82
98.462
108.278
105.715
98.767
99.454
96.313
100.488
102.587
102.376
96.214
98.921
103.526
95.215
103.274
103.481
95.902
98.35
103.297
96.865
100
102.962
102.241
99.876
98.049
96.338
99.944
102.729
102.504
95.597
99.545
102.538
103.06
95.684
99.031
104.83
97.346
97.624
103.342
96.264
100.522
102.831
96.568
100.879
104.192
95.447
100.29
103.88
96.21
99.511
102.568
97.214
102.76
100.274
95.583
102.545
101.045
102.921
96.346
98.842
103.173
101.91
100.489
100.68
98.376
99.425
99.816
96.879
99.248
101.218
100.846
101.376
101.128
101.929
97.206
100.508
98.368
96.485
98.666
97.879
99.282
99.124
99.474
99.526
99.658
99.936
99.602
99.925
100
100.064
99.958
99.587
100.361
100.142
100.031
99.139
101.47
98.063
98.034
93.057
98.462
98.526
97.745
97.928
98.192
98.113
97.703
97.819
97.433
97.413
98.56
98.568
100.094
99.835
96.537
99.549
98.154
96.872
98.064
97.681
99.342
98.361
99.304
99.936
99.895
99.417
100.222
99.696
101.364
97.861
98.448
94.071
97.85
98.263
98
98.105
97.831
98.101
98.211
97.835
97.924
98.403
96.838
98.489
99.105
98.414
99.793
98.575
96.32
98.842
96.943
98.064
99.248
98.662
99.955
99.774
99.339
99.759
99.695
100.234
100.063
99.343
101.522
98.214
97.794
93.812
97.932
98.308
97.489
98.568
97.778
98.255
98.376
98.895
97.425
97.383
98.497
97.56
98.654
98.132
98.469
98.328
100.323
102.455
97.319
99.215
96.394
97.23
99.169
99.631
98.568
99.511
100.027
100.007
99.823
97.226
108.726
87.282
107.838
87.936
123.071
77.636
97.383
98.038
104.913
90.658
97.767
95.549
97.658
98.071
97.959
98.128
98.026
98.12
98.35
98.188
98.109
99.305
99.567
100.008
100.026
100.045
100.128
99.835
99.774
94.609
99.327
99.575
98.865
99.248
98.331
94.477
98.064
98.448
97.665
97.455
98.041
98.312
98.079
98.305
97.774
97.993
97.872
98.026
98.256
97.725
98.042
97.962
98.053
99.985
99.718
100.041
97.417
96.113
99.519
99.568
99.752
97.729
94.774
98.072
98.022
97.809
98.067
98.256
97.887
98.056
97.583
97.872
98.185
98.03
97.962
98.41
98.007
97.903
98.184
97.646
99.609
99.703
99.696
100.169
99.929
99.921
100.007
100.136
100.191
99.857
100.087
100.177
99.744
99.737
100.207
100.368
97.417
96.478
99.248
98.609
99.801
98.485
94.488
97.944
97.85
98.105
98.03
97.816
97.842
97.861
98.049
97.928
97.839
97.793
98
97.834
98.263
98.031
97.962
98.128
99.872
100.06
99.963
99.969
100.485
99.482
100.184
100.056
99.433
100.319
99.895
100.338
100.008
100.064
99.665
100.252
99.545
100.289
99.978
99.808
100.278
100.008
99.913
100.102
99.85
99.845
99.993
100.241
100.105
99.774
99.951
100.256
99.786
100.214
99.883
100.166
99.943
99.658
100.358
100.018
97.809
96.454
98.944
99.056
99.576
97.665
94.887
97.872
97.922
98.263
97.966
97.808
97.951
98.154
97.711
98.195
97.775
98.094
98.034
97.977
97.917
97.696
98.387
98.023
99.71
100.211
100.214
99.767
99.616
100.26
100.052
99.722
100.278
100.008
100.034
99.658
99.932
100.38
99.74
99.97
99.993
100.173
100.128
100.131
99.797
100.09
99.895
100.169
99.902
99.963
100.094
99.417
94.681
99.248
99.248
98.598
99.594
98.176
94.895
97.729
97.775
98.034
97.703
97.879
98.794
97.526
97.985
98.248
97.88
97.703
98.248
97.609
98.03
98.177
97.921
98.928
99.568
100.135
100.406
99.707
100.165
99.692
100.151
97.383
96.902
99.057
98.631
99.891
98.079
94.688
98.015
98.087
98.041
97.921
97.981
98.267
97.793
97.741
98.169
98.049
97.774
97.944
98.177
97.977
98.222
97.857
98.135
99.091
100.214
99.921
100.135
99.88
99.951
100.105
99.794
99.782
100.552
99.978
99.59
100.199
100.098
100.007
100.147
99.493
94.695
99.368
98.873
99.12
99.722
97.902
94.729
97.801
98.049
98.03
98.086
97.516
98.357
98.049
97.823
98.289
97.993
98.071
97.775
98.447
97.944
98.154
98.233
97.733
102.523
97.39
99.888
100.327
99.537
99.76
100.056
99.831
100.481
99.376
100.256
100.327
100.049
100.097
99.576
100.086
100.346
100.049
99.609
99.989
100.169
99.673
99.853
100.113
100.361
99.646
100.339
99.5
100.556
99.887
100.425
99.357
100.218
99.775
99.921
100.391
100.154
99.605
99.752
100.459
100.169
99.91
100.015
99.594
97.902
95.97
99.774
99
99.951
97.624
98.433
94.489
98.03
97.267
98.218
98.094
98.007
97.647
98.176
97.873
98.071
97.744
98.151
98.019
98.12
98.105
98.011
98.083
99.696
99.503
100.143
100.098
100.056
99.824
100.304
99.857
99.981
99.715
100.03
100.128
100.127
99.922
99.793
100.567
99.568
99.808
100.136
99.864
99.914
100.244
100.297
99.718
94.677
98.902
99.809
98.973
99.771
97.789
98.771
94.853
97.824
98.628
113.533
92.873
97.368
106.733
89.628
103.398
104.098
103.015
102.222
100.504
99.834
98.598
105.714
103.718
105.914
99.222
95.075
99.286
97.233
99.936
99.03
98.906
98.568
99.503
99.752
99.827
101.884
97.714
98.207
93.646
98.339
97.823
98.406
97.771
98.432
97.47
98.297
97.602
97.357
98.056
97.835
99.304
97.91
98.759
96.673
99.707
97.271
98.951
96.718
98.898
99.023
98.872
104.951
97.136
99.5
98.612
100.264
99.556
99.733
99.553
99.958
100.027
100.966
98.135
98.474
93.864
98.128
98.049
98.312
97.872
98.271
97.665
98.087
97.737
97.312
98.045
98.083
98.887
98.594
98.816
96.116
99.827
96.583
99.568
96.71
99.395
98.703
98.703
99.857
99.504
99.943
99.752
101.297
97.624
98.35
94.169
97.816
98.255
97.888
98.425
98.657
97.079
98.906
97.685
98.21
99.199
96.651
98.334
97.527
99.282
99.872
99.319
96.222
98.369
98.169
96.849
105.557
97.488
96.97
98.568
99.793
98.591
99.808
99.816
99.751
100
99.376
101.391
98.218
97.903
94.417
97.718
97.801
98.233
97.853
97.85
97.808
98.083
97.782
98
97.793
97.853
98.666
98.03
98.898
99.335
99.098
98.977
96.335
99.406
96.699
98.748
99.474
98.534
99.996
99.62
99.632
101.139
98.327
97.959
93.97
98.255
98.094
98.004
97.74
98.339
97.695
98.624
98.35
98.617
97.282
97.616
97.966
98.207
98.026
98.455
98.553
96.143
100.007
97.098
105.056
97.839
96.992
99.305
99.233
99.064
98.917
99.744
99.921
99.624
99.711
100.049
99.906
101.327
98.233
98.008
94.105
97.981
98.128
97.695
97.951
98.188
98.703
97.718
97.538
98.113
97.868
105.226
90.41
104.424
92.549
96.801
100.071
103.384
93.154
95.568
97.695
97.842
103.997
101.082
101.087
98.951
99.594
96.537
99.143
98.959
99.688
98.616
94.211
97.718
98.481
97.421
98.44
97.196
98.413
97.56
98.512
97.954
97.831
98.233
98.079
98.185
97.879
98.41
97.741
98.105
99.808
100.286
100.004
99.909
99.85
99.921
99.974
100.09
100.335
99.718
100.056
100.41
99.541
99.963
99.639
100.289
100.365
99.586
100.177
100.064
99.902
100.072
99.744
100.41
99.552
99.918
100.184
100.225
99.951
100.136
99.97
99.669
97.714
97.12
98.655
98.898
99.192
98.086
94.993
97.913
97.959
98.023
98.12
97.68
98.448
97.879
97.673
97.85
98.342
98.008
97.921
98.056
98.12
97.726
98.338
97.47
99.85
99.902
100.323
100.072
99.782
100.199
100.083
99.752
99.951
99.894
100.624
99.7
99.823
99.846
99.97
100.278
99.639
100.369
99.921
100.048
99.888
100.27
99.497
100.135
99.887
100.083
100.474
99.838
99.511
100.192
100.616
99.767
99.85
100.03
100.026
99.73
100.255
100.015
99.842
97.493
96.898
99.358
98.68
99.519
98.368
98.489
94.722
97.334
98.049
97.786
98.116
97.771
98.692
97.346
97.913
98.094
98.29
97.894
98.147
98.06
98.29
97.97
98.064
98.744
100.135
100.199
99.576
99.695
100.369
100.466
99.902
99.808
99.978
99.744
100.222
99.816
100.191
97.553
96.793
99.087
98.707
99.823
97.951
98.278
94.929
97.872
97.714
97.617
98.015
98.022
98.121
98.424
98.023
97.97
98.03
97.774
98.027
98.135
98.199
98.275
97.928
98.576
101.015
96.552
96.73
99.263
98.864
98.966
99.343
98.146
94.921
98.188
97.402
98.425
98.632
97.071
98.376
96.97
98.192
98.214
98.312
98.271
97.872
98.41
97.838
98.459
98
97.801
99.8
99.925
100.233
99.745
100.191
100.297
99.733
100.008
99.538
99.928
100.391
99.816
100.098
100.334
99.602
100.293
99.722
99.951
99.943
100.267
100.087
99.616
99.918
100.428
99.854
99.665
94.989
99.056
99.196
98.973
99.519
98
94.587
98.041
98.015
98.342
97.53
97.463
97.977
98.271
97.767
98
98.338
98.207
98.184
98.015
98.331
97.989
97.552
98.233
99.846
99.808
100.452
99.838
99.872
100.12
99.936
99.888
100.361
99.646
100.057
97.398
96.801
99.071
99.072
99.658
98.312
94.462
97.921
97.936
97.658
97.974
98.097
97.76
98.049
98.327
97.729
97.838
98.121
97.849
98.173
97.737
97.816
98.432
97.872
100.346
99.613
99.94
100.263
99.808
99.895
100.105
100.03
100.305
99.583
100.041
100.477
99.858
100.075
99.406
100.207
100.161
100.087
100.064
99.864
99.97
100.23
97.135
96.834
99.023
99.256
98.417
99.425
98.47
94.432
98.064
98.553
97.936
97.736
98.166
97.857
97.801
97.808
98.282
98.068
97.819
98.496
97.301
98.184
97.937
98.481
98.567
99.963
99.831
99.736
99.696
100.113
100.376
99.71
99.951
100.331
99.831
99.887
100.143
100.098
99.849
99.94
100.098
99.823
100.346
99.782
100.09
100.102
99.707
100.045
99.879
100.083
100.271
100.03
99.628
97.605
96.496
99.512
98.627
99.606
98.391
94.876
97.812
97.586
98.342
98.072
98.24
97.696
98.139
97.748
98.38
97.973
97.944
97.97
98.086
98.128
98.079
97.778
98.064
99.041
100.072
99.959
100.127
100.034
100.072
99.943
99.929
99.951
100.263
99.342
100.617
100.195
99.654
116.279
99.793
92.331
97.556
97.274
106.256
90.414
104.53
91.361
105.503
90.279
107.985
88.936
96.966
98.571
97.158
97.703
100.297
97.711
102.274
102.865
99.158
97.785
97.873
98.157
97.786
98.681
101.045
102.56
97.474
97.68
98.703
97.914
99.59
96.842
98.199
97.481
100.312
96.654
100.779
96.334
98
100.136
96.951
98.56
99.034
98.47
99.609
99.958
99.921
101.121
98.936
97.887
98.383
93.681
97.977
98.109
97.978
97.928
98.121
98.24
97.846
97.872
97.827
97.903
98.221
98.624
98.459
96.745
97.537
98.192
99.816
96.439
98.756
99.402
99.248
99.587
100.007
99.711
101.447
98.459
99.767
99.47
101.53
98.064
98.263
94.335
97.891
97.853
97.808
97.884
99.511
99.5
97.568
97.849
98.072
97.71
97.538
98.105
98.583
98.695
97.346
97.91
99.628
99.278
96.752
97.504
98.872
98.808
99.071
99.944
99.338
99.982
99.657
99.647
99.842
99.839
99.962
99.767
101.549
97.891
98.349
94.049
97.681
97.815
98.32
98.086
97.628
98
98.519
97.15
97.745
97.695
98.297
98.786
98.327
98.85
99.229
97.801
97.24
98.666
96.511
98.966
99.481
98.617
99.767
99.823
99.575
99.906
99.632
101.105
98.47
98.56
93.809
97.977
96.831
99.729
97.181
98.586
97.91
97.898
98.008
99.15
97.609
97.271
98.432
98.497
99.842
99.342
99.744
96.951
100.793
98.906
99.846
98.842
97.008
97.192
99.079
98.992
98.801
98.342
98.936
111.384
99.962
101.071
97.816
98.263
100.034
102.673
98.493
101.36
107.305
98.801
96.793
99.932
96.395
98.056
99.576
97.278
98.631
99.324
98.853
99.985
100.079
99.568
99.864
99.207
99.906
99.951
101.402
98.422
98.503
93.019
105.365
91.259
100.214
97.162
97.478
97.552
99.09
104.391
92.576
103.086
92.316
95.71
96.936
97.929
98.654
98.057
99.721
96.624
98.775
100.823
99.632
99.383
99.387
96.121
99.214
100.113
98.349
97.876
94.692
98.147
97.661
98.267
97.399
98.44
97.695
97.857
98.158
98.184
97.632
98.177
97.936
97.849
98.448
97.665
98.184
98.824
100
97.541
96.771
99.391
98.383
99.816
97.515
95.022
98.042
98.192
98.157
97.745
97.985
97.646
98.015
98.064
97.85
98.015
97.865
98.127
98.17
97.624
98.191
99.151
96.928
99.647
100.282
99.929
100.236
99.53
100.192
100.027
97.334
97.256
98.894
98.312
99.752
98.248
94.944
97.929
98.146
97.632
97.616
98.03
97.993
97.895
97.894
98.027
98.098
97.875
98.203
98.207
97.801
97.992
97.91
98.369
99.473
100.553
99.823
100.192
99.673
99.56
94.737
99.229
99.113
99.015
99.447
98.29
94.944
98.112
97.647
97.977
97.809
98.214
97.759
98.113
97.759
97.952
98.33
97.73
97.718
98.278
98.274
97.73
98.022
98.715
99.515
99.706
100.376
100.023
99.992
99.715
100.349
99.545
100.17
99.943
94.711
99.718
99.507
98.222
99.778
97.752
95.102
97.872
97.571
98.06
98.32
97.827
97.669
98.481
97.794
97.973
98.395
97.744
98.121
98.237
97.736
98.673
97.568
97.88
99.154
100.207
100.022
100.305
99.673
96.391
98.176
99.121
98.838
99.594
97.925
94.665
98.267
97.981
98.072
97.759
97.346
98.15
98.361
98.008
97.785
97.944
98.135
98.403
97.909
97.835
97.974
98.289
97.959
98.962
100.173
100.064
99.688
100.015
100.147
100.334
97.346
96.816
99.128
99.037
99.707
98.038
98.511
94.545
98.049
97.59
98.177
98.376
97.466
97.91
98.083
98.022
97.929
97.992
98.391
98.008
97.879
97.824
98.255
98.098
98.695
100.113
99.824
99.958
99.921
100.136
99.891
94.676
99.203
99.44
98.959
99.793
97.872
94.824
98.263
97.782
98.556
97.03
98.135
98.064
98.17
98.03
98.026
98.03
98.346
97.733
98.019
97.943
98.106
97.932
98.259
98.654
100.264
100.353
99.733
99.635
94.88
98.76
99.473
98.831
99.368
98.136
94.928
98.215
97.402
98.598
97.522
98.271
97.417
98.087
98.007
98.248
98.425
98.113
97.646
97.963
98.086
98.414
98.225
97.937
99.469
100.027
99.583
100.545
100.263
99.936
99.568
99.552
100.29
100.616
99.406
99.857
100.177
99.974
100.522
99.286
100.376
97.225
97.087
99.071
97.354
95.601
96.997
98.481
97.643
99.214
97.489
98.646
101.835
100.037
98.718
96.41
97.32
97.767
98.218
98.007
98
98.248
97.666
98.116
98.26
98.03
98.624
99.714
100.406
99.951
99.842
99.76
100.631
99.624
99.899
100.365
100
99.537
100.271
97.402
96.681
99.263
98.079
101.135
98.008
94.161
97.936
97.568
97.594
98.109
97.88
97.928
97.985
97.767
98.026
98.102
97.992
97.993
98.056
97.681
98.143
97.992
98.214
100.027
99.924
100.234
99.744
100
100.823
99.515
99.805
100.082
96.305
97.774
99.73
98.549
99.522
98.094
95
97.587
97.966
98.049
98.018
97.606
98.27
98.121
97.793
98.086
97.842
98.072
97.966
98.169
97.872
98.102
98.113
97.752
99.616
100.369
99.65
100.391
99.601
100.294
99.842
99.248
95.143
99.128
99.567
99.057
99.721
98.256
98.087
94.319
98.44
97.823
97.594
98.312
97.846
97.602
97.582
98.211
97.981
98.376
97.977
97.865
98.128
98.218
98.214
97.85
99.413
100.113
99.624
100.271
100.12
99.85
99.913
99.805
100.079
100.289
99.489
100.286
99.864
99.993
100.44
99.744
100.143
99.921
100.192
99.801
99.872
100.143
99.402
100.492
99.707
99.959
100
100.579
99.383
100.91
99.827
99.718
100.47
99.631
100.061
99.342
94.879
99.312
99.211
98.398
99.391
98.632
94.511
97.538
98.143
97.992
98.391
97.617
98.146
98.03
98.121
98.064
97.744
98.199
97.929
97.849
98.591
98
97.992
98.169
99.662
100.327
99.53
100.233
100.023
100.222
99.744
99.771
97.808
96.15
99.346
98.981
99.433
98.128
94.879
98.29
97.609
97.966
98.327
97.368
97.809
98.007
97.985
98.026
98.053
97.97
98.023
98.297
97.913
98.158
97.992
98.057
99.56
99.733
94.899
99.086
99.553
98.992
99.745
98.296
94.681
97.808
97.865
98.47
97.631
97.842
97.576
98.255
98.222
97.884
98.221
97.512
98.297
98.018
97.82
98.323
98.192
97.951
99.354
99.503
100.222
99.617
95.049
98.984
99.703
98.767
99.576
98.082
94.745
97.718
98.015
98.383
98.128
97.417
97.794
98.496
97.575
98.199
98.105
98.297
98.079
97.88
98.463
98.026
97.981
98.105
98.865
97.079
97.207
99.026
98.759
98.73
99.782
98.793
94.199
97.816
98.162
97.924
97.933
98.037
98.027
97.718
98.022
98.267
97.993
97.654
98.263
98.241
97.928
97.936
98.391
98.098
99.782
100
100.402
99.76
99.782
99.906
100.391
100.176
99.651
99.876
100.225
100.177
99.725
100.29
100.071
99.857
99.696
100.432
100.064
99.767
100.169
100.094
99.515
100.222
100.207
99.68
100.203
99.801
100.143
100.165
99.384
99.977
100.226
100.436
99.707
99.872
113.09
89.996
96.699
98.711
98.816
97.143
107.466
97.327
97.737
101.421
110.436
97.767
96.913
97.918
97.533
100.076
96.815
105.801
104.166
95.857
100.597
103.613
101.414
98.977
96.688
98.192
97.59
98.73
99.255
98.688
99.951
99.914
100.037
100.185
104.439
96.696
99.771
99.229
99.756
101.319
98.756
99.443
99.737
99.703
99.824
100.022
99.914
99.511
101.68
98.094
98.162
94.162
97.736
98.053
97.865
98.191
98.313
97.642
97.703
98.301
97.308
97.624
97.959
98.463
99.793
97.079
98.857
97.056
97.647
97.376
98.819
99.222
99.072
99.68
99.816
100.056
99.854
100.048
99.884
99.575
100.015
99.838
99.888
99.353
99.771
99.925
100
99.857
101.225
98.79
97.616
94.53
97.752
97.647
97.951
97.936
97.85
98.15
99.263
99.715
97.056
97.865
97.815
98.087
98.767
98.473
96.113
98.981
99.143
96.73
97.218
99.056
99.541
98.865
99.97
99.56
99.887
99.647
99.887
99.801
99.778
99.831
99.959
99.56
101.928
98.207
97.658
94.417
97.966
97.722
97.951
98.057
97.737
98.541
97.632
98.394
97.47
97.699
98.012
98.082
98.173
97.034
99.064
99.098
98.207
98.778
96.534
99.191
99.448
98.515
100.199
99.925
99.737
100.082
99.982
99.515
99.894
99.677
99.94
101.007
97.88
98.658
102.406
100.35
99.857
99.744
99.85
100.094
101.225
98.136
98.432
93.759
97.97
97.647
98.199
98.278
97.835
97.789
98.282
97.993
97.616
98.361
97.342
98.226
100.56
96.925
97.466
101.568
96.184
97.632
100.342
98.173
96.996
100.041
98.752
99.865
99.639
99.88
99.71
99.756
100.045
99.778
99.632
99.725
101.587
97.767
98.417
93.553
97.845
98.256
98.008
97.793
97.519
106.481
89.928
104.399
92.098
109.206
89.342
103.162
90.906
98.617
97.966
98.225
96.79
95.331
103.917
97.914
99.793
100.428
99.482
99.864
100.575
101.057
98.105
96.496
99.121
98.654
100
97.68
94.737
98.248
98.158
97.752
98.022
97.602
97.872
98.128
98.113
98.049
97.853
98.083
97.879
98.158
97.963
97.966
98.098
98.383
99.135
100.279
99.77
100.248
99.854
99.515
94.703
99.27
99.433
98.729
99.526
98.312
94.636
98.094
97.902
97.729
97.952
97.906
98.248
97.631
98.278
97.779
98.413
98.008
97.481
98.12
97.978
98.391
98.15
98.041
99.594
99.857
100.151
100
100.12
99.869
100.21
99.865
100.022
100
100.113
100.609
99.369
99.853
100.282
100.12
99.88
99.752
97.879
95.985
99.655
99.056
99.737
97.744
98.526
94.696
97.774
98.459
98.12
98.072
97.879
98.128
97.88
97.887
98.177
98.225
98.072
98.015
97.913
97.959
98.105
97.918
98.267
100.015
100.383
99.808
99.963
99.853
100.211
97.436
96.834
99.087
98.567
100.512
97.857
98.744
93.857
98.271
97.466
98.342
98.121
97.872
97.831
98.09
98.319
98.207
97.872
98.128
97.914
97.909
98.425
97.85
98.35
97.928
100.218
99.703
100.376
99.594
100.229
99.568
100.526
100.106
97.064
97.297
98.83
98.944
99.752
97.977
94.688
97.97
97.793
97.91
98.654
97.267
98.478
97.631
97.985
97.929
97.816
98.289
97.737
97.831
98.473
97.933
98.128
98.071
99.124
100.079
97.759
96.711
99.188
98.613
99.56
98.293
98.139
94.808
97.967
98.353
97.767
97.601
98.106
98.18
97.801
97.707
98.101
98.064
98.353
97.651
98.316
98.263
98.304
97.779
98.992
99.838
100.072
99.827
100.526
100.015
99.361
99.703
100.369
99.842
100.079
100.327
99.552
100.32
99.977
100.166
99.752
99.864
99.846
100.489
99.801
99.849
100.015
100.241
100.263
100.297
99.44
99.992
100.03
99.816
99.842
99.854
100.195
99.745
100.372
99.985
100.033
100.008
99.624
100.282
99.838
100.03
100.218
100.185
99.906
99.733
100.319
100.034
99.902
99.576
100.255
100.057
99.864
100.042
100.161
99.895
100.158
99.432
100.282
97.951
95.76
99.902
98.628
99.966
97.774
95.004
98.087
97.767
97.879
98.049
98.192
97.902
98
98
98.004
98.188
98.432
97.88
97.763
98.485
98.008
97.996
98.485
98
99.951
97.586
96.903
99.12
98.955
99.462
98.072
95.127
97.914
97.838
97.944
98.327
97.898
98.046
97.954
98.23
97.898
98.049
98.072
98.015
98.143
97.921
98.263
98.034
98.086
98.921
99.609
99.936
99.782
99.978
99.823
99.887
100.263
100.177
99.816
99.992
100.064
100.113
99.88
100.27
99.857
99.978
97.616
96.606
99.643
98.492
99.714
97.602
95.064
98.413
97.831
97.842
97.959
97.985
97.966
97.921
98.071
97.824
98.233
98.071
98.154
97.929
97.959
98.146
98.136
97.988
98.906
99.497
95.022
99.105
99.504
99
99.575
98.192
94.857
98.44
97.402
98.406
97.44
97.887
98.384
97.673
98.135
97.978
97.857
97.823
98
98.391
98.226
98.221
98.027
98.045
98.834
100.023
99.865
100.142
99.944
99.865
100.376
100.097
99.76
99.59
100.113
100.695
99.639
100.004
99.932
97.531
96.12
99.549
98.688
99.819
98.312
94.534
97.872
97.895
98.432
97.812
97.846
98.312
97.985
97.632
98.158
98.368
98.256
97.785
98.343
97.864
98.282
98.053
98.034
98.496
97.632
118.496
100.218
90.229
98.29
97.71
108.801
90.199
105.327
90.786
99.297
118.782
95.53
98.853
96.955
97.605
98.049
98.185
97.68
107.887
100.136
99.751
95.275
104.853
99.267
97.35
97.992
96.906
99.342
99.297
98.993
98.789
99.794
100.398
100.068
99.725
99.681
99.985
99.473
101.342
97.79
98.481
94.177
97.71
97.824
98.075
97.895
98.27
97.459
98.128
98.128
97.751
98.113
97.824
97.672
98.816
98.654
98.824
99.729
99.519
99.233
96.417
99.662
97.282
98.695
98.782
98.722
100.823
101.027
98.571
100.173
99.598
99.752
99.729
99.342
99.88
100.064
99.729
101.41
98.631
98.23
93.496
98.105
98.312
98.042
97.782
97.759
98.594
97.733
98.211
98.398
97.135
98.44
97.707
98.662
99.33
96.185
99.564
96.503
97.403
98.703
99.466
98.91
98.883
99.846
99.921
100.192
99.511
100.383
99.609
99.888
99.703
100.218
99.357
99.97
99.857
99.797
101.891
98.049
98.158
93.71
97.752
98.041
98.008
98.53
97.816
97.936
98.432
98.824
97.165
97.992
103.858
97.793
97.165
98.121
98.394
99.59
98.2
98.417
97.105
98.76
96.481
98.357
98.993
99.454
99.008
100.474
99.778
99.71
100.256
99.71
99.828
100.255
99.669
99.685
100.086
99.613
99.778
99.726
99.642
100.222
101.32
98.316
98.214
94.056
98.158
97.745
97.921
98.289
97.617
98.357
97.65
97.744
98.053
98.053
97.699
98.827
98.68
98.072
98.15
96.568
99.504
98.361
96.951
99.161
99.279
99.064
99.962
100.244
98.865
99.921
100.026
99.748
100.124
99.869
99.714
100.136
99.545
100.398
100.128
100.154
99.944
100.135
100.56
100.177
100.15
99.632
100.447
99.97
99.793
99.861
99.865
99.929
120.496
97.943
103.079
99.602
93.68
104.151
92.402
103.688
92.271
104.721
90.854
98.402
96.113
99.492
105.53
101.384
99.703
100.007
100.091
99.439
99.959
99.696
95.56
99.921
98.673
99.639
98.218
95.222
97.488
97.576
97.951
98.064
97.864
97.816
98.056
97.899
97.695
98.305
97.628
98.034
98.112
97.88
98.432
98
98.688
99.888
99.793
100.567
99.369
100.064
100.391
100.007
100.064
100.019
99.891
99.635
100.087
100.113
99.77
100.463
99.661
99.993
100.417
99.959
97.139
96.853
99.275
99.094
99.552
98.079
98.786
94.049
97.624
98.342
97.639
97.808
98.034
98.166
98.056
98.007
98
98.128
98.162
98.007
98.312
97.929
98.158
97.808
98.872
99.955
99.888
100.048
99.929
100.413
99.632
99.929
100.056
103.609
101.823
95.696
98.519
102.571
97.816
99.951
99.782
100.44
99.891
99.917
99.763
99.966
100.391
99.985
100.015
99.824
99.894
100.41
99.587
100.037
99.929
100.086
100.226
99.658
100.173
99.891
99.815
100.553
99.59
100.278
100.106
99.928
100.015
99.752
100.327
99.673
100.008
100.169
99.857
100.327
99.921
99.534
100.368
100.185
99.545
97.639
97.041
98.79
99
99.522
98.207
98.135
94.519
97.778
97.779
98.582
97.711
97.816
98.68
97.383
97.985
97.752
97.839
98.169
98.079
98.192
98.511
98.075
97.711
99.15
99.996
100.151
100.214
100.011
99.974
97.105
96.925
99.131
99.245
99.601
97.809
94.695
98.481
97.271
98.075
97.737
97.94
98.128
97.992
97.872
97.929
97.936
98.199
97.955
97.868
98.433
98.203
98.222
98.368
100.184
98.609
99.974
99.917
100.196
95.616
98.575
99.369
98.729
98.399
99.537
98.35
94.571
98.124
97.745
97.68
97.921
98.271
97.752
98.162
98.184
98.334
97.824
98.409
97.497
98.248
98.056
98.03
98.44
98.064
99.816
100.191
99.433
100.41
100.048
99.959
99.966
100.098
100.207
100.079
99.361
99.992
100.538
99.808
100.086
99.779
100.191
99.993
99.812
100.056
100.049
100.072
99.688
100.515
99.909
100.185
99.815
100.049
100.169
100.2
99.27
97.624
96.688
99.391
98.786
99.929
97.556
95.481
97.538
98.086
97.696
98.105
98.034
97.71
98.29
97.989
98.097
97.752
98.448
97.872
98.154
98.165
97.779
97.718
97.969
99.361
100.109
99.985
99.745
100.12
100.353
99.534
100.064
99.76
100.688
99.992
99.921
99.902
99.794
99.688
100.503
99.85
100.165
99.805
100.173
100.007
95.681
98.594
99.173
98.65
99.598
98.304
98.034
94.823
98.2
98.007
97.899
98.03
98.056
98.057
98.214
97.943
98.29
98.248
98.143
98.511
97.56
97.794
98.135
98.361
97.752
99.673
100.376
99.488
100.023
100.455
99.706
99.944
99.865
99.725
100.56
99.85
100.03
97.417
96.087
99.395
98.932
99.601
98.331
98.564
94.459
98.079
97.895
98.048
97.952
97.857
98.12
97.793
98.045
98.106
97.936
98.552
97.842
98.245
98.169
97.865
98.165
98.658
100.109
100.244
99.79
100.225
99.237
100.402
99.786
100.199
100.391
99.703
99.835
100.086
99.937
99.864
100.485
99.891
100.376
99.47
99.609
100.098
100.391
99.714
100.286
99.68
99.985
100.248
99.681
100.229
99.914
97.473
96.79
99.222
99.041
99.263
98.154
95.042
98.015
97.782
98.218
97.751
121.008
87.59
96.85
108.906
100.669
104.474
98.101
101.681
101.631
102.512
97.891
97.552
100.35
106.913
104.752
95.624
99.241
103.143
96.921
99.616
101.718
97.842
101.745
102.853
101.696
95.394
98.937
103.823
99.688
99.113
98.263
99.406
103.09
96.192
100.59
103.801
96.03
99.522
103.846
99.729
98.925
97.188
100.591
102.898
101.609
95.823
100.2
102.56
96.383
102.647
102.041
95.59
100.233
98.354
96.447
99.88
98.887
98.778
99.654
100.049
100.098
99.838
100.049
99.624
99.858
100.101
99.654
101.489
98.601
97.88
93.568
98.135
98.147
97.936
98.237
97.77
98.158
98.29
97.278
97.511
98.12
98.425
97.56
98.162
98.414
98.673
99.285
96.38
100.165
96.504
98.666
99.582
99.169
99.609
99.816
100.192
99.91
99.804
99.839
99.951
98.665
101.03
98.263
98.482
93.353
98.789
97.715
97.612
98.113
98.177
98.105
97.647
97.65
98.038
97.695
97.94
98.756
98.755
96.624
103.079
96.989
98.835
96.658
98.759
97.368
98.952
99.56
98.695
99.801
99.966
99.771
99.91
99.8
99.327
99.94
101.869
98.218
98.079
93.391
98.022
97.921
97.944
98.575
97.729
97.459
98.733
97.162
97.654
98.312
98.034
97.669
98.225
98.576
98.639
99.571
96.538
99.387
96.722
98.849
99.647
98.312
99.831
99.857
99.639
99.681
99.703
101.567
97.955
98.485
94.098
98.15
97.538
98.169
98.165
97.474
98.357
98.241
97.752
98.131
99.256
97.064
99.319
97.673
100.632
99.094
96.128
99.763
96.312
98.613
96.522
98.688
99.974
98.459
100.094
99.943
100.147
99.207
99.624
100.056
99.477
101.425
99.079
93.451
103.921
101.504
101.12
104.046
97.951
103.24
98.376
103.226
97.646
97.241
120.03
87.425
99.56
95.056
102.087
100.083
100.248
100.015
99.737
100.304
99.681
99.902
100.255
99.858
100.142
100.016
99.951
100.09
100.177
99.56
100.59
99.887
99.714
100.087
99.812
100.147
99.857
99.962
100.173
99.801
100.24
100.008
99.85
99.815
100.455
99.978
97.353
96.669
99.057
98.327
100.27
98.012
94.924
97.715
97.816
98.368
97.88
98.064
98.056
97.895
97.752
98.225
97.808
98.079
98.207
98.049
98.391
97.977
98.177
97.808
98.696
99.992
100.433
99.398
100.639
99.666
100.064
100.255
97.128
96.083
99.582
98.343
99.759
98.049
94.737
98.312
98.406
97.737
97.954
98.606
97.304
98.211
97.613
98.368
97.624
98.289
98.328
97.744
98.169
98.35
97.827
98.12
99.237
99.834
99.598
95.169
99.038
99.346
98.838
99.481
98.218
94.861
98.2
97.684
97.519
97.688
97.958
97.688
98.278
97.786
98.105
97.809
98.007
98.072
98.248
97.808
97.921
98.105
98.32
100.045
100
100.034
99.925
100.195
99.823
99.978
99.861
94.451
99.301
99.496
98.68
99.624
98.643
94.88
97.564
97.722
98.594
97.605
98.447
97.899
98.15
97.959
98.004
98.357
97.8
98.079
98.252
98.35
97.838
98.433
98.199
97.992
99.466
100.448
99.729
94.549
99.53
99.526
98.737
99.384
98.695
94.256
97.507
98.256
97.895
97.823
98.049
97.917
98.324
97.849
97.936
98.493
97.432
98.399
98.259
97.801
98.128
97.823
98.12
99.688
99.959
99.857
100.165
99.786
94.789
99.516
99.894
98.658
99.775
97.985
98.214
95.007
106.388
97.184
96.605
100.703
94.906
98.158
102.289
102.249
96.297
97.165
100.252
96.278
97.632
98.127
98
98.512
97.785
98.087
98
98.199
97.707
98.214
98.162
100.214
99.32
100.105
97.455
96.913
99.233
98.737
99.677
98.105
98.113
95.229
97.388
97.789
98.128
97.695
98.85
97.297
98.086
97.873
98.327
98.105
97.88
97.985
98.319
97.85
98.413
97.857
98.76
99.526
100.339
99.838
100.011
100.62
99.76
97.353
96.587
99.703
98.409
100.117
97.816
98.383
94.602
97.567
98.015
97.929
97.978
98.248
98.221
98.034
98.128
98.105
97.726
98.218
98.143
98.007
98.248
98.042
98.158
98.319
99.985
99.786
100.056
100.008
99.703
100.368
99.824
100.079
99.992
100.056
100.354
99.951
97.481
96.62
99.203
98.797
99.196
98.568
98.823
94.312
97.959
97.353
98.368
97.794
98.173
97.887
97.77
97.809
98.214
98.402
97.869
98.124
97.823
98.023
98.176
97.752
99.192
99.943
100.313
99.672
99.703
100.136
100.041
100.489
99.425
97.616
96.237
99.323
99.136
99.534
97.808
95.567
97.553
97.823
98.128
98.049
97.76
97.642
98.515
97.794
98.439
98.546
97.27
98.587
97.661
98.106
97.774
98.41
97.857
99.184
100.079
97.575
96.448
99.522
98.76
99.631
98.015
98.53
94.726
97.842
97.974
97.955
98.188
97.913
97.688
97.88
98.015
98.346
98.105
97.865
98.135
98.413
97.666
98.304
98.177
98.173
99.579
98
97.192
98.688
98.782
100.12
97.921
98.015
94.823
97.688
97.816
98.019
97.718
98.368
98.106
98.056
97.782
98.376
97.714
98.03
98.113
98.511
97.553
98.233
100.207
96.526
99.609
94.632
99.331
99.703
98.312
99.845
97.88
95.376
97.666
97.631
98.135
97.745
97.879
98.057
98.323
97.981
98.241
97.838
98.027
98.199
98.12
98.399
98.184
98
98.056
98.591
100.176
94.346
99.447
99.271
99.162
99.425
97.83
95.192
97.511
97.873
98.135
98.481
97.786
98.101
98
98
97.831
98.075
97.959
98.162
98.041
98.237
98.064
97.977
98.207
98.831
100.056
99.737
94.65
99.534
99.027
99.007
99.846
97.658
95.225
97.493
98.432
97.433
98.112
98.504
98.278
98.794
97.071
98.064
97.722
98.12
98.109
98.098
98.12
98.368
98.271
98.057
98.391
100.24
99.474
94.575
99.44
99.135
98.872
99.418
98.966
94.432
97.865
97.906
98.109
97.271
98.33
97.967
98.063
98.177
97.808
98.32
97.898
98.335
126.023
96.894
97.418
98.402
97.184
98.15
98.17
98.27
97.993
98
98.161
98.2
98.169
97.695
98.497
97.654
97.943
98.162
97.872
99.109
100.128
95.511
99.538
98.553
98.879
99.56
98.583
94.865
97.248
97.891
98.936
97.007
98.181
98.387
97.44
98.526
97.794
98.086
98.32
97.936
97.939
98.576
97.838
98
98.008
98.39
99.97
95.241
99.887
98.553
99.086
99.399
98.436
94.669
97.56
98.072
98.225
97.673
97.985
98.06
97.929
98.09
97.917
98.072
98.556
98.038
97.714
98.342
98.369
98.079
97.864
98.463
99.729
95.319
99.801
98.929
98.718
100.068
97.812
94.748
97.748
97.522
97.91
98.38
97.812
98.395
98.229
98.083
98.15
98.09
98.301
97.838
98.38
98
98.47
97.793
98.199
98.234
101.063
98.47
94.85
99.383
99.113
99.113
99.767
97.816
95.466
97.406
98.192
97.992
98.207
97.53
98.256
97.951
97.744
98.56
97.981
97.963
115.646
89.767
104.88
92.019
95.631
99.993
104.071
91.29
104.263
91.895
98.097
97.35
98.305
98.394
99.185
99.853
97.913
98.455
95.745
97.233
98.143
99.143
97.345
98.023
98.504
98.176
97.906
97.688
98.181
97.673
97.451
98.053
98.657
97.482
98.688
97.575
99.966
96.331
99.06
99.331
98.864
99.982
99.759
99.609
100.041
99.681
100.101
99.636
100.007
99.944
99.631
101.632
98.222
97.883
94.79
97.834
98.049
97.726
97.8
98.44
98.376
97.583
98.011
97.752
97.861
97.831
98.267
98.015
97.695
97.801
99.305
97.797
99.627
96.342
99.267
98.79
99.289
99.861
100.075
99.429
99.729
99.504
99.594
100.094
99.816
106.263
96.786
99.71
99.132
99.556
100.049
99.823
99.666
99.609
100.192
99.439
99.944
99.992
99.719
101.808
97.928
98.384
94.139
97.895
98.221
97.816
97.688
97.929
98.026
97.436
97.218
98.391
98.658
97.297
97.861
98.515
98.44
97.853
99.136
97.515
99.752
96.759
99.064
99.098
98.526
99.977
99.711
99.722
99.477
100.105
101.286
98.233
98.402
94.463
97.519
98.267
98.815
97.688
97.752
98.271
98.064
98.575
97.139
97.816
97.846
98.034
98.432
97.583
98.56
97.808
97.222
99.88
96.375
99.177
100.064
98.808
99.993
99.496
99.744
99.613
100.188
99.527
99.631
99.88
99.594
101.455
98.906
97.767
94.304
97.944
98.327
98.015
98.098
98.022
98.128
97.647
97.729
98.056
97.993
98.064
98.071
97.842
98.271
98.327
98.169
99.241
97.616
97.568
97.447
100.489
98.865
99.752
99.917
100.034
99.902
99.929
99.609
99.781
100.384
99.658
99.864
100.158
99.681
99.391
100.184
100.248
100.12
100.064
99.997
100.251
99.993
99.985
98.944
103.375
105.952
89.376
108.056
87.759
108
87.771
108.695
87.29
109.868
87.331
96.921
98.045
95.497
100.703
96.872
96.786
98.078
98.2
97.312
98.064
98.432
97.88
99.007
100.267
95.384
99.03
98.962
99.248
99.286
98.417
94.696
98.199
97.459
98.135
97.774
98.207
97.978
98.338
98.244
97.985
98.211
97.812
98.195
98.015
98.425
98.199
97.767
98.241
98.079
99.496
100.305
95.191
99.489
99.162
98.68
99.805
97.936
94.801
97.518
98.218
97.433
98.064
97.838
98.049
97.966
98.459
98.094
98.041
97.729
98.406
98.042
97.789
98.666
97.417
106.455
95.767
98.161
98.143
99.895
99.97
99.816
99.864
100.177
100.128
99.879
99.974
100.241
99.947
99.79
97.887
96.504
99.297
98.721
99.733
98.121
98.24
94.951
97.7
98.165
97.816
97.831
97.955
97.992
98.504
97.943
98.098
98.102
97.992
98.215
98.24
97.696
98.248
97.962
97.989
100.571
99.497
100.469
100.218
99.944
99.305
98
96.838
98.97
98.804
99.85
97.951
98.263
94.715
98.263
97.406
98.44
97.939
97.782
97.824
98.432
97.793
98.248
98.354
97.605
98.47
98.034
98.071
98.211
98.079
98.12
99.673
99.985
100.319
99.752
100.192
97.511
96.865
99.271
98.936
99.567
98.113
98.583
94.395
97.44
98.503
97.846
97.752
98.346
98.327
97.767
98.353
97.568
98.056
98.775
97.688
97.594
98.094
98.071
98.034
98.489
100.233
98.819
95.004
99.087
99.552
98.526
99.963
97.88
94.966
97.872
98.071
98.331
97.929
97.846
98
98.184
97.816
97.97
98.015
98.334
97.827
97.887
98.192
98.624
97.933
97.736
99.155
99.924
100.155
100.233
99.872
99.853
100.008
100.315
99.553
94.981
99.136
99.466
98.917
100.105
97.76
94.77
98.527
97.56
97.91
98.308
97.91
97.8
97.959
98.147
97.804
97.876
98.173
98.162
98.297
97.917
98.034
98.334
98.241
98.087
99.969
100.151
99.857
99.872
96.993
97.59
98.007
97.779
97.774
97.323
98.335
98.109
97.771
97.575
97.774
97.681
97.906
97.973
97.594
97.688
98.361
97.936
97.542
97.985
97.616
98.305
98.158
97.383
97.993
98.338
97.966
98.376
97.729
97.809
97.654
97.823
97.835
97.928
97.782
98.083
98.383
98.335
97.368
97.959
97.744
97.865
97.737
98.037
98.376
97.978
97.88
97.68
97.793
97.688
97.816
97.823
97.722
98.053
98.289
97.538
98.173
97.737
97.759
97.944
97.962
97.47
98.135
98.297
97.872
97.944
98.361
98.346
97.669
98.034
98.158
97.616
98.042
97.56
97.958
98.072
98.056
97.651
97.83
98.113
97.662
97.928
97.993
98.049
98.263
97.714
97.654
97.767
98.361
98.057
97.785
97.718
97.944
97.838
98.474
97.56
98
98.165
97.985
98.034
97.647
97.857
98.184
98.241
97.887
97.305
97.703
98.12
98.049
98.263
97.68
98.143
97.865
97.944
97.913
97.549
98.21
97.658
97.846
98.121
98.071
97.865
97.733
97.906
97.567
97.842
98.215
98.113
98.063
97.35
98.034
97.88
98.086
98.154
98.425
97.59

------------------------------------------------------------------------------------------------------------------------------------------------
max val(#92) = 8428.66us
min val(#5446) = 77.64us
peak-to-peak = 8351.02us
mean +- RMS = 100.07 +- 91.54 us

packet size: 516
number of packets: 10000
RATE = 41252.60kbps, PPS = 9993.4
