Destination address set to 01:1B:19:00:00:00
Defaults: 01:1B:19:00:00:00 or 01:80:C2:00:00:0E
SIOCSHWTSTAMP: tx_type 1 requested, got 1; rx_filter 0 requested, got 0
setting ts_flags: 0x53
new ts_flags: 0x53


gap of hw tx time, us: packets 10000:
------------------------------------------------------------------------------------------------------------------------------------------------
0
293.921
302.397
285.361
302.4
286.004
302.397
286.163
296.316
293.203
302.397
286.084
306.556
333.762
259.201
329.676
302.403
276
318.878
302.402
285.997
302.402
277.2
309.44
280.162
302.398
289.839
302.402
292.161
302.399
282.481
302.399
277.838
302.402
286.32
302.398
290.801
302.402
331.999
303.839
276.477
307.124
277.761
309.837
262.96
274.082
313.839
273.601
306.32
279.518
302.399
281.203
306.158
284.162
302.398
284.079
302.402
285.282
302.399
286.477
302.402
285.282
302.399
286.398
302.403
328.717
259.204
328.796
259.2
313.281
266.241
292
302.399
303.521
279.118
273.44
318.161
302.398
284.722
302.398
285.76
302.402
286.162
259.2
328.879
259.2
281.037
302.403
278.398
302.399
282.082
302.399
286.643
302.397
285.524
302.397
287.599
302.401
284.001
302.398
285.922
302.397
286.242
302.397
285.603
302.397
285.283
302.402
286.316
302.402
326.481
259.2
328.717
259.2
315.202
264.562
321.596
266.404
306.559
281.681
306.879
281.279
304.24
284.398
302.402
285.201
302.397
286.402
302.399
285.362
302.397
285.922
302.402
286.08
302.397
285.441
302.397
286.562
302.401
285.681
306.559
305.2
302.399
288.639
279.763
293.038
302.402
285.038
302.402
285.76
302.398
286
302.402
288.079
302.399
284.244
302.399
284.879
302.399
285.44
302.402
285.759
302.399
286.639
302.402
286
302.402
285.279
302.398
285.921
302.399
285.921
302.398
284.083
302.398
287.681
302.398
285.601
302.399
282.963
302.398
285.921
302.399
328.481
259.199
325.602
261.68
314.399
269.921
318.398
266.801
306.481
280.718
307.681
280.879
306.959
281.44
302.402
286.079
302.399
285.282
302.398
285.361
302.402
286.718
302.399
285.601
302.399
285.921
302.402
286
279.277
311.682
272.638
312.001
302.401
282.719
302.398
328.481
259.199
314.402
266.321
320.957
266.723
317.439
271.918
305.202
282.719
305.68
281.76
302.402
285.918
302.401
286.001
302.398
290.319
302.402
281.52
302.401
285.438
302.401
285.839
302.401
286.001
302.398
286.163
302.397
282.802
302.401
285.599
302.397
286.242
302.397
286.005
302.398
285.441
302.401
285.997
302.401
285.919
302.402
285.921
302.397
285.603
302.398
285.921
302.398
285.76
302.402
285.839
302.397
286.321
302.401
285.441
302.402
285.997
302.401
285.839
302.401
285.603
302.398
288.237
302.402
285.76
302.398
286.241
302.398
284.883
302.398
286.964
302.397
284.96
302.402
285.918
302.402
286.398
302.403
285.357
302.401
286.159
302.401
285.362
302.398
286.001
302.397
286.001
302.402
285.602
302.397
285.922
302.399
285.759
302.401
285.678
302.401
285.84
302.401
289.121
302.398
282.719
302.401
286.08
302.401
285.441
302.398
285.76
302.398
286.162
302.399
286.003
302.398
285.922
302.399
292.24
302.398
322.319
259.204
326.638
259.201
316.318
266.321
321.679
268.321
304.239
282.963
305.357
281.843
302.397
283.361
302.399
285.759
302.402
285.682
302.397
285.843
302.398
286.321
302.397
286.242
302.401
285.599
302.401
285.358
302.401
286.001
302.398
285.681
302.398
286.324
302.398
286.079
302.402
285.2
302.397
285.765
302.397
286.08
302.398
286.004
302.394
285.606
302.398
285.681
302.399
285.44
302.397
286.242
302.401
285.839
302.402
286.001
302.397
285.843
302.399
286
302.397
286.084
302.397
285.603
302.397
285.682
302.397
286.001
302.403
285.597
302.402
285.677
302.402
285.922
302.397
285.76
302.402
286.159
302.401
285.599
302.402
261.518
307.358
319.601
281.44
277.602
338.239
318.801
259.2
312.717
265.765
322.639
265.597
317.842
270.797
307.125
281.357
306.962
280.639
302.399
286.481
302.398
285.282
302.399
286
302.398
286.403
302.398
285.282
302.398
285.922
302.398
285.602
302.398
286.48
290.723
294.399
302.398
285.602
302.398
328.88
259.199
321.841
259.283
320
267.038
321.921
266.161
307.44
280.88
306.959
280.718
318.799
269.765
302.398
285.917
302.403
285.439
302.399
286
302.402
286.079
302.399
285.842
302.398
285.602
302.398
285.042
302.398
290.643
312.8
295.518
281.441
307.759
290.161
269.118
302.401
285.039
302.401
286.08
302.398
286.083
302.398
285.76
302.401
285.682
302.397
285.84
302.401
286.001
302.397
286.964
302.397
328.32
259.199
322.801
259.2
319.522
266.478
322.24
265.441
306.401
282.32
304.796
281.441
302.401
285.043
302.397
285.922
302.398
286.482
302.401
285.599
302.398
285.042
302.397
286.084
302.398
286.001
302.397
285.524
302.397
286.403
302.398
285.52
302.401
286.08
302.397
285.441
302.402
286.158
302.402
286.399
302.398
285.125
302.397
285.761
302.397
288.561
302.401
285.761
302.398
286.403
302.397
285.441
302.401
285.997
302.402
287.922
302.397
283.441
302.398
286.482
302.401
285.52
302.397
285.922
302.402
285.516
302.401
285.843
302.399
285.759
302.401
286.321
302.397
328.801
259.199
313.042
266.64
278.639
309.838
275.523
314.639
303.92
282.798
305.679
281.922
302.402
286.237
302.402
285.922
302.397
285.52
302.401
285.52
302.398
286.722
302.398
284.963
302.399
285.921
302.397
286.325
302.397
284.96
302.398
286.083
302.399
286.078
302.402
285.922
302.398
286.162
302.397
285.52
302.401
286.001
302.398
285.681
302.398
285.681
302.403
286.158
302.401
286.08
302.397
284.881
302.402
286.158
302.401
285.441
302.399
286.8
302.402
285.519
302.398
285.76
302.402
285.598
302.403
286
302.398
285.523
302.397
286.001
302.398
286.241
302.402
285.76
302.397
285.682
302.397
286.242
302.402
285.199
302.398
285.764
302.395
285.846
302.393
285.844
302.397
285.603
302.401
287.839
302.398
283.843
302.398
286.56
302.398
285.843
302.399
285.439
302.403
286.24
302.398
285.52
302.401
285.76
302.398
285.843
302.397
286.321
302.401
285.2
302.398
286.08
302.401
285.441
302.398
286.079
302.402
286.478
302.401
284.723
302.398
286.08
302.401
285.839
302.401
285.757
302.401
329.361
259.2
326.958
259.204
314.958
267.362
321.514
266.324
305.36
282.719
305.841
282.718
302.402
285.761
302.401
285.759
302.399
285.759
302.403
287.76
302.397
283.599
302.402
286.241
302.398
329.281
259.201
321.999
259.2
320.24
266.32
321.356
266.325
306.72
281.839
306.879
281.2
302.402
286.399
302.398
285.522
302.399
285.601
302.399
287.922
302.401
284.238
302.401
282.719
302.402
328.958
259.201
326.16
259.2
316.319
267.121
321.838
266.241
305.92
282.159
306.161
282.24
302.399
285.921
302.399
285.601
302.399
286.079
302.402
286.241
302.398
285.042
302.398
286.644
302.397
328.158
259.204
323.198
259.2
319.518
266.325
322.077
266.802
305.759
282.561
305.356
282.56
302.402
286.159
302.401
285.599
302.398
285.843
302.401
285.437
302.401
285.922
302.398
288.482
302.398
325.842
259.2
323.679
259.201
319.119
266.478
321.684
266.159
308.957
279.362
306.559
281.839
302.402
285.68
302.399
286.403
302.398
285.839
302.401
285.279
302.402
285.279
302.401
286.321
302.398
286.241
286.717
284.162
291.44
323.842
295.436
332.564
259.2
315.278
266.079
320.883
266.399
321.522
266.718
306.32
281.68
307.279
280.879
302.402
286.32
302.399
285.838
302.402
286
302.398
270.161
293.042
292.718
339.759
270.324
302.399
285.199
302.399
285.601
302.399
285.921
302.402
286
302.398
285.44
302.399
286
302.402
286
302.399
286.082
302.399
285.44
294.24
294.801
302.398
286.482
302.398
284.643
302.399
285.921
302.398
285.838
302.403
286.079
302.402
285.598
302.402
285.996
302.402
285.361
302.399
286.398
302.403
285.116
308.004
281.278
320.319
288.083
259.2
302.398
302.397
283.761
302.401
286.001
302.401
286.238
302.402
287.681
302.397
283.761
302.397
285.843
302.398
286.084
302.397
285.362
302.398
285.922
302.398
286.323
302.394
285.366
302.397
285.761
302.402
285.917
302.402
285.598
302.402
286.561
302.397
285.362
302.399
285.68
302.401
285.84
302.401
285.196
302.402
286.241
302.398
286.403
302.397
285.362
302.398
285.843
302.397
286.641
302.401
284.881
302.398
286
302.401
285.84
302.401
285.599
302.401
286.32
302.398
285.441
302.397
285.764
302.398
286.242
308.878
279.2
302.398
286.001
302.401
286.321
302.397
285.283
302.398
285.922
302.402
286.079
302.397
285.603
302.398
285.922
302.397
285.839
302.402
285.681
302.398
285.681
302.398
286.241
302.401
286.96
302.401
284.479
302.401
285.76
302.398
285.52
302.402
286.481
302.398
285.362
302.397
286.001
302.398
286.004
302.398
285.839
302.401
285.678
302.401
285.682
302.397
286.242
302.401
285.761
302.397
285.362
302.401
285.918
302.398
285.843
302.398
286.083
302.398
285.279
302.401
286.001
302.398
287.121
302.402
284.718
302.398
329.12
259.203
269.437
310.082
278.478
309.999
313.361
274.403
306.157
282
263.441
284.801
302.399
278.244
302.398
278.482
302.398
282.639
302.399
285.842
302.401
288.636
302.402
282.398
302.402
286.242
302.398
286.403
302.397
328.959
259.2
322.879
259.204
318.957
266.802
321.68
265.677
309.12
279.684
306.876
281.121
302.401
285.44
302.399
286.32
302.402
285.839
302.401
285.681
302.398
285.922
302.399
286.161
302.398
285.602
302.398
283.441
302.397
287.764
302.398
326.718
259.204
323.597
259.204
319.198
266.478
322.003
266.478
305.597
282.565
305.597
282.881
302.397
285.603
302.401
285.362
302.397
286.478
302.402
285.441
302.397
285.682
302.401
287.52
302.401
327.838
259.201
327.119
259.2
315.36
266.96
323.758
265.603
306.397
282.482
305.68
282.161
302.399
285.361
302.398
285.84
302.401
285.838
302.403
286
302.398
286.001
302.401
285.761
302.397
286.242
302.401
285.599
302.401
285.839
302.398
285.283
302.397
286.08
302.403
285.838
302.401
286.001
302.398
283.598
302.402
285.681
302.398
286.001
302.402
285.759
302.398
285.843
302.398
329.199
259.203
313.68
266.557
321.36
266.561
318.56
269.76
313.679
274.641
272.642
336.879
262.242
299.996
318.24
280.963
302.397
286.561
259.2
328.48
259.2
284
302.403
281.357
291.679
291.761
302.402
284.639
302.398
285.921
302.403
285.519
302.398
286.079
302.402
286.079
302.402
286.079
302.399
285.601
302.399
285.68
302.403
285.199
302.398
286.482
302.398
285.838
302.403
285.759
302.402
285.121
302.398
286.241
302.398
286.801
302.402
285.357
302.399
285.68
302.403
286.078
302.403
286.079
302.398
285.921
302.399
285.601
302.399
285.842
302.398
286
302.399
285.364
302.399
286.079
302.398
285.602
302.398
286
302.403
285.357
296.323
275.518
322.719
286.32
302.401
275.042
302.398
285.519
302.402
285.2
302.398
286
302.402
286.478
302.401
285.28
302.401
285.839
302.398
285.922
302.397
285.843
302.402
285.677
302.403
285.759
302.397
286.084
302.398
285.839
302.401
285.84
302.397
285.685
302.398
286.241
302.398
285.602
302.402
286.076
302.401
285.441
302.398
285.764
302.397
286.4
302.401
285.121
302.398
287.76
302.401
284.08
259.199
285.519
302.403
279.12
302.402
278.876
302.402
283.918
302.398
286.241
302.402
285.519
302.401
285.839
302.403
287.597
302.402
284.158
302.398
328.801
259.203
313.597
266.802
278.162
309.519
276.481
309.519
308.799
281.599
306.48
281.52
302.398
286.083
302.398
285.922
302.397
286.084
302.398
286.162
302.398
286.802
302.397
284.08
302.401
285.922
302.398
286.162
302.398
285.76
302.398
285.283
302.398
286.083
302.398
285.922
302.397
285.76
302.402
286.08
302.397
327.042
259.199
315.68
266.881
277.921
309.519
275.601
313.042
305.916
285.681
302.717
281.922
302.402
286.481
302.398
285.599
302.401
285.359
302.401
286.478
302.402
285.439
302.399
286.084
302.397
328.56
259.2
323.522
259.2
318.638
267.603
320.879
266.158
306.962
279.918
308.082
281.677
302.402
285.759
302.399
285.921
302.402
286
302.399
286.083
302.398
285.52
302.401
285.677
302.398
286.242
302.401
285.279
302.401
286.08
302.401
285.84
302.397
328.88
259.199
323.681
259.204
319.036
266.964
321.356
266.561
306.161
281.838
306.32
282.486
302.397
285.357
302.402
286.159
302.402
285.518
302.403
285.597
302.399
286.324
302.398
285.76
302.398
285.922
302.401
285.358
302.401
286.482
302.398
285.681
302.398
286.163
302.397
285.843
302.398
285.602
302.398
285.922
302.397
285.761
302.401
285.52
302.397
286.084
302.397
285.761
302.401
285.52
302.397
285.922
302.402
285.839
302.397
285.844
302.397
286.001
302.398
285.523
302.398
287.922
302.397
326.963
259.2
323.281
259.196
319.281
266.242
322.078
266.324
305.758
282.798
305.68
282.079
302.402
285.44
302.402
283.84
302.397
288.163
302.397
285.76
302.402
286
302.398
287.28
302.401
284.08
302.401
285.997
302.402
286.001
302.401
285.52
302.397
285.922
302.399
285.68
302.398
286.083
302.398
285.922
302.397
285.761
302.401
286.08
302.401
285.761
302.397
285.204
302.395
284.481
302.401
287.362
302.398
285.922
302.397
287.84
302.401
327.278
259.204
327.36
259.2
315.356
265.761
322.48
269.681
302.477
282.963
305.92
282.079
303.121
284.56
302.398
286.403
302.398
288.001
302.397
283.282
302.399
286.084
302.401
287.117
302.402
327.518
259.197
327.044
259.2
315.037
266.486
321.837
266.238
307.119
281.922
306.477
280.963
302.398
285.922
302.397
285.843
302.402
286.001
302.397
286
302.399
285.764
302.397
287.279
302.398
284.565
302.397
285.52
302.402
285.921
302.399
286.079
302.401
286.001
302.398
283.441
302.397
285.121
302.402
285.361
302.399
286.398
302.398
285.764
302.398
285.843
302.397
285.441
302.402
286.158
302.398
286.083
302.398
285.523
302.398
287.681
302.398
284.001
302.397
286.483
302.397
285.362
302.401
285.678
302.401
285.441
302.402
286.158
302.401
286.479
305.04
285.043
302.397
286.001
259.199
329.2
259.203
281.195
302.402
278.399
302.402
282.237
302.402
285.042
302.398
286.801
302.397
292.963
302.398
278.001
302.638
286.644
259.199
328.241
259.199
279.519
302.402
278.237
302.402
284.718
302.403
285.12
302.399
286.8
302.398
285.042
302.398
285.681
302.398
286.482
302.401
285.441
302.397
286.64
302.398
285.602
302.403
284.879
302.399
286.883
302.399
285.357
302.401
285.761
302.397
286.242
302.401
285.2
302.398
286.001
302.401
285.52
302.397
286.242
302.401
285.761
302.398
285.838
302.402
285.922
302.397
287.682
302.401
283.918
302.402
286.158
302.402
357.519
302.399
316.083
259.996
327.92
264.881
320.081
262.08
313.839
267.921
320.401
266.557
308.083
279.917
306.8
281.362
303.037
285.203
302.398
285.842
302.399
285.759
302.402
285.997
310.962
277.681
302.398
285.843
302.398
285.519
259.203
283.357
302.403
278.56
302.398
280.162
302.399
285.439
302.403
286.079
302.397
285.921
302.399
286.083
302.399
285.921
302.397
285.283
302.398
286.241
302.398
330.722
259.199
320.718
259.204
319.837
266.723
321.518
266.242
306.957
281.204
306.796
281.602
302.398
285.842
302.399
286.556
302.402
284.64
302.402
286.158
302.402
285.76
302.402
285.918
302.401
287.84
302.397
326.962
259.201
326.48
259.2
316.24
266.959
322.402
265.519
308.717
279.201
305.679
283.121
302.402
285.361
302.399
286
302.398
286.001
302.401
285.76
302.398
286.001
302.401
287.76
302.402
326.398
259.2
326.958
259.204
316.074
266.163
321.841
266.4
306.318
282.321
305.841
282.08
302.397
285.763
302.399
286.08
302.401
285.681
302.398
285.839
302.398
285.842
302.402
285.599
304.8
283.598
302.402
285.681
302.399
286
302.402
285.598
302.401
286.001
302.397
328.722
259.199
323.279
259.204
319.435
266.241
322.24
266.881
306.081
281.76
306
281.759
302.399
286.801
302.402
285.441
302.397
285.922
302.398
285.76
302.401
285.84
302.397
283.362
302.402
285.921
302.398
285.441
302.397
285.843
302.398
286.64
302.401
285.279
302.402
285.598
302.402
285.598
302.399
285.282
302.397
329.842
259.2
313.439
266.08
278.324
310.237
318.48
269.681
306.319
281.362
306.559
282.399
302.398
285.685
302.397
285.441
278.478
312.882
302.399
285.601
302.399
285.681
302.398
286.241
259.2
328.402
259.199
282
302.399
279.281
302.399
281.12
302.399
286.082
302.399
285.921
302.398
288.162
302.398
283.042
302.399
286.078
302.402
285.681
302.398
285.444
302.395
289.365
302.397
282.96
302.401
286.08
302.398
285.764
302.397
285.441
302.398
286.32
302.401
286.001
259.2
282.718
302.402
279.838
302.402
280.32
302.402
283.839
302.398
286.56
302.398
285.204
302.397
285.761
302.401
285.76
302.399
286.319
302.402
285.44
302.398
285.602
302.399
286.32
302.401
283.121
302.398
285.843
302.397
285.764
302.399
329.277
259.199
313.2
266.64
321.762
266.403
319.037
269.283
305.833
282.802
306.961
280.802
302.398
285.922
302.397
285.761
302.397
286.084
302.397
286.242
302.401
284.96
302.397
286.482
302.403
285.357
302.402
287.759
302.398
286.242
302.397
287.204
302.398
284.32
259.199
285.681
302.402
278.88
302.398
279.282
302.399
283.601
302.399
286.161
302.398
286.159
302.401
288.159
302.401
284.96
302.401
284.08
302.398
285.843
302.397
285.922
302.399
285.518
302.402
285.681
302.399
288.161
302.399
327.36
259.2
326.879
259.2
315.36
266.482
321.837
266.246
306.954
282.161
305.681
283.681
302.398
283.76
302.401
286.483
302.397
285.759
302.399
285.922
302.397
286.163
302.401
285.362
302.394
286.245
302.398
285.283
302.397
286.242
302.397
286.08
302.402
285.44
302.398
285.922
302.398
285.361
302.398
286.324
302.398
285.362
302.397
286.159
302.401
285.441
302.401
286.238
302.401
286.001
302.398
285.362
302.397
288.562
302.401
283.441
302.397
328.88
259.199
312.962
267.28
278.161
309.602
275.436
312.883
309.36
279.918
305.439
283.122
302.397
284.32
302.402
285.922
302.398
285.68
302.402
286.637
302.401
285.361
302.398
286.163
302.397
328.32
259.199
322.722
259.2
319.518
266.644
322.157
266.64
306.563
281.199
306.478
283.681
302.401
283.918
302.402
285.599
302.401
286.24
302.399
285.839
302.401
285.441
302.399
285.44
302.401
286.32
302.398
285.843
302.398
285.922
302.397
285.52
302.402
286.241
302.398
285.839
302.402
285.361
302.397
286.163
302.397
286.084
302.398
285.117
302.401
286.001
302.402
286.238
302.401
285.599
302.401
286.159
302.401
285.76
302.398
286.001
302.401
285.358
302.401
285.678
302.401
286.483
302.397
285.843
302.478
285.203
302.397
286.719
302.401
285.362
302.398
285.602
302.398
285.839
302.401
285.761
302.397
286.005
302.398
286.399
302.401
328.478
259.2
327.281
259.2
315.522
270.478
317.838
266.403
305.518
282.482
305.837
282.403
302.879
285.52
302.397
285.844
302.397
285.441
302.401
286.482
302.398
285.52
302.401
285.76
302.398
285.843
302.397
285.922
302.399
285.601
302.399
286
302.402
286.079
302.398
285.602
302.398
285.76
302.401
287.441
302.398
284.083
302.398
286.64
302.402
285.038
302.397
285.603
302.401
285.918
302.403
286
302.397
286.001
302.401
285.761
302.397
285.761
302.401
285.76
302.399
285.838
302.401
285.603
302.397
286.562
302.397
285.362
302.401
287.599
302.397
284.242
302.402
287.279
302.401
284.238
302.401
285.839
302.402
285.681
302.397
286.08
302.402
286.08
302.401
284.798
302.398
286.722
302.401
285.599
302.401
286.077
302.401
285.764
308.796
279.279
302.401
285.682
302.397
285.603
302.397
286.08
259.203
283.279
302.402
279.601
302.399
294.639
302.401
270.159
302.399
285.842
302.397
285.362
302.398
286.32
302.401
285.919
302.402
285.278
302.401
286.321
302.397
285.765
302.397
285.76
302.402
285.997
302.401
285.682
302.398
285.519
302.401
286.321
302.397
285.043
302.398
287.921
302.401
284.317
302.402
302.963
259.199
312.399
302.397
285.362
302.398
285.843
259.199
284
302.402
278.801
302.398
279.921
302.399
286.56
302.399
284.481
302.397
285.682
302.401
286.159
302.402
285.677
302.401
286.001
302.398
285.843
302.397
285.843
302.399
285.759
302.401
285.84
302.397
285.682
302.401
286.399
302.402
285.2
302.398
286.079
302.402
285.519
302.398
286.321
362.882
311.598
269.204
318.957
267.283
317.518
270.001
306.24
283.76
303.999
282.4
302.397
285.524
302.397
286.323
302.399
285.12
302.399
286.319
302.399
285.763
302.398
286.084
309.037
279.283
302.397
285.603
302.397
285.678
259.203
285.44
302.398
278.722
302.402
280.079
302.399
283.12
302.402
285.918
302.397
285.684
302.399
285.76
302.399
286
302.401
328.797
259.204
327.597
259.2
315.202
281.839
306.8
266.163
306.078
282.001
306.717
281.362
306.559
282.88
302.402
285.199
302.398
285.682
302.397
285.921
302.399
286.005
302.397
285.362
302.398
286.162
302.398
285.76
302.402
286.158
302.403
285.597
302.402
285.44
302.398
286.719
302.401
328.399
259.204
322.717
259.2
319.679
267.283
321.037
265.681
307.042
282.319
306.157
282.084
302.397
285.282
302.399
286.32
302.398
285.361
302.402
285.922
302.398
286.079
302.398
284.964
302.397
288.001
302.398
327.684
259.2
326.958
259.2
314.879
266.801
321.439
266.561
306.638
282.001
306.319
281.601
302.399
285.759
302.403
285.76
303.679
284.964
302.397
284.959
302.399
286.324
302.397
287.682
302.397
326.801
259.2
327.841
259.201
315.517
266.242
321.92
266.802
305.676
282.324
305.837
282.321
302.957
285.283
302.398
286
302.402
285.682
302.397
285.922
302.398
285.922
302.397
287.121
302.403
282.24
302.398
285.042
302.398
286.001
302.398
285.602
302.402
286.237
302.398
286.32
302.405
285.677
302.402
285.677
302.402
286.001
302.397
285.362
302.398
286.32
302.401
285.52
302.402
285.76
302.397
285.761
302.401
285.52
302.397
277.842
304.64
274.481
310.639
281.44
290.56
339.199
263.921
298.64
301.523
322.638
265.922
321.356
267.042
306.482
281.597
306.801
280.88
303.519
284.721
302.399
286.162
302.398
285.44
302.398
288.722
302.402
284.079
302.399
284.88
302.402
286.402
302.399
285.357
302.402
285.519
302.402
286.399
302.398
285.842
302.399
285.278
302.402
286.639
302.402
285.117
302.402
286.399
302.402
285.759
302.399
285.522
302.399
285.519
302.402
286.158
302.402
285.519
302.398
286.482
302.398
286.56
302.403
285.199
302.402
285.838
302.399
285.68
302.399
285.68
302.403
286.078
312.879
257.523
320.08
293.676
302.402
259.2
302.398
302.403
302.401
280.317
302.402
286
302.397
285.844
302.398
286
302.402
285.839
302.397
284.644
302.398
286.88
302.401
285.678
302.402
285.839
302.402
285.996
302.401
285.201
302.401
286.482
302.398
285.519
302.402
287.279
302.397
284.246
302.397
286.561
302.398
285.599
302.402
285.601
302.399
286.158
302.402
285.838
302.403
328.878
259.201
327.036
259.204
317.037
264.802
321.679
266.403
306.56
281.839
305.999
284.001
302.397
284.001
302.402
285.681
302.398
286.162
302.399
285.361
302.397
286.084
302.397
286.159
302.401
285.441
302.398
285.926
302.394
285.842
302.398
285.681
302.398
286.084
302.397
285.283
302.399
286.161
302.398
286.482
302.397
328.079
259.204
323.12
259.196
320.082
266.482
321.758
268.96
303.281
282.4
305.92
282.399
302.401
285.678
302.401
286.403
302.398
285.441
302.397
285.761
302.401
285.917
302.403
285.839
302.397
285.922
302.402
287.76
302.398
326.402
259.2
326.717
259.204
315.759
266.64
321.439
266.801
308.721
279.279
306.8
281.278
302.402
286.079
302.399
285.763
302.396
285.924
302.398
286.399
302.402
285.52
302.401
299.918
259.199
314.643
302.394
328.966
259.196
270.561
310
278.402
309.277
306.482
281.838
306.083
282.24
303.042
285.676
259.2
285.602
302.398
278.561
302.402
278.718
302.402
284.079
302.399
288.642
302.398
283.279
302.401
286.321
302.397
285.923
302.401
285.756
302.402
285.843
302.397
285.682
302.397
285.603
302.397
285.84
302.401
286.241
302.398
285.76
302.402
285.839
302.401
285.441
302.398
286.079
302.402
329.199
259.2
322.8
259.2
318.958
266.802
321.36
266.64
306.401
279.042
309.195
281.601
302.399
285.522
302.403
286.876
302.402
285.602
302.398
285.598
302.402
285.681
302.398
285.76
302.398
285.843
302.398
286.162
302.397
285.843
302.398
285.602
302.398
285.843
302.398
286.32
302.398
285.44
302.402
285.839
302.402
285.842
302.398
283.2
302.401
288.238
302.401
287.599
302.401
284.08
302.398
286.163
259.199
283.199
302.402
279.038
302.402
279.598
302.402
286.079
302.402
285.997
302.401
286.08
302.397
286.885
302.397
284.4
302.401
285.76
302.398
285.523
302.398
286.242
302.397
285.283
302.398
283.76
302.402
288.399
302.401
285.997
302.401
286.001
302.398
285.283
302.397
285.441
302.401
286.4
302.397
285.603
302.397
286.084
302.398
286.162
302.398
286.08
302.401
285.039
302.402
285.677
302.401
285.922
302.398
286.32
302.401
285.678
302.402
286
302.401
283.118
302.401
288.479
302.401
285.279
302.398
286.403
302.397
285.603
259.199
283.759
302.403
279.759
302.399
279.282
302.398
285.12
302.403
285.597
302.402
285.44
302.398
285.839
302.402
286.08
302.401
285.76
302.398
285.76
302.402
285.681
302.397
285.441
302.399
286.721
302.398
285.602
302.398
286.08
302.401
286.242
302.397
284.881
302.397
285.844
302.401
286.08
302.398
285.361
302.399
286.319
302.401
285.84
302.401
287.118
302.401
284.959
302.402
285.681
302.398
285.279
302.401
285.599
302.401
286.479
302.402
284.958
302.402
287.279
302.397
284.723
302.398
286.245
302.398
285.76
302.398
286
302.402
285.76
302.399
285.522
302.398
285.681
302.399
285.921
302.398
286.323
302.398
285.121
302.398
286.723
302.397
328.639
259.204
327.277
259.201
315.202
266.561
321.916
266.561
305.523
282.398
310.559
278.242
303.198
284.08
302.401
286.641
302.397
286.084
302.397
285.039
302.401
286.163
302.397
286.001
302.398
285.68
302.402
285.52
302.402
285.839
302.397
329.282
259.2
322.157
259.204
319.917
266.723
321.438
266.641
307.277
280.963
306.319
281.842
302.398
286.001
302.398
285.842
302.398
285.603
302.397
285.921
302.399
285.283
302.397
286.644
302.398
328.722
259.2
322.796
259.204
320.078
266.399
322.082
265.997
306.003
282.319
305.997
282.56
302.402
287.362
302.398
284.24
302.399
285.764
302.397
285.761
302.397
286.32
302.402
285.362
302.397
286.001
302.398
285.602
302.402
285.918
302.401
285.918
302.403
285.921
302.397
285.599
302.401
285.682
302.402
286.079
302.397
285.599
302.401
286.159
302.402
285.681
302.398
285.76
302.401
285.918
302.402
285.922
302.397
285.441
302.398
286.324
302.397
285.682
302.397
286.001
302.398
285.764
259.199
329.042
259.199
278.718
302.402
279.199
302.399
283.12
302.403
286
302.397
285.922
302.399
285.68
302.401
286.08
302.398
285.843
302.397
285.52
302.401
286.562
302.397
285.441
302.397
285.603
302.397
286.084
311.837
276.321
302.401
285.922
259.2
329.199
259.199
281.44
302.402
278.237
302.402
282.079
302.399
285.68
302.402
286.478
302.397
286.005
302.398
285.042
302.397
286.242
302.399
285.842
302.397
285.603
302.397
286.159
302.401
285.52
302.401
286.001
302.398
285.441
302.402
283.278
302.398
285.602
302.398
286.083
302.398
287.602
302.398
284.324
302.398
286.001
302.397
285.682
302.398
285.921
302.399
285.439
302.402
285.523
302.398
286.561
302.397
285.603
302.397
285.844
302.397
286.242
302.397
285.52
302.401
285.603
302.398
285.839
302.402
288.477
302.401
328.959
259.2
328.161
259.2
313.92
266.881
322.078
266.482
305.759
281.918
306.564
281.759
303.439
285.039
302.401
285.681
302.398
286.084
302.397
285.52
287.841
293.441
281.519
304
314.718
290.8
302.402
329.037
259.204
314.319
266.001
321.199
266.481
284.079
303.839
307.199
281.12
306.88
281.522
302.399
285.838
302.402
286.079
302.403
284.721
302.399
286.237
302.402
286.158
302.402
285.519
302.398
288.083
302.399
283.759
302.402
286.639
302.399
284.804
302.399
285.921
302.395
286.323
295.199
292.88
302.402
285.519
302.402
286.639
302.399
285.759
302.399
284.962
302.399
286.481
302.398
285.685
302.394
285.602
302.398
286.083
302.402
285.756
302.402
286.158
302.402
285.76
302.402
285.278
302.639
281.76
322.72
259.441
302.403
288.635
302.401
286.08
302.401
285.28
302.398
286.481
302.402
286.079
302.398
285.843
302.398
285.2
302.401
286.001
302.399
285.601
302.399
285.518
302.403
286.319
302.398
285.843
302.397
285.603
302.397
286.242
302.401
285.437
302.401
286.242
302.398
285.681
302.398
286.001
302.401
285.602
302.399
285.68
302.399
287.68
302.398
284.001
302.398
286.083
302.397
286.084
302.398
285.602
302.398
285.681
302.398
286.482
302.397
285.362
302.401
285.359
302.401
286.399
302.402
285.519
302.398
285.922
302.401
285.997
308.56
279.282
302.398
286.482
302.398
285.362
259.199
282.398
302.403
278.402
302.398
281.2
302.398
285.763
302.399
285.838
302.401
285.682
302.397
285.524
302.397
286.242
302.397
329.523
259.199
322.079
259.2
319.999
266.562
321.758
266.242
306.48
281.759
306.481
281.918
302.402
286.08
302.401
285.677
302.398
286.004
302.399
285.12
302.402
286.159
302.401
286.076
302.402
285.362
302.397
286.163
302.401
285.678
302.402
285.838
302.398
285.922
302.397
285.603
302.397
286.404
302.397
285.603
302.397
285.922
302.398
285.843
302.397
286.001
302.402
285.361
302.398
286.08
302.398
285.602
302.397
286.084
302.398
283.361
302.398
285.602
302.398
285.839
302.402
285.839
302.401
285.52
302.401
286.321
302.397
285.761
302.401
285.839
302.398
285.843
302.397
285.603
302.397
285.603
302.397
288.242
302.401
326.959
259.2
326.24
259.2
315.679
266.483
321.837
266.163
307.036
282.084
305.837
281.76
302.398
285.362
302.401
286.56
302.399
285.362
302.397
286.562
302.397
285.685
302.398
286.88
302.398
327.361
259.2
327.36
259.204
315.837
266.479
321.6
266.479
306.161
281.921
305.92
282.321
302.398
264.482
319.041
266.559
324.881
302.397
278
264.881
302.402
281.997
302.402
282.24
302.399
282.88
302.402
280.559
301.441
288.319
302.399
286.722
302.398
278.32
302.398
292.963
302.398
278.083
303.199
287.681
302.398
286.56
302.399
285.925
302.398
285.199
302.399
286.722
302.398
285.12
302.403
286.398
302.399
286
302.398
285.042
302.402
285.917
302.402
285.519
302.399
286.402
302.398
285.523
302.398
285.44
302.403
285.996
302.402
285.681
302.398
286
302.402
288.32
302.398
283.921
302.399
285.519
305.361
282.879
302.403
286.157
302.403
285.357
277.119
307.524
274.878
292.561
311.681
294.079
302.398
328.402
259.2
319.04
260.64
322.078
266.723
321.601
268.798
304.318
281.283
306.717
281.362
302.398
286.241
302.398
286.083
302.398
285.441
302.401
285.681
302.398
286.163
302.397
285.362
302.398
286
302.402
285.756
302.403
283.439
302.398
288.561
302.401
285.441
302.398
285.843
302.397
286.4
259.203
284.158
302.402
280
302.398
278.801
302.399
284.722
302.398
286
302.402
285.436
302.402
286.08
302.397
285.926
302.397
286.001
302.398
285.523
302.398
285.602
302.398
286.242
302.397
286.241
302.398
285.445
302.397
286.238
302.402
285.519
302.398
285.685
302.397
285.603
302.397
285.682
302.401
286.798
302.401
285.039
302.401
285.918
302.402
285.922
302.397
286.001
302.398
285.523
302.398
286.162
302.398
286.08
302.401
285.524
302.397
285.599
302.397
287.043
302.401
284.64
302.399
285.601
302.398
286.001
302.402
285.838
302.398
287.681
302.398
283.843
302.402
285.519
302.397
286.163
302.397
286.404
302.397
285.603
302.397
285.919
302.401
285.441
302.397
285.922
302.401
285.28
302.397
286.802
302.401
285.599
302.397
286.562
307.521
280.723
302.397
284.64
302.402
285.598
259.2
285.282
302.398
278.402
302.399
278.722
302.398
285.199
302.403
285.597
302.398
286.084
302.398
286.162
302.398
328.402
259.2
323.198
259.2
319.999
267.204
321.278
266.64
305.679
282.561
305.518
282.565
269.116
318.8
302.399
286
302.402
286.079
259.2
328.8
259.2
280.481
302.399
279.519
302.402
281.601
302.399
286
302.397
285.603
302.401
285.678
302.402
286.237
302.401
286.001
302.399
285.68
302.401
285.919
302.402
285.598
302.401
285.441
302.398
286.482
302.398
285.759
302.402
285.839
302.398
285.76
302.401
285.843
302.398
286.241
302.398
285.362
302.401
285.839
302.398
286.084
302.397
285.839
302.403
285.597
302.402
285.598
302.402
285.922
302.397
285.997
302.402
286.162
302.403
285.676
302.402
285.76
302.397
286.242
302.399
285.68
302.401
285.84
302.402
285.838
302.398
285.523
302.398
286.159
302.401
285.362
302.397
285.843
302.398
286.001
302.397
287.844
302.397
326.801
259.2
327.522
259.2
314.957
268.881
319.439
266.084
306.639
281.759
306.398
282
303.12
285.441
302.401
288.159
306.082
276.801
302.394
286.325
302.397
284.96
302.402
300.639
302.401
271.118
302.401
286.242
302.397
286.005
302.395
285.12
302.401
286.482
302.399
285.68
302.398
285.602
302.398
329.041
259.199
315.602
264.399
321.68
266.561
318.24
270.32
305.841
284.877
303.602
260.318
292.08
320.883
302.398
285.519
302.399
286.161
259.2
283.76
302.402
278.639
302.399
279.522
302.399
285.522
302.399
286.801
302.397
284.321
302.401
285.918
302.401
285.922
302.398
286.001
302.402
285.038
302.402
286.556
302.402
286.08
302.401
285.279
302.399
283.439
302.402
288.399
302.402
286
302.398
286.001
302.402
285.357
302.402
285.76
302.398
286.482
302.398
285.042
302.397
286.001
302.401
286.08
302.398
285.523
302.399
285.68
302.398
286.723
302.397
284.881
302.402
285.842
302.394
286.324
302.398
285.681
302.398
283.283
302.397
288.723
302.397
285.441
302.399
286.323
302.397
285.441
302.398
285.76
302.401
286.641
302.401
285.121
302.398
285.362
302.398
286.801
302.397
285.043
302.397
286.482
302.398
285.523
302.398
285.523
302.398
285.602
302.398
288.242
302.397
326.962
259.201
326.796
259.204
316.318
266.4
321.439
269.121
303.439
282.884
305.037
282.561
303.199
285.041
302.398
285.922
302.398
286.32
302.401
285.52
302.401
285.84
302.397
286.242
302.401
285.118
302.402
286.801
302.397
284.881
302.398
285.685
302.397
286.001
302.399
286.24
302.401
285.919
302.401
285.52
302.397
285.922
259.2
328.879
259.203
280
302.399
279.199
302.402
283.2
302.398
284.962
302.399
286.158
302.401
285.44
302.398
286.084
302.398
285.519
302.402
285.76
302.398
286.162
302.398
286.001
302.401
285.2
302.402
286.399
302.398
285.602
302.398
287.843
302.397
326.88
259.2
327.439
259.2
315.601
266.32
321.999
266.321
305.837
282.802
305.04
282.723
302.398
286.162
302.398
285.68
302.399
285.843
302.397
285.519
302.402
286.08
302.401
287.122
302.397
284.159
302.401
286.163
302.398
283.681
302.399
288
302.397
329.041
259.201
323.119
259.2
319.281
266.159
321.841
267.042
305.597
281.682
306.638
281.759
302.402
286.321
302.397
285.362
302.398
286.56
302.402
285.599
302.401
285.598
302.402
286.159
302.401
328.162
259.2
322.796
259.204
320.638
264.238
323.762
266.641
306.239
281.843
306.157
282.162
302.398
285.682
302.397
286.001
302.401
285.84
302.397
285.761
302.401
285.68
302.399
285.52
302.401
286.001
302.397
286.404
302.397
285.441
302.401
285.52
302.398
286.083
302.398
329.12
259.2
327.281
259.201
318.638
263.519
321.041
266.802
306.559
281.362
306.796
281.121
304.642
284.08
302.397
285.764
302.398
285.599
302.401
286.238
1242.4
302.398
321.519
259.203
270.242
309.676
278.324
309.677
310.239
277.842
306.158
282.001
304.642
283.996
302.403
283.922
302.397
287.681
302.402
286
302.398
286.159
302.401
285.761
302.397
285.441
302.401
285.678
302.402
286.162
302.398
329.439
259.201
322.16
259.201
319.679
266.561
321.439
266.64
306.24
282.082
307.117
281.282
302.398
285.361
302.399
286.482
302.397
285.361
302.399
283.282
302.402
285.437
302.402
286
302.399
329.281
259.199
322.801
259.2
319.837
266.483
321.36
266.88
306.24
281.917
305.842
281.921
302.399
286
302.402
286.076
302.402
285.838
302.402
285.681
302.398
286.08
302.401
285.761
302.401
526.557
293.12
324.642
269.677
296.324
302.399
304.078
265.76
321.841
266.321
319.198
269.603
305.841
281.913
305.925
282.08
302.401
286.238
302.398
285.362
302.401
286.238
302.401
285.361
302.398
286.001
302.403
285.676
302.402
289.042
302.397
326.482
259.2
323.597
259.204
321.995
263.204
321.837
266.321
312.081
276.479
305.281
282.481
302.399
286.24
302.399
287.441
302.401
284.08
302.397
285.52
302.401
285.839
302.402
286.08
302.397
286.325
302.397
285.441
302.397
285.923
302.397
285.283
302.397
286.325
302.397
285.043
302.397
286.242
302.397
285.843
302.399
285.68
302.398
286.162
302.398
285.922
302.397
285.923
302.401
285.196
302.402
286.399
302.401
285.283
302.399
285.676
302.402
287.121
302.397
285.126
302.397
285.681
302.398
285.76
302.402
329.361
259.199
321.676
259.204
321.195
265.764
321.837
264.084
308.8
281.918
306.721
281.358
302.401
286.08
302.402
285.598
302.398
285.843
302.401
285.919
364.319
316.402
265.361
316.718
269.839
317.281
268.399
306.079
281.361
306.24
282.083
302.398
285.441
302.397
285.759
302.403
286.079
302.402
286.158
302.398
285.282
302.403
286.399
302.398
285.602
302.398
285.843
302.397
285.52
302.401
285.599
302.397
286.163
302.401
286.001
302.398
285.76
302.401
286.159
302.402
285.76
302.398
285.44
302.398
330.083
259.199
323.12
259.2
318.721
266.159
321.841
266.4
306.717
281.282
306.24
280.001
302.398
288.161
302.399
285.361
302.398
286.801
302.399
285.36
259.201
279.124
302.398
278.88
302.402
283.918
302.398
285.124
302.398
286.88
302.398
285.283
302.397
286.404
302.397
285.681
302.398
285.764
302.399
285.921
302.397
285.922
302.398
285.519
302.402
283.677
302.402
287.283
302.397
286.08
302.402
285.677
302.401
285.922
302.398
285.922
302.397
285.844
302.397
285.681
302.398
285.764
302.398
285.598
302.402
285.519
302.402
286.32
302.398
285.519
302.402
286.482
302.397
285.761
302.397
287.125
302.398
327.361
259.199
323.838
259.201
318.318
266.246
321.754
267.043
305.999
281.922
305.999
282.157
302.403
285.362
302.397
286.32
302.398
285.204
302.398
286.32
302.879
287.042
302.398
285.843
302.397
285.043
259.199
329.199
259.2
278.8
302.403
278.797
302.402
284.079
302.398
287.042
302.401
285.358
302.401
285.84
302.397
287.125
302.398
284
302.398
286.084
302.397
285.761
302.401
286.159
302.401
287.997
302.402
283.279
302.401
329.598
259.203
312.797
266.482
280.481
307.598
315.92
272.321
306.559
281.52
307.04
281.76
302.402
285.918
302.401
289.603
302.397
281.839
302.402
285.676
302.403
286.001
302.398
285.681
302.401
285.918
302.401
285.919
302.401
286.001
302.397
286.321
302.401
285.043
302.397
285.358
302.402
285.997
302.401
285.681
302.402
286.478
302.401
287.599
302.398
283.922
302.401
285.599
302.401
286.959
302.398
285.362
302.401
285.122
302.397
286.001
302.401
285.358
302.398
286.644
302.401
285.997
302.402
285.2
302.397
285.922
302.398
285.441
302.398
285.925
302.397
286.641
302.397
285.204
302.398
285.602
302.398
286.561
302.398
285.842
302.398
285.283
302.398
286.56
302.402
285.441
302.397
285.76
302.398
285.764
302.399
285.842
302.397
285.922
302.398
285.52
302.401
285.839
302.401
286.159
302.403
285.676
302.401
285.761
302.398
286.083
302.398
286.08
302.401
328.797
259.203
315.12
265.2
320.958
266.644
275.357
313.12
311.041
276.801
306.24
282.238
302.401
285.918
302.402
285.519
302.398
285.843
302.401
286.479
302.397
285.682
302.401
285.362
302.397
286.4
302.401
285.441
302.397
285.844
302.397
285.52
302.402
286.079
302.398
286.083
302.399
285.522
302.398
285.52
302.397
300.084
259.199
315.041
302.399
285.921
302.398
286.162
302.398
285.2
302.401
286.482
302.399
285.838
302.401
285.201
302.397
286.321
302.401
285.358
302.401
285.84
302.401
286.163
302.393
285.603
302.401
286.64
302.398
285.204
302.397
285.441
302.398
286.324
302.397
285.84
302.401
285.839
302.398
329.12
259.203
322.158
259.2
320.319
266.482
321.841
266.321
305.92
282.237
306.319
282.083
302.398
285.602
302.398
285.921
302.399
285.922
302.397
286.321
302.401
285.12
302.399
285.685
302.399
286.079
302.398
285.921
302.398
285.602
302.398
286.001
302.401
285.76
302.398
329.203
259.2
321.518
259.2
321.04
266.321
321.837
266.08
306.962
283.2
304.559
282.482
302.398
285.362
302.397
286.162
302.398
285.602
302.402
285.996
302.403
288.561
302.397
282.723
302.398
286.32
302.401
285.437
302.402
285.2
302.401
286.719
302.398
329.282
259.2
322.958
259.204
318.796
266.884
321.518
267.121
305.601
281.681
306.717
281.598
302.402
286.079
302.399
285.763
302.398
285.842
302.399
286.32
302.402
285.44
302.398
285.603
302.398
285.921
302.398
286.241
302.401
328.959
259.199
285.039
302.398
314.086
266.478
321.917
266.482
307.198
281.121
306.082
282.4
302.397
285.282
302.399
286.001
302.401
285.839
302.398
285.843
302.401
285.76
302.399
285.522
302.398
285.76
302.402
286.399
302.399
286.879
302.398
327.601
259.204
327.356
259.204
314.954
266.964
321.04
266.881
306.8
281.44
306.796
281.922
304.481
283.362
302.397
285.361
302.398
286.483
302.397
285.362
302.398
285.843
302.401
286.317
302.401
285.599
302.401
285.681
302.398
286.159
302.401
285.603
302.397
285.839
302.402
285.839
302.401
286.321
302.397
288.163
302.397
326.241
259.199
314.079
265.764
321.597
266.644
275.117
313.439
306.161
282.001
306.157
282.805
302.398
285.117
302.402
285.52
302.401
286.399
302.402
285.2
302.397
286.08
302.402
285.839
302.401
285.599
302.402
286.32
302.398
285.519
302.401
285.918
302.402
286.403
302.398
285.038
302.402
286
302.398
287.764
302.398
283.839
302.401
286.159
302.401
285.761
302.398
286.399
302.401
284.96
302.402
286.316
302.401
285.362
302.397
285.764
302.398
286.482
302.398
285.523
302.398
285.279
302.401
286.001
302.398
286.08
302.401
286.159
302.401
285.52
302.401
285.2
302.398
286.963
302.398
284.88
302.402
286.478
302.399
285.759
302.401
285.682
302.402
285.598
302.397
285.922
302.398
285.76
302.401
286.4
302.401
285.599
302.401
285.599
302.401
285.839
302.402
285.279
302.397
285.761
302.402
286.959
302.401
285.279
302.401
285.998
302.401
286.399
302.402
284.88
302.399
286.639
302.401
285.441
302.398
285.523
302.398
286.561
302.401
285.2
302.398
287.602
302.398
284.482
302.397
285.283
302.398
285.76
302.403
285.838
302.398
286.241
302.401
285.922
302.398
285.918
302.401
285.201
302.402
330.157
259.199
313.12
265.603
321.916
266.64
317.762
270.719
306.161
343.441
302.402
283.199
302.399
286
302.397
285.362
302.399
286.323
302.398
285.922
302.397
287.2
302.402
327.44
259.199
323.361
259.2
318.8
267.038
323.443
261.918
305.68
282.482
305.758
282.56
302.399
285.362
302.401
286.001
302.398
286.482
302.397
285.361
302.399
285.922
302.397
287.603
302.397
327.042
259.2
327.36
259.2
315.04
266.881
321.36
266.719
306.8
281.76
305.92
281.996
302.403
285.759
302.399
309.921
259.2
307.763
302.397
286.084
259.199
286.88
302.399
279.041
302.398
278.32
302.399
282.721
302.403
285.68
302.399
294.157
302.398
284.805
302.398
278.96
302.401
285.362
302.393
293.926
259.2
282.639
302.398
279.041
302.399
278.481
302.402
279.598
302.402
304.478
302.401
267.279
302.403
285.921
302.397
285.678
302.401
285.682
302.397
330.801
259.199
320.241
259.2
320.48
267.2
321.518
266.163
306.638
281.76
306.082
282.321
302.397
285.68
302.399
285.523
302.398
286.241
302.402
285.838
302.399
285.52
302.401
286.162
270.158
318.162
302.397
285.362
302.398
286.001
302.402
285.838
302.403
286.556
302.401
284.881
302.399
286.161
302.398
286.241
302.399
285.361
302.401
285.279
302.398
286.241
302.402
285.76
302.397
285.524
302.397
286.321
302.401
285.441
302.398
286.241
302.398
330.481
266.001
315.758
259.283
318.398
266.561
321.679
266.08
306.639
282.324
305.916
282.321
302.401
287.76
302.398
283.843
302.397
285.362
302.401
285.599
302.398
286.08
302.401
288.64
302.398
284.722
302.398
284.162
302.402
285.997
302.401
285.362
302.399
286.639
302.401
303.279
259.203
311.038
302.397
285.922
302.402
285.997
259.203
328.319
259.2
281.041
302.398
279.042
302.398
282.56
302.403
285.838
302.402
285.997
302.401
285.441
302.397
285.682
302.401
285.839
302.399
286.161
302.398
285.523
302.398
285.918
302.401
286.321
302.401
285.122
302.397
285.918
302.402
289.283
302.397
282.479
302.401
286.001
302.397
285.362
302.401
286.001
302.399
286.241
302.397
285.843
302.399
285.601
302.398
285.843
302.397
285.84
302.401
286.001
302.397
285.603
302.397
285.922
302.398
285.764
302.399
286.078
302.402
285.677
302.402
285.441
302.397
285.524
302.397
285.918
302.402
286.162
302.399
285.842
302.397
285.52
302.401
285.84
302.402
285.436
302.401
286.163
302.399
285.842
302.397
287.121
274.079
313.76
302.401
285.441
302.398
285.519
302.402
286
302.398
286.163
302.398
285.598
302.401
285.362
302.401
286.637
302.397
284.963
302.402
286.001
302.397
286.561
302.398
284.723
302.398
286.32
302.402
285.278
302.399
286.24
302.402
286.158
302.402
285.2
302.398
286.083
302.399
285.838
302.402
286.079
302.401
285.682
302.398
285.76
302.401
285.437
302.401
287.76
302.402
285.039
302.401
285.997
302.401
285.678
259.203
328.718
259.203
280.959
302.398
279.681
302.401
283.121
302.399
284.079
302.402
328.796
259.204
332.24
259.2
310.958
265.843
322.397
266.08
312.481
277.361
304.398
282.482
305.277
282.242
302.397
283.842
302.403
288.56
302.398
285.199
302.399
286.084
302.397
286.242
302.397
285.441
302.401
286.159
302.401
328.32
259.2
323.68
259.2
318.961
268.798
319.601
266.64
305.999
282.561
305.759
282.639
302.402
285.041
302.399
285.601
302.399
285.838
302.402
286.237
302.402
283.441
302.398
285.2
302.401
286.321
302.401
285.52
302.401
285.839
302.399
329.6
259.201
323.6
259.197
318.721
266.241
322.078
266.001
306.161
281.839
306.319
282.324
302.397
286.242
302.398
285.922
302.397
285.839
302.402
285.362
302.397
285.283
302.398
286.162
302.399
285.842
302.397
285.922
302.398
286.32
302.402
287.598
302.402
327.116
259.204
328.236
259.204
314.24
266.241
322.236
266.482
306.879
281.441
306.078
281.523
304.157
284.321
302.401
285.68
302.399
285.843
302.398
285.759
302.402
285.761
302.397
287.839
270.883
369.361
259.195
308.56
263.441
321.522
266.719
317.762
270.64
305.518
282.561
306.48
281.28
302.397
285.922
302.398
286.241
302.401
285.682
302.397
285.603
302.397
285.765
302.398
277.518
281.283
290.319
293.199
328.32
259.199
328.162
259.199
327.357
302.402
312.639
269.681
321.36
266.242
312.56
275.838
306.8
282.242
306.397
281.121
302.403
285.436
302.402
286.079
302.402
286.399
302.402
285.116
302.403
285.921
302.398
286.079
302.402
285.839
302.402
285.677
302.402
285.759
302.399
285.759
302.403
286.079
302.402
286.56
302.398
284.718
302.403
285.597
302.403
286.879
302.399
285.12
302.402
286
302.399
285.838
302.403
288.56
302.398
282.722
302.399
286.319
302.402
285.2
302.398
286.402
302.403
285.996
302.398
285.763
302.399
285.44
313.758
278.163
292.718
311.12
274
290.639
302.403
280.481
302.398
285.839
302.402
286.158
302.401
285.681
302.398
286.084
302.397
285.358
302.402
285.681
302.398
286.32
302.401
286.001
302.399
328.401
259.199
314
266.4
278.639
309.12
319.277
269.362
305.601
282.802
306.397
281.76
302.402
285.52
302.397
261.603
302.398
314.642
302.398
283.761
259.199
284.241
302.398
278.564
302.399
278.879
302.402
285.997
302.402
286.162
302.397
285.682
302.397
285.204
302.399
286.079
302.401
286.076
302.401
285.441
302.401
286.4
302.401
285.599
302.401
285.839
302.403
285.676
302.398
283.764
302.399
288.319
302.401
285.682
302.397
285.52
302.401
286.242
302.397
285.52
302.399
285.601
302.401
285.84
302.398
286.162
302.402
285.598
302.397
286.404
302.397
285.524
302.397
285.603
302.397
286.242
302.398
285.842
302.398
285.52
302.401
286.321
302.397
283.042
302.398
290.001
302.402
327.36
259.2
328.717
259.201
313.281
266.561
322.239
266.64
306.56
281.44
306.24
352.719
302.402
277.918
302.402
281.519
302.398
286.004
302.398
286.083
302.398
285.759
302.402
285.836
302.397
285.524
302.401
285.84
302.397
285.843
302.398
285.681
302.401
286.159
302.401
285.359
302.401
288.399
302.398
326.883
259.201
324.156
259.204
317.917
266.482
321.999
266.242
306.638
281.922
306.078
282.482
302.401
285.519
302.398
285.681
302.398
286.001
302.398
285.443
302.399
286.001
302.397
287.603
302.397
324.643
259.201
328.638
259.2
317.119
268.561
319.841
265.919
306.48
282.321
305.92
281.922
302.397
285.519
302.402
288.959
302.402
282.64
302.398
285.842
302.398
285.519
302.402
286.08
302.402
288.557
302.401
326.718
259.204
326.556
259.2
315.443
266.561
321.758
264.478
308.402
281.677
307.124
281.361
302.398
285.598
302.402
285.842
302.399
286.32
302.398
285.36
302.399
286.163
302.397
285.682
302.397
286.001
302.401
285.599
302.402
286.162
302.397
328.718
259.205
322.156
259.204
321.116
265.76
321.841
266.242
306.717
281.681
311.759
277.199
302.402
285.682
302.397
285.201
302.401
286.079
302.398
285.361
302.403
285.44
302.399
286.398
302.402
328.319
259.2
323.199
259.204
319.916
266.723
321.198
267.039
305.6
282.402
306.241
281.997
302.401
285.121
302.398
286.561
302.402
285.44
302.398
283.76
302.402
288.08
302.397
285.524
302.397
286.561
302.398
285.602
302.398
287.76
302.401
327.2
259.204
327.115
259.201
315.6
265.839
322.323
266.959
305.759
281.602
306.477
282.003
303.519
284.719
302.398
285.443
302.399
285.68
302.399
286.481
302.399
285.282
302.398
288.723
302.397
283.362
302.398
285.602
302.398
285.843
259.199
283.44
302.398
278.643
302.399
280
302.402
285.519
302.398
286.481
302.398
287.681
302.402
283.362
302.398
285.921
302.398
286.241
302.398
285.2
302.397
286.641
302.406
285.996
302.397
284.964
302.397
283.283
302.402
286.557
302.401
287.918
302.402
283.681
302.398
285.2
302.402
285.759
302.402
286.08
302.398
285.921
302.398
285.76
302.401
285.761
302.398
286.481
302.398
285.524
302.398
285.602
302.397
285.603
302.398
286.722
302.397
284.802
302.398
286.561
271.277
291.842
291.838
290.802
326.962
293.681
259.199
283.598
302.402
278.639
302.403
280.718
302.398
284.801
302.398
285.523
302.401
286.557
302.402
287.441
302.397
284.719
302.401
285.844
302.397
285.121
302.399
285.842
302.397
286.4
302.397
285.362
302.402
285.918
302.401
285.682
302.398
286.083
302.397
286.001
302.402
285.516
302.401
285.843
302.397
286.159
302.402
285.519
302.402
285.997
302.402
287.361
302.398
284.482
302.397
285.441
302.401
285.76
302.398
285.843
302.399
286.319
302.399
285.842
302.398
285.203
302.398
286.561
302.401
285.678
302.401
285.039
302.401
286.159
302.401
286.242
302.397
285.122
302.398
286.241
302.402
285.519
302.398
285.76
302.402
329.518
259.204
328.476
259.201
313.679
266.561
322.078
266.482
305.92
282.562
305.517
282.399
302.722
285.361
302.398
286.079
302.402
286.399
302.402
284.639
302.399
286
302.398
286.084
302.397
285.922
302.398
286.644
302.398
328.161
259.2
321.04
259.201
321.119
266.96
278.56
308.957
306.64
282.241
306.401
281.839
302.398
285.042
302.398
286.402
302.403
285.518
302.399
290.718
302.402
281.519
302.402
285.84
302.397
285.603
302.397
285.922
302.401
331.839
259.203
319.996
259.204
319.916
266.964
320.476
266.561
306.721
281.76
306.319
281.68
302.399
286.079
302.402
288.163
302.397
283.681
302.398
285.843
302.398
286.399
302.402
285.602
302.398
285.362
302.397
288.881
302.397
325.921
259.201
327.202
259.2
316.8
265.519
321.518
266.644
305.758
281.761
306.8
296.718
259.2
314.003
302.398
286.079
302.399
285.36
259.204
282.797
302.399
278.56
302.402
280.88
302.399
285.68
302.402
285.839
302.397
287.603
302.401
284.159
312.721
275.358
302.402
285.598
302.402
286.398
302.402
328.315
259.204
328.56
259.2
314.397
267.043
321.198
266.084
307.596
280.881
306.721
281.602
303.357
284.722
302.398
286.482
302.398
285.681
302.398
285.44
302.402
285.922
302.398
285.598
302.401
286.242
302.397
304.482
302.398
267.121
302.399
329.202
259.2
319.281
260.08
322.24
266.399
320.559
267.599
306.082
282.159
306.961
281.599
302.401
285.918
302.401
285.599
302.401
285.52
302.398
286.245
302.398
285.519
302.403
285.917
302.397
285.765
302.398
285.523
302.397
285.761
311.281
277.598
302.398
285.764
302.397
285.283
302.398
285.76
259.203
283.44
302.399
279.037
302.402
279.843
302.398
285.681
302.398
286.079
302.401
285.52
302.398
286.001
302.402
286
302.397
285.922
302.398
285.76
302.401
287.603
302.398
283.68
302.398
285.923
302.397
286.324
302.398
286.08
302.397
285.283
302.399
286.161
302.398
285.441
302.401
285.681
302.399
286.079
302.401
285.922
302.398
285.2
302.401
286.321
302.397
286.163
302.397
285.603
302.397
285.761
302.397
285.445
302.397
285.919
302.402
285.842
302.398
286.162
302.399
285.361
302.397
286.64
302.402
285.44
302.398
328.962
259.196
313.601
266.482
278.158
310.004
275.598
312.721
306.556
281.283
306.879
281.283
302.397
285.838
302.403
285.76
302.398
286.32
302.401
285.761
302.397
285.524
302.398
286.162
302.397
285.603
302.397
286.001
302.402
286.32
302.398
285.042
302.398
286.001
302.398
286.162
302.398
285.361
302.398
285.444
302.399
286.639
302.401
285.441
302.398
285.523
302.398
286.88
302.398
284.884
302.399
286.24
302.398
286.08
302.402
285.278
302.402
286.237
302.402
285.922
302.397
287.042
302.398
284.403
302.398
285.602
302.398
286.561
302.397
285.524
302.397
285.043
302.398
286.241
302.397
285.922
302.398
286.32
357.68
317.203
265.839
321.999
265.843
318.638
270.08
306.56
282.158
305.522
282.241
302.398
286.158
302.402
285.519
302.402
286
310.881
277.12
302.399
286.481
302.397
286.881
302.398
284.64
302.401
285.524
302.397
286.08
302.401
285.441
302.398
285.519
302.402
285.839
302.401
286.242
302.398
285.2
302.401
287.358
302.398
327.763
259.2
323.758
259.201
319.04
266.32
322.078
266.562
306.16
299.922
302.398
267.843
302.398
285.681
302.397
285.682
302.397
285.842
302.399
285.763
302.399
285.838
302.402
286.001
302.398
328.721
259.201
326.638
259.2
316.082
266.798
321.36
266.719
306.401
281.681
306.398
281.443
302.399
286.162
302.398
286.478
302.402
285.44
312.482
275.917
302.401
285.761
302.397
286.321
302.401
284.802
302.397
285.599
302.401
286.479
302.401
329.602
259.199
321.519
259.2
319.92
267.121
321.68
266.482
305.597
284.88
304.082
281.838
302.399
285.764
302.398
285.68
302.398
286.08
302.402
285.838
302.402
261.603
302.398
309.76
302.398
285.361
302.398
286.482
302.397
288.404
302.397
283.603
302.397
328.56
259.2
326.962
259.2
315.841
265.997
321.842
266.88
305.838
282.403
305.999
281.681
302.398
285.922
302.397
285.764
302.398
286.238
302.401
285.76
302.398
286.242
308.082
279.918
302.402
328.879
259.2
325.518
259.204
316.476
268.723
319.679
266.321
306.559
281.918
306.48
281.923
302.397
285.843
302.398
285.843
302.397
285.922
302.398
285.441
302.397
286.163
302.397
285.764
302.398
285.843
302.398
285.681
302.397
285.362
302.403
304.398
259.199
310.399
302.402
286.158
302.401
286.64
302.398
285.283
302.397
286.163
302.397
285.923
302.398
328.721
259.199
313.282
266.719
278.241
310.323
275.117
312.161
306.559
282.479
305.999
281.922
302.397
285.682
302.401
286.08
302.397
285.84
302.401
286.001
306.8
280.801
302.398
286.08
302.398
285.922
302.401
285.839
259.199
283.282
302.399
279.203
302.398
279.2
302.402
285.996
302.402
285.839
302.401
285.839
302.398
285.681
302.403
285.759
302.401
285.358
302.403
286.477
302.401
286.159
302.401
285.362
302.398
286.159
302.401
285.839
302.402
285.598
302.402
286.001
302.397
285.682
302.397
285.764
302.399
285.838
302.398
285.764
302.397
286.242
302.397
285.682
302.401
285.52
302.401
286.159
302.397
285.603
302.397
285.765
302.398
286.158
302.401
285.843
302.398
287.362
302.397
284.08
302.401
283.52
302.398
284.963
302.402
286.316
302.401
285.919
302.401
286.238
302.401
285.603
302.397
328.718
259.203
316.478
263.519
322.244
266.399
275.681
312.639
305.679
284.4
303.92
282.241
302.398
285.445
302.397
286.001
302.397
286.242
302.398
285.602
302.401
286.08
296.88
293.598
302.401
285.922
302.399
285.597
302.402
286.162
302.398
285.681
302.398
285.76
302.402
285.918
302.402
285.44
302.397
286.881
302.401
285.121
302.398
328.959
259.203
270.158
309.522
279.358
309.522
271.441
315.999
306.319
282.959
262.08
325.762
259.2
279.199
302.399
279.12
302.402
283.358
302.402
286.079
302.401
285.678
302.401
285.759
302.399
285.681
302.398
286.482
302.401
328.797
259.203
322.56
259.201
319.518
269.361
318.879
266.723
305.999
282.399
305.917
282.162
302.402
285.68
302.399
286
302.398
285.519
302.402
285.843
302.398
285.838
302.402
285.441
302.398
286.644
302.397
285.76
302.398
328.481
259.2
323.36
259.201
318.799
267.043
322.235
265.682
307.202
281.599
305.841
282.158
302.402
285.918
302.401
285.923
302.397
285.603
302.397
286.242
302.397
285.441
302.398
282.88
302.401
289.201
302.401
285.279
302.398
285.922
259.203
284.958
302.399
278.481
302.399
278.398
302.402
286.079
302.402
285.598
302.401
286.08
302.398
285.441
302.401
286.159
302.401
285.761
302.397
328.962
259.201
323.119
259.2
319.439
266.482
321.999
266.4
316.961
270.719
306.717
282.483
302.401
285.279
302.397
285.923
302.398
285.523
302.397
285.843
302.398
285.843
302.397
286.163
302.397
328.88
259.204
327.676
259.2
314.319
266.64
321.92
266.644
305.435
282.801
306.319
282.403
302.879
284.96
302.401
286.399
302.398
282.644
302.397
288.001
302.401
286.08
302.402
285.997
302.397
286.005
302.398
286.001
302.401
285.279
302.401
286.479
302.397
284.964
302.401
285.997
302.401
286.159
302.402
285.681
302.399
286.24
302.398
285.362
302.397
286.001
302.401
286.001
302.398
285.839
302.401
283.122
302.397
288.325
302.398
285.921
302.399
285.439
302.398
300.565
259.195
314.884
302.397
285.761
302.397
285.926
302.397
285.362
259.2
284
302.398
279.681
302.398
278.402
302.399
285.838
302.402
287.279
302.401
284.241
302.398
286.001
302.397
285.445
302.399
284.157
302.402
285.52
302.397
285.362
302.401
285.362
302.399
286.319
302.401
285.678
302.398
285.843
302.401
285.76
302.398
286.241
302.399
285.44
302.401
285.599
302.401
285.76
302.398
286.32
302.402
285.52
302.401
285.76
302.399
286.56
302.401
285.118
302.401
300.159
259.203
317.598
259.199
328.56
259.203
282.079
302.398
282.079
302.403
277.597
302.403
285.921
302.398
286
302.401
293.599
302.398
277.922
304.799
283.602
302.398
285.84
302.401
285.599
302.401
286.561
259.199
281.279
302.402
279.68
302.399
280.718
302.402
286.158
302.402
285.681
302.397
285.441
302.401
286.159
302.401
285.678
302.401
287.441
302.398
284.08
302.402
285.838
302.402
285.44
302.399
286.162
302.398
285.681
302.398
285.921
302.399
286
302.401
285.681
302.398
286.245
302.399
285.838
302.397
285.603
302.397
285.682
302.401
286.08
302.401
285.28
302.398
286.801
302.401
285.197
302.401
286.644
302.397
284.881
302.397
285.603
302.398
286.079
302.402
286.482
302.397
285.201
302.397
286.004
302.398
286.241
302.398
285.204
302.399
285.917
302.401
286.163
302.398
285.602
302.399
286
302.401
286.158
302.398
285.682
302.397
285.362
302.401
285.922
302.398
285.918
302.401
285.52
302.401
286.159
302.402
285.839
302.401
285.678
302.401
285.84
302.397
286.005
302.397
331.038
259.203
323.278
259.2
317.522
266.64
321.119
266.321
306.961
282.08
305.999
279.039
302.401
288.237
302.402
286.079
302.402
286.08
302.398
285.842
302.398
285.682
302.397
285.603
302.397
286.964
302.397
285.283
302.398
328.8
259.201
327.281
259.2
314.638
266.321
322.16
266.4
306.799
281.919
306.16
282.08
303.36
284.88
302.402
285.761
305.119
282.801
302.398
285.918
302.402
286.083
302.398
285.678
302.401
286.32
302.402
285.519
302.399
285.361
302.401
286.238
302.401
285.682
302.397
285.761
302.401
285.76
302.398
286.162
302.398
285.681
302.399
285.522
302.398
286.561
302.401
285.358
302.398
285.764
302.398
285.602
302.399
287.518
302.402
327.601
259.2
326.638
259.201
315.521
267.039
321.679
265.84
306.961
282.08
305.999
281.839
302.962
285.362
302.397
285.918
302.402
285.922
302.397
285.602
302.398
286.404
302.397
285.121
302.398
285.681
302.402
286.158
302.403
286.236
302.403
285.519
302.397
285.843
302.399
285.522
302.398
285.839
302.401
285.919
302.401
285.681
302.398
286.162
302.398
285.843
302.398
285.602
302.399
286.319
302.401
285.52
302.399
285.759
302.401
287.441
302.398
283.922
302.397
286.325
302.397
286.321
302.402
285.598
302.401
285.441
302.398
286.718
302.401
284.802
302.398
286.399
302.401
285.52
302.402
285.437
302.402
286.481
302.398
285.44
308.721
279.039
302.401
286.877
302.401
285.122
259.203
283.917
302.402
279.278
302.399
279.44
302.402
285.357
302.402
285.519
302.401
282.96
302.398
289.125
302.393
285.366
302.398
285.519
302.402
286.557
302.401
285.52
302.402
286
302.398
285.602
302.399
285.838
302.401
285.922
302.399
285.68
302.399
286.244
302.398
285.598
302.402
285.918
302.401
285.599
302.401
286.08
302.401
285.516
302.402
283.362
302.397
286.242
302.401
285.118
302.401
286.723
302.397
285.2
302.398
286.482
302.401
285.118
302.401
286.321
302.397
285.204
302.399
286.721
302.398
285.121
302.398
286.399
302.401
287.362
302.398
283.843
302.394
285.685
302.397
285.765
302.398
286.241
302.397
286.321
302.402
288.158
302.401
285.918
302.398
285.445
302.397
285.922
302.398
285.361
302.403
286.477
302.398
285.681
302.399
285.601
302.398
286.162
302.402
285.279
302.397
285.524
302.397
286.644
302.398
285.44
302.399
286.162
302.397
328.884
259.199
313.44
266.32
319.917
268.64
316.322
272.478
305.601
282.001
305.999
282.163
302.397
285.681
302.398
286.001
302.401
285.682
302.397
286.08
302.401
285.52
302.399
286.319
302.402
285.361
302.399
286.639
302.401
328.32
259.199
323.041
259.201
319.837
266.001
321.92
266.163
306.318
279.682
308.957
281.839
302.402
287.678
302.401
284.162
302.398
285.603
302.397
286.162
302.398
285.602
302.398
285.761
302.402
285.759
302.398
288.723
302.397
326.162
259.199
322.959
259.2
319.36
266.561
321.597
266.722
309.12
280.561
305.439
281.203
302.398
286.321
305.198
283.199
302.403
285.279
302.397
286.644
302.398
285.12
302.398
285.445
302.397
286.483
302.397
285.682
302.397
285.922
302.398
286.083
302.398
285.362
302.397
285.682
302.401
285.681
302.398
285.76
302.398
285.843
302.397
285.922
302.402
286.32
302.398
285.681
302.398
285.843
302.397
285.52
302.401
286.479
302.401
328.718
259.2
324.003
259.2
318.319
266.64
321.92
266.001
306.477
282.241
306.082
283.358
302.401
284.079
302.402
286.001
302.398
286
302.398
285.441
302.402
286.079
302.399
286
302.401
329.042
259.2
322.879
259.2
319.36
266.399
321.601
269.042
303.837
281.919
306.16
284.08
302.402
284.399
302.398
285.282
302.398
285.922
302.398
285.843
302.397
285.603
302.402
286
302.397
286.001
302.398
285.441
302.401
286.561
302.398
285.519
302.402
285.76
302.398
285.764
302.393
285.765
302.397
286.084
302.397
285.362
302.398
285.922
302.397
286.644
302.398
285.358
302.401
285.922
302.398
286.32
302.401
285.043
302.398
286.079
302.399
285.282
302.397
286.482
302.398
285.922
302.397
285.843
302.398
285.602
302.399
285.759
302.403
285.838
302.401
285.919
302.402
285.759
302.398
285.602
302.401
285.919
302.397
285.603
302.401
285.918
302.402
285.598
302.402
286.079
302.403
286.398
302.398
285.283
302.397
285.761
302.401
301.121
259.196
313.364
302.398
286.08
302.397
285.764
259.2
283.361
302.398
279.602
302.398
278.959
302.402
285.917
302.402
285.76
302.401
287.761
302.397
284.001
302.399
286.003
302.399
285.598
302.401
286.08
302.401
285.599
302.402
285.519
302.398
286.241
302.398
286.162
302.401
285.441
302.398
286.159
302.401
285.441
302.397
285.682
302.398
286.801
302.401
282.719
302.401
285.84
302.397
285.441
302.401
286.163
302.398
286.079
302.402
285.922
302.397
285.599
302.401
285.922
302.399
286.079
302.401
285.2
302.398
286.162
302.398
285.602
302.398
286.32
302.402
285.441
302.397
286.242
302.401
285.516
302.401
286.561
271.199
293.12
292.079
294.163
302.398
313.842
302.398
328.8
259.2
270.241
309.44
279.361
308.559
309.602
279.358
306.16
281.52
304.161
283.918
302.401
286.158
302.403
285.439
302.399
285.759
302.403
286.64
302.397
285.524
302.397
286.08
302.402
286.158
302.402
282.88
302.399
288
302.402
286.477
302.403
328.476
259.199
313.361
266.64
278.722
309.361
276.237
312.323
306.157
281.682
306.638
281.843
302.397
346.964
302.398
283.278
302.403
285.838
302.401
286.321
308.397
279.441
302.398
285.444
302.399
286.879
302.402
328.797
259.204
322.236
259.204
320.078
266.719
321.123
266.798
306.318
282.083
306.398
281.682
302.397
285.763
302.399
285.68
302.399
285.602
302.398
286.001
302.401
286.159
302.398
286.083
302.398
285.042
302.398
286.241
302.398
285.681
302.401
329.121
259.2
326.638
259.2
314.078
268.404
321.679
266.64
306.078
281.922
306.161
281.68
302.399
286.398
302.402
286.158
302.403
285.199
302.398
286.242
302.401
285.599
302.401
286.159
302.401
285.437
302.402
285.922
302.397
285.682
302.398
286.162
302.397
285.441
302.401
286.483
302.397
285.52
302.397
285.122
302.401
286.159
302.401
285.52
302.401
285.997
302.402
285.681
302.398
286.241
302.398
285.764
302.397
285.362
302.398
286.241
302.398
285.523
302.398
285.76
302.402
285.681
302.398
286.959
302.401
327.839
259.2
323.36
259.2
319.601
266.722
321.518
264.242
308.476
281.201
306.401
281.839
302.401
285.52
302.401
285.919
302.397
286.084
302.397
285.923
302.397
286.084
302.398
285.278
302.402
294.32
302.398
278.963
302.398
286.001
302.401
285.599
259.199
283.838
302.402
278.32
302.402
279.839
302.398
285.361
302.402
283.76
302.398
288.801
302.397
284.723
302.398
288.001
302.401
283.839
302.402
285.602
302.398
286.478
302.399
285.601
302.401
285.761
302.397
286.163
302.401
285.757
302.401
285.362
302.397
286.483
302.397
285.283
302.399
286.24
302.398
285.76
302.402
285.921
302.394
284.005
302.398
287.361
302.398
285.681
302.398
286.245
302.399
285.68
302.397
285.441
302.402
286.237
302.402
286.001
302.401
286.159
302.398
285.121
302.397
286.163
302.397
285.524
302.397
286.001
302.402
285.279
302.402
286.079
302.398
286.399
302.401
285.84
302.401
283.362
302.398
288.162
302.397
286.08
302.402
285.519
302.398
285.681
302.403
286.157
302.402
285.52
302.397
285.764
302.398
285.2
302.401
286.242
302.397
287.279
302.398
284.644
302.397
286.001
302.398
285.042
302.402
286.722
302.398
285.52
302.402
285.759
302.398
283.681
302.398
288.561
302.401
285.118
302.401
286.08
302.401
285.918
302.398
285.764
302.398
285.843
302.397
285.76
302.403
285.44
302.398
286.162
302.397
286.163
302.397
328.801
259.199
313.598
265.843
321.999
266.561
275.76
313.361
305.596
282.001
305.842
282.079
302.402
286.399
302.398
285.121
302.398
286.245
302.397
286.08
302.402
287.038
302.401
284.32
302.402
285.437
302.402
286.561
302.397
285.441
302.398
285.681
302.402
285.839
302.397
286.163
302.398
285.921
302.402
286.158
302.402
285.199
302.398
285.923
302.397
286.001
302.402
286.158
302.398
285.125
302.398
286.079
302.402
285.839
302.397
285.603
302.397
286.242
302.401
285.922
302.398
284.88
302.399
286.56
302.402
285.839
302.402
285.68
302.398
285.599
302.401
285.918
302.401
285.761
302.401
286.159
302.401
285.84
302.397
286.08
302.401
285.682
302.397
286.242
302.401
328.399
259.199
323.601
259.201
318.957
266.644
321.68
266.237
306.56
281.921
306.24
282.4
302.401
284.639
302.399
286.323
302.398
286.479
302.401
285.041
302.399
286.159
302.401
286.4
302.397
328.402
259.201
322.72
259.201
320.16
266.479
321.04
266.482
306.638
282.32
305.68
282.238
302.401
285.279
302.402
286.241
302.398
286.001
302.401
285.921
302.399
285.519
302.398
285.843
302.398
286.001
302.401
329.519
259.199
323.199
259.2
318.642
266.4
321.679
266.64
306.8
281.682
306.318
279.761
302.401
287.838
302.399
286.161
302.399
285.522
302.399
285.519
302.402
286.398
302.403
285.598
302.402
286.001
302.397
285.682
302.397
286.321
302.401
284.96
302.401
285.918
302.401
285.678
302.401
286.001
302.402
286.079
302.398
285.76
302.402
285.681
302.398
283.44
302.398
288.163
302.398
329.841
259.199
322.801
259.2
318.8
267.039
321.762
266.399
305.759
282.241
305.92
282.562
302.397
285.761
302.401
285.918
302.401
285.28
302.401
286.399
302.398
285.523
302.398
286.001
302.402
285.519
302.397
286.242
302.401
285.52
302.401
285.358
302.402
286.238
302.401
286.32
302.398
285.523
302.398
285.918
302.401
285.122
302.398
286.162
302.398
286.32
302.401
285.441
302.398
286.643
302.398
285.121
302.399
285.44
302.397
286.403
302.402
285.677
302.402
285.922
302.397
285.678
302.401
286.159
302.401
285.52
302.401
285.678
302.401
285.761
302.401
286.159
302.402
285.759
302.399
285.601
302.398
285.843
302.397
285.922
302.398
287.843
302.398
284.08
302.402
285.357
302.401
286.08
302.401
286.159
302.398
286.001
302.401
285.599
302.401
285.839
302.402
285.681
302.398
286.001
302.397
286.005
302.397
285.201
302.401
285.756
310.642
278.321
302.397
284.881
302.401
285.922
302.398
286.561
259.199
328.88
259.199
279.842
302.399
279.199
302.402
282.478
302.402
286.639
302.402
285.519
302.398
285.843
302.398
285.76
302.402
285.199
302.398
286.399
302.401
286.001
302.402
285.437
302.402
285.838
302.399
285.601
302.403
286.158
302.401
285.437
302.401
285.839
302.402
285.76
302.398
286.482
302.397
286.325
302.397
284.881
302.402
286.32
302.397
285.52
302.402
286
302.398
285.764
302.397
285.52
302.401
285.84
302.397
286.403
302.398
286.08
302.401
285.121
302.399
286.718
302.401
284.64
302.402
286.719
302.401
287.52
302.397
283.204
302.399
286.958
302.402
285.038
302.401
285.923
302.397
286.242
302.398
284.959
302.401
286.4
302.398
286.162
302.401
285.441
302.397
286.561
302.398
285.2
302.401
285.761
302.398
285.681
302.401
286.482
302.399
285.519
302.397
285.524
302.398
285.842
302.398
285.843
302.397
286.08
356
318.401
266.479
306.319
281.922
306.16
282.001
303.916
284.001
302.402
286.398
302.402
285.918
302.402
283.199
302.399
288.802
302.402
285.199
302.398
286.403
302.397
285.603
302.397
285.761
309.277
279.125
302.397
286.321
302.397
285.201
259.203
282.56
302.398
278.801
302.402
280.557
302.402
285.598
302.402
285.838
302.402
285.677
302.403
286.319
302.398
285.602
302.399
286.24
302.401
328.88
259.2
323.439
259.201
318.878
266.001
322.161
266.561
305.837
282.001
306.24
283.121
302.398
284.801
302.402
285.68
302.399
286.241
302.398
285.44
302.398
285.921
302.402
286.08
302.398
285.602
302.402
289.756
302.402
281.922
302.397
285.682
302.398
286.402
302.398
285.121
302.398
286.482
302.401
328.32
259.2
323.277
259.2
320.082
266.001
321.36
266.719
307.119
281.441
306.721
281.358
302.401
285.76
302.398
285.843
302.398
286
302.402
285.44
302.398
286
302.399
286.084
302.398
285.282
302.398
284.959
302.402
287.681
302.397
285.599
302.401
285.844
302.397
285.121
302.399
285.842
302.397
285.923
302.398
286.162
302.397
285.761
302.397
285.926
302.397
285.52
302.398
286.482
302.398
285.282
302.398
285.76
302.401
286.641
302.397
285.283
302.397
285.603
302.397
329.042
259.199
312.241
265.121
321.92
266.478
318.642
270.4
305.6
281.599
306.638
282.084
302.397
285.603
302.397
286.321
302.401
285.279
302.402
285.441
302.397
286.242
302.398
286
302.401
287.201
302.402
284.319
302.398
285.76
302.398
285.764
302.398
286.399
302.401
287.52
302.401
285.599
259.199
330.079
259.203
281.918
302.402
283.361
302.398
275.523
305.357
282.88
302.402
286.079
302.398
293.523
302.397
289.44
302.402
274.641
302.638
285.279
302.401
293.599
259.203
322.56
259.199
328.56
259.2
280.079
302.402
279.677
302.402
282.481
302.398
284.801
302.399
286.161
302.398
285.76
302.402
286.241
302.398
285.76
302.401
285.998
302.401
285.52
302.401
286.399
302.398
285.042
302.398
285.523
302.399
286.879
302.402
285.362
302.397
285.362
302.397
286.881
302.401
285.039
302.399
286.24
302.401
283.201
302.402
288.158
302.398
285.921
302.398
285.444
302.399
286.481
302.398
286.08
302.401
285.681
302.398
285.279
302.402
286.399
302.401
285.358
302.402
285.839
302.401
285.76
302.398
286.001
302.401
286.08
302.398
285.681
302.402
285.598
302.398
285.843
302.398
285.76
302.401
286.08
302.397
285.043
302.401
287.121
302.398
284.88
302.399
285.921
302.401
285.118
302.402
286.158
302.401
285.839
302.403
286.319
302.398
285.121
302.401
285.922
302.398
287.196
302.402
284.801
302.402
285.918
302.397
285.843
302.399
285.921
302.398
283.764
302.398
288.32
302.397
285.685
302.398
285.76
302.398
285.764
302.397
286.4
302.401
285.2
302.402
285.918
302.401
285.84
302.401
285.757
302.401
355.681
302.399
317.759
259.199
329.522
261.279
318.162
267.12
314.32
269.361
318.957
266.479
306.481
283.041
305.44
281.282
302.398
285.602
302.397
286.08
302.402
285.921
302.398
285.678
302.401
285.76
302.402
286.64
302.397
328.32
259.2
322.8
259.204
320.397
269.844
318.078
265.756
306.804
282.238
305.999
281.763
302.398
285.682
302.397
288.64
302.401
283.44
302.399
285.681
302.402
285.597
302.403
285.677
302.401
288.644
302.398
326.481
259.2
327.199
259.2
315.119
266.96
321.518
266.324
305.916
281.761
306.401
282.64
303.04
285.278
302.403
285.759
302.399
287.121
302.401
284.241
302.398
286.08
302.398
286.324
302.397
284.562
302.397
286.881
302.402
329.119
259.2
314.319
265.362
278.801
309.356
274.64
313.523
306.078
282.162
306.559
281.76
302.398
287.362
302.398
284.082
302.399
285.922
302.397
285.681
302.398
286.324
302.398
285.603
302.398
285.842
302.398
285.76
302.401
285.761
302.397
285.84
302.401
285.599
302.401
286.001
302.397
286.325
302.398
285.681
302.397
285.761
302.401
285.922
302.397
329.121
259.2
326.157
259.2
316.003
266.478
321.92
265.682
307.199
281.842
305.999
282.4
302.401
285.278
302.399
286.162
302.398
285.68
302.399
285.523
302.398
286.162
302.398
285.602
302.398
287.599
302.401
284.08
302.401
285.918
302.402
285.922
302.397
285.761
302.402
286.398
302.399
285.361
302.397
286.246
302.397
284.881
302.397
286.964
302.397
285.362
302.398
286.004
302.394
285.764
308.559
279.599
302.401
284.798
302.402
284.801
302.398
328.083
259.199
271.038
309.681
278.083
309.518
307.037
281.441
306.559
281.843
303.92
284.238
302.401
285.358
302.402
286.159
302.401
285.922
302.397
285.761
302.397
286.163
302.402
284.797
302.401
286.479
302.401
286.159
302.401
285.2
302.402
288.877
302.402
285.598
302.401
285.678
302.402
286
302.401
286.238
302.401
328.241
259.199
314.241
266.241
321.838
266.079
275.519
312.88
306.24
283.204
304.796
282.162
302.398
285.922
302.401
285.039
302.401
286.96
302.401
285.599
302.397
285.362
302.399
286.003
302.398
286
302.398
285.441
302.401
286.159
302.402
285.918
302.401
286.08
302.402
285.76
302.397
285.603
302.397
285.84
302.401
286.32
302.402
285.598
302.398
285.441
302.402
286.158
302.401
285.761
302.397
285.922
302.399
285.282
302.397
286.005
302.397
286.001
302.399
285.759
302.398
285.922
302.401
286.242
302.397
285.682
302.398
285.282
302.397
286.242
302.401
285.441
302.398
285.76
302.398
286.083
302.398
285.681
302.399
285.921
302.401
286.636
302.402
285.042
302.398
286.162
302.398
285.444
302.399
286
302.397
287.043
302.397
284.399
302.402
285.602
302.398
286.561
302.397
285.524
302.398
285.76
302.401
285.997
302.402
286.001
302.401
285.516
302.402
286.079
302.401
285.201
302.401
286.478
302.399
329.04
259.2
328.879
259.204
313.439
266.881
321.356
266.644
306.078
282.08
306.718
281.203
303.917
284.244
302.399
286.24
302.398
285.842
302.399
285.121
302.397
286.084
302.398
286.079
302.402
329.519
259.199
321.842
259.2
319.759
267.282
321.759
265.918
306.721
281.68
305.921
282.159
302.398
286.083
302.398
285.441
302.401
286.237
302.402
285.761
302.397
286.001
302.401
285.599
302.401
285.52
302.398
286.32
302.402
286.241
302.398
285.121
302.401
287.279
302.398
327.842
259.2
326.642
259.197
315.521
266.64
322.078
266.561
305.522
282.478
305.999
282.32
302.402
285.761
302.397
285.444
302.398
285.921
302.4
286
302.397
288.481
302.399
284.561
302.401
327.357
259.204
323.68
259.2
319.36
266.08
322.161
266.159
306.638
281.843
305.675
282.083
302.399
286.001
302.401
285.759
302.399
285.44
302.402
286.319
302.399
285.922
302.397
285.844
302.397
329.602
259.199
322.319
260.159
318.24
266.324
322.635
266.162
306.161
281.76
306.078
282.643
302.399
285.44
302.402
285.917
302.398
285.921
302.403
285.759
302.399
286.001
302.397
285.603
302.401
285.76
302.398
285.839
302.401
286.001
302.403
285.436
302.401
286.399
302.402
285.441
302.398
286.402
302.398
328.639
259.2
323.841
259.201
318.638
266.08
322.641
266.641
305.999
282.079
305.36
282.084
302.398
286.32
302.398
285.523
302.398
286.32
302.398
285.602
302.398
285.763
302.398
285.84
302.401
286.001
302.397
285.441
302.402
285.681
302.399
286.157
302.402
328.8
259.201
327.439
259.2
314.878
266.483
322.476
266.403
306.241
284.639
302.961
282.238
302.879
285.362
302.401
287.84
302.397
283.843
302.398
288.56
302.398
283.204
302.398
285.922
302.397
285.52
302.402
285.76
302.401
288.478
302.402
283.038
302.403
286.639
302.397
285.682
302.401
285.681
302.398
286.32
302.398
285.76
302.403
285.12
302.398
286
302.402
286.399
302.401
285.761
302.397
285.362
302.398
286.482
302.398
285.124
302.394
286.084
302.398
285.519
302.401
286.321
302.401
285.682
302.397
287.599
302.401
283.52
302.401
286.558
302.401
285.279
302.402
286.079
302.398
285.764
302.397
285.84
302.402
285.838
302.402
285.918
302.401
285.761
302.397
285.922
302.398
286.001
302.401
285.76
302.398
285.685
302.397
285.441
302.399
286
302.397
285.764
302.398
285.681
302.399
283.842
302.397
286.084
302.399
285.601
302.398
285.76
302.399
285.921
302.401
285.678
302.401
285.599
302.401
285.599
302.401
286.32
302.398
285.922
302.397
285.283
302.399
286.323
302.398
285.362
302.398
285.838
302.402
285.602
302.398
286.482
302.397
285.043
302.397
266
291.042
293.278
321.282
293.918
302.398
285.282
302.402
286.159
259.199
329.041
259.199
280.403
302.398
279.282
302.399
281.921
302.398
286.241
302.398
285.681
302.401
285.839
302.398
286.802
302.397
327.921
259.203
314
266.561
278.158
310.161
274.802
312.555
306.083
282.478
306.082
281.918
302.401
285.76
302.398
286.321
302.401
285.921
302.399
285.361
302.398
286.242
302.397
285.603
302.397
285.843
302.398
285.602
302.398
329.199
259.199
322.324
259.2
320.638
266.163
321.679
266.561
306.24
282.079
305.838
282.001
302.401
283.677
302.402
288
302.399
286.079
302.402
286.32
259.2
281.519
302.402
278.722
302.398
281.199
302.403
285.68
302.399
286.158
302.401
285.437
302.402
285.921
302.398
285.843
302.397
285.84
302.401
285.922
302.398
285.918
302.401
285.52
302.401
285.839
302.402
283.2
302.397
288.64
302.402
285.52
302.401
286.08
302.401
285.918
259.2
282.962
302.398
278.88
302.399
281.522
302.399
284.079
302.402
286.24
302.398
285.52
302.402
286.158
302.401
285.761
302.397
285.76
302.402
285.441
302.401
286.557
302.401
285.923
302.398
283.842
302.398
287.2
302.397
285.603
302.397
286.163
302.398
285.602
302.399
286.402
302.397
287.84
302.401
326.319
259.201
327.36
259.2
315.92
266.241
322.078
266.562
305.517
282.242
306.24
281.839
302.401
285.84
302.401
286.159
302.401
285.116
302.403
285.922
302.397
286.084
302.397
287.441
302.398
284.802
302.401
285.756
302.402
285.843
302.398
285.519
302.398
285.922
302.401
285.52
302.397
286.005
302.397
285.998
302.401
285.76
302.402
286.32
302.398
285.204
302.397
286.482
302.398
285.2
302.398
285.922
302.401
285.76
302.398
285.362
302.397
286.321
302.402
285.519
302.402
285.838
302.403
285.676
302.402
288.801
302.398
283.279
302.401
285.919
302.401
286.08
302.397
285.603
302.401
287.76
302.398
284.001
302.397
285.844
302.398
285.523
302.397
285.839
302.402
285.839
302.401
285.922
302.398
285.441
302.397
286.001
302.401
286.242
302.398
285.681
302.398
285.523
302.399
286.079
302.401
285.681
302.398
286.399
302.401
287.359
302.401
283.441
302.398
286.402
302.398
285.441
302.398
285.763
302.399
286.722
302.398
285.121
302.397
285.603
302.397
286.084
302.397
286.001
302.403
285.755
302.401
286.08
302.402
285.76
302.399
286
302.401
285.358
302.402
285.681
302.397
286.001
302.398
286.083
302.398
285.279
302.401
286.08
302.402
285.602
302.397
285.761
302.397
286.163
302.398
285.602
302.398
286.241
302.401
286.001
302.398
285.441
302.397
286.08
302.401
285.52
302.402
285.839
302.401
286.08
302.398
286.162
302.398
285.121
302.401
286.159
302.401
285.761
302.397
286.001
302.399
285.522
302.399
285.68
302.399
286.323
302.398
286.001
302.397
285.283
302.399
288.319
302.401
326.959
259.204
327.435
259.204
315.277
266.802
320.958
266.001
307.36
281.121
306.397
282.325
304.717
283.038
302.402
286.162
302.398
285.598
302.402
285.839
302.401
286.321
302.397
358.321
302.402
314.959
261.12
327.198
309.839
275.763
264.64
310.639
270.801
318.16
265.52
304.639
284.083
305.597
282.64
304.161
284.079
302.402
285.357
302.402
285.922
302.398
285.842
302.398
286.001
302.399
285.838
302.402
285.598
302.401
285.844
302.397
286.001
302.398
286.32
302.401
328.56
259.201
327.119
259.2
315.281
266.64
321.68
266.478
306.401
279.52
308.402
282.078
304.32
284.4
302.401
285.68
302.399
285.44
302.402
285.917
302.399
285.921
302.402
286.32
302.398
285.279
302.401
286.242
302.398
285.602
302.398
285.282
302.398
285.843
302.398
285.922
302.397
285.843
302.398
286.162
302.398
285.76
302.402
283.196
302.401
288.561
302.402
285.441
302.397
286.242
259.199
329.361
259.199
279.838
302.403
278.718
302.402
283.519
302.398
284.801
302.402
286.158
302.398
285.681
302.401
285.761
302.401
285.757
302.401

------------------------------------------------------------------------------------------------------------------------------------------------
max val(#4244) = 1242.40us
min val(#2663) = 257.52us
peak-to-peak = 984.88us
mean +- RMS = 293.99 +- 17.21 us

packet size: 516
number of packets: 10000
RATE = 14041.46kbps, PPS = 3401.5
