Destination address set to 01:1B:19:00:00:00
Defaults: 01:1B:19:00:00:00 or 01:80:C2:00:00:0E
SIOCSHWTSTAMP: tx_type 1 requested, got 1; rx_filter 0 requested, got 0
setting ts_flags: 0x53
new ts_flags: 0x53


gap of hw tx time, us: packets 10000:
------------------------------------------------------------------------------------------------------------------------------------------------
0
214.354
214.169
214.432
214.575
214.192
214.417
214.421
214.354
214.383
214.451
214.542
214.222
214.375
214.388
214.455
214.376
214.469
214.297
214.425
214.632
214.199
214.368
214.538
214.271
214.402
214.62
214.154
214.47
214.459
214.297
214.421
214.346
214.406
214.425
214.41
214.383
214.511
214.305
214.473
214.369
214.334
214.376
214.44
214.425
214.399
214.575
214.263
214.624
214.09
214.399
214.425
214.375
214.418
214.398
214.376
214.41
214.455
214.519
214.248
214.361
214.421
214.417
214.425
214.41
214.383
214.399
214.391
214.417
214.361
214.624
214.353
214.229
214.433
214.395
214.364
214.617
214.199
214.395
214.406
214.425
214.481
214.319
214.448
214.319
214.41
214.511
214.271
214.417
214.399
214.394
214.384
214.421
214.387
214.399
214.425
214.447
214.346
214.398
214.406
214.666
214.319
214.192
214.417
214.376
214.448
214.353
214.421
214.538
214.454
214.354
214.248
214.398
214.391
214.403
214.398
214.402
214.406
214.369
214.432
214.391
214.41
214.432
214.399
214.402
214.365
214.394
214.406
214.376
214.425
214.369
214.417
214.398
214.391
214.418
214.47
214.323
214.406
214.41
214.383
214.391
214.406
214.417
214.418
214.368
214.617
214.191
214.391
214.433
214.432
214.384
214.368
214.432
214.384
214.383
214.41
214.399
214.496
214.285
214.395
214.414
214.41
214.375
214.418
214.391
214.398
214.395
214.647
214.169
214.383
214.399
214.417
214.417
214.384
214.391
214.398
214.418
214.368
214.432
214.391
214.418
214.368
214.406
214.402
214.399
214.511
214.278
214.395
214.425
214.383
214.391
214.425
214.425
214.376
214.383
214.433
214.357
214.424
214.403
214.398
214.384
214.402
214.398
214.391
214.41
214.406
214.402
214.406
214.376
214.41
214.391
214.425
214.391
214.391
214.402
214.399
214.447
214.402
214.35
214.417
214.384
214.447
214.361
214.383
214.425
214.376
214.41
214.391
214.526
214.305
214.402
214.391
214.417
214.391
214.384
214.391
214.398
214.436
214.376
214.399
214.41
214.406
214.575
214.21
214.399
214.391
214.409
214.406
214.395
214.399
214.402
214.406
214.376
214.398
214.418
214.391
214.417
214.383
214.391
214.418
214.417
214.414
214.36
214.399
214.402
214.384
214.413
214.402
214.399
214.402
214.41
214.526
214.278
214.376
214.41
214.399
214.417
214.383
214.418
214.391
214.391
214.409
214.414
214.368
214.41
214.433
214.511
214.334
214.339
214.406
214.383
214.41
214.455
214.346
214.383
214.399
214.402
214.406
214.41
214.391
214.665
214.128
214.414
214.368
214.44
214.376
214.425
214.391
214.375
214.41
214.44
214.384
214.368
214.406
214.402
214.406
214.418
214.383
214.383
214.425
214.369
214.432
214.376
214.425
214.383
214.534
214.256
214.425
214.394
214.421
214.403
214.368
214.421
214.594
214.192
214.455
214.345
214.399
214.417
214.376
214.414
214.402
214.376
214.391
214.425
214.402
214.406
214.376
214.425
214.391
214.383
214.41
214.414
214.417
214.406
214.361
214.451
214.365
214.601
214.199
214.403
214.372
214.417
214.383
214.41
214.41
214.398
214.425
214.527
214.263
214.451
214.342
214.417
214.406
214.384
214.68
214.121
214.383
214.402
214.542
214.282
214.383
214.391
214.402
214.399
214.425
214.375
214.407
214.402
214.428
214.339
214.432
214.391
214.383
214.41
214.414
214.432
214.387
214.399
214.368
214.425
214.391
214.383
214.406
214.403
214.41
214.398
214.391
214.395
214.413
214.399
214.402
214.376
214.417
214.38
214.402
214.417
214.418
214.372
214.436
214.399
214.357
214.432
214.402
214.391
214.418
214.383
214.406
214.402
214.399
214.714
214.526
213.985
214.369
214.391
214.425
214.383
214.383
214.41
214.384
214.425
214.406
214.368
214.41
214.413
214.403
214.406
214.375
214.433
214.368
214.418
214.398
214.391
214.417
214.399
214.368
214.425
214.399
214.387
214.398
214.391
214.496
214.339
214.387
214.387
214.429
214.586
214.233
214.369
214.391
214.376
214.417
214.383
214.421
214.395
214.399
214.417
214.391
214.41
214.391
214.398
214.425
214.376
214.41
214.376
214.44
214.447
214.312
214.425
214.383
214.425
214.399
214.417
214.406
214.353
214.414
214.402
214.399
214.65
214.135
214.399
214.394
214.406
214.406
214.41
214.369
214.44
214.368
214.398
214.433
214.41
214.357
214.402
214.425
214.383
214.406
214.418
214.391
214.481
214.455
214.268
214.383
214.413
214.68
214.383
214.14
214.59
214.184
214.398
214.482
214.361
214.376
214.383
214.624
214.233
214.391
214.353
214.448
214.357
214.41
214.406
214.402
214.399
214.402
214.398
214.399
214.387
214.391
214.406
214.41
214.406
214.395
214.609
214.176
214.414
214.383
214.433
214.383
214.496
214.339
214.406
214.376
214.417
214.376
214.406
214.402
214.399
214.406
214.379
214.406
214.376
214.418
214.406
214.375
214.425
214.384
214.417
214.399
214.409
214.376
214.418
214.391
214.398
214.417
214.376
214.418
214.398
214.383
214.391
214.41
214.406
214.395
214.391
214.425
214.391
214.646
214.177
214.511
214.275
214.391
214.41
214.398
214.406
214.376
214.41
214.391
214.432
214.361
214.406
214.417
214.376
214.418
214.398
214.391
214.402
214.384
214.552
214.271
214.417
214.369
214.391
214.432
214.391
214.402
214.391
214.399
214.402
214.447
214.384
214.376
214.609
214.199
214.425
214.376
214.391
214.406
214.395
214.383
214.414
214.394
214.406
214.425
214.368
214.425
214.384
214.425
214.383
214.406
214.368
214.658
214.185
214.368
214.398
214.414
214.395
214.406
214.402
214.399
214.387
214.436
214.395
214.383
214.406
214.402
214.384
214.41
214.398
214.376
214.406
214.402
214.41
214.436
214.395
214.349
214.44
214.403
214.383
214.399
214.402
214.383
214.41
214.399
214.39
214.391
214.41
214.418
214.391
214.39
214.568
214.233
214.433
214.398
214.639
214.162
214.504
214.312
214.417
214.365
214.417
214.368
214.391
214.418
214.409
214.391
214.384
214.376
214.425
214.398
214.417
214.391
214.376
214.418
214.406
214.545
214.248
214.391
214.737
214.063
214.391
214.433
214.402
214.406
214.376
214.399
214.402
214.406
214.402
214.399
214.379
214.421
214.399
214.395
214.406
214.402
214.398
214.399
214.402
214.376
214.402
214.429
214.391
214.432
214.369
214.432
214.361
214.41
214.597
214.354
214.229
214.41
214.406
214.387
214.398
214.391
214.41
214.418
214.379
214.403
214.413
214.395
214.425
214.368
214.391
214.398
214.455
214.38
214.399
214.376
214.409
214.406
214.376
214.425
214.384
214.413
214.395
214.41
214.383
214.477
214.354
214.383
214.418
214.383
214.384
214.424
214.384
214.567
214.226
214.421
214.384
214.394
214.399
214.44
214.353
214.41
214.398
214.414
214.387
214.406
214.41
214.406
214.402
214.384
214.391
214.402
214.413
214.376
214.425
214.391
214.402
214.414
214.391
214.41
214.376
214.39
214.418
214.376
214.417
214.414
214.409
214.376
214.496
214.32
214.399
214.394
214.406
214.376
214.41
214.399
214.398
214.425
214.391
214.387
214.399
214.439
214.384
214.391
214.402
214.414
214.379
214.414
214.376
214.425
214.56
214.466
214.158
214.413
214.395
214.376
214.391
214.504
214.312
214.417
214.406
214.376
214.417
214.384
214.425
214.406
214.409
214.376
214.376
214.425
214.399
214.402
214.391
214.391
214.417
214.384
214.402
214.398
214.384
214.432
214.399
214.391
214.473
214.335
214.425
214.394
214.373
214.402
214.432
214.376
214.56
214.207
214.44
214.361
214.673
214.135
214.417
214.406
214.403
214.383
214.432
214.369
214.391
214.406
214.417
214.417
214.365
214.41
214.383
214.418
214.439
214.399
214.361
214.391
214.41
214.383
214.406
214.395
214.421
214.387
214.399
214.409
214.421
214.403
214.383
214.496
214.286
214.425
214.41
214.398
214.376
214.402
214.414
214.376
214.402
214.429
214.372
214.406
214.406
214.402
214.391
214.417
214.376
214.406
214.418
214.383
214.41
214.391
214.391
214.417
214.399
214.391
214.443
214.369
214.511
214.271
214.409
214.399
214.395
214.398
214.414
214.394
214.391
214.399
214.417
214.399
214.375
214.41
214.399
214.41
214.406
214.387
214.406
214.425
214.383
214.384
214.432
214.391
214.417
214.391
214.384
214.394
214.414
214.624
214.177
214.383
214.425
214.383
214.376
214.448
214.394
214.654
214.128
214.369
214.425
214.391
214.417
214.391
214.383
214.403
214.398
214.425
214.398
214.391
214.403
214.383
214.414
214.394
214.399
214.41
214.391
214.39
214.425
214.384
214.402
214.414
214.402
214.398
214.403
214.391
214.383
214.447
214.369
214.425
214.368
214.414
214.609
214.176
214.414
214.387
214.399
214.402
214.413
214.376
214.403
214.398
214.398
214.433
214.376
214.41
214.695
214.12
214.384
214.398
214.41
214.384
214.432
214.406
214.361
214.447
214.354
214.496
214.312
214.383
214.41
214.59
214.207
214.402
214.418
214.398
214.391
214.391
214.417
214.384
214.402
214.421
214.41
214.376
214.425
214.364
214.418
214.394
214.414
214.395
214.406
214.376
214.439
214.369
214.575
214.241
214.376
214.432
214.398
214.376
214.41
214.399
214.417
214.361
214.398
214.418
214.575
214.233
214.391
214.41
214.383
214.399
214.413
214.395
214.376
214.432
214.376
214.414
214.394
214.406
214.41
214.384
214.417
214.383
214.418
214.541
214.263
214.402
214.399
214.383
214.425
214.41
214.413
214.651
214.12
214.391
214.391
214.417
214.399
214.402
214.391
214.399
214.376
214.432
214.41
214.383
214.391
214.391
214.417
214.384
214.425
214.391
214.398
214.387
214.399
214.425
214.417
214.368
214.639
214.158
214.395
214.414
214.417
214.368
214.391
214.41
214.399
214.402
214.605
214.211
214.398
214.384
214.402
214.413
214.376
214.455
214.354
214.417
214.398
214.376
214.41
214.391
214.425
214.383
214.414
214.395
214.383
214.41
214.406
214.383
214.433
214.496
214.286
214.394
214.433
214.376
214.383
214.41
214.398
214.433
214.413
214.369
214.417
214.534
214.274
214.376
214.391
214.402
214.406
214.376
214.425
214.384
214.406
214.417
214.383
214.418
214.376
214.417
214.406
214.474
214.312
214.421
214.53
214.24
214.406
214.418
214.376
214.409
214.376
214.414
214.417
214.417
214.512
214.27
214.395
214.414
214.409
214.365
214.481
214.312
214.403
214.421
214.409
214.384
214.391
214.417
214.425
214.342
214.425
214.376
214.432
214.384
214.413
214.402
214.403
214.383
214.414
214.394
214.421
214.369
214.402
214.504
214.312
214.383
214.399
214.616
214.218
214.38
214.451
214.369
214.432
214.368
214.399
214.391
214.387
214.406
214.406
214.369
214.424
214.399
214.41
214.409
214.384
214.391
214.391
214.41
214.462
214.346
214.383
214.418
214.406
214.383
214.417
214.425
214.568
214.207
214.368
214.406
214.417
214.384
214.425
214.391
214.376
214.417
214.402
214.391
214.406
214.402
214.391
214.391
214.425
214.425
214.398
214.399
214.353
214.425
214.399
214.394
214.391
214.583
214.218
214.414
214.376
214.409
214.384
214.417
214.414
214.409
214.384
214.447
214.553
214.199
214.553
214.24
214.425
214.391
214.414
214.394
214.41
214.406
214.361
214.432
214.358
214.409
214.399
214.41
214.406
214.402
214.383
214.399
214.703
214.466
214.071
214.448
214.402
214.35
214.391
214.361
214.545
214.278
214.38
214.398
214.432
214.406
214.384
214.41
214.376
214.409
214.414
214.41
214.383
214.391
214.41
214.406
214.376
214.417
214.399
214.383
214.402
214.391
214.418
214.424
214.358
214.454
214.369
214.387
214.391
214.417
214.399
214.376
214.432
214.598
214.192
214.609
214.176
214.41
214.406
214.41
214.398
214.391
214.418
214.398
214.41
214.391
214.376
214.425
214.398
214.425
214.361
214.425
214.376
214.413
214.395
214.406
214.383
214.403
214.409
214.391
214.433
214.372
214.376
214.417
214.44
214.361
214.398
214.403
214.526
214.278
214.417
214.376
214.651
214.184
214.368
214.399
214.391
214.41
214.406
214.394
214.406
214.376
214.41
214.414
214.394
214.399
214.398
214.41
214.376
214.425
214.428
214.369
214.443
214.335
214.417
214.406
214.403
214.511
214.286
214.376
214.402
214.616
214.192
214.399
214.394
214.399
214.421
214.387
214.399
214.432
214.398
214.403
214.368
214.391
214.406
214.447
214.361
214.418
214.417
214.376
214.421
214.376
214.402
214.399
214.424
214.361
214.399
214.402
214.414
214.402
214.383
214.399
214.481
214.327
214.395
214.406
214.398
214.399
214.402
214.384
214.409
214.433
214.406
214.376
214.387
214.391
214.398
214.433
214.406
214.394
214.376
214.418
214.406
214.391
214.391
214.394
214.399
214.402
214.447
214.391
214.403
214.398
214.391
214.387
214.373
214.417
214.383
214.418
214.383
214.665
214.136
214.398
214.418
214.398
214.402
214.391
214.406
214.41
214.391
214.391
214.41
214.425
214.368
214.406
214.417
214.391
214.44
214.361
214.681
214.12
214.398
214.403
214.413
214.376
214.395
214.421
214.383
214.403
214.612
214.17
214.424
214.369
214.432
214.376
214.414
214.402
214.383
214.399
214.443
214.421
214.354
214.466
214.342
214.369
214.398
214.425
214.398
214.41
214.391
214.391
214.395
214.425
214.398
214.399
214.383
214.41
214.383
214.418
214.398
214.425
214.368
214.425
214.391
214.56
214.215
214.417
214.398
214.391
214.418
214.402
214.391
214.383
214.418
214.424
214.358
214.417
214.398
214.425
214.384
214.383
214.41
214.391
214.575
214.241
214.402
214.383
214.406
214.44
214.41
214.342
214.553
214.409
214.873
213.767
214.417
214.383
214.654
214.147
214.399
214.406
214.417
214.41
214.368
214.406
214.41
214.406
214.368
214.41
214.432
214.414
214.361
214.391
214.417
214.384
214.424
214.406
214.395
214.391
214.391
214.402
214.391
214.406
214.395
214.399
214.417
214.383
214.406
214.489
214.323
214.406
214.376
214.414
214.395
214.391
214.391
214.417
214.376
214.413
214.41
214.523
214.263
214.398
214.425
214.511
214.282
214.406
214.418
214.376
214.424
214.399
214.391
214.425
214.545
214.248
214.575
214.192
214.406
214.402
214.391
214.41
214.391
214.383
214.41
214.414
214.391
214.409
214.399
214.402
214.406
214.376
214.402
214.425
214.376
214.391
214.414
214.417
214.402
214.421
214.346
214.609
214.199
214.542
214.259
214.399
214.417
214.383
214.418
214.398
214.384
214.552
214.256
214.376
214.425
214.669
214.139
214.406
214.417
214.369
214.391
214.417
214.383
214.414
214.41
214.368
214.406
214.41
214.398
214.395
214.406
214.391
214.436
214.372
214.41
214.384
214.424
214.399
214.391
214.387
214.399
214.409
214.399
214.425
214.631
214.128
214.511
214.312
214.384
214.406
214.41
214.391
214.402
214.391
214.417
214.376
214.399
214.424
214.406
214.373
214.428
214.38
214.413
214.399
214.387
214.511
214.305
214.391
214.391
214.402
214.399
214.409
214.391
214.632
214.184
214.481
214.32
214.413
214.376
214.41
214.384
214.398
214.459
214.334
214.41
214.447
214.391
214.369
214.417
214.376
214.399
214.417
214.398
214.384
214.417
214.384
214.383
214.425
214.406
214.395
214.383
214.399
214.424
214.395
214.387
214.395
214.44
214.391
214.545
214.263
214.417
214.384
214.406
214.395
214.383
214.391
214.425
214.391
214.41
214.376
214.391
214.424
214.384
214.413
214.38
214.391
214.406
214.387
214.406
214.448
214.346
214.413
214.399
214.394
214.433
214.417
214.368
214.406
214.403
214.383
214.399
214.406
214.402
214.432
214.376
214.399
214.368
214.41
214.406
214.41
214.398
214.41
214.383
214.44
214.406
214.38
214.383
214.44
214.357
214.395
214.425
214.391
214.504
214.293
214.376
214.41
214.417
214.383
214.406
214.41
214.617
214.176
214.478
214.331
214.413
214.361
214.399
214.409
214.433
214.406
214.398
214.361
214.402
214.433
214.364
214.418
214.402
214.398
214.369
214.432
214.376
214.425
214.391
214.383
214.425
214.391
214.417
214.399
214.361
214.417
214.391
214.391
214.417
214.406
214.41
214.56
214.233
214.406
214.384
214.41
214.391
214.424
214.365
214.417
214.418
214.383
214.391
214.402
214.418
214.398
214.384
214.439
214.384
214.398
214.373
214.439
214.421
214.361
214.369
214.413
214.418
214.387
214.406
214.41
214.533
214.249
214.417
214.383
214.639
214.162
214.414
214.402
214.383
214.399
214.398
214.395
214.432
214.391
214.425
214.41
214.383
214.384
214.406
214.41
214.391
214.383
214.391
214.402
214.391
214.545
214.29
214.38
214.402
214.406
214.395
214.391
214.398
214.417
214.403
214.455
214.319
214.44
214.398
214.572
214.207
214.391
214.398
214.402
214.406
214.395
214.414
214.402
214.391
214.402
214.391
214.391
214.417
214.391
214.433
214.383
214.391
214.44
214.402
214.342
214.455
214.346
214.399
214.409
214.485
214.324
214.406
214.402
214.526
214.263
214.403
214.406
214.409
214.384
214.391
214.41
214.398
214.41
214.391
214.391
214.41
214.424
214.406
214.376
214.425
214.376
214.384
214.417
214.383
214.448
214.353
214.399
214.398
214.417
214.384
214.398
214.41
214.425
214.368
214.399
214.402
214.414
214.376
214.409
214.421
214.395
214.391
214.41
214.391
214.383
214.399
214.417
214.41
214.406
214.383
214.395
214.406
214.41
214.413
214.388
214.383
214.391
214.417
214.391
214.448
214.376
214.417
214.357
214.447
214.346
214.41
214.406
214.41
214.383
214.406
214.41
214.583
214.21
214.406
214.403
214.383
214.414
214.394
214.391
214.406
214.403
214.391
214.398
214.41
214.432
214.391
214.417
214.391
214.369
214.425
214.582
214.218
214.384
214.406
214.361
214.417
214.414
214.383
214.41
214.406
214.53
214.271
214.394
214.399
214.383
214.425
214.376
214.417
214.384
214.44
214.398
214.376
214.41
214.383
214.414
214.402
214.384
214.398
214.402
214.418
214.398
214.399
214.402
214.383
214.391
214.425
214.399
214.376
214.439
214.38
214.399
214.391
214.432
214.376
214.402
214.526
214.32
214.338
214.414
214.406
214.383
214.418
214.376
214.503
214.32
214.387
214.384
214.447
214.383
214.384
214.417
214.376
214.406
214.44
214.376
214.391
214.402
214.41
214.406
214.391
214.402
214.399
214.631
214.154
214.391
214.425
214.376
214.414
214.594
214.191
214.41
214.432
214.391
214.376
214.391
214.418
214.391
214.417
214.383
214.433
214.383
214.391
214.41
214.391
214.383
214.44
214.402
214.606
214.184
214.402
214.391
214.376
214.425
214.376
214.425
214.398
214.406
214.402
214.406
214.425
214.391
214.369
214.402
214.391
214.406
214.402
214.391
214.399
214.409
214.384
214.417
214.391
214.41
214.413
214.376
214.395
214.406
214.455
214.417
214.305
214.447
214.399
214.432
214.395
214.376
214.391
214.56
214.233
214.398
214.425
214.376
214.384
214.394
214.391
214.448
214.391
214.383
214.384
214.409
214.399
214.417
214.399
214.402
214.383
214.391
214.44
214.376
214.425
214.398
214.369
214.41
214.518
214.29
214.383
214.41
214.399
214.391
214.391
214.402
214.391
214.432
214.47
214.323
214.399
214.41
214.62
214.203
214.383
214.376
214.433
214.368
214.414
214.383
214.41
214.395
214.398
214.399
214.424
214.369
214.406
214.402
214.406
214.384
214.409
214.406
214.41
214.406
214.38
214.398
214.41
214.399
214.398
214.425
214.413
214.369
214.417
214.433
214.327
214.417
214.406
214.387
214.406
214.41
214.383
214.391
214.391
214.41
214.432
214.399
214.417
214.361
214.391
214.417
214.391
214.418
214.432
214.372
214.395
214.391
214.398
214.395
214.391
214.406
214.568
214.248
214.41
214.406
214.628
214.142
214.542
214.259
214.391
214.406
214.451
214.365
214.402
214.391
214.432
214.354
214.413
214.395
214.399
214.383
214.425
214.383
214.414
214.413
214.373
214.417
214.383
214.399
214.402
214.425
214.383
214.399
214.402
214.421
214.545
214.256
214.41
214.428
214.395
214.361
214.391
214.413
214.395
214.406
214.41
214.368
214.399
214.402
214.406
214.417
214.369
214.425
214.398
214.391
214.384
214.424
214.399
214.402
214.609
214.177
214.421
214.41
214.391
214.391
214.387
214.406
214.376
214.413
214.41
214.41
214.398
214.384
214.395
214.398
214.425
214.383
214.414
214.395
214.406
214.402
214.406
214.391
214.387
214.421
214.395
214.391
214.391
214.425
214.368
214.489
214.319
214.406
214.395
214.414
214.376
214.417
214.41
214.534
214.27
214.417
214.391
214.617
214.169
214.376
214.447
214.369
214.41
214.428
214.354
214.424
214.376
214.418
214.383
214.414
214.383
214.41
214.383
214.41
214.399
214.402
214.421
214.376
214.41
214.398
214.41
214.391
214.383
214.44
214.361
214.421
214.395
214.406
214.474
214.327
214.402
214.383
214.418
214.406
214.376
214.432
214.391
214.41
214.357
214.402
214.432
214.369
214.406
214.451
214.399
214.375
214.617
214.192
214.361
214.398
214.414
214.627
214.181
214.387
214.406
214.399
214.394
214.478
214.316
214.421
214.376
214.575
214.252
214.398
214.399
214.417
214.368
214.425
214.399
214.425
214.375
214.399
214.41
214.376
214.398
214.41
214.391
214.425
214.357
214.402
214.44
214.376
214.474
214.334
214.399
214.402
214.383
214.406
214.41
214.376
214.417
214.399
214.41
214.406
214.391
214.394
214.399
214.383
214.425
214.384
214.398
214.402
214.414
214.383
214.41
214.391
214.402
214.418
214.398
214.384
214.417
214.383
214.425
214.399
214.376
214.409
214.44
214.335
214.417
214.399
214.417
214.391
214.391
214.41
214.406
214.473
214.312
214.414
214.402
214.617
214.184
214.413
214.395
214.391
214.391
214.384
214.409
214.433
214.406
214.383
214.402
214.376
214.421
214.38
214.414
214.368
214.417
214.418
214.624
214.158
214.398
214.402
214.399
214.425
214.639
214.135
214.402
214.391
214.583
214.233
214.425
214.383
214.384
214.417
214.384
214.398
214.402
214.406
214.395
214.414
214.417
214.398
214.395
214.376
214.406
214.384
214.503
214.297
214.399
214.41
214.424
214.406
214.384
214.395
214.398
214.395
214.406
214.406
214.402
214.399
214.402
214.383
214.414
214.538
214.248
214.417
214.376
214.417
214.399
214.406
214.394
214.399
214.398
214.53
214.264
214.417
214.44
214.383
214.376
214.384
214.409
214.399
214.568
214.248
214.383
214.41
214.391
214.425
214.383
214.391
214.402
214.391
214.497
214.319
214.384
214.417
214.391
214.383
214.425
214.391
214.402
214.406
214.406
214.388
214.376
214.413
214.41
214.391
214.402
214.391
214.425
214.391
214.41
214.398
214.391
214.639
214.169
214.376
214.41
214.406
214.417
214.406
214.384
214.395
214.383
214.406
214.402
214.497
214.319
214.391
214.391
214.402
214.391
214.425
214.384
214.424
214.384
214.383
214.433
214.409
214.384
214.391
214.41
214.398
214.425
214.361
214.444
214.375
214.395
214.406
214.395
214.383
214.406
214.41
214.568
214.225
214.391
214.384
214.695
214.136
214.552
214.241
214.417
214.399
214.368
214.406
214.417
214.418
214.368
214.384
214.421
214.417
214.376
214.417
214.391
214.391
214.402
214.399
214.425
214.56
214.248
214.391
214.376
214.417
214.376
214.414
214.394
214.414
214.417
214.399
214.353
214.425
214.41
214.398
214.384
214.413
214.387
214.391
214.418
214.391
214.424
214.384
214.383
214.418
214.383
214.414
214.402
214.391
214.417
214.414
214.387
214.398
214.651
214.18
214.403
214.391
214.368
214.41
214.511
214.278
214.41
214.391
214.583
214.218
214.462
214.327
214.41
214.398
214.41
214.376
214.421
214.395
214.391
214.417
214.369
214.413
214.41
214.425
214.421
214.387
214.372
214.387
214.414
214.466
214.32
214.387
214.421
214.41
214.383
214.414
214.402
214.391
214.41
214.383
214.406
214.658
214.135
214.583
214.256
214.353
214.432
214.369
214.406
214.417
214.406
214.361
214.432
214.399
214.387
214.414
214.394
214.406
214.391
214.388
214.406
214.398
214.568
214.252
214.398
214.399
214.368
214.432
214.41
214.406
214.41
214.365
214.428
214.38
214.402
214.399
214.376
214.409
214.399
214.417
214.399
214.376
214.439
214.376
214.403
214.391
214.417
214.376
214.391
214.417
214.399
214.391
214.409
214.425
214.391
214.376
214.417
214.391
214.391
214.639
214.192
214.481
214.32
214.41
214.391
214.582
214.185
214.488
214.312
214.41
214.448
214.391
214.36
214.391
214.44
214.384
214.402
214.383
214.384
214.432
214.384
214.391
214.417
214.41
214.391
214.406
214.383
214.41
214.398
214.41
214.399
214.402
214.398
214.384
214.417
214.418
214.436
214.394
214.384
214.376
214.383
214.41
214.406
214.376
214.417
214.384
214.391
214.417
214.41
214.398
214.399
214.368
214.41
214.413
214.41
214.384
214.391
214.409
214.418
214.398
214.384
214.44
214.409
214.335
214.417
214.406
214.384
214.417
214.391
214.41
214.391
214.409
214.406
214.658
214.128
214.414
214.387
214.406
214.383
214.455
214.403
214.398
214.368
214.403
214.383
214.391
214.417
214.414
214.368
214.418
214.406
214.391
214.398
214.387
214.41
214.406
214.41
214.398
214.497
214.312
214.41
214.357
214.616
214.177
214.447
214.384
214.417
214.406
214.376
214.395
214.383
214.406
214.395
214.413
214.41
214.399
214.391
214.402
214.383
214.406
214.418
214.409
214.369
214.421
214.402
214.384
214.409
214.414
214.368
214.41
214.647
214.161
214.399
214.425
214.383
214.399
214.409
214.391
214.406
214.403
214.41
214.383
214.376
214.391
214.432
214.399
214.394
214.418
214.413
214.399
214.379
214.422
214.375
214.376
214.414
214.387
214.583
214.225
214.399
214.41
214.391
214.406
214.436
214.349
214.425
214.399
214.481
214.304
214.418
214.406
214.616
214.162
214.398
214.44
214.399
214.387
214.398
214.399
214.383
214.418
214.368
214.425
214.391
214.44
214.368
214.384
214.406
214.443
214.365
214.402
214.376
214.406
214.402
214.391
214.425
214.399
214.376
214.53
214.334
214.474
214.286
214.394
214.399
214.406
214.395
214.398
214.425
214.361
214.425
214.398
214.399
214.402
214.391
214.383
214.403
214.413
214.41
214.406
214.402
214.376
214.448
214.342
214.424
214.376
214.433
214.368
214.399
214.417
214.383
214.414
214.451
214.335
214.417
214.391
214.586
214.249
214.383
214.398
214.384
214.41
214.398
214.395
214.447
214.369
214.383
214.414
214.402
214.391
214.406
214.402
214.399
214.376
214.409
214.583
214.218
214.414
214.394
214.399
214.417
214.44
214.327
214.421
214.395
214.504
214.282
214.406
214.402
214.669
214.128
214.402
214.433
214.368
214.406
214.406
214.395
214.391
214.406
214.417
214.376
214.402
214.414
214.402
214.398
214.384
214.451
214.399
214.357
214.402
214.406
214.387
214.399
214.417
214.391
214.41
214.398
214.384
214.417
214.398
214.482
214.3
214.418
214.398
214.387
214.399
214.41
214.398
214.41
214.391
214.383
214.41
214.448
214.398
214.368
214.41
214.399
214.383
214.418
214.488
214.312
214.384
214.398
214.391
214.417
214.384
214.425
214.383
214.376
214.474
214.353
214.391
214.399
214.425
214.383
214.376
214.447
214.418
214.368
214.383
214.414
214.387
214.399
214.417
214.391
214.376
214.432
214.384
214.391
214.409
214.406
214.41
214.553
214.229
214.417
214.418
214.398
214.403
214.383
214.383
214.391
214.425
214.391
214.474
214.455
214.274
214.406
214.399
214.417
214.376
214.383
214.418
214.376
214.432
214.414
214.402
214.398
214.369
214.398
214.395
214.413
214.44
214.361
214.41
214.383
214.696
214.12
214.418
214.375
214.384
214.413
214.395
214.399
214.383
214.425
214.59
214.218
214.399
214.391
214.417
214.41
214.383
214.399
214.41
214.375
214.414
214.41
214.41
214.364
214.41
214.376
214.425
214.413
214.376
214.402
214.418
214.511
214.278
214.41
214.398
214.376
214.425
214.399
214.417
214.368
214.429
214.365
214.406
214.398
214.417
214.399
214.402
214.376
214.399
214.417
214.391
214.417
214.399
214.383
214.41
214.398
214.395
214.399
214.409
214.422
214.36
214.41
214.433
214.383
214.583
214.233
214.432
214.342
214.41
214.391
214.44
214.368
214.418
214.368
214.526
214.29
214.391
214.398
214.681
214.135
214.368
214.418
214.376
214.413
214.402
214.433
214.383
214.391
214.418
214.398
214.41
214.368
214.406
214.41
214.383
214.418
214.383
214.414
214.387
214.398
214.399
214.417
214.384
214.511
214.297
214.398
214.41
214.632
214.158
214.496
214.289
214.425
214.384
214.409
214.399
214.417
214.376
214.399
214.391
214.409
214.414
214.387
214.406
214.41
214.376
214.406
214.425
214.406
214.481
214.289
214.399
214.402
214.414
214.402
214.436
214.38
214.582
214.211
214.414
214.36
214.384
214.41
214.425
214.379
214.41
214.391
214.41
214.406
214.41
214.398
214.41
214.398
214.384
214.402
214.391
214.376
214.455
214.361
214.425
214.424
214.357
214.587
214.207
214.409
214.399
214.425
214.368
214.47
214.361
214.376
214.398
214.531
214.263
214.432
214.368
214.662
214.188
214.365
214.402
214.432
214.35
214.402
214.399
214.409
214.399
214.376
214.417
214.414
214.402
214.383
214.406
214.406
214.403
214.387
214.398
214.406
214.395
214.433
214.375
214.414
214.402
214.391
214.425
214.384
214.616
214.184
214.399
214.417
214.391
214.391
214.376
214.425
214.391
214.383
214.402
214.399
214.41
214.406
214.402
214.383
214.418
214.383
214.406
214.391
214.402
214.41
214.455
214.32
214.432
214.399
214.398
214.395
214.406
214.594
214.191
214.399
214.417
214.399
214.376
214.586
214.207
214.417
214.414
214.391
214.417
214.417
214.399
214.361
214.44
214.376
214.398
214.402
214.418
214.36
214.422
214.39
214.41
214.376
214.406
214.41
214.425
214.357
214.402
214.433
214.447
214.338
214.399
214.402
214.534
214.319
214.361
214.399
214.368
214.425
214.406
214.361
214.432
214.376
214.414
214.394
214.418
214.398
214.391
214.402
214.391
214.391
214.433
214.406
214.361
214.402
214.406
214.41
214.406
214.383
214.418
214.39
214.403
214.406
214.383
214.418
214.375
214.658
214.151
214.545
214.255
214.425
214.406
214.384
214.376
214.425
214.368
214.432
214.384
214.425
214.383
214.41
214.406
214.391
214.383
214.418
214.375
214.418
214.519
214.278
214.402
214.398
214.403
214.398
214.399
214.41
214.601
214.184
214.455
214.361
214.383
214.425
214.56
214.249
214.406
214.376
214.409
214.384
214.413
214.403
214.391
214.402
214.406
214.398
214.41
214.361
214.406
214.402
214.406
214.418
214.375
214.414
214.402
214.384
214.417
214.399
214.375
214.41
214.406
214.433
214.391
214.368
214.395
214.44
214.372
214.394
214.391
214.41
214.406
214.41
214.391
214.395
214.413
214.361
214.421
214.418
214.402
214.421
214.402
214.384
214.375
214.425
214.391
214.399
214.402
214.406
214.361
214.417
214.418
214.383
214.398
214.391
214.41
214.414
214.402
214.383
214.546
214.27
214.418
214.372
214.41
214.375
214.448
214.353
214.455
214.395
214.372
214.402
214.369
214.428
214.387
214.414
214.402
214.399
214.402
214.5
214.301
214.398
214.384
214.417
214.406
214.41
214.357
214.395
214.428
214.481
214.316
214.391
214.429
214.594
214.192
214.375
214.406
214.418
214.395
214.413
214.384
214.417
214.376
214.425
214.391
214.368
214.425
214.406
214.395
214.439
214.361
214.414
214.368
214.425
214.391
214.391
214.41
214.391
214.41
214.39
214.391
214.399
214.41
214.425
214.391
214.398
214.383
214.418
214.383
214.402
214.399
214.425
214.41
214.383
214.406
214.391
214.417
214.425
214.369
214.383
214.425
214.391
214.376
214.447
214.353
214.425
214.365
214.41
214.383
214.448
214.402
214.376
214.383
214.399
214.406
214.402
214.41
214.383
214.399
214.432
214.425
214.398
214.369
214.368
214.433
214.391
214.39
214.395
214.425
214.383
214.391
214.41
214.414
214.387
214.406
214.41
214.526
214.248
214.433
214.383
214.425
214.368
214.429
214.372
214.414
214.398
214.395
214.383
214.418
214.383
214.398
214.403
214.421
214.383
214.425
214.384
214.394
214.406
214.395
214.406
214.376
214.413
214.41
214.41
214.391
214.399
214.439
214.346
214.41
214.613
214.184
214.417
214.384
214.398
214.41
214.383
214.425
214.384
214.398
214.594
214.226
214.406
214.383
214.403
214.39
214.407
214.394
214.399
214.394
214.429
214.395
214.379
214.395
214.399
214.417
214.425
214.398
214.403
214.391
214.406
214.424
214.339
214.398
214.414
214.394
214.407
214.439
214.361
214.403
214.398
214.425
214.349
214.666
214.15
214.41
214.399
214.387
214.406
214.391
214.417
214.41
214.383
214.414
214.395
214.39
214.399
214.417
214.399
214.383
214.402
214.425
214.376
214.448
214.518
214.297
214.361
214.391
214.406
214.395
214.417
214.388
214.616
214.192
214.443
214.35
214.376
214.417
214.598
214.184
214.41
214.383
214.41
214.399
214.417
214.384
214.417
214.406
214.432
214.369
214.376
214.398
214.447
214.41
214.519
214.282
214.504
214.255
214.414
214.41
214.391
214.376
214.402
214.455
214.353
214.384
214.439
214.553
214.222
214.44
214.383
214.38
214.383
214.391
214.433
214.383
214.376
214.417
214.406
214.41
214.384
214.417
214.398
214.384
214.41
214.406
214.417
214.383
214.433
214.357
214.395
214.413
214.432
214.361
214.425
214.384
214.545
214.248
214.425
214.364
214.564
214.245
214.383
214.402
214.553
214.271
214.398
214.41
214.383
214.399
214.402
214.391
214.417
214.376
214.44
214.376
214.391
214.417
214.391
214.41
214.391
214.526
214.263
214.433
214.38
214.391
214.424
214.399
214.391
214.609
214.177
214.488
214.327
214.399
214.383
214.609
214.207
214.395
214.383
214.425
214.399
214.398
214.402
214.399
214.387
214.399
214.398
214.41
214.391
214.586
214.215
214.398
214.41
214.406
214.387
214.406
214.391
214.432
214.403
214.398
214.399
214.601
214.199
214.384
214.417
214.391
214.41
214.383
214.399
214.376
214.432
214.391
214.402
214.376
214.425
214.391
214.406
214.402
214.384
214.398
214.418
214.417
214.383
214.384
214.425
214.424
214.342
214.41
214.399
214.417
214.391
214.376
214.432
214.44
214.376
214.369
214.421
214.635
214.15
214.41
214.399
214.383
214.417
214.418
214.398
214.406
214.353
214.433
214.376
214.398
214.395
214.59
214.218
214.391
214.418
214.398
214.391
214.417
214.399
214.41
214.391
214.402
214.413
214.403
214.376
214.398
214.665
214.143
214.482
214.319
214.425
214.413
214.553
214.199
214.388
214.413
214.399
214.394
214.414
214.383
214.41
214.391
214.41
214.398
214.403
214.391
214.413
214.41
214.391
214.376
214.394
214.422
214.394
214.399
214.425
214.383
214.399
214.394
214.406
214.399
214.387
214.575
214.248
214.414
214.395
214.368
214.598
214.21
214.406
214.384
214.417
214.391
214.41
214.391
214.398
214.451
214.342
214.425
214.399
214.391
214.387
214.406
214.481
214.335
214.402
214.391
214.399
214.383
214.41
214.402
214.59
214.192
214.44
214.41
214.357
214.432
214.534
214.323
214.335
214.44
214.361
214.413
214.387
214.391
214.41
214.406
214.368
214.433
214.383
214.418
214.391
214.402
214.413
214.361
214.406
214.41
214.41
214.383
214.399
214.417
214.384
214.432
214.413
214.594
214.173
214.388
214.383
214.414
214.417
214.609
214.192
214.398
214.387
214.47
214.327
214.41
214.384
214.417
214.41
214.398
214.421
214.376
214.402
214.399
214.383
214.403
214.406
214.409
214.376
214.414
214.41
214.398
214.402
214.399
214.417
214.369
214.432
214.368
214.376
214.433
214.406
214.409
214.391
214.376
214.414
214.443
214.391
214.391
214.395
214.38
214.443
214.343
214.409
214.391
214.399
214.425
214.368
214.432
214.384
214.466
214.35
214.402
214.406
214.383
214.418
214.376
214.383
214.41
214.413
214.391
214.395
214.688
214.158
214.496
214.275
214.391
214.398
214.432
214.399
214.402
214.384
214.383
214.395
214.398
214.41
214.399
214.391
214.417
214.406
214.41
214.424
214.335
214.462
214.354
214.398
214.403
214.413
214.395
214.376
214.417
214.399
214.391
214.424
214.399
214.402
214.384
214.406
214.417
214.391
214.395
214.383
214.44
214.391
214.376
214.432
214.384
214.439
214.369
214.398
214.395
214.598
214.195
214.391
214.414
214.398
214.395
214.399
214.402
214.413
214.395
214.384
214.406
214.409
214.384
214.402
214.414
214.391
214.409
214.406
214.425
214.399
214.353
214.391
214.41
214.417
214.384
214.398
214.402
214.406
214.41
214.406
214.395
214.398
214.489
214.286
214.417
214.455
214.361
214.425
214.357
214.41
214.417
214.368
214.414
214.395
214.413
214.369
214.409
214.647
214.158
214.402
214.399
214.409
214.391
214.384
214.425
214.417
214.391
214.383
214.41
214.384
214.406
214.409
214.399
214.387
214.429
214.368
214.41
214.406
214.537
214.264
214.383
214.402
214.414
214.387
214.391
214.399
214.424
214.418
214.485
214.297
214.402
214.372
214.41
214.398
214.425
214.376
214.417
214.414
214.387
214.399
214.383
214.417
214.384
214.432
214.391
214.395
214.406
214.383
214.41
214.376
214.421
214.628
214.15
214.399
214.417
214.44
214.361
214.481
214.35
214.361
214.417
214.364
214.433
214.368
214.418
214.417
214.38
214.417
214.376
214.41
214.406
214.402
214.383
214.406
214.403
214.406
214.409
214.418
214.391
214.376
214.432
214.383
214.504
214.305
214.398
214.41
214.383
214.421
214.395
214.376
214.575
214.226
214.413
214.395
214.662
214.154
214.511
214.256
214.398
214.418
214.383
214.425
214.391
214.387
214.421
214.425
214.391
214.346
214.417
214.399
214.398
214.41
214.406
214.383
214.41
214.553
214.255
214.391
214.391
214.433
214.376
214.417
214.511
214.29
214.424
214.384
214.383
214.384
214.417
214.609
214.166
214.432
214.391
214.395
214.398
214.376
214.425
214.421
214.361
214.417
214.384
214.424
214.384
214.425
214.398
214.395
214.38
214.402
214.44
214.376
214.398
214.402
214.384
214.425
214.488
214.301
214.387
214.414
214.395
214.391
214.391
214.417
214.391
214.417
214.406
214.391
214.41
214.41
214.364
214.403
214.383
214.44
214.391
214.383
214.425
214.53
214.256
214.391
214.391
214.417
214.425
214.357
214.425
214.417
214.376
214.402
214.391
214.583
214.207
214.432
214.384
214.68
214.147
214.533
214.249
214.424
214.376
214.384
214.398
214.403
214.406
214.394
214.399
214.391
214.417
214.406
214.402
214.384
214.398
214.41
214.376
214.417
214.399
214.425
214.398
214.504
214.297
214.413
214.38
214.399
214.391
214.424
214.497
214.432
214.248
214.417
214.384
214.425
214.383
214.406
214.391
214.395
214.413
214.388
214.383
214.417
214.406
214.41
214.38
214.395
214.398
214.425
214.425
214.383
214.361
214.399
214.417
214.391
214.417
214.376
214.406
214.425
214.376
214.41
214.391
214.597
214.211
214.481
214.32
214.406
214.376
214.417
214.391
214.402
214.429
214.361
214.391
214.424
214.399
214.41
214.376
214.409
214.399
214.391
214.417
214.399
214.402
214.391
214.391
214.417
214.417
214.391
214.376
214.418
214.59
214.207
214.473
214.369
214.376
214.391
214.56
214.24
214.384
214.398
214.399
214.402
214.417
214.391
214.384
214.402
214.399
214.432
214.402
214.406
214.376
214.391
214.425
214.391
214.387
214.575
214.241
214.413
214.399
214.372
214.399
214.398
214.391
214.417
214.425
214.511
214.425
214.256
214.383
214.632
214.162
214.406
214.376
214.417
214.425
214.376
214.424
214.376
214.421
214.388
214.391
214.406
214.402
214.383
214.414
214.395
214.406
214.394
214.647
214.154
214.399
214.417
214.391
214.383
214.519
214.29
214.409
214.414
214.398
214.388
214.477
214.353
214.399
214.368
214.425
214.384
214.394
214.406
214.391
214.41
214.384
214.398
214.417
214.391
214.41
214.391
214.399
214.409
214.384
214.489
214.327
214.424
214.35
214.41
214.425
214.424
214.391
214.361
214.391
214.418
214.406
214.398
214.387
214.56
214.256
214.384
214.421
214.387
214.391
214.402
214.406
214.399
214.409
214.399
214.41
214.421
214.353
214.402
214.406
214.391
214.41
214.391
214.41
214.398
214.395
214.406
214.384
214.409
214.414
214.398
214.395
214.402
214.406
214.406
214.41
214.376
214.632
214.176
214.391
214.41
214.421
214.369
214.409
214.384
214.406
214.402
214.417
214.391
214.399
214.376
214.417
214.406
214.402
214.406
214.388
214.421
214.394
214.399
214.391
214.383
214.395
214.526
214.297
214.376
214.44
214.376
214.391
214.496
214.312
214.399
214.417
214.361
214.44
214.406
214.395
214.368
214.414
214.402
214.391
214.417
214.384
214.436
214.394
214.41
214.376
214.406
214.376
214.399
214.402
214.406
214.41
214.402
214.391
214.406
214.402
214.391
214.41
214.383
214.391
214.391
214.433
214.383
214.402
214.433
214.383
214.406
214.391
214.425
214.425
214.353
214.406
214.384
214.424
214.391
214.388
214.406
214.391
214.391
214.417
214.601
214.185
214.406
214.417
214.391
214.383
214.418
214.391
214.394
214.433
214.383
214.391
214.425
214.406
214.387
214.391
214.391
214.391
214.417
214.384
214.391
214.417
214.421
214.38
214.413
214.361
214.433
214.383
214.402
214.399
214.41
214.406
214.432
214.391
214.353
214.414
214.402
214.41
214.38
214.409
214.384
214.41
214.413
214.587
214.199
214.413
214.388
214.413
214.387
214.399
214.425
214.383
214.417
214.391
214.384
214.41
214.424
214.384
214.428
214.388
214.383
214.391
214.41
214.391
214.398
214.384
214.41
214.398
214.417
214.376
214.418
214.391
214.624
214.199
214.41
214.398
214.376
214.391
214.417
214.406
214.376
214.395
214.406
214.41
214.406
214.395
214.398
214.391
214.41
214.421
214.387
214.406
214.376
214.402
214.391
214.391
214.425
214.583
214.225
214.418
214.364
214.451
214.369
214.455
214.342
214.383
214.41
214.406
214.376
214.41
214.398
214.651
214.135
214.432
214.399
214.395
214.398
214.384
214.424
214.391
214.403
214.413
214.369
214.406
214.402
214.455
214.409
214.384
214.361
214.398
214.403
214.406
214.383
214.417
214.376
214.433
214.503
214.297
214.376
214.406
214.624
214.185
214.488
214.297
214.391
214.41
214.421
214.361
214.417
214.406
214.44
214.395
214.365
214.394
214.399
214.417
214.391
214.41
214.383
214.429
214.402
214.504
214.263
214.402
214.414
214.402
214.384
214.391
214.432
214.609
214.18
214.388
214.406
214.409
214.399
214.579
214.222
214.398
214.387
214.414
214.376
214.417
210.079
214.489
214.304
214.41
214.399
214.398
214.399
214.409
214.391
214.403
214.398
214.395
214.398
214.399
214.41
214.398
214.402
214.399
214.391
214.41
214.631
214.184
214.384
214.402
214.391
214.406
214.417
214.391
214.41
214.406
214.376
214.417
214.534
214.248
214.568
214.259
214.391
214.418
214.462
214.312
214.41
214.391
214.391
214.425
214.376
214.424
214.376
214.527
214.278
214.496
214.297
214.41
214.398
214.425
214.369
214.406
214.402
214.413
214.388
214.391
214.398
214.65
214.151
214.406
214.395
214.424
214.376
214.406
214.395
214.399
214.406
214.402
214.391
214.398
214.403
214.406
214.402
214.413
214.376
214.41
214.384
214.409
214.399
214.398
214.41
214.399
214.515
214.278
214.41
214.391
214.766
214.042
214.489
214.308
214.466
214.331
214.406
214.391
214.398
214.403
214.406
214.402
214.391
214.537
214.279
214.391
214.402
214.391
214.417
214.519
214.263
214.451
214.35
214.425
214.383
214.417
214.384
214.398
214.391
214.602
214.207
214.402
214.391
214.398
214.403
214.406
214.402
214.398
214.391
214.403
214.391
214.417
214.391
214.552
214.241
214.399
214.406
214.5
214.304
214.399
214.391
214.409
214.399
214.398
214.579
214.215
214.409
214.399
214.402
214.399
214.398
214.402
214.399
214.398
214.53
214.264
214.424
214.384
214.654
214.147
214.391
214.409
214.391
214.406
214.403
214.417
214.391
214.398
214.395
214.406
214.384
214.409
214.399
214.398
214.41
214.417
214.376
214.391
214.399
214.41
214.413
214.387
214.399
214.417
214.384
214.391
214.409
214.606
214.191
214.5
214.301
214.402
214.391
214.41
214.399
214.398
214.402
214.399
214.398
214.403
214.391
214.409
214.391
214.41
214.399
214.391
214.406
214.394
214.406
214.403
214.398
214.399
214.402
214.417
214.384
214.398
214.402
214.391
214.406
214.41
214.391
214.402
214.576
214.225
214.395
214.395
214.409
214.406
214.391
214.403
214.432
214.391
214.376
214.41
214.391
214.409
214.391
214.391
214.414
214.395
214.398
214.594
214.199
214.414
214.402
214.391
214.402
214.44
214.361
214.406
214.391
214.399
214.402
214.406
214.402
214.65
214.143
214.399
214.41
214.383
214.406
214.402
214.406
214.399
214.395
214.406
214.391
214.402
214.41
214.391
214.409
214.391
214.433
214.368
214.399
214.398
214.402
214.399
214.41
214.398
214.399
214.409
214.384
214.398
214.41
214.391
214.402
214.391
214.418
214.391
214.398
214.399
214.394
214.414
214.402
214.399
214.402
214.391
214.41
214.398
214.402
214.391
214.391
214.433
214.383
214.391
214.402
214.399
214.417
214.384
214.406
214.394
214.399
214.398
214.41
214.391
214.399
214.417
214.383
214.425
214.376
214.402
214.399
214.417
214.425
214.368
214.391
214.399
214.398
214.41
214.384
214.409
214.399
214.398
214.403
214.402
214.398
214.399
214.59
214.211
214.406
214.391
214.394
214.406
214.403
214.406
214.394
214.399
214.537
214.271
214.417
214.384
214.383
214.41
214.406
214.399
214.394
214.406
214.391
214.403
214.398
214.402
214.399
214.398
214.403
214.398
214.402
214.399
214.402
214.406
214.391
214.402
214.399
214.398
214.403
214.398
214.402
214.399
214.398
214.418
214.391
214.394
214.399
214.406
214.383
214.418
214.409
214.376
214.406
214.41
214.391
214.402
214.399
214.398
214.41
214.395
214.406
214.391
214.41
214.398
214.391
214.402
214.512
214.285
214.403
214.398
214.402
214.399
214.406
214.395
214.609
214.191
214.455
214.342
214.403
214.406
214.579
214.214
214.402
214.399
214.406
214.394
214.391
214.406
214.41
214.391
214.402
214.399
214.402
214.399
214.398
214.402
214.391
214.418
214.398
214.594
214.199
214.399
214.41
214.413
214.376
214.402
214.399
214.398
214.41
214.553
214.248
214.391
214.406
214.395
214.406
214.394
214.391
214.418
214.391
214.398
214.41
214.383
214.418
214.391
214.406
214.391
214.394
214.414
214.395
214.406
214.394
214.406
214.395
214.399
214.409
214.391
214.399
214.406
214.53
214.263
214.399
214.394
214.418
214.398
214.496
214.297
214.399
214.398
214.41
214.391
214.402
214.406
214.41
214.391
214.417
214.376
214.406
214.41
214.391
214.391
214.402
214.399
214.406
214.402
214.399
214.391
214.402
214.41
214.391
214.406
214.391
214.62
214.192
214.398
214.391
214.41
214.391
214.59
214.211
214.406
214.394
214.399
214.398
214.403
214.398
214.41
214.383
214.406
214.403
214.398
214.402
214.399
214.398
214.41
214.399
214.394
214.391
214.406
214.41
214.391
214.399
214.402
214.41
214.391
214.409
214.399
214.391
214.41
214.424
214.365
214.402
214.399
214.432
214.376
214.399
214.391
214.402
214.406
214.402
214.399
214.394
214.391
214.418
214.391
214.398
214.402
214.391
214.406
214.403
214.406
214.402
214.391
214.398
214.403
214.406
214.394
214.391
214.406
214.41
214.399
214.394
214.512
214.289
214.399
214.406
214.394
214.399
214.398
214.41
214.399
214.394
214.391
214.399
214.41
214.398
214.417
214.384
214.41
214.398
214.399
214.511
214.282
214.398
214.395
214.406
214.402
214.399
214.41
214.391
214.398
214.466
214.327
214.414
214.395
214.406
214.402
214.383
214.406
214.403
214.398
214.402
214.391
214.414
214.395
214.402
214.395
214.402
214.406
214.395
214.424
214.391
214.399
214.402
214.583
214.199
214.391
214.41
214.41
214.391
214.398
214.402
214.399
214.398
214.553
214.256
214.424
214.361
214.406
214.403
214.406
214.394
214.391
214.406
214.41
214.399
214.394
214.406
214.41
214.384
214.406
214.394
214.399
214.406
214.391
214.413
214.391
214.399
214.398
214.403
214.406
214.394
214.399
214.545
214.256
214.406
214.402
214.391
214.406
214.402
214.391
214.402
214.399
214.41
214.398
214.391
214.402
214.399
214.41
214.398
214.391
214.402
214.399
214.398
214.41
214.399
214.391
214.394
214.41
214.399
214.398
214.402
214.391
214.41
214.399
214.398
214.402
214.391
214.482
214.334
214.391
214.402
214.399
214.398
214.391
214.421
214.391
214.399
214.41
214.413
214.376
214.402
214.391
214.418
214.398
214.399
214.394
214.399
214.398
214.41
214.399
214.394
214.399
214.425
214.398
214.402
214.376
214.463
214.334
214.41
214.399
214.394
214.406
214.433
214.368
214.391
214.402
214.399
214.402
214.399
214.406
214.394
214.399
214.398
214.41
214.391
214.402
214.399
214.406
214.395
214.406
214.394
214.399
214.402
214.406
214.391
214.402
214.399
214.425
214.376
214.552
214.263
214.391
214.399
214.635
214.166
214.515
214.27
214.406
214.41
214.399
214.391
214.402
214.402
214.406
214.399
214.394
214.399
214.41
214.391
214.406
214.394
214.399
214.398
214.403
214.537
214.271
214.398
214.399
214.402
214.402
214.388
214.394
214.418
214.398
214.391
214.402
214.399
214.402
214.598
214.207
214.391
214.402
214.398
214.41
214.391
214.402
214.399
214.402
214.399
214.398
214.399
214.394
214.406
214.403
214.406
214.394
214.399
214.406
214.395
214.406
214.394
214.399
214.398
214.41
214.399
214.394
214.406
214.399
214.387
214.455
214.35
214.402
214.398
214.403
214.398
214.402
214.391
214.418
214.391
214.398
214.402
214.391
214.406
214.425
214.395
214.383
214.406
214.425
214.425
214.353
214.399
214.391
214.406
214.395
214.398
214.402
214.399
214.398
214.403
214.413
214.643
214.158
214.387
214.406
214.399
214.402
214.391
214.402
214.406
214.391
214.399
214.394
214.414
214.395
214.406
214.394
214.391
214.418
214.391
214.511
214.289
214.489
214.327
214.583
214.218
214.383
214.399
214.406
214.41
214.391
214.394
214.399
214.402
214.429
214.394
214.583
214.192
214.44
214.368
214.399
214.394
214.399
214.406
214.395
214.398
214.402
214.399
214.402
214.391
214.414
214.394
214.399
214.406
214.387
214.624
214.181
214.402
214.398
214.403
214.406
214.466
214.342
214.387
214.399
214.567
214.233
214.399
214.398
214.403
214.398
214.41
214.391
214.41
214.398
214.399
214.394
214.391
214.41
214.406
214.399
214.391
214.402
214.402
214.399
214.398
214.402
214.399
214.398
214.403
214.398
214.402
214.399
214.398
214.561
214.24
214.399
214.402
214.647
214.154
214.406
214.394
214.399
214.398
214.403
214.398
214.402
214.391
214.418
214.398
214.391
214.432
214.361
214.414
214.387
214.414
214.394
214.399
214.406
214.537
214.256
214.417
214.399
214.41
214.376
214.398
214.399
214.402
214.41
214.477
214.312
214.41
214.398
214.609
214.185
214.398
214.402
214.391
214.425
214.391
214.399
214.402
214.391
214.398
214.403
214.406
214.402
214.383
214.41
214.406
214.391
214.402
214.621
214.176
214.41
214.391
214.402
214.391
214.485
214.324
214.406
214.394
214.568
214.229
214.459
214.35
214.394
214.406
214.403
214.391
214.406
214.394
214.414
214.387
214.421
214.384
214.394
214.399
214.398
214.41
214.391
214.402
214.399
214.398
214.418
214.383
214.402
214.399
214.41
214.391
214.409
214.391
214.399
214.398
214.403
214.646
214.154
214.534
214.29
214.383
214.399
214.394
214.391
214.418
214.391
214.406
214.394
214.391
214.406
214.403
214.398
214.399
214.402
214.402
214.395
214.402
214.538
214.27
214.391
214.403
214.406
214.391
214.402
214.398
214.651
214.158
214.394
214.399
214.398
214.403
214.616
214.184
214.406
214.395
214.406
214.384
214.406
214.402
214.41
214.383
214.414
214.391
214.402
214.398
214.403
214.398
214.399
214.394
214.406
214.403
214.398
214.402
214.399
214.398
214.395
214.417
214.391
214.399
214.417
214.391
214.417
214.391
214.376
214.406
214.41
214.417
214.384
214.391
214.398
214.41
214.399
214.394
214.391
214.418
214.398
214.406
214.384
214.394
214.414
214.395
214.398
214.402
214.391
214.406
214.41
214.391
214.402
214.399
214.398
214.403
214.398
214.402
214.655
214.142
214.403
214.398
214.402
214.399
214.402
214.406
214.399
214.402
214.383
214.418
214.391
214.398
214.402
214.406
214.41
214.384
214.406
214.394
214.399
214.545
214.263
214.399
214.394
214.391
214.41
214.406
214.399
214.639
214.154
214.496
214.305
214.406
214.394
214.624
214.181
214.395
214.398
214.402
214.399
214.398
214.403
214.406
214.394
214.406
214.395
214.406
214.402
214.391
214.399
214.398
214.41
214.399
214.624
214.169
214.398
214.41
214.399
214.391
214.402
214.402
214.399
214.398
214.402
214.399
214.406
214.395
214.406
214.394
214.391
214.406
214.403
214.398
214.399
214.402
214.406
214.395
214.398
214.402
214.399
214.398
214.403
214.406
214.394
214.47
214.327
214.41
214.399
214.402
214.383
214.41
214.399
214.567
214.233
214.414
214.383
214.403
214.398
214.417
214.384
214.402
214.399
214.421
214.379
214.399
214.425
214.368
214.417
214.388
214.409
214.391
214.41
214.399
214.394
214.406
214.403
214.391
214.552
214.248
214.406
214.399
214.395
214.398
214.402
214.406
214.395
214.406
214.489
214.312
214.383
214.406
214.41
214.399
214.394
214.399
214.41
214.391
214.406
214.394
214.406
214.391
214.403
214.409
214.399
214.391
214.406
214.395
214.406
214.391
214.409
214.403
214.398
214.399
214.409
214.384
214.41
214.485
214.304
214.402
214.391
214.418
214.391
214.462
214.346
214.383
214.433
214.383
214.399
214.394
214.399
214.402
214.399
214.398
214.402
214.399
214.402
214.406
214.391
214.402
214.399
214.41
214.391
214.398
214.402
214.388
214.413
214.406
214.391
214.399
214.579
214.221
214.41
214.391
214.666
214.135
214.553
214.255
214.391
214.399
214.402
214.406
214.395
214.406
214.394
214.391
214.406
214.403
214.398
214.402
214.399
214.398
214.403
214.409
214.391
214.399
214.402
214.399
214.406
214.391
214.402
214.398
214.403
214.406
214.394
214.391
214.41
214.399
214.406
214.394
214.399
214.41
214.391
214.398
214.41
214.391
214.41
214.398
214.399
214.575
214.225
214.403
214.406
214.383
214.402
214.399
214.398
214.395
214.414
214.402
214.383
214.414
214.395
214.406
214.391
214.394
214.433
214.376
214.406
214.394
214.47
214.339
214.398
214.391
214.402
214.399
214.398
214.403
214.406
214.391
214.402
214.402
214.399
214.398
214.402
214.391
214.418
214.398
214.406
214.56
214.241
214.383
214.418
214.383
214.402
214.399
214.406
214.395
214.398
214.44
214.376
214.673
214.135
214.391
214.387
214.406
214.403
214.391
214.409
214.391
214.399
214.402
214.406
214.406
214.387
214.391
214.406
214.403
214.406
214.394
214.399
214.41
214.56
214.229
214.399
214.409
214.391
214.418
214.391
214.394
214.391
214.406
214.515
214.294
214.394
214.399
214.398
214.41
214.399
214.394
214.399
214.41
214.432
214.368
214.391
214.399
214.398
214.403
214.398
214.402
214.391
214.41
214.406
214.402
214.388
214.65
214.15
214.403
214.406
214.394
214.399
214.504
214.297
214.398
214.41
214.391
214.398
214.403
214.398
214.402
214.391
214.418
214.398
214.391
214.402
214.391
214.414
214.402
214.399
214.391
214.394
214.406
214.41
214.399
214.394
214.399
214.398
214.403
214.398
214.402
214.399
214.41
214.383
214.406
214.402
214.391
214.44
214.369
214.406
214.394
214.391
214.406
214.403
214.398
214.41
214.383
214.406
214.403
214.406
214.402
214.391
214.41
214.391
214.406
214.394
214.399
214.402
214.399
214.406
214.394
214.399
214.398
214.41
214.402
214.399
214.413
214.376
214.403
214.398
214.402
214.399
214.406
214.402
214.402
214.391
214.399
214.417
214.391
214.406
214.402
214.399
214.398
214.388
214.406
214.391
214.402
214.398
214.41
214.399
214.402
214.406
214.391
214.395
214.398
214.402
214.399
214.398
214.403
214.503
214.294
214.402
214.398
214.594
214.215
214.473
214.327
214.391
214.41
214.402
214.399
214.391
214.41
214.398
214.399
214.394
214.399
214.398
214.403
214.406
214.394
214.391
214.406
214.41
214.481
214.32
214.391
214.402
214.406
214.391
214.402
214.391
214.41
214.406
214.391
214.402
214.399
214.402
214.557
214.248
214.394
214.399
214.398
214.41
214.391
214.402
214.399
214.398
214.403
214.398
214.402
214.391
214.418
214.398
214.399
214.394
214.399
214.402
214.399
214.398
214.402
214.391
214.418
214.391
214.398
214.417
214.376
214.418
214.413
214.387
214.391
214.406
214.391
214.403
214.402
214.398
214.399
214.402
214.399
214.398
214.402
214.406
214.418
214.391
214.391
214.387
214.406
214.398
214.418
214.391
214.65
214.143
214.41
214.391
214.398
214.402
214.406
214.391
214.403
214.406
214.594
214.199
214.41
214.398
214.391
214.402
214.399
214.41
214.398
214.391
214.402
214.391
214.41
214.406
214.391
214.402
214.399
214.413
214.388
214.417
214.398
214.376
214.414
214.395
214.406
214.402
214.391
214.406
214.395
214.398
214.402
214.399
214.398
214.41
214.391
214.568
214.233
214.402
214.406
214.399
214.394
214.391
214.425
214.384
214.398
214.402
214.391
214.406
214.403
214.398
214.402
214.399
214.406
214.395
214.575
214.225
214.391
214.406
214.403
214.406
214.425
214.368
214.398
214.41
214.511
214.282
214.391
214.418
214.639
214.158
214.391
214.402
214.398
214.41
214.399
214.391
214.402
214.398
214.403
214.398
214.402
214.399
214.406
214.402
214.399
214.394
214.391
214.673
214.136
214.398
214.399
214.394
214.418
214.511
214.286
214.394
214.399
214.601
214.2
214.406
214.394
214.399
214.417
214.406
214.403
214.372
214.402
214.406
214.402
214.399
214.394
214.399
214.398
214.403
214.406
214.394
214.399
214.398
214.504
214.312
214.402
214.376
214.418
214.398
214.399
214.394
214.391
214.406
214.452
214.357
214.394
214.399
214.568
214.233
214.409
214.391
214.391
214.41
214.399
214.406
214.402
214.391
214.402
214.406
214.399
214.394
214.391
214.406
214.403
214.398
214.402
214.583
214.214
214.418
214.402
214.383
214.399
214.44
214.361
214.406
214.402
214.519
214.27
214.41
214.391
214.417
214.376
214.406
214.403
214.398
214.402
214.391
214.406
214.41
214.399
214.394
214.391
214.414
214.395
214.421
214.402
214.376
214.41
214.398
214.391
214.402
214.399
214.398
214.403
214.406
214.394
214.406
214.403
214.398
214.598
214.192
214.5
214.3
214.395
214.406
214.402
214.391
214.418
214.398
214.391
214.402
214.399
214.398
214.403
214.406
214.394
214.391
214.414
214.395
214.398
214.508
214.293
214.41
214.391
214.406
214.394
214.399
214.398
214.602
214.207
214.394
214.399
214.406
214.395
214.575
214.225
214.391
214.406
214.41
214.399
214.394
214.399
214.402
214.399
214.425
214.391
214.398
214.41
214.376
214.398
214.402
214.399
214.402
214.399
214.406
214.394
214.399
214.402
214.399
214.398
214.402
214.399
214.417
214.384
214.406
214.394
214.399
214.398
214.403
214.406
214.394
214.391
214.41
214.399
214.406
214.394
214.399
214.402
214.399
214.406
214.391
214.394
214.41
214.406
214.399
214.394
214.391
214.406
214.41
214.391
214.402
214.391
214.406
214.425
214.384
214.394
214.632
214.177
214.413
214.376
214.402
214.391
214.406
214.41
214.391
214.402
214.399
214.417
214.384
214.406
214.394
214.391
214.414
214.402
214.391
214.402
214.399
214.511
214.29
214.409
214.388
214.402
214.425
214.383
214.391
214.609
214.184
214.463
214.346
214.406
214.391
214.586
214.214
214.395
214.406
214.402
214.399
214.398
214.403
214.398
214.402
214.391
214.414
214.402
214.399
214.394
214.399
214.406
214.395
214.406
214.586
214.207
214.398
214.41
214.391
214.399
214.402
214.41
214.383
214.414
214.394
214.391
214.41
214.399
214.398
214.402
214.399
214.398
214.403
214.398
214.402
214.391
214.406
214.41
214.395
214.406
214.391
214.398
214.403
214.406
214.394
214.433
214.38
214.387
214.413
214.384
214.402
214.41
214.413
214.504
214.271
214.402
214.402
214.399
214.406
214.496
214.297
214.41
214.406
214.41
214.375
214.399
214.41
214.391
214.41
214.398
214.391
214.398
214.403
214.398
214.402
214.406
214.391
214.403
214.511
214.289
214.391
214.406
214.41
214.399
214.394
214.399
214.609
214.199
214.448
214.345
214.391
214.41
214.399
214.41
214.387
214.417
214.402
214.391
214.399
214.394
214.399
214.402
214.406
214.399
214.394
214.399
214.398
214.41
214.41
214.372
214.41
214.402
214.399
214.406
214.394
214.399
214.398
214.452
214.349
214.402
214.391
214.406
214.425
214.403
214.375
214.399
214.402
214.399
214.41
214.39
214.399
214.398
214.41
214.399
214.391
214.402
214.41
214.398
214.391
214.402
214.399
214.41
214.391
214.398
214.399
214.394
214.399
214.41
214.406
214.391
214.537
214.267
214.406
214.391
214.617
214.176
214.512
214.297
214.406
214.394
214.391
214.414
214.395
214.398
214.402
214.391
214.406
214.403
214.398
214.402
214.399
214.41
214.391
214.406
214.391
214.394
214.406
214.41
214.399
214.394
214.399
214.406
214.402
214.609
214.184
214.399
214.398
214.41
214.391
214.418
214.383
214.41
214.398
214.399
214.394
214.399
214.406
214.395
214.398
214.41
214.399
214.39
214.41
214.399
214.394
214.399
214.406
214.395
214.406
214.394
214.391
214.406
214.403
214.398
214.402
214.391
214.406
214.41
214.399
214.394
214.433
214.364
214.41
214.399
214.391
214.394
214.418
214.398
214.391
214.402
214.399
214.417
214.376
214.406
214.418
214.375
214.418
214.406
214.383
214.44
214.361
214.41
214.398
214.399
214.402
214.575
214.214
214.41
214.403
214.39
214.399
214.624
214.184
214.384
214.409
214.399
214.398
214.403
214.398
214.402
214.391
214.406
214.403
214.406
214.394
214.399
214.402
214.399
214.406
214.394
214.391
214.406
214.523
214.278
214.41
214.391
214.41
214.391
214.406
214.394
214.625
214.172
214.459
214.35
214.394
214.399
214.398
214.41
214.391
214.41
214.391
214.398
214.403
214.398
214.41
214.391
214.402
214.399
214.406
214.394
214.407
214.394
214.399
214.406
214.391
214.609
214.203
214.398
214.391
214.403
214.398
214.466
214.342
214.391
214.403
214.398
214.41
214.391
214.398
214.403
214.406
214.394
214.406
214.391
214.403
214.398
214.417
214.384
214.406
214.391
214.394
214.41
214.399
214.406
214.395
214.413
214.402
214.391
214.391
214.41
214.391
214.398
214.403
214.398
214.41
214.391
214.398
214.41
214.624
214.17
214.406
214.39
214.403
214.398
214.403
214.39
214.399
214.41
214.406
214.395
214.39
214.414
214.395
214.398
214.403
214.39
214.418
214.383
214.433
214.391
214.391
214.409
214.399
214.398
214.384
214.402
214.406
214.402
214.399
214.395
214.398
214.398
214.41
214.391
214.406
214.395
214.41
214.398
214.399
214.402
214.383
214.41
214.406
214.399
214.395
214.398
214.41
214.406
214.383
214.403
214.398
214.398
214.41
214.399
214.395
214.398
214.399
214.402
214.462
214.339
214.406
214.391
214.552
214.256
214.432
214.361
214.399
214.402
214.406
214.395
214.398
214.399
214.402
214.406
214.395
214.398
214.406
214.395
214.406
214.395
214.398
214.399
214.402
214.447
214.354
214.398
214.391
214.41
214.398
214.403
214.398
214.406
214.395
214.406
214.395
214.398
214.399
214.522
214.286
214.395
214.39
214.418
214.398
214.391
214.403
214.398
214.425
214.376
214.406
214.395
214.398
214.399
214.409
214.414
214.38
214.39
214.41
214.399
214.406
214.395
214.398
214.399
214.402
214.398
214.632
214.161
214.41
214.399
214.406
214.402
214.391
214.41
214.398
214.399
214.395
214.39
214.399
214.41
214.41
214.391
214.39
214.41
214.399
214.406
214.395
214.398
214.399
214.402
214.398
214.609
214.192
214.399
214.402
214.406
214.395
214.39
214.433
214.376
214.413
214.56
214.241
214.402
214.391
214.391
214.399
214.402
214.406
214.402
214.399
214.395
214.39
214.41
214.399
214.398
214.403
214.39
214.407
214.402
214.406
214.391
214.402
214.399
214.409
214.41
214.384
214.398
214.399
214.402
214.406
214.395
214.39
214.41
214.639
214.158
214.53
214.271
214.399
214.402
214.406
214.391
214.402
214.399
214.409
214.391
214.41
214.391
214.399
214.402
214.398
214.403
214.398
214.41
214.391
214.534
214.267
214.406
214.391
214.409
214.399
214.395
214.398
214.632
214.176
214.474
214.32
214.398
214.41
214.598
214.199
214.391
214.402
214.399
214.409
214.399
214.395
214.39
214.407
214.402
214.406
214.395
214.398
214.399
214.409
214.391
214.418
214.383
214.617
214.184
214.406
214.395
214.413
214.395
214.462
214.335
214.395
214.398
214.56
214.241
214.41
214.406
214.391
214.409
214.391
214.391
214.403
214.391
214.406
214.402
214.398
214.403
214.391
214.406
214.402
214.406
214.395
214.398
214.402
214.455
214.35
214.395
214.398
214.41
214.398
214.399
214.395
214.398
214.406
214.395
214.406
214.391
214.395
214.533
214.297
214.376
214.403
214.398
214.425
214.376
214.413
214.395
214.384
214.417
214.398
214.399
214.395
214.398
214.417
214.384
214.406
214.395
214.545
214.252
214.402
214.406
214.395
214.398
214.399
214.409
214.632
214.158
214.507
214.32
214.368
214.406
214.403
214.398
214.399
214.402
214.402
214.395
214.402
214.399
214.409
214.399
214.398
214.41
214.387
214.406
214.399
214.402
214.391
214.399
214.409
214.399
214.391
214.402
214.406
214.402
214.391
214.403
214.398
214.399
214.402
214.567
214.234
214.454
214.354
214.391
214.406
214.395
214.398
214.399
214.402
214.398
214.403
214.398
214.399
214.409
214.399
214.395
214.391
214.417
214.398
214.399
214.458
214.335
214.402
214.406
214.399
214.395
214.417
214.398
214.542
214.267
214.376
214.398
214.639
214.169
214.53
214.271
214.391
214.402
214.406
214.399
214.395
214.398
214.425
214.376
214.421
214.38
214.398
214.41
214.391
214.406
214.395
214.398
214.406
214.387
214.448
214.357
214.395
214.417
214.391
214.406
214.395
214.391
214.409
214.399
214.406
214.395
214.398
214.391
214.417
214.403
214.391
214.398
214.399
214.402
214.398
214.395
214.406
214.41
214.413
214.399
214.387
214.391
214.41
214.398
214.403
214.391
214.398
214.399
214.402
214.398
214.403
214.398
214.399
214.402
214.398
214.403
214.567
214.23
214.409
214.391
214.403
214.391
214.409
214.399
214.417
214.384
214.398
214.399
214.402
214.406
214.395
214.391
214.417
214.391
214.398
214.403
214.391
214.469
214.339
214.406
214.391
214.402
214.41
214.391
214.41
214.556
214.233
214.417
214.391
214.391
214.41
214.526
214.275
214.398
214.391
214.41
214.391
214.41
214.398
214.391
214.403
214.391
214.417
214.391
214.406
214.391
214.402
214.399
214.409
214.399
214.537
214.256
214.41
214.391
214.406
214.395
214.398
214.406
214.643
214.15
214.403
214.391
214.409
214.399
214.413
214.41
214.384
214.398
214.395
214.406
214.417
214.376
214.399
214.402
214.406
214.395
214.391
214.406
214.409
214.399
214.402
214.391
214.41
214.624
214.173
214.391
214.395
214.406
214.394
214.497
214.312
214.391
214.417
214.391
214.425
214.436
214.338
214.41
214.398
214.399
214.395
214.391
214.417
214.391
214.41
214.398
214.391
214.402
214.399
214.398
214.399
214.402
214.402
214.421
214.448
214.331
214.413
214.391
214.417
214.376
214.403
214.391
214.575
214.233
214.417
214.38
214.665
214.147
214.391
214.398
214.41
214.384
214.406
214.402
214.398
214.403
214.398
214.402
214.399
214.406
214.395
214.391
214.409
214.399
214.398
214.41
214.384
214.413
214.395
214.398
214.403
214.398
214.41
214.398
214.391
214.403
214.398
214.402
214.399
214.398
214.399
214.628
214.173
214.409
214.384
214.41
214.391
214.417
214.391
214.406
214.395
214.398
214.399
214.402
214.406
214.395
214.391
214.417
214.398
214.399
214.631
214.155
214.413
214.395
214.398
214.399
214.5
214.301
214.402
214.398
214.587
214.222
214.454
214.346
214.399
214.395
214.398
214.399
214.394
214.406
214.403
214.391
214.424
214.384
214.406
214.395
214.398
214.417
214.384
214.406
214.395
214.398
214.406
214.395
214.398
214.403
214.398
214.399
214.409
214.568
214.226
214.391
214.417
214.398
214.395
214.399
214.391
214.409
214.399
214.398
214.403
214.398
214.41
214.391
214.398
214.403
214.398
214.406
214.395
214.398
214.403
214.391
214.406
214.402
214.41
214.387
214.395
214.409
214.406
214.414
214.38
214.406
214.65
214.143
214.406
214.395
214.391
214.413
214.402
214.399
214.395
214.398
214.399
214.409
214.399
214.391
214.402
214.399
214.402
214.398
214.403
214.391
214.406
214.409
214.399
214.395
214.391
214.646
214.184
214.376
214.403
214.398
214.402
214.399
214.41
214.391
214.398
214.587
214.221
214.399
214.395
214.391
214.406
214.402
214.406
214.395
214.391
214.406
214.409
214.399
214.395
214.398
214.399
214.409
214.403
214.391
214.398
214.399
214.481
214.319
214.399
214.402
214.41
214.391
214.41
214.391
214.582
214.215
214.417
214.383
214.403
214.398
214.406
214.395
214.398
214.403
214.398
214.406
214.402
214.391
214.403
214.391
214.406
214.409
214.391
214.403
214.398
214.41
214.413
214.395
214.391
214.556
214.234
214.402
214.425
214.376
214.398
214.425
214.406
214.376
214.395
214.398
214.399
214.409
214.391
214.632
214.169
214.399
214.409
214.399
214.402
214.391
214.399
214.402
214.406
214.395
214.398
214.406
214.402
214.399
214.391
214.402
214.399
214.409
214.639
214.155
214.398
214.41
214.398
214.399
214.391
214.402
214.41
214.398
214.583
214.211
214.413
214.402
214.384
214.406
214.41
214.383
214.41
214.391
214.398
214.403
214.391
214.409
214.399
214.406
214.395
214.398
214.399
214.409
214.399
214.391
214.402
214.41
214.391
214.406
214.395
214.398
214.399
214.402
214.398
214.403
214.391
214.406
214.409
214.391
214.403
214.406
214.391
214.409
214.391
214.403
214.391
214.406
214.402
214.398
214.403
214.398
214.402
214.399
214.398
214.403
214.398
214.406
214.395
214.398
214.403
214.398
214.399
214.402
214.425
214.383
214.391
214.399
214.511
214.297
214.395
214.398
214.406
214.395
214.398
214.403
214.398
214.402
214.406
214.399
214.395
214.398
214.399
214.402
214.406
214.395
214.398
214.399
214.402
214.406
214.395
214.646
214.154
214.399
214.398
214.403
214.417
214.387
214.395
214.406
214.395
214.398
214.399
214.481
214.327
214.402
214.391
214.406
214.402
214.399
214.395
214.406
214.417
214.383
214.391
214.399
214.395
214.406
214.402
214.41
214.391
214.391
214.406
214.409
214.399
214.395
214.398
214.41
214.398
214.399
214.586
214.207
214.41
214.398
214.391
214.403
214.398
214.41
214.391
214.406
214.395
214.398
214.41
214.391
214.425
214.391
214.391
214.409
214.399
214.391
214.395
214.398
214.399
214.402
214.398
214.576
214.218
214.417
214.398
214.399
214.391
214.402
214.399
214.402
214.41
214.507
214.282
214.399
214.409
214.632
214.162
214.391
214.409
214.399
214.406
214.395
214.391
214.417
214.391
214.406
214.395
214.398
214.399
214.409
214.384
214.417
214.399
214.391
214.402
214.406
214.391
214.402
214.399
214.402
214.406
214.402
214.391
214.406
214.587
214.206
214.489
214.312
214.399
214.409
214.399
214.395
214.398
214.399
214.409
214.399
214.391
214.402
214.399
214.409
214.399
214.391
214.395
214.417
214.391
214.496
214.305
214.406
214.391
214.409
214.399
214.395
214.391
214.424
214.391
214.433
214.361
214.406
214.406
214.556
214.229
214.403
214.398
214.406
214.417
214.384
214.395
214.391
214.406
214.394
214.414
214.395
214.398
214.417
214.391
214.391
214.41
214.384
214.575
214.233
214.391
214.41
214.391
214.417
214.425
214.364
214.403
214.398
214.511
214.29
214.398
214.399
214.402
214.399
214.402
214.406
214.395
214.398
214.399
214.409
214.391
214.403
214.406
214.402
214.398
214.391
214.403
214.398
214.417
214.399
214.41
214.398
214.384
214.398
214.395
214.406
214.395
214.391
214.409
214.399
214.398
214.399
214.402
214.489
214.312
214.398
214.403
214.391
214.409
214.406
214.395
214.399
214.406
214.391
214.409
214.418
214.376
214.398
214.399
214.402
214.406
214.395
214.503
214.297
214.406
214.403
214.391
214.398
214.41
214.398
214.591
214.199
214.443
214.358
214.402
214.398
214.41
214.391
214.399
214.402
214.406
214.395
214.398
214.399
214.409
214.391
214.403
214.398
214.399
214.402
214.406
214.395
214.398
214.402
214.399
214.41
214.391
214.398
214.402
214.399
214.398
214.403
214.391
214.406
214.409
214.519
214.275
214.406
214.394
214.647
214.15
214.403
214.398
214.402
214.406
214.399
214.41
214.383
214.41
214.391
214.398
214.41
214.384
214.406
214.402
214.406
214.417
214.376
214.406
214.395
214.425
214.398
214.399
214.383
214.515
214.278
214.403
214.398
214.609
214.192
214.496
214.305
214.398
214.399
214.402
214.398
214.403
214.398
214.399
214.402
214.406
214.395
214.398
214.402
214.399
214.406
214.391
214.402
214.41
214.391
214.406
214.395
214.391
214.406
214.424
214.384
214.395
214.398
214.406
214.402
214.399
214.395
214.398
214.41
214.391
214.406
214.395
214.406
214.391
214.409
214.399
214.395
214.398
214.399
214.402
214.406
214.402
214.391
214.41
214.398
214.391
214.418
214.398
214.391
214.395
214.406
214.391
214.402
214.41
214.383
214.406
214.403
214.526
214.282
214.398
214.391
214.658
214.143
214.402
214.399
214.406
214.395
214.391
214.409
214.399
214.41
214.391
214.398
214.399
214.394
214.399
214.41
214.391
214.432
214.383
214.399
214.395
214.398
214.406
214.402
214.399
214.522
214.279
214.391
214.402
214.41
214.387
214.5
214.308
214.395
214.398
214.403
214.398
214.406
214.402
214.391
214.403
214.398
214.399
214.409
214.399
214.41
214.391
214.409
214.406
214.384
214.504
214.282
214.432
214.376
214.406
214.391
214.402
214.41
214.598
214.199
214.395
214.391
214.432
214.376
214.398
214.41
214.384
214.406
214.402
214.398
214.403
214.398
214.41
214.391
214.406
214.391
214.402
214.41
214.391
214.398
214.403
214.391
214.417
214.583
214.214
214.391
214.395
214.406
214.402
214.447
214.361
214.406
214.402
214.384
214.398
214.425
214.376
214.666
214.15
214.398
214.388
214.398
214.399
214.402
214.406
214.391
214.395
214.409
214.406
214.399
214.402
214.391
214.406
214.395
214.432
214.369
214.398
214.41
214.398
214.399
214.395
214.398
214.526
214.275
214.41
214.398
214.605
214.185
214.409
214.399
214.395
214.398
214.402
214.406
214.403
214.391
214.406
214.402
214.398
214.391
214.403
214.398
214.402
214.406
214.399
214.395
214.398
214.41
214.391
214.406
214.395
214.398
214.406
214.395
214.398
214.403
214.398
214.399
214.402
214.41
214.387
214.586
214.222
214.395
214.398
214.403
214.391
214.406
214.402
214.398
214.403
214.391
214.406
214.409
214.391
214.403
214.398
214.406
214.395
214.406
214.586
214.207
214.414
214.394
214.418
214.391
214.432
214.361
214.398
214.399
214.395
214.398
214.425
214.376
214.421
214.38
214.398
214.399
214.424
214.384
214.395
214.398
214.399
214.402
214.406
214.395
214.398
214.41
214.391
214.406
214.395
214.391
214.406
214.402
214.406
214.402
214.399
214.394
214.399
214.534
214.267
214.391
214.406
214.402
214.398
214.403
214.391
214.417
214.391
214.406
214.391
214.402
214.41
214.406
214.383
214.403
214.406
214.391
214.394
214.399
214.417
214.384
214.406
214.402
214.406
214.41
214.383
214.399
214.402
214.398
214.403
214.398
214.617
214.191
214.399
214.395
214.398
214.399
214.409
214.414
214.38
214.391
214.409
214.399
214.406
214.402
214.384
214.406
214.409
214.399
214.395
214.398
214.399
214.394
214.406
214.403
214.398
214.602
214.199
214.406
214.395
214.391
214.417
214.398
214.399
214.402
214.391
214.545
214.256
214.406
214.391
214.402
214.399
214.402
214.406
214.395
214.398
214.41
214.391
214.406
214.402
214.391
214.399
214.402
214.41
214.398
214.391
214.399
214.443
214.365
214.391
214.395
214.406
214.409
214.391
214.399
214.537
214.271
214.402
214.391
214.403
214.391
214.421
214.387
214.41
214.398
214.406
214.395
214.398
214.391
214.399
214.395
214.417
214.398
214.399
214.395
214.398
214.406
214.395
214.406
214.395
214.518
214.286
214.395
214.406
214.395
214.398
214.41
214.398
214.391
214.41
214.391
214.399
214.409
214.399
214.586
214.2
214.417
214.391
214.406
214.391
214.395
214.406
214.402
214.406
214.402
214.384
214.406
214.417
214.41
214.376
214.413
214.399
214.387
214.609
214.192
214.398
214.399
214.402
214.406
214.395
214.398
214.417
214.391
214.546
214.248
214.406
214.402
214.398
214.399
214.402
214.384
214.406
214.402
214.406
214.395
214.406
214.402
214.391
214.41
214.398
214.391
214.41
214.398
214.399
214.395
214.391
214.406
214.409
214.399
214.395
214.398
214.402
214.399
214.406
214.395
214.391
214.417
214.398
214.391
214.403
214.391
214.413
214.395
214.398
214.403
214.391
214.406
214.409
214.391
214.403
214.398
214.399
214.409
214.391
214.403
214.391
214.413
214.395
214.406
214.395
214.391
214.406
214.409
214.391
214.403
214.624
214.176
214.463
214.334
214.399
214.395
214.413
214.402
214.391
214.403
214.398
214.402
214.406
214.406
214.384
214.402
214.391
214.41
214.406
214.395
214.398
214.41
214.391
214.406
214.395
214.605
214.199
214.41
214.383
214.403
214.398
214.399
214.409
214.399
214.402
214.391
214.399
214.443
214.365
214.395
214.398
214.406
214.395
214.406
214.395
214.391
214.406
214.402
214.398
214.403
214.398
214.399
214.409
214.391
214.403
214.406
214.391
214.402
214.406
214.41
214.391
214.409
214.376
214.414
214.538
214.255
214.406
214.402
214.391
214.403
214.391
214.406
214.409
214.399
214.395
214.391
214.413
214.395
214.41
214.391
214.406
214.394
214.406
214.399
214.395
214.398
214.399
214.402
214.402
214.534
214.256
214.417
214.391
214.406
214.395
214.398
214.41
214.383
214.418
214.462
214.327
214.399
214.402
214.598
214.203
214.398
214.41
214.391
214.406
214.402
214.391
214.41
214.398
214.399
214.489
214.312
214.391
214.409
214.399
214.395
214.391
214.406
214.402
214.41
214.387
214.395
214.406
214.409
214.399
214.395
214.391
214.413
214.553
214.248
214.432
214.361
214.41
214.391
214.406
214.395
214.391
214.406
214.409
214.391
214.403
214.398
214.399
214.417
214.383
214.403
214.413
214.384
214.409
214.448
214.346
214.398
214.406
214.395
214.398
214.403
214.391
214.56
214.248
214.425
214.376
214.654
214.143
214.53
214.278
214.395
214.398
214.406
214.402
214.399
214.395
214.398
214.399
214.402
214.391
214.417
214.384
214.406
214.409
214.391
214.403
214.398
214.538
214.27
214.391
214.399
214.402
214.399
214.409
214.391
214.403
214.398
214.489
214.304
214.433
214.391
214.398
214.41
214.398
214.384
214.391
214.402
214.399
214.402
214.398
214.399
214.402
214.402
214.399
214.406
214.395
214.391
214.413
214.395
214.406
214.395
214.398
214.402
214.406
214.399
214.41
214.383
214.399
214.402
214.406
214.395
214.398
214.448
214.353
214.406
214.395
214.398
214.399
214.402
214.398
214.403
214.398
214.406
214.402
214.399
214.395
214.398
214.391
214.41
214.398
214.403
214.455
214.349
214.395
214.406
214.425
214.368
214.399
214.402
214.56
214.241
214.398
214.399
214.402
214.406
214.395
214.398
214.41
214.391
214.398
214.403
214.398
214.406
214.395
214.398
214.403
214.398
214.399
214.402
214.406
214.402
214.391
214.406
214.395
214.406
214.395
214.406
214.409
214.391
214.391
214.403
214.398
214.406
214.395
214.489
214.319
214.399
214.391
214.609
214.199
214.395
214.406
214.409
214.391
214.395
214.399
214.398
214.399
214.402
214.398
214.403
214.391
214.406
214.402
214.398
214.403
214.398
214.399
214.402
214.406
214.395
214.391
214.406
214.481
214.319
214.399
214.395
214.575
214.229
214.451
214.354
214.391
214.413
214.402
214.418
214.376
214.391
214.424
214.391
214.414
214.395
214.383
214.41
214.391
214.398
214.41
214.391
214.402
214.421
214.388
214.391
214.398
214.399
214.402
214.406
214.395
214.398
214.399
214.402
214.398
214.651
214.15
214.425
214.391
214.391
214.395
214.398
214.391
214.41
214.41
214.391
214.398
214.41
214.391
214.406
214.391
214.395
214.406
214.402
214.398
214.403
214.391
214.406
214.402
214.398
214.403
214.398
214.399
214.409
214.399
214.395
214.485
214.323
214.398
214.391
214.617
214.177
214.409
214.399
214.406
214.402
214.391
214.399
214.402
214.398
214.403
214.398
214.399
214.402
214.406
214.391
214.402
214.41
214.391
214.406
214.395
214.398
214.402
214.406
214.391
214.482
214.319
214.417
214.391
214.391
214.418
214.44
214.342
214.409
214.399
214.395
214.398
214.399
214.402
214.398
214.403
214.391
214.417
214.391
214.421
214.395
214.383
214.402
214.406
214.399
214.455
214.338
214.402
214.406
214.403
214.387
214.402
214.41
214.556
214.226
214.41
214.398
214.654
214.147
214.41
214.398
214.384
214.409
214.406
214.406
214.388
214.391
214.413
214.402
214.391
214.403
214.406
214.398
214.41
214.395
214.387
214.41
214.417
214.526
214.256
214.395
214.398
214.41
214.398
214.403
214.391
214.398
214.399
214.409
214.391
214.403
214.391
214.624
214.184
214.406
214.395
214.398
214.399
214.402
214.425
214.391
214.376
214.413
214.402
214.399
214.395
214.398
214.399
214.409
214.399
214.391
214.395
214.413
214.395
214.406
214.395
214.398
214.489
214.312
214.406
214.391
214.579
214.222
214.409
214.399
214.395
214.391
214.417
214.398
214.391
214.403
214.398
214.406
214.402
214.399
214.395
214.398
214.399
214.402
214.398
214.403
214.391
214.417
214.391
214.406
214.395
214.398
214.399
214.409
214.399
214.395
214.398
214.402
214.391
214.414
214.391
214.545
214.259
214.406
214.414
214.395
214.391
214.417
214.383
214.391
214.403
214.406
214.394
214.406
214.391
214.399
214.402
214.406
214.402
214.399
214.538
214.255
214.417
214.384
214.406
214.395
214.406
214.394
214.399
214.398
214.497
214.304
214.41
214.391
214.624
214.177
214.391
214.413
214.402
214.399
214.395
214.391
214.409
214.399
214.406
214.402
214.391
214.399
214.402
214.406
214.402
214.391
214.41
214.624
214.165
214.403
214.391
214.413
214.41
214.481
214.301
214.41
214.391
214.402
214.398
214.41
214.391
214.425
214.383
214.391
214.403
214.398
214.406
214.417
214.376
214.403
214.398
214.406
214.395
214.406
214.395
214.391
214.424
214.384
214.406
214.395
214.398
214.399
214.409
214.399
214.395
214.398
214.575
214.226
214.398
214.403
214.398
214.402
214.406
214.403
214.391
214.398
214.399
214.402
214.406
214.395
214.406
214.394
214.406
214.391
214.403
214.398
214.399
214.402
214.41
214.398
214.391
214.56
214.248
214.391
214.403
214.391
214.406
214.402
214.41
214.391
214.398
214.496
214.312
214.391
214.403
214.391
214.409
214.399
214.406
214.395
214.398
214.402
214.399
214.406
214.395
214.391
214.432
214.383
214.414
214.387
214.391
214.402
214.399
214.398
214.403
214.398
214.41
214.398
214.391
214.403
214.496
214.304
214.422
214.383
214.395
214.398
214.406
214.402
214.403
214.391
214.391
214.406
214.402
214.398
214.403
214.398
214.41
214.398
214.391
214.399
214.41
214.402
214.398
214.403
214.391
214.477
214.331
214.391
214.398
214.403
214.398
214.41
214.398
214.391
214.418
214.383
214.406
214.673
214.128
214.545
214.256
214.394
214.406
214.399
214.395
214.398
214.399
214.409
214.418
214.376
214.406
214.398
214.395
214.406
214.395
214.391
214.406
214.402
214.56
214.241
214.398
214.41
214.406
214.41
214.376
214.391
214.406
214.409
214.497
214.297
214.391
214.409
214.628
214.169
214.403
214.398
214.399
214.402
214.398
214.403
214.391
214.406
214.402
214.398
214.403
214.398
214.402
214.406
214.403
214.391
214.398
214.402
214.399
214.41
214.391
214.398
214.406
214.402
214.399
214.395
214.398
214.41
214.398
214.399
214.395
214.398
214.406
214.387
214.414
214.395
214.391
214.406
214.409
214.391
214.403
214.398
214.399
214.402
214.398
214.399
214.402
214.406
214.418
214.383
214.395
214.398
214.41
214.391
214.406
214.402
214.575
214.218
214.429
214.376
214.395
214.391
214.417
214.391
214.406
214.395
214.391
214.406
214.409
214.391
214.403
214.398
214.399
214.402
214.398
214.399
214.402
214.406
214.402
214.391
214.399
214.571
214.23
214.409
214.391
214.403
214.391
214.409
214.406

------------------------------------------------------------------------------------------------------------------------------------------------
max val(#1596) = 214.87us
min val(#5000) = 210.08us
peak-to-peak = 4.79us
mean +- RMS = 214.40 +- 0.08 us

packet size: 516
number of packets: 10000
RATE = 19253.77kbps, PPS = 4664.2
