Destination address set to 01:1B:19:00:00:00
Defaults: 01:1B:19:00:00:00 or 01:80:C2:00:00:0E
SIOCSHWTSTAMP: tx_type 1 requested, got 1; rx_filter 0 requested, got 0
setting ts_flags: 0x53
new ts_flags: 0x53


gap of hw tx time, us: packets 10000:
------------------------------------------------------------------------------------------------------------------------------------------------
0
428.959
428.884
428.56
428.958
428.639
471.042
386.722
428.958
428.557
428.721
428.801
428.88
428.722
428.796
428.884
428.801
428.718
428.88
428.8
428.797
428.722
428.88
428.801
428.721
428.797
428.88
428.722
428.801
428.797
428.883
428.718
428.88
428.801
428.718
428.883
428.876
428.722
428.801
428.8
428.718
428.801
428.801
428.88
428.8
428.797
428.722
428.801
428.797
428.882
428.719
428.801
428.88
428.722
428.8
428.88
428.718
457.681
403.68
435.44
418.398
429.042
428.801
428.556
428.804
436.158
427.76
422.56
428.801
428.718
428.8
428.884
429.038
428.481
428.879
428.718
428.88
428.722
428.801
440.079
440.879
405.44
428.801
428.796
428.883
428.719
428.801
428.88
428.801
428.718
428.8
428.88
428.722
428.801
428.8
428.797
428.801
429.121
428.481
428.799
428.798
428.801
428.88
428.962
428.639
428.88
428.639
428.88
428.801
428.8
428.797
428.722
428.88
428.722
428.797
428.879
428.722
428.801
428.879
428.801
428.801
428.797
428.722
428.962
428.639
428.876
429.041
428.801
428.561
428.879
428.639
428.883
428.719
428.959
428.8
428.801
428.639
428.88
469.041
388.478
428.8
428.801
428.88
428.722
428.878
428.88
428.64
428.88
428.722
428.797
428.8
428.88
428.721
428.802
428.797
428.882
428.798
451.921
405.76
468.962
388.477
428.884
428.797
429.041
428.478
428.8
470.963
386.638
429.041
428.558
428.799
428.964
428.638
428.801
428.8
428.959
428.64
428.8
428.802
428.797
428.8
431.764
425.917
428.721
428.797
428.884
428.718
428.88
428.721
428.8
428.797
428.801
428.802
428.801
428.797
428.882
428.798
428.721
428.798
428.804
428.8
428.876
428.881
428.721
428.8
428.719
428.88
428.8
428.802
428.72
428.798
428.883
457.599
399.921
428.797
428.878
428.723
428.883
428.719
428.879
428.722
428.797
457.602
400.079
428.718
429.041
428.56
428.88
428.722
428.796
428.883
428.802
428.718
428.801
428.879
428.717
428.885
428.717
428.88
428.722
428.797
428.801
428.8
428.88
445.121
412.398
428.801
428.801
428.879
428.722
428.879
444.4
413.199
428.721
428.797
455.843
401.758
428.802
428.958
428.64
428.799
428.801
428.88
457.681
399.838
428.801
429.042
428.638
470.881
386.638
428.8
428.881
428.721
428.798
428.804
428.797
428.879
428.723
428.8
428.879
428.719
428.8
428.802
428.879
462.241
395.278
428.8
428.881
428.801
428.722
428.797
428.879
431.44
426.083
428.797
428.801
428.8
428.959
428.801
471.601
385.839
428.883
428.797
428.801
428.718
428.801
428.8
428.88
428.722
428.801
428.797
428.8
428.801
428.801
467.037
390.638
428.802
428.722
428.88
428.718
458.883
398.718
428.801
428.8
429.038
428.561
428.8
428.959
428.643
428.958
428.64
428.879
428.722
428.88
428.718
428.883
428.797
428.801
428.722
428.801
428.797
428.799
428.881
428.722
428.879
428.797
428.804
440.321
417.199
428.796
428.88
428.722
428.8
428.802
428.797
467.68
390.079
428.643
428.801
428.797
428.801
428.879
428.801
428.801
428.799
453.28
433.041
428.959
399.842
439.519
446.879
435.361
408.079
434.963
429.838
406.959
465.281
425.839
405.281
433.441
440.56
427.115
422.565
439.117
416.24
426.482
414.878
462.242
436.398
407.842
433.44
427.121
418.158
444.319
424.083
434.398
400.162
457.44
424.718
404.158
439.282
447.041
408.639
420.161
439.76
437.357
443.365
394.797
457.523
433.518
437.921
405.598
427.44
439.519
419.361
435.68
431.361
399.999
450.001
436.639
399.76
438.962
440.88
435.361
433.838
400.24
431.44
444.478
438.722
395.679
428.477
457.765
427.838
418.643
410.876
428.801
452.24
434.241
428.718
422.24
424.162
444.722
395.278
443.44
414.24
457.519
418
439.921
428.478
425.041
421.76
434.721
416.88
439.68
427.038
407.68
437.44
440.801
449.602
387.596
455.362
435.602
424
416.797
440.801
436.639
403.443
432.638
442.479
412.962
444.399
419.759
445.602
426
395.282
439.518
430.88
444.801
416.958
447.44
401.842
441.839
407.199
457.203
418.079
439.838
433.523
404.477
432.88
415.842
456.88
434.718
405.842
446.237
423.68
438.643
422.478
418.56
435.278
434.162
428.879
399.921
442
415.601
448.959
431.602
441.68
421.76
400.079
444.398
441.921
409.921
445.357
416.481
443.042
426.959
422.402
430.398
443.121
404.161
446.241
419.038
438.481
429.037
428.564
399.997
457.68
433.92
410.96
430.56
439.759
428.241
427.282
425.12
405.681
457.597
407.681
437.12
437.041
421.038
427.44
442.481
422.56
426.639
436.481
424.237
434.004
428.88
428.398
411.2
431.041
415.759
428.88
428.801
428.879
428.718
428.722
428.88
428.801
428.722
428.797
428.799
449.52
433.523
425.518
429.121
424
421.601
434.959
439.12
422.481
418.237
418.722
449.759
436.64
410.56
441.522
405.518
457.599
433.522
400.561
432.078
437.44
411.921
451.921
425.358
429.921
429.199
436.083
433.439
424.158
428.88
400.083
462.319
423.2
400.8
447.677
432.402
433.602
417.519
433.36
441.76
408.559
435.52
437.519
409.04
419.76
462.32
400.161
446.64
418.879
444.801
428.801
435.44
404.56
442.801
415.116
450.801
430.319
428.643
402.959
448.639
399.921
452.56
427.199
422
430.32
436.88
432.639
408.481
440.402
436.478
401.04
462.321
424.158
415.842
437.601
420.079
434.241
422.24
441.918
429.68
428.722
400
457.598
400.16
457.441
428.88
400
457.519
420.161
424.481
436.079
427.038
430.004
439.759
395.278
453.681
426.801
428.718
420.883
437.838
438.478
423.601
436.801
405.602
444.477
400
457.523
433.518
435.121
404.477
446.801
395.361
428.958
428.801
428.639
462.241
428.88
395.199
441.041
437.12
425.042
440.079
407.518
434.482
436.722
437.199
423.44
425.199
442.398
395.44
428.801
428.721
455.279
421.519
438.402
415.12
441.358
401.203
453.518
419.519
422.722
440.319
436.64
414.402
421.917
447.361
428
432.32
440.721
396.959
441.361
430.959
416.8
446
423.523
440.556
416.241
413.601
446.32
430.079
402.481
447.12
431.921
423.681
432.237
422.799
437.362
435.279
421.041
407.837
436.644
440.399
442.8
395.279
455.12
425.842
411.037
452.001
412.323
440.88
427.439
428.158
406.56
443.361
443.2
433.199
439.68
384.482
452.24
420.797
442.083
410.958
440.64
441.842
420.079
430.481
400
446.639
435.519
433.041
415.519
442.079
433.522
410.639
435.523
418.399
431.36
429.839
447.041
414.56
421.519
439.759
429.121
422.801
440.319
440.718
403.763
436.639
427.279
423.921
440.56
413.68
415.199
457.44
435.842
426.64
431.518
392.482
457.601
400
428.797
441.68
415.843
445.597
430.32
434.88
432.721
419.839
442.962
395.278
450
429.44
434.481
407.602
445.037
406.32
453.041
433.279
422.642
432
431.76
433.759
412.959
433.361
435.12
428.32
415.439
440.482
419.921
437.44
428.958
409.199
421.843
457.597
423.44
442.079
392.083
454.56
431.838
433.519
404.481
448.399
425.92
402.963
428.797
428.963
428.56
462.319
406
442.561
425.921
436.079
423.518
405.281
457.52
428.88
399.92
457.599
422.481
424.24
423.76
434.718
443.522
424.079
408.56
435.2
432.722
437.838
424.162
431.199
424.879
427.922
427.037
425.203
439.681
412
447.996
428.8
420.801
423.44
428.721
440.719
417.921
441.361
399.916
428.723
450.078
435.042
424.801
422
436.32
438.158
400.799
444.163
434.797
426.004
423.759
437.917
408.962
441.038
416.403
433.278
443.282
415.759
414.639
457.602
412.477
445.121
440.24
422.079
395.444
447.598
450.879
395.361
448
407.278
423.68
457.76
428.402
402.241
450.477
427.361
440
411.2
441.601
400.079
457.519
436.24
429.602
420.56
416.399
428.56
441.44
411.282
438.24
429.44
420.959
444.158
428.721
419.921
437.681
419.357
437.282
422.079
432.079
429.361
425.921
426.88
425.921
436.718
421.282
432.079
427.518
409.202
456.561
425.117
433.523
399.921
449.357
430.402
425.759
429.121
418.157
455.76
418.162
424.958
431.921
437.839
437.684
386.477
428.8
454.242
413.278
447.68
400
428.958
457.441
417.12
436.722
423.44
434.161
403.839
441.838
428.402
431.279
435.282
427.439
437.279
417.68
436.399
429.601
423.199
430.324
435.597
427.519
428.564
419.357
421.681
455.041
404.56
416.157
462.242
430.721
400.88
450.079
399.999
453.283
414.079
419.117
443.684
434.718
428.801
441.518
399.92
452.881
424.158
426.32
415.92
448.403
425.278
429.681
443.842
396.878
419.919
439.439
451.602
395.361
452.237
426.962
436
428.801
410.319
443.121
404.24
428.796
440.964
416.56
441.361
434.797
445.44
402.721
448.718
399.76
457.68
426.241
416.481
449.278
394.403
457.597
417.763
439.76
400.079
428.801
445.917
428.402
440.801
428.801
400
445.116
437.921
403.361
453.12
426.158
431.685
423.195
438.481
433.681
395.361
448.718
437.601
433.519
403.361
445.838
432.481
400
462.32
407.44
433.921
428.801
434
432.24
402.88
457.598
428.8
400.079
457.681
399.842
454.398
425.602
424.801
439.199
428.801
410.158
430
446.24
426.158
428.722
424.639
432.639
431.921
413.602
443.917
428.801
414.642
430.719
430.958
430.56
423.361
441.76
423.759
420.004
443.44
400.078
448.399
433.842
429.357
438.32
404.082
447.519
433.523
395.356
456.723
434.319
407.598
424.401
460.96
388.722
454.319
428.32
403.759
453.282
425.44
432.639
432.639
443.121
400.8
427.2
441.361
430.639
428.481
430
417.68
439.918
410.161
438.241
427.12
410.959
428.8
457.519
400.083
463.038
394.481
448.959
442.161
428.797
395.282
447.76
438.639
417.041
427.278
434.32
427.921
436.161
412.959
445.921
428.801
408.477
420.403
457.518
426.722
426.32
425.838
431.759
414.403
418.958
457.602
411.68
438.959
430.718
424.32
428.003
444.639
394.477
441.602
440.561
430
423.759
434.962
435.598
404.722
447.44
422.319
429.921
415.279
440.078
434.241
438.959
421.361
435.041
398.639
452.481
429.042
427.996
410.402
448
428.801
408.88
446.958
424.481
432.079
416
444.403
424.236
428.32
418.083
439.12
405.518
455.76
424.402
406.157
454.96
414.161
430.482
449.198
421.682
431.12
422.797
430.643
431.361
436
401.676
441.203
437.918
423.282
405.518
457.681
415.199
442.32
419.842
437.838
410.963
435.917
436.161
431.76
424.88
433.041
435.759
393.121
457.597
406.24
456.001
424.083
413.436
444.161
406.32
436.32
443.759
403.762
453.839
422.079
406.722
441.042
428.157
430.561
415.438
428.802
428.801
428.88
474.079
400
412.319
448.402
424.399
442.56
426.88
428
402.481
443.838
436.162
425.199
429.361
428.241
409.996
428.883
428.8
428.719
428.88
428.801
428.8
428.797
428.722
428.88
428.718
428.883
428.718
428.879
428.723
428.801
428.797
428.879
428.722
428.801
428.801
428.878
428.798
428.722
428.8
428.802
428.957
428.718
428.723
428.88
428.88
428.721
428.797
428.801
428.722
428.796
428.802
428.8
428.88
457.602
399.92
428.797
428.884
457.519
400
428.797
428.8
428.88
428.721
428.801
428.881
428.879
428.638
428.802
428.8
428.881
428.718
428.879
428.721
428.959
428.723
428.717
428.8
430.001
427.68
428.719
470.083
387.597
428.721
428.802
428.797
428.883
428.797
428.8
428.723
428.797
428.962
428.638
428.801
428.801
428.798
429.282
428.398
428.722
428.8
428.88
428.718
428.879
428.723
428.88
428.718
431.759
425.92
469.362
388.161
428.798
428.883
428.796
428.722
428.881
428.718
430.643
427.036
428.722
428.881
432
425.601
428.718
428.8
428.802
428.879
428.719
432.319
425.361
428.721
428.881
428.8
428.797
428.722
428.88
428.718
428.801
428.8
428.801
428.8
428.802
428.797
428.879
428.722
428.801
436.079
421.519
428.799
428.802
428.879
446.719
410.801
428.879
428.721
428.802
428.8
430.556
469.922
385.921
428.801
428.797
428.8
428.801
429.121
428.56
428.801
428.796
428.884
428.639
428.959
428.722
428.8
428.801
428.797
428.8
462.802
394.8
428.801
428.717
428.802
428.8
428.798
428.879
428.721
428.802
428.8
428.798
428.799
457.603
400
428.88
428.8
428.958
428.56
428.877
428.721
428.802
428.8
428.963
428.717
428.802
428.8
428.718
428.88
428.801
428.801
428.718
428.879
428.721
428.802
428.797
428.804
428.797
428.801
428.88
434.079
423.522
428.718
428.8
428.802
428.801
428.797
428.879
428.801
428.722
428.797
428.801
428.879
428.801
428.801
428.718
428.883
428.797
428.801
428.959
428.722
457.439
399.999
428.802
428.801
428.797
428.883
428.718
428.801
428.801
428.88
428.718
428.883
428.718
428.801
428.801
428.797
428.8
428.801
428.801
428.8
428.798
428.8
428.88
428.963
428.556
428.801
428.879
428.722
428.801
428.8
428.88
428.797
432.801
424.722
428.801
428.876
428.799
428.723
428.8
428.798
428.883
470.158
387.36
428.801
428.798
428.801
428.799
428.802
428.8
428.881
428.797
428.804
428.797
428.722
428.879
428.719
428.878
428.802
428.722
428.797
428.801
428.879
428.722
428.801
428.8
428.798
428.878
428.802
428.721
428.801
428.88
428.797
428.8
428.802
428.718
428.883
428.797
428.722
428.801
428.797
428.882
428.802
428.718
428.801
428.8
428.798
428.879
428.722
428.801
431.278
426.398
428.804
428.719
428.88
465.44
392.078
428.879
428.885
435.037
422.482
428.718
428.878
428.723
430.88
426.801
428.718
428.799
428.802
428.801
428.801
428.797
428.879
428.722
428.801
428.797
428.801
428.882
428.719
428.801
428.801
429.037
428.639
428.722
428.8
428.802
428.797
428.8
428.801
428.88
428.8
428.718
428.801
428.88
428.8
428.802
428.718
428.8
428.879
428.723
428.801
428.879
428.718
428.801
428.8
428.802
428.878
428.719
428.801
428.801
428.8
463.279
394.318
428.802
428.801
428.797
428.961
428.719
428.721
428.802
428.801
428.797
428.879
428.801
428.722
428.879
428.718
428.88
428.721
428.88
428.722
428.798
428.882
428.719
428.88
428.717
428.802
428.799
428.88
428.723
428.801
428.879
428.797
428.722
428.8
428.802
428.797
428.883
428.717
428.802
428.88
428.718
428.799
428.881
428.963
428.797
428.642
428.959
428.801
428.718
457.521
399.918
428.88
456.324
401.277
428.722
428.797
428.801
431.999
432.001
446.88
407.042
444.718
432
407.439
457.121
400.322
428.557
428.721
428.802
436.481
449.916
400.08
428.722
432
425.598
457.6
400.08
428.8
457.523
400.08
428.8
428.797
428.801
457.522
399.997
430.402
435.681
449.119
400
428.798
453.361
404.323
428.797
432
425.519
463.119
432.004
431.996
388.084
428.88
445.199
412.319
428.959
432.004
425.598
428.8
428.722
432.959
432
421.357
432.004
437.199
417.199
445.44
432
432
405.759
428.801
469.36
388.321
432
432
422.319
444.162
431.996
410.241
428.879
431.999
467.362
386.963
428.958
432
432
422.319
464.881
431.999
389.439
436.802
432
417.602
428.797
432
425.842
428.639
429.519
432.004
431.996
424.319
426.083
435.598
450.962
399.838
430.963
426.718
460.398
397.121
432
432
422.402
432
425.602
457.596
400.001
428.801
457.679
403.118
432.962
421.598
459.281
432
395.039
457.6
428.881
399.842
428.801
433.838
458.958
393.681
447.12
432
432
404
432
425.602
428.88
446.158
432
408.24
428.722
428.88
432
425.601
431.121
431.996
423.199
432.004
439.676
414.963
428.801
459.679
397.678
428.801
461.04
425.677
401.842
457.518
398.001
432.004
431.996
422.32
432
425.602
428.8
428.801
475.199
388.801
422.477
428.722
428.88
432
454.32
400
428.879
428.722
432
432
422.718
457.281
400.4
428.402
428.879
430.796
426.802
428.718
429.121
428.563
428.797
432
425.602
428.88
431.439
454.879
399.922
428.797
430.161
427.523
428.719
428.8
457.601
432
396.877
428.722
432.318
425.361
428.723
431.996
432
422.481
428.88
440.56
445.758
400.001
428.722
457.841
399.998
428.642
428.88
428.639
428.88
432
432
422.398
428.722
428.801
430.879
426.801
428.797
428.801
428.722
428.797
434.962
454.556
396.884
432
425.598
428.88
428.962
440.399
448.641
397.122
428.879
429.839
427.68
432
425.598
428.801
428.8
453.279
404.481
428.721
453.918
432
429.203
400.079
432
425.519
432.161
425.44
429.278
428.402
428.719
428.801
429.359
428.242
428.88
432
432
432
419.12
463.199
394.481
432
425.519
428.88
428.88
432
425.601
432
451.038
436.161
424.8
399.84
432
428.879
425.523
432
454.476
400.001
428.722
428.88
428.718
428.879
454.801
402.718
443.124
414.478
435.361
453.36
397.76
518.397
345.603
422.32
428.8
434.88
453.999
397.52
428.962
428.639
518.398
339.204
432.158
425.44
428.8
453.361
404.237
442.481
443.999
399.922
428.88
434.56
425.92
425.917
432.001
451.444
402.959
428.718
428.879
432
425.602
432
452
402.398
428.722
432
432
422.478
432.402
432
422
428.721
431.997
432
422.639
432.004
432
422.158
428.801
432
457.28
399.039
426.88
428.801
428.8
428.88
432
432
422.32
432
468.078
415.124
399.997
428.801
428.8
428.801
428.797
428.962
428.639
432.078
432.001
424.083
427.199
432
432
422.32
428.801
435.278
422.241
428.879
428.722
428.801
428.797
468.24
418.162
400.079
428.801
458.797
398.722
428.879
428.722
454.32
404.796
427.361
453.203
404.32
428.88
456.319
403.278
426.801
428.801
432
432
451.119
400.001
432
437.44
416.959
428.801
428.8
428.88
475.199
388.801
422.397
431.121
432.001
423.199
458.879
427.602
399.921
428.88
428.718
428.883
428.719
428.879
428.722
428.88
428.801
428.796
428.801
428.718
428.884
428.718
428.801
428.879
428.718
428.884
428.801
428.718
429.041
428.56
428.801
428.797
428.879
428.722
428.88
428.722
428.797
428.879
428.722
428.959
428.643
428.876
428.8
428.722
428.801
428.88
428.718
428.879
428.722
428.801
428.801
428.797
428.879
428.88
428.722
428.722
428.88
428.796
428.722
428.88
428.801
428.879
428.64
428.958
428.643
428.88
428.879
428.64
428.8
428.801
443.041
414.557
428.801
428.8
428.88
428.718
428.801
428.88
428.721
428.88
428.718
428.801
429.041
428.56
428.801
428.88
429.361
428.158
429.12
457.277
400.163
428.8
428.64
457.596
400.084
428.801
457.758
399.84
457.679
428.64
400.083
428.958
457.36
400.08
428.722
457.601
419.519
438.157
399.922
428.801
457.597
400.084
457.518
429.759
399.042
457.597
400.001
428.801
428.8
428.801
457.597
400.241
428.64
457.521
400.08
457.758
399.761
445.921
411.68
457.681
431.198
397.52
443.601
446.319
425.282
400.08
428.718
428.801
428.8
428.801
428.88
434.158
423.361
428.879
448.241
444.88
409.199
412.883
428.797
457.522
428.797
400.084
428.718
459.6
427.677
399.125
428.797
457.6
428.88
400.001
440.399
417.12
428.801
428.8
428.801
428.88
428.718
457.6
400.001
428.88
428.722
428.797
457.679
400.001
428.801
428.801
428.797
429.203
457.119
400.001
428.88
428.801
428.718
428.879
428.722
428.797
428.801
428.88
428.8
428.801
428.718
428.801
428.801
428.879
428.801
428.801
428.718
428.88
428.8
457.522
400.001
428.958
428.64
454.082
403.598
428.722
457.758
399.84
428.8
428.801
428.797
428.801
428.801
457.6
400.001
432.158
425.523
457.517
400.08
428.801
428.801
430.56
455.758
428.801
428.797
400.242
428.56
429.041
428.56
428.801
428.88
457.518
402.64
426.161
457.601
399.997
428.801
428.801
428.879
428.801
457.518
400.08
428.801
428.721
428.801
428.88
457.518
400.083
428.718
457.597
401.524
427.361
428.718
457.6
400.242
457.356
400.084
428.797
457.758
399.764
428.88
428.801
428.797
428.962
428.56
457.597
428.801
400.001
428.8
428.801
428.801
428.797
457.6
428.801
400.001
428.88
428.718
428.883
428.797
428.722
428.88
428.801
429.037
428.56
429.2
428.319
428.884
428.718
428.8
428.801
428.801
428.797
428.88
428.721
428.88
428.722
428.88
430.398
427.12
428.801
428.88
428.801
457.518
400
428.801
428.801
457.597
400.001
428.879
428.722
453.518
432.88
400.001
428.8
428.801
428.801
428.958
428.719
428.8
428.801
428.722
457.758
428.639
428.801
400.242
428.56
431.278
426.32
428.8
428.797
428.963
454.957
431.361
399.922
428.88
428.801
428.801
457.596
399.922
428.801
428.797
429.361
449.921
407.199
428.801
457.518
400.001
428.801
457.679
400.163
450.476
406.964
457.517
400.08
428.801
428.718
428.884
428.718
457.6
400.08
448.801
437.518
428.801
400
428.801
457.597
428.801
400.001
428.8
457.598
400.004
428.797
428.801
457.597
413.921
414.88
457.601
400.083
428.797
457.759
399.843
428.722
457.597
415.921
412.959
457.518
400.241
439.602
445.198
430.241
428.718
400.001
428.801
428.8
428.959
428.639
428.805
428.879
428.797
428.722
428.88
428.801
428.718
428.879
428.722
428.88
428.801
428.718
428.8
428.88
428.801
428.718
428.88
428.721
428.801
428.797
428.801
428.801
428.879
428.722
428.801
428.797
428.801
428.879
428.801
428.722
428.797
428.959
428.642
428.88
428.801
428.801
428.718
428.8
431.921
425.681
428.797
428.801
428.879
428.722
428.801
428.797
428.801
428.8
428.801
428.88
428.958
428.561
428.8
428.959
428.722
428.797
428.801
428.8
428.718
428.805
428.797
428.801
428.879
428.722
429.12
428.478
428.801
428.799
434.159
423.523
428.718
428.801
428.8
428.801
428.88
428.718
429.763
427.917
428.722
428.88
428.718
429.041
428.56
429.279
428.481
428.639
428.801
429.041
428.56
428.801
428.797
428.801
428.8
429.038
428.56
428.801
428.801
428.8
428.801
428.797
428.884
428.797
428.721
428.801
428.797
428.88
428.722
428.879
428.801
428.722
428.797
428.801
428.8
428.801
428.88
428.718
428.801
428.879
428.722
428.797
428.963
433.838
423.759
428.88
428.643
428.718
428.801
428.879
428.722
428.88
428.797
428.722
428.879
428.722
428.801
428.797
428.801
428.8
428.801
428.801
428.797
428.88
428.721
428.801
428.88
428.801
428.797
428.721
428.801
428.959
428.801
428.879
428.722
428.718
428.88
428.722
428.797
428.721
428.801
428.801
428.797
428.88
428.721
428.801
437.199
420.399
428.801
428.8
429.038
428.564
428.797
428.801
428.8
428.801
428.801
428.88
428.797
428.721
428.88
428.801
428.718
428.962
428.801
428.639
428.88
428.718
428.801
428.8
428.801
428.801
428.797
428.801
428.879
428.801
428.88
428.639
428.801
428.8
428.801
428.797
428.88
428.722
428.8
428.801
428.801
428.797
428.801
428.8
428.801
428.797
428.801
428.962
428.639
428.801
429.038
428.879
428.482
428.962
428.797
428.639
428.801
428.962
428.639
428.801
428.801
428.797
428.801
428.879
428.718
428.805
428.797
428.88
428.721
428.801
428.797
428.801
428.801
430.8
426.88
428.718
434.801
422.801
428.879
428.801
435.838
425.602
424.88
429.041
428.56
428.959
428.639
428.962
428.797
428.722
428.722
429.12
428.478
428.8
428.88
428.718
428.801
430.481
427.12
428.801
428.801
434.079
423.597
428.721
428.802
428.88
428.718
428.801
428.8
428.801
428.797
428.801
428.801
428.8
428.801
428.959
428.639
453.44
404.24
428.722
428.801
428.797
428.88
428.8
428.722
428.801
428.797
457.44
400.161
428.801
428.801
428.797
428.801
428.8
428.88
428.801
428.718
428.801
428.8
428.801
428.797
451.12
406.482
428.8
428.801
428.797
428.801
428.88
452.082
405.44
428.801
428.797
428.88
428.8
428.722
428.801
440.88
416.718
428.8
428.801
428.797
428.801
428.801
428.8
428.801
428.801
428.797
428.883
428.718
428.801
428.797
428.801
451.601
417.921
416.88
428.801
428.797
428.801
428.8
451.918
421.443
413.121
428.718
428.879
428.718
428.805
450.797
406.88
428.8
428.722
428.88
428.722
428.797
428.8
428.801
428.797
428.801
428.961
428.719
428.718
446.403
411.199
428.801
428.8
428.801
428.88
428.718
428.801
428.879
428.801
428.722
428.797
428.801
428.8
429.121
428.477
428.801
428.801
428.8
428.801
428.801
428.797
428.88
428.721
455.918
401.684
428.797
428.88
428.721
428.801
428.801
428.797
428.88
428.721
428.801
428.801
428.797
428.801
428.879
428.722
428.801
428.797
428.801
428.8
428.88
428.801
433.037
424.482
428.8
432.561
425.037
428.801
428.801
430.24
427.44
428.801
442.718
414.88
428.721
431.681
427.199
427.519
428.801
437.838
419.842
428.722
457.598
400.079
428.721
469.279
396.642
420.478
428.883
428.88
428.639
428.88
428.718
428.88
428.721
428.88
428.722
428.88
428.718
428.8
428.88
428.801
428.801
428.718
428.8
428.88
428.801
428.718
428.801
447.522
427.519
411.361
428.797
428.88
430.082
427.44
428.88
428.718
428.801
428.8
428.801
429.519
428.402
451.357
405.921
428.88
428.718
431.282
428.88
426.319
428.722
428.797
428.801
457.921
399.68
428.801
428.801
451.68
405.918
428.8
454.158
403.44
428.801
428.801
428.8
430.241
427.357
428.801
428.801
428.8
428.801
428.797
428.884
428.718
450
407.601
428.88
428.797
428.722
429.041
428.639
428.722
435.44
422.158
428.879
433.282
424.399
428.718
428.722
436.481
421.12
428.801
434.319
423.279
428.879
433.681
431.278
421.361
454.083
403.518
428.801
428.797
428.801
428.801
428.8
428.88
428.88
428.639
428.801
428.8
428.801
428.88
428.718
428.801
428.8
428.801
428.801
428.797
428.801
428.8
428.801
428.797
428.801
432.083
425.518
428.88
443.681
413.838
428.88
428.721
430.482
427.357
428.56
428.801
428.8
428.801
454.718
403.44
428.241
428.8
428.88
428.8
428.719
428.883
428.718
428.801
428.801
428.876
428.722
428.8
428.801
428.797
428.801
428.801
428.8
428.801
428.801
428.797
428.801
428.8
428.801
432.399
425.199
428.88
428.721
428.88
428.722
428.88
428.718
428.8
428.801
428.801
428.797
428.801
455.278
402.323
428.801
428.797
428.801
428.8
428.801
428.801
428.959
428.639
428.8
428.88
428.722
428.797
428.801
437.44
420.157
428.805
428.797
428.801
428.8
428.801
428.801
428.797
428.801
428.8
428.801
428.797
428.88
428.722
428.8
458.32
412.399
415.68
428.801
428.8
428.797
428.801
455.763
414.399
416.24
428.801
428.797
428.801
428.801
428.8
428.801
428.797
428.801
428.801
436.8
420.797
428.805
428.797
428.801
428.8
428.801
428.88
428.718
428.801
428.8
428.88
428.718
428.801
428.801
428.879
437.042
430.958
418.403
455.917
412.481
417.921
428.797
432.564
425.038
428.8
453.918
410.481
422.004
428.797
428.8
428.801
428.801
428.88
428.797
428.8
428.722
428.801
428.797
428.801
428.8
434.079
423.519
456.801
400.801
428.8
428.797
428.801
428.801
429.041
448.482
408.879
428.801
428.88
428.718
428.8
428.801
450.241
409.357
426.801
428.879
428.722
428.797
428.801
450.162
407.439
428.801
428.801
428.797
428.883
428.718
448.32
418.959
419.12
428.88
428.8
428.801
428.718
428.884
433.917
423.601
428.801
428.801
428.797
428.801
428.8
434.88
422.722
435.436
424.643
426.319
428.801
428.797
432.963
424.639
449.199
408.402
428.801
428.797
428.801
430.481
427.12
449.681
423.44
413.278
428.8
428.801
428.797
428.801
428.801
429.041
428.639
428.88
428.722
428.879
428.639
428.801
431.598
426
428.801
428.879
428.801
428.718
428.801
428.801
428.8
452.561
405.12
428.718
428.801
428.8
432.241
425.361
450.556
421.282
414.56
428.797
428.801
428.801
428.801
434.398
423.444
428.556
428.88
428.801
428.721
429.038
428.564
428.797
428.88
428.721
428.801
428.88
428.718
428.88
428.8
428.722
438.32
419.278
428.801
428.8
428.88
428.722
428.797
436
421.601
428.801
428.801
428.797
428.801
428.8
433.042
424.56
428.959
428.639
428.8
428.801
457.598
400.162
428.639
428.879
428.963
428.56
428.797
428.883
428.718
428.959
428.801
428.639
428.88
428.721
428.88
428.722
428.797
428.801
428.8
428.801
428.797
428.801
428.801
428.8
428.801
428.801
428.797
428.801
428.8
428.801
428.88
428.801
428.718
428.8
428.801
428.88
428.801
428.718
428.8
428.88
428.801
428.718
428.88
428.8
428.718
428.805
428.797
428.801
428.8
428.88
428.722
428.801
428.797
428.8
428.801
428.88
428.718
428.801
428.879
428.718
465.281
405.761
415.361
428.801
467.841
399.839
444.717
436.481
405.603
418.319
428.801
467.037
399.602
452.8
429.357
404.084
419.917
428.801
466.318
397.603
454.638
428.241
404.32
421.681
428.8
463.676
399.602
449.68
430.959
400.083
428.801
470.078
400.399
451.36
427.839
421.842
443.759
423.278
424.241
407.441
451.762
426.88
422.477
443.042
424.157
425.042
406.644
451.916
429.519
419.68
447.523
422.079
430
398.241
452.398
430.319
412.325
454.717
416.398
430.32
403.362
447.438
437.44
410.802
453.439
425.838
420.403
439.199
419.921
432.88
408.561
452.157
427.041
420
403.121
461.68
428.718
407.681
455.041
427.199
417.44
446
418.161
430.88
403.681
453.917
425.041
415.441
445.92
428.32
426.879
404.321
455.281
432.477
406.802
452.879
416.319
431.444
399.599
459.517
398.163
441.917
451.92
418.079
430.564
406.64
459.597
428
405.603
451.119
421.199
428.959
434.082
430.959
427.199
405.843
451.917
429.203
421.44
437.917
429.921
424.643
404.159
454.239
429.921
411.599
444.879
430.56
426.639
401.204
452.398
432.24
411.44
445.12
426.797
431.763
436.482
417.518
433.681
408.719
415.921
464.476
423.042
438.879
424.079
426.88
407.2
417.042
462.48
423.68
400.242
460.717
429.282
406.478
451.281
432.079
419.681
444.319
417.602
429.759
404.163
454.879
424.477
424.241
443.68
424.079
426
402.163
456.559
430.722
419.436
430.24
428.403
402.236
428.644
460.398
433.601
407.678
448.003
426.477
424.241
401.283
465.837
427.838
406.325
448.476
428.083
421.199
440.478
426.721
428.32
406.881
448.16
429.681
418.958
440.639
428
429.042
405.2
448.958
432.082
410.881
445.759
427.278
430.722
403.598
448.48
433.523
410.64
451.999
422.158
429.199
404.084
456.476
426.722
411.279
449.443
429.917
422.639
404.001
456.481
428.958
406.561
451.68
430.083
423.597
429.921
398.079
460.162
406.399
451.439
433.042
411.357
449.763
424.398
424.482
404.238
454.799
426.56
416.404
437.198
428.56
437.842
393.918
456.56
438.319
408.001
438.879
427.763
429.759
440.88
425.357
429.921
407.362
438.157
436.963
423.12
442.398
421.842
434.158
402.964
445.758
432
420.88
441.598
420.8
433.519
405.283
445.758
434.482
411.681
452.157
416.639
435.921
403.283
444.958
436.161
411.039
445.999
423.12
434.801
404.561
443.439
442.959
404.723
451.999
418.32
430.319
409.523
446.477
430
416.08
439.92
443.601
413.12
411.28
447.36
439.278
405.843
449.758
433.121
419.601
433.598
416.64
440.961
405.201
450.48
435.44
418.079
432.481
422.237
436.56
404.884
444.236
442.959
410.402
437.842
399.682
460.397
403.2
444.559
444.959
408.881
437.442
436.876
425.681
430.24
416.403
446.958
405.761
439.439
433.601
424.88
432.718
432.319
394.084
442.639
439.439
444
415.278
432.083
432.319
433.2
403.839
442.48
438
417.602
432.639
431.838
434.162
402.482
418.797
464.559
409.362
438.879
441.282
424.56
403.52
462.318
420.643
409.118
438.641
441.358
424.481
402.482
459.439
427.037
406.483
446.239
437.361
421.598
403.121
451.199
435.281
404.802
445.36
435.838
422.241
433.44
430.56
427.44
405.599
443.04
439.842
422
431.759
429.042
429.116
404.321
443.92
443.842
409.759
438.079
432.079
428.241
403.922
447.198
442.079
408.163
453.758
417.121
427.759
431.921
430.959
432.402
406.159
440.48
434
421.44
444.797
417.763
434.481
404.719
443.759
433.361
414.399
444.879
430.962
428.241
404.399
444.638
435.76
411.362
445.439
423.12
434.402
405.678
444.16
437.681
408.881
452.156
418.403
432.958
433.44
416
441.842
405.52
450.638
421.44
432.162
434.079
416
439.601
405.682
451.679
428.158
424.718
431.68
431.042
427.041
406.159
450.24
431.361
411.519
442.161
425.917
432.56
405.204
451.518
432.399
410.32
443.439
433.12
395.922
467.12
425.68
425.76
409.2
452.563
425.838
422.56
438.639
425.361
395.358
443.843
447.277
427.522
422
446.241
418.959
429.041
404.08
452.157
429.203
421.037
444.963
423.838
424.32
404.403
454.157
429.282
411.52
452.559
423.921
424.477
404.163
449.198
439.038
410.001
438.243
442.718
420.399
432.24
418.241
433.68
413.362
439.119
403.919
456.878
435.282
417.2
442.319
404.561
446.56
432.161
423.76
431.041
420.319
436.079
412.001
446.639
441.12
411.041
432.237
433.763
428
405.121
444.078
444.079
405.201
443.04
432.158
427.842
403.681
445.759
439.601
408.802
441.116
432.8
428.32
403.523
444.236
443.361
429.763
425.038
437.759
415.361
432.32
432.161
428.399
407.681
445.601
437.12
417.996
431.042
433.361
428.158
403.922
447.679
437.602
417.037
432.079
430.722
431.759
403.843
447.999
437.038
410.321
439.119
440.561
421.758
445.681
405.444
437.917
408.881
439.679
442.32
419.68
432.32
419.203
440.718
407.038
438.883
446.718
415.041
432.477
434.32
426.962
405.441
443.92
400.881
456.078
432.481
432.88
429.278
404.321
443.442
433.436
423.282
433.278
432.963
427.037
405.524
445.518
440
408.881
439.762
434.797
426.879
403.922
444.24
442.158
408.64
413.523
459.04
427.838
433.038
416.162
443.601
406.561
445.277
428.242
427.597
432.082
432.399
430.959
403.204
445.596
438.324
417.676
431.842
432.241
429.519
405.2
444.721
438.079
417.68
432.162
435.838
426.56
404.001
444.721
438.158
410.242
445.679
423.436
430.805
438.797
428.083
424
408.241
451.759
420.161
429.917
401.359
462.322
427.199
406.561
419.121
460.799
424.241
442.639
420.158
427.44
405.922
420.398
460.962
412.399
455.36
415.12
429.76
405.121
457.841
425.677
411.204
454.958
416.161
429.918
400.001
456.878
433.2
408.482
457.119
388.324
454.717
402.881
462.717
428.083
407.599
452.72
427.038
420.643
442.477
421.042
429.282
406.64
454.239
427.76
411.598
453.12
416.56
430
404.399
455.123
431.76
408.158
443.842
433.917
423.519
405.764
453.439
431.12
408.96
446.48
423.917
430.801
439.282
419.838
432.158
408.163
450.961
419.519
429.44
402.321
466.401
425.278
405.839
451.041
421.199
428
403.764
428.876
428.801
465.439
422.721
433.2
419.921
441.199
425.44
427.12
403.603
420.56
465.356
416.481
432
436
426.32
403.441
445.36
440.398
411.283
437.597
438.24
425.523
403.038
461.281
425.44
407.84
438.559
439.12
422.718
432.481
430.324
430.236
406.881
445.119
438.083
417.278
442
421.519
432.639
402.802
454.24
432
414.402
437.116
426.963
430.639
403.441
444.799
443.042
414.639
431.278
432.639
429.444
405.121
443.916
443.282
405.603
440.078
441.759
420.801
403.922
454.555
435.681
404.802
443.837
439.361
417.838
432.162
417.361
448
402.959
414.482
465.036
419.681
431.921
435.759
429.199
401.362
445.202
436.959
419.361
431.917
437.44
428.56
400.644
446.319
437.518
420.32
430.079
435.282
429.917
401.125
444.477
440.721
408.881
439.277
444.88
420.162
400.719
445.6
442.079
407.922
440.721
443.677
421.522
395.039
463.92
428.56
406.001
443.841
440.639
419.598
437.523
423.436
430.883
404.238
450.642
434.319
417.602
430.477
431.76
431.763
402.881
444.638
443.759
414.801
429.68
441.918
420.323
404.238
444.318
448.481
410.959
430.722
440.319
421.764
431.917
416.481
440.079
413.279
447.92
429.523
419.838
440.88
421.519
432.244
405.197
447.363
430.876
419.282
446.56
419.839
431.041
406.08
447.202
431.677
411.44
451.36
422.399
429.759
405.283
446.319
434.079
410.561
452.559
416.88
434
404.162
456.638
426.64
409.602
451.439
419.283
431.518
432.8
430.158
427.2
396.801
428.801
447.518
440.643
398.32
460.879
428.88
404.08
453.999
432.879
418.722
431.12
434.639
425.121
403.922
453.518
433.041
412.959
437.921
433.361
426.635
402.644
452.078
436
409.44
440.8
425.602
431.195
439.925
424.079
432
407.918
438.082
429.519
428.402
442.478
421.12
432.643
405.358
441.198
436.32
422.161
443.921
419.038
433.041
404.96
444.721
434.477
412.644
451.518
424.639
429.361
402.001
446.078
428.319
420.723
438.48
433.44
432.959
402.32
444.879
438.722
409.039
438.961
443.921
422
431.759
416.718
439.282
408.242
438.796
441.12
423.042
431.759
417.921
441.278
405.52
443.365
437.518
424.157
429.361
417.84
442.882
404.96
444.157
437.041
429.041
425.76
429.361
429.597
404.242
445.999
439.602
412.079
438.398
431.12
428.722
403.761
445.28
442.876
408.964
439.837
430.56
428.722
432.481
416.718
446.639
406.723
436.958
441.842
417.838
441.279
423.041
433.278
404.806
438.078
441.518
417.681
442.801
421.917
432.801
404.399
446.243
435.839
406.719
442.082
431.439
432.88
404.561
445.277
438.162
408.242
438.878
427.038
438.402
404.96
443.518
438.962
408.08
438.638
404.403
460.8
431.76
418.8
438.718
406.881
443.92
432.718
427.602
431.838
417.922
440.721
404.798
444.318
442.004
417.519
429.598
436.481
426.481
404.802
443.198
440.801
420.477
431.042
431.278
427.763
403.599
445.36
440.639
409.2
442.642
430.158
427.842
404.561
444.398
442.078
406.723
449.999
426.079
427.76
432
431.282
428.157
406.163
447.36
436
417.677
442.56
422.56
429.68
403.923
446.799
436.241
418.237
442.24
421.44
431.681
401.922
421.517
460.722
410.479
455.119
422.241
424
435.759
417.361
437.519
408.482
451.999
420.162
427.518
435.361
418.478
439.842
406.802
451.837
421.282
401.997
460.563
417.838
440.482
405.602
419.519
461.597
420
434.721
432.64
426.481
404.001
452.157
430.721
411.441
442.717
432.162
427.12
403.761
453.439
431.518
409.761
443.442
430.797
427.121
400.32
457.041
432.879
409.761
445.36
431.68
423.038
439.041
425.601
426.88
407.761
446.961
431.917
422.639
444.801
417.681
430.161
404.96
447.36
433.917
433.282
432.398
423.519
424.643
404.561
448.157
435.444
413.358
443.521
423.196
432.162
404.403
448.078
436.958
409.844
453.036
417.12
431.282
400.08
464.721
425.519
408.159
451.521
419.921
429.437
402.241
460.8
435.12
403.922
445.439
434.481
421.598
442.801
415.838
434.963
404.798
443.841
438
418.639
432.958
426.643
424.718
416.321
442.559
439.282
417.361
433.037
428.32
433.759
403.682
443.92
441.68
409.121
439.518
435.042
425.199
404.561
444.319
443.361
408.482
439.755
443.924
417.038
432
432
428.959
405.44
444.003
440.56
417.918
440.161
424.079
428.639
405.52
445.443
439.116
416.162
430.88
432.319
430.963
403.681
446.717
438.722
409.279
438.958
433.361
428.481
404.159
452.322
433.038
409.602
438.958
442.24
422.32
432.718
392.644
462.8
407.839
441.281
439.12
421.519
434.718
430
427.759
406.483
443.439
436.879
420.402
434.32
430.32
434.56
399.441
445.198
436.722
418.319
435.839
430.8
429.361
402.001
447.838
438.319
410.001
441.202
440
420.88
402.719
444.078
443.12
407.121
442.161
440.56
419.598
430.962
416.88
443.68
407.84
447.119
435.44
419.041
431.2
430.8
430.158
405.764
446.398
435.598
419.842
435.68
427.921
428.718
403.922
447.439
443.12
404.001
439.597
432.32
430.24
403.441
449.522
437.037
409.043
438.717
440.879
421.121
403.843
446.717
441.921
406.482
439.037
440.402
422
432.959
430.958
426.884
404.798
452.721
426.8
421.681
446.477
420.241
428.56
403.042
454.078
427.519
413.524
412.319
467.999
422.32
402.08
452.48
432.158
410.723
445.679
427.602
427.996
438.082
417.519
433.602
409.038
446.078
427.602
428.481
441.278
421.203
430.316
406.486
449.518
424.56
426.079
444
419.041
428.636
406.004
456.879
427.68
417.922
445.676
417.602
429.68
404.561
457.037
422.883
416.238
451.36
418
429.842
404.96
451.597
428.721
416.001
450.319
418.32
429.759
440.162
427.838
425.601
410.881
446.721
419.038
430.56
441.518
426.482
427.44
405.042
448.721
421.838
428.241
403.839
466.161
427.116
404.005
448.879
430.079
422.079
443.763
421.597
429.44
402.08
451.68
430.879
422.241
432.801
433.519
431.199
401.681
443.999
439.602
409.602
438.8
443.996
415.921
407.761
444.559
434.958
414.964
438.078
444.639
415.68
406.964
445.36
441.917
426.56
420.079
446.402
417.681
431.44
429.116
430.083
424.88
424.879
439.842
418.557
442.722
414.719
435.04
425.041
424.639
442.718
408.083
448.158
419.921
431.598
409.283
439.439
442.8
408.881
437.439
432.56
429.842
403.118
445.679
439.602
411.2
438.8
440.8
420.32
433.199
415.602
440.319
410.561
439.917
440.801
420.323
431.519
419.278
439.838
409.043
443.04
437.12
435.44
426.399
422.24
426.481
410.4
443.281
436.797
433.443
417.2
431.921
426.718
410.001
444.957
438.403
417.838
429.759
442.482
418.639
408.001
443.281
441.838
406.802
439.758
442.079
413.763
438
428.557
429.361
405.681
451.439
431.601
421.436
432.245
427.996
432.323
402.561
451.36
434.797
411.681
440.079
433.842
426.481
401.441
451.837
436.32
410.802
448.48
390.478
455.68
408.88
443.759
445.203
408.797
437.44
441.522
418.959
431.68
434.639
428.722
406.64
438.559
442.403
417.44
441.676
422.162
433.278
404.723
439.518
439.12
419.12
432.32
431.842
433.038
404.561
445.6
399.199
444.641
445.517
432.963
425.361
403.677
444.559
437.361
410.001
452.638
417.681
433.523
397.598
451.68
430.319
417.362
450.161
420.718
432.88
441.12
406.881
440.559
406.88
451.68
427.282
427.677
438.8
422.241
427.203
405.038
452.639
428.56
423.68
440.079
422.722
427.199
404.321
452.239
430.88
415.121
437.759
433.041
427.282
403.918
452.721
433.278
412.163
437.837
426.32
433.282
439.037
424.32
428.162
410.801
438.398
436.962
422.158
439.199
425.042
428
410.08
438.559
438.24
421.681
438.241
425.519
433.199
404.561
438.239
448.241
404.64
451.679
424
427.681
406.798
437.281
440.883
411.118
453.198
425.041
427.361
395.362
446.717
443.76
409.441
451.119
419.041
434.237
431.681
412.481
446.56
407.2
440.319
440.56
424
430.56
412.402
440.718
410.482
444.481
437.518
423.681
432.079
416.001
441.6
404.08
445.838
437.203
428.639
425.68
430.079
422.801
410.64
444.078
439.203
410.64
441.356
432.643
422.481
409.279
451.68
434.319
407.923
443.04
424.719
434.318
431.519
416.481
442.959
407.524
446.476
436.323
418.32
432.158
432
394.241
439.922
447.438
438.797
415.121
432.003
431.918
430.722
403.44
447.597
439.602
414.158
432.883
431.921
429.838
403.761
447.999
438.24
409.761
438.48
441.278
420.959
403.362
447.439
439.759
407.283
439.6
443.038
419.921
434.079
416.639
441.041
410.159
447.041
430.477
424.323
431.121
416.481
442.158
404.163
451.119
430
420.319
434.158
430.32
429.68
403.524
449.435
435.124
419.357
431.838
432.083
428.079
404.482
444.958
439.842
410.4
441.92
429.838
428.962
403.761
444.48
442.88
407.2
446.717
423.445
431.596
431.921
431.921
433.598
401.603
446.717
436.639
418.481
441.519
421.361
430.24
404.723
446.879
435.838
417.361
442
422.158
430.883
404.4
446.8
438.079
409.681
444.477
435.281
421.519
403.682
448.16
440.241
406.159
439.521
440.718
420.158
434.643
420.241
434.158
407.922
451.518
427.36
422.801
445.681
420.718
426.319
404.964
451.999
429.278
420.319
443.764
424.398
425.759
405.84
450.882
432.079
411.441
452.559
422.56
424.801
404.4
451.596
427.523
415.918
448.082
431.759
421.121
439.439
418
433.681
403.681
456.56
415.839
419.759
456.398
413.842
421.759
413.362
425.12
451.921
416.88
457.277
412.561
425.041
411.922
458.319
417.917
416.723
458.078
421.68
400.881
425.12
456.879
411.602
417.918
464.322
411.918
412.162
426.801
455.517
411.52
419.361
462.8
411.681
411.921
470.638
411.76
411.843
421.037
461.12
411.681
413.519
468.879
411.602
411.681
423.116
459.601
411.602
415.2
467.92
411.038
411.602
424.639
457.841
411.918
416.639
465.522
412.159
411.44
426.082
456.24
413.279
416.801
463.999
411.918
415.203
443.44
435.439
411.602
420
461.999
411.919
412.481
470.318
411.76
411.602
421.519
460.8
396.798
428.804
428.797
458.88
406.962
420.557
461.123
411.678
413.601
469.202
411.839
411.279
422.879
459.841
411.682
414.88
466.796
412.482
411.598
424.323
457.999
411.839
416.56
465.439
411.441
412.643
425.677
455.999
411.681
418.722
463.999
411.52
411.921
470.638
411.759
411.441
420.402
464.078
409.52
412.722
469.999
412.079
411.764
421.357
460.721
411.918
413.763
469.12
410.877
411.763
423.44
459.198
411.52
415.68
466.638
412.001
412.083
424.718
457.04
411.599
417.523
465.198
411.441
411.68
426.88
456.078
411.283
419.037
463.601
411.681
415.921
466.477
411.842
411.52
420.56
461.837
411.922
412.639
469.281
412.32
411.599
422.082
459.838
412.162
414.32
467.679
412.159
411.76
423.601
458.559
412.163
415.917
466.24
411.602
411.519
425.681
456.397
412.084
417.838
464.559
411.84
411.601
427.199
454.962
412.001
419.519
463.359
411.682
412.556
469.522
411.44
412.399
420.643
461.435
411.682
413.203
467.916
413.124
411.76
422.399
459.198
412.242
415.041
465.36
412.238
411.44
426.161
455.597
412.321
418.402
463.837
411.843
411.76
470.48
411.917
411.682
420.079
461.999
411.843
412.56
470.476
411.282
411.761
421.68
460.638
411.603
414.161
468.236
412
411.603
423.361
458.878
413.441
414.079
466.8
411.52
411.601
425.278
428.801
440.481
417.121
464.878
412.001
412
426.399
455.6
411.84
418.879
463.759
411.204
411.917
470.8
411.68
411.362
420.959
461.92
411.76
412.722
469.837
411.44
411.362
422.481
460.477
411.602
414.32
467.999
411.759
411.922
423.839
457.92
411.519
416.643
466.236
411.524
412.319
425.121
456.717
411.602
418.079
464.8
411.441
411.921
427.037
455.759
411.365
419.279
463.438
411.201
411.759
470.721
414.88
410.478
419.12
463.202
412.242
411.759
470.477
411.842
413.437
418.643
461.837
411.682
412.879
469.443
411.598
412.399
421.76
460.16
412.163
414.079
467.518
412.162
411.598
423.999
458.241
412.403
415.68
466.078
412.159
411.523
425.44
457.119
411.52
417.759
464.638
412.403
411.2
426.958
455.68
411.76
418.963
463.198
411.681
411.76
470.397
411.763
412.238
420.56
461.281
412.561
412.64
468.318
413.922
410.399
422.56
459.841
411.678
414.8
467.601
411.922
411.519
424.161
458.157
411.441
416.801
465.837
411.764
411.598
426
456.638
411.524
418.237
464.002
412.001
411.279
470.878
412
411.122
420.319
428.88
445.68
411.921
470.24
411.68
411.919
421.282
460.717
412.004
413.677
468.48
411.682
412
423.037
459.12
411.681
415.602
428.879
450.079
411.44
424.88
457.6
411.682
417.037
465.68
411.441
411.44
426.721
456.24
411.678
418.481
463.679
412.001
411.519
470.559
412
411.761
420
462.16
411.761
412.481
469.837
411.523
411.599
422.24
460.161
412.001
414.24
468.157
411.922
411.279
423.842
459.036
411.761
415.601
466.559
411.84
412.323
424.477
457.68
411.121
417.602
464.957
411.761
411.68
469.999
412.402
410.798
420
461.439
411.922
413.042
468.878
411.839
411.922
422.56
459.6
411.998
414.8
467.522
411.519
411.52
424.642
457.999
411.52
416.959
465.439
412.241
413.121
424.319
456.8
411.76
417.921
464.078
411.52
411.763
470.559
411.681
411.997
419.921
462.319
411.681
412.399
469.841
412.24
411.922
421.2
460.559
412.08
413.759
468.962
411.278
412.08
422.962
458.879
412.001
415.44
466.799
411.918
411.283
425.439
457.68
411.358
417.203
465.439
411.678
411.443
426.557
456.16
411.283
418.959
463.999
411.681
411.598
470.24
411.921
412.162
420
461.996
411.681
412.722
470.078
411.278
405.042
428.884
461.115
410.964
414.237
468.239
411.524
411.921
423.519
458.476
412.084
415.917
468.401
411.84
411.44
423.522
459.439
411.602
415.279
466.397
412.163
411.917
424.722
457.92
411.76
416.718
465.281
412.001
411.361
426.639
455.759
412.162
418.399
463.679
411.84
412
469.92
411.601
412.238
420.323
462.078
411.84
412.481
469.679
411.76
411.602
422.158
460.638
411.283
414.481
468.56
411.279
411.278
424.083
458.638
413.681
414.079
466.717
411.524
411.44
425.518
457.199
411.444
417.76
464.878
412.001
410.88
427.44
456.078
411.121
419.199
463.439
411.764
411.839
470.397
411.681
411.843
420.639
461.92
411.599
412.879
428.88
452.721
411.038
422.643
460.398
411.283
414.639
467.837
411.922
411.44
424.079
458.642
411.358
416.32
466.081
411.52
412.241
425.44
458.16
409.84
418.398
464.322
411.761
412
427.12
455.356
411.603
419.361
463.036
411.283
412.158
470.721
411.68
411.678
421.041
461.439
411.922
413.042
469.036
412.001
412.004
422.158
459.92
411.678
414.8
467.68
411.681
411.361
424.481
457.917
412.083
416.399
465.837
411.524
411.759
426.158
456.401
412.001
417.921
463.676
411.682
411.68
428.162
454.638
410.561
421.199
462.48
411.761
412.161
470.236
415.043
408
421.921
460.078
412.162
414.158
428.88
449.44
412.082
424.797
457.041
412.001
417.361
464.717
412.001
412
426.481
455.439
411.52
419.439
466.402
408.478
411.763
470.319
412
411.839
420.801
461.837
411.603
412.958
469.763
411.121
411.519
422.797
460.081
411.441
414.88
467.277
412.32
411.602
424
458.082
412.478
415.842
465.917
411.76
412
425.523
456.318
412.159
417.921
464.078
411.603
412.639
469.679
412.639
411.122
420
463.999
409.922
412.319
470.721
411.44
412.478
420.56
461.041
411.839
413.602
468.559
411.68
423.52
411.361
459.518
412.162
414.718
467.199
411.523
411.681
424.8
457.439
412.238
416.722
465.198
411.922
411.839
426.319
455.841
412.001
418.718
463.841
411.441
412
470.398
412.003
413.919
417.759
464.638
411.764
411.598
427.278
455.12
411.125
420.158
462.878
411.52
411.921
470.401
411.918
411.843
421.037
460.8
412.163
413.44
468.717
411.759
412.242
422.56
459.439
412.083
414.797
466.962
411.839
411.921
424.478
458.081
411.599
416.722
466.078
411.283
413.44
424.477
456.401
411.28
418.642
464.236
411.441
411.921
470.48
412.079
411.764
419.677
462.559
411.682
412.161
470.398
411.278
412.163
421.357
460.882
411.761
413.759
468.48
412.001
411.358
423.36
459.281
411.761
415.361
467.036
411.524
411.838
424.801
457.597
411.843
416.962
464.879
412.238
411.44
426.642
455.838
411.76
418.801
463.277
413.283
410.56
470.638
411.602
411.76
420.478
461.841
412.001
412.639
468.958
411.843
405.759
428.801
459.999
411.441
414.718
467.762
411.76
411.76
423.921
458.476
411.764
416.158
466.398
411.523
411.519
425.759
457.439
410.964
418
464.559
412.159
411.282
427.278
455.198
412.163
418.958
459.601
414.96
412.161
470.161
411.917
412.242
420.639
461.36
411.922
413.278
468.879
411.842
411.839
422.402
459.676
411.764
414.959
467.518
411.598
411.764
424.398
458.401
411.122
416.8
465.037
412.321
409.842
428.079
456.078
411.602
418.639
462.559
411.362
412.478
469.679
411.842
412.479
421.282
460.397
411.843
414.079
467.68
412.399
411.203
423.917
458.639
412.004
415.76
467.036
411.204
411.677
425.282
457.597
411.042
417.759
464.56
412.643
411.117
426.88
455.758
411.685
418.959
463.518
411.602
411.519
470.721
412.079
411.839
420.402
461.278
412.241
412.801
469.518
413.199
410.163
422.398
460.24
411.602
414.481
468.157
411.598
411.603
423.842
458.476
411.682
416.24
466.401
411.761
411.44
425.597
457.439
411.043
417.921
464.318
412.242
411.759
426.88
455.277
412.084
419.037
462.883
411.757
411.763
470.799
411.279
412.241
421.121
461.277
411.523
413.357
468.481
412.319
412.08
422.323
459.518
411.922
414.959
471.36
410.237
411.283
422.319
460.958
411.042
414.402
468.236
411.52
411.602
423.842
458.638
412.001
415.759
466.48
411.441
411.681
425.597
457.199
412.083
417.121
464.476
412.084
411.917
426.801
455.04
412.242
419.037
463.041
412.001
411.519
470.48
411.759
411.441
421.44
461.281
412.08
412.958
469.12
411.922
411.519
422.642
460.078
411.039
415.282
467.679
410.719
412.564
424.237
458.319
411.76
416.32
465.202
412.801
411.598
425.681
456.078
412.001
418.24
463.92
411.922
411.918
470.401
412.24
411.682
419.515
462.642
411.76
412
470.24
411.598
413.764
419.597
460.962
411.441
414
468.638
411.838
411.524
423.199
459.518
411.602
415.278
466.879
411.922
411.842
424.56
457.838
411.52
417.041
465.6
411.438
411.842
426.319
456.078
411.843
418.481
463.999
411.761
411.759
470.721
411.436
411.922
420
462.082
411.997
412.323
469.357
412.481
411.76
421.602
460.717
411.523
414.158
468.319
412.802
410.24
423.838
458.481
412.08
415.842
466.878
411.28
411.68
425.361
457.119
411.52
417.759
464.402
412.159
411.601
427.12
455.121
411.838
419.361
428.88
428.8
428.801
428.797
463.041
400.32
422.962
459.676
411.524
415.199
467.119
390.479
433.12
424.481
458.078
411.603
416.721
465.676
411.682
411.759
426.083
456.397
411.843
418.158
463.92
411.441
412.158
470.322
412.158
411.362
420.241
461.999
411.918
412.481
470.161
412
411.279
421.759
460.8
411.682
414
468.48
411.598
411.843
423.199
459.119
413.201
414.078
466.721
411.52
412
425.041
457.278
412.001
417.041
464.958
411.922
412.24
426.079
455.68
412.162
418.557
464.239
411.201
411.443
471.119
411.519
411.603
420.477
461.601
412.561
412.319
469.917
411.68
411.441
422.323
459.917
412.001
414.319
467.762
411.681
411.918
423.759
458.958
411.843
415.602
466.157
412.241
411.361
425.44
458.401
410.479
417.518
464.323
412.238
411.921
426.718
455.281
411.839
419.282
463.36
412.08
411.199
470.638
412
411.445
420.876
461.521
411.201
441.517
441.602
411.44
411.843
422.556
460.322
411.761
414.237
467.762
411.599
412.082
423.76
466.957
403.761
415.68
466.398
411.042
412.162
425.597
456.402
412.08
417.921
464.397
411.761
411.759
427.282
455.04
411.599
419.759
462.8
411.922
412
470.398
411.68
411.362
421.519
428.722
428.801
433.357
424.319
454.161
411.602
420.557
461.521
412.08
412.801
469.601
411.2
411.917
422.564
459.597
412.241
414.482
467.517
411.922
412.158
423.602
457.838
412.56
416
466.559
411.122
411.759
425.842
456.717
411.441
418.241
464.559
411.52
411.601
470.48
412.079
411.441
419.838
463.518
411.764
411.121
470.559
411.68
412.08
420.88
461.601
415.2
409.598
468.799
411.682
411.597
423.121
458.961
412.479
414.962
469.119
409.761
412.24
424.079
457.759
411.922
416.722
465.679
411.757
411.361
426.402
457.119
411.2
418.079
463.999
411.922
411.681
470.318
410.718
413.043
419.921
462.638
411.283
412.477
470.24
411.838
411.682
421.44
460.48
411.76
414.162
468.638
411.76
411.76
423.041
458.958
412.162
415.279
466.559
412.001
411.12
425.601
457.278
411.362
417.68
464.319
410.64
411.842
470.717
412
411.204
420.88
461.837
411.922
412.639
469.277
411.602
412.08
422.24
459.759
411.76
422.962
459.597
411.603
411.921
424
458.796
411.523
416.079
466.24
411.52
413.601
423.839
456.559
412.162
417.681
464.318
411.441
412
470.638
411.76
412.001
419.44
463.119
411.362
412
469.999
414.481
409.52
421.12
461.277
411.524
413.598
468.799
411.361
412.242
422.801
459.198
412.241
414.959
467.119
411.76
411.839
424.481
457.759
411.602
417.042
465.356
412.162
411.2
426.56
455.837
411.764
418.718
464.161
413.2
410
470.559
412
411.441
420.241
465.597
408.722
412.079
470.082
411.677
411.843
421.598
460.961
411.76
413.681
471.758
410.718
411.524
421.199
460.958
411.843
413.598
469.04
411.362
411.519
423.282
459.356
411.76
415.282
467.04
411.919
410.24
426
457.68
411.681
417.042
465.837
411.922
410.718
426.801
455.999
411.922
418.477
464.082
411.681
411.918
470.48
411.199
412.242
419.921
462.157
412.001
412.24
470.078
411.203
412.242
421.68
460.717
411.84
413.842
468.717
411.283
412.079
423.12
458.958
411.681
415.76
466.559
411.681
412.162
424.801
457.675
411.764
416.959
464.958
412.32
411.523
426.398
455.759
411.843
418.797
463.6
411.362
412
470.8
411.199
411.922
420.718
461.199
412.32
412.88
469.521
411.603
411.838
422.241
459.916
412.005
414.56
468.236
411.602
411.121
424.158
458.72
411.201
416.481
466.397
411.441
411.602
425.838
458.161
410.561
417.598
464.641
411.919
411.759
426.962
454.958
412.001
419.523
462.397
411.918
412.004
470.717
411.361
411.761
421.282
461.277
411.602
413.519
469.36
411.278
411.761
422.8
459.759
411.523
415.121
467.277
412.241
411.519
424.241
457.999
411.602
416.797
465.601
411.839
412.083
425.601
456.477
412.08
417.842
463.999
411.839
410.801
428.639
454.559
411.441
420.32
462.16
411.599
412.643
469.999
411.519
411.681
422
459.119
411.201
416.079
466.961
411.441
411.519
425.282
457.517
411.603
417.278
464.717
412.08
411.842
426.639
455.44
411.763
419.117
463.202
412.001
411.598
470.559
411.763
412.159
420.319
461.601
412.001
412.801
469.198
411.599
411.601
422.801
460.48
411.599
414.319
467.759
412.001
411.199
424.323
458.958
410.96
416.402
466.078
412.08
411.68
425.361
456.721
412.399
417.279
467.6
408.321
412.161
470.157
411.921
412.4
419.041
462.958
411.922
411.759
470.638
411.519
413.362
419.44
461.202
411.918
413.282
469.037
412.082
411.039
423.041
459.281
412.08
415.042
467.277
411.681
412.158
424.162
457.758
412.64
415.921
465.439
412.242
411.759
425.76
456.318
411.603
418.481
466.318
411.761
411.842
425.278
456.8
411.918
417.681
464.641
411.761
412.079
426.722
454.957
412.159
419.282
462.958
412.083
411.598
470.48
412.561
411.038
420.884
461.518
411.519
413.361
468.958
411.842
412.159
422.319
460.082
411.678
414.883
467.037
412.403
411.44
424.079
457.999
411.922
416.398
465.68
411.843
412.237
425.44
456.401
411.839
418.162
464.559
411.279
411.602
427.759
454.879
411.441
420.079
462.878
411.122
412.402
470.48
411.917
411.362
421.519
460.721
411.918
413.681
468.961
411.599
411.838
422.884
458.878
412.321
415.12
466.958
411.843
411.677
424.8
457.443
411.918
416.959
465.521
411.441
412.478
425.759
455.841
412.482
418.079
464.082
412.321
411.037
470.401
412
411.761
420
462.078
411.76
412.56
470.161
411.601
411.678
422
459.999
411.761
414.402
468.078
412.162
411.839
423.12
458.961
411.919
415.519
466.799
411.682
412
424.718
457.679
411.524
417.199
465.518
411.441
411.519
426.8
455.68
411.523
419.117
463.762
411.039
412.24
470.721
411.278
411.761
420.8
463.601
410.238
412.56
469.281
412.319
411.843
421.76
460.078
411.76
414.56
471.199
408.403
411.037
424.561
457.841
411.918
416.643
466.078
410.561
410.801
470.878
411.519
411.441
420.32
462.16
412.08
412.162
470.157
411.759
411.52
421.763
461.04
411.678
413.681
468.078
412.561
411.921
422.639
458.961
411.919
415.522
466.717
411.843
411.681
424.958
457.838
411.602
416.959
464.961
412.163
411.598
426.481
455.837
411.843
418.718
463.841
411.359
411.842
470.48
412.079
411.2
420.801
461.916
411.843
412.639
469.92
411.519
411.922
421.839
463.198
408.644
414.56
467.518
412.319
411.682
423.68
458.958
411.283
416.158
466.401
426.958
396.723
425.121
456.555
412.723
417.12
465.04
411.761
411.357
427.12
455.759
411.681
418.963
463.438
411.603
411.357
470.879
411.361
412.241
420.639
461.518
412.001
412.884
471.999
411.597
411.603
420
462.796
411.441
412.161
471.68
409.68
412.4
421.44
460.638
411.764
414
468.717
410.963
411.918
423.601
458.879
411.76
415.76
466.72
411.761
411.519
425.199
457.281
411.602
417.518
465.12
411.28
412.402
426.477
455.762
411.682
418.88
463.198
412.159
411.282
470.48
412.158
411.681
420.639
461.439
412.08
412.88
469.123
411.996
415.843
418.241
459.679
412.159
414.56
467.92
411.441
411.598
424.241
458.799
411.043
416.56
466.397
411.362
411.918
425.522
457.119
411.441
417.839
464.239
412.001
411.199
427.764
455.356
411.922
419.12
462.559
412.321
412.161
470.078
411.681
413.358
419.444
461.277
411.681
413.519
469.04
411.44
411.84
422.8
458.8
412.242
415.361
467.438
411.678
411.681
424.481
458.239
411.28
416.8
466.157
411.204
411.921
425.921
456.638
411.678
418.083
462.318
413.599
411.763
469.999
412.32
411.599
420
462.239
412.001
412.162
470.476
411.203
412.001
421.519
460.958
411.441
414
468.799
413.283
409.839
423.278
459.281
411.76
415.361
466.879
411.76
411.042
425.597
457.841
411.52
416.963
465.517
411.761
411.838
426.162
456.078
411.681
418.56
462.962
411.76
412.079
469.999
412.402
411.359
421.12
459.679
411.919
415.041
467.439
411.523
411.76
424.24
458.477
411.52
416.323
465.676
412.162
411.602
425.759
456.398
412.403
417.598
465.999
410.001
411.68
470.48
412.158
411.682
419.601
462.638
412.001
412.079
470.082
411.996
411.445
421.361
460.957
411.283
414.158
468.559
411.681
411.839
423.12
460.24
411.042
415.117
467.442
411.279
411.76
424.722
457.837
411.603
416.958
465.439
411.682
411.838
426.323
428.797
428.801
428.722
464.078
411.2
412
470.398
411.68
412.403
419.839
461.679
412.001
412.722
470.397
411.043
411.759
422
460.477
411.681
414.722
467.92
411.519
411.2
424.079
459.6
410.719
416.083
466.48
412.001
411.44
425.361
459.116
409.76
417.44
467.198
411.926
411.278
424.801
457.837
411.922
416.639
465.759
412.001
411.44
426
456.401
412.001
418
463.837
412.001
411.921
470.559
411.839
411.681
419.76
462.48
411.922
412
470.157
411.842
411.839
421.361
460.8
411.52
414.079
468.559
411.523
412.079
423.121
459.119
412.08
415.199
466.48
412.08
411.842
424.797
457.443
411.599
417.282
465.115
411.603
411.199
427.361
455.198
411.682
419.439
462.958
411.283
412.158
471.119
411.203
411.761
421.12
467.758
406.4
412.24
469.601
412.158
411.362
422.161
460.319
411.918
414.083
467.837
412.08
411.361
423.921
458.559
412.001
415.839
465.999
412.001
411.439
425.764
457.036
412.001
417.361
464.638
412.08
411.763
426.718
455.36
411.919
419.12
463.521
411.599
411.523
470.717
411.68
411.599
420.962
461.597
411.843
412.959
469.6
411.681
411.362
422.56
459.995
411.843
414.56
467.199
411.922
412.24
423.839
458.16
413.678
414.722
465.92
411.2
412.083
425.838
456.24
411.839
418.32
464.48
411.602
411.44
470.796
411.76
411.764
419.759
462.638
411.682
412.079
470.078
411.924
411.757
421.444
460.957
411.84
413.601
468.717
412.001
411.042
423.439
458.721
412.001
415.681
466.397
411.279
411.764
425.759
456.24
411.358
418.8
463.278
411.925
411.756
470.642
411.361
412.159
420.481
461.916
411.524
412.958
469.92
411.361
411.678
422.241
459.758
412.324
414.32
467.837
411.76
412.162
423.44
458.559
411.682
416.24
466.078
411.761
412.161
425.279
456.397
412.561
417.282
464.559
411.52
412
427.199
455.281
411.283
419.76
463.277
414.32
408.88
470.638
411.842
411.52
421.12
461.199
411.681
413.519
469.521
411.2
411.76
422.801
428.801
466.318
391.2
467.12
411.838
411.764
424.478
457.6
412.321
416.481
465.36
411.997
411.763
426.079
456.638
411.201
418.56
464.16
413.201
410.24
427.598
454.8
411.922
419.68
462.559
411.358
412.482
470.48
414.481
410.64
419.598
461.123
413.918
411.361
470.8
412.079
410.881
421.439
461.041
432.879
392.479
469.281
411.839
412.083
422
460.157
411.839
414.402
467.842
411.76
411.759
423.838
462.323
408.08
416
466.638
411.603
411.597
425.361
457.277
411.682
417.44
467.04
409.362
412.319
426.482
455.596
411.922
418.88
463.041
411.918
411.759
470.48
411.602
412.32
420.482
458.957
411.84
415.68
466.48
411.599
412.162
424.879
457.041
411.76
417.598
465.119
411.122
412.161
426.88
455.518
411.362
419.439
463.12
412.159
411.443
470.879
411.759
403.441
428.88
428.722
469.837
388.321
471.198
411.12
411.52
420.801
461.841
412.08
412.481
469.916
411.922
411.519
421.842
460.56
411.44
414.399
467.841
412.159
411.759
423.523
463.198
407.362
415.759
466.638
412.08
411.602
424.879
457.199
411.523
417.677
464.961
411.52
413.282
425.44
455.679
412.159
418.801
463.119
411.919
411.68
470.322
411.918
411.922
420.481
461.518
412.241
412.639
469.199
412
411.681
422.32
459.999
411.764
414.639
468.078
412.08
411.12
423.921
458.319
411.843
416.237
466.318
412.001
411.124
425.76
457.198
411.599
417.601
463.999
412.163
411.278
427.838
454.56
411.764
419.996
428.962
444.639
412.801
468.48
411.84
411.601
423.357
459.439
411.362
415.519
467.04
411.362
411.839
424.962
457.837
426.963
401.598
465.601
411.441
412
426.24
456.157
411.682
418.481
463.679
411.441
412.158
470.559
412.079
411.603
420.079
461.841
412.159
412.402
469.758
411.839
411.681
421.921
460.319
412.001
414.079
468.48
411.601
411.919
423.203
458.555
411.922
415.921
466.958
411.204
411.917
425.203
457.198
411.599
417.523
465.036
411.761
411.282
427.199
455.518
411.523
419.278
463.36
411.682
415.199
466.8
412.556
413.043
418.962
461.597
411.839
412.962
469.041
412.079
411.52
422.639
459.841
412.159
414.323
468.078
411.599
412.24
423.282
458.398
411.362
425.842
460.078
410.959
411.763
423.519
458.559
412.321
415.199
466.48
412.479
410.88
425.36
457.759
411.843
416.797
465.443
411.598
411.681
426.481
455.999
411.922
418.477
463.68
411.52
412.24
470.161
413.278
410.321
420.402
462.078
411.843
412.477
469.439
412
411.603
422.158
460.721
411.361
414.32
468.24
411.519
411.44
424.079
458.161
412.478
415.681
466.401
412.08
411.838
424.884
456.717
412.159
417.522
464.638
412.163
411.68
469.838
412.481
411.681
419.121
462.717
412.561
411.361
470.397
411.921
411.682
420.958
460.879
412.321
413.199
469.522
411.439
411.441
422.801
460.397
411.524
414.477
467.439
411.603
412.319
423.839
458.48
411.681
416.241
465.758
412.001
411.839
425.68
456.48
412.159
417.681
463.841
412.001
412
470.559
411.519
411.602
420.079
463.041
410.88
412.478
470.559
411.199
412.001
421.44
461.202
411.52
413.68
468.398
411.283
412.398
423.199
459.522
411.839
414.959
467.281
411.76
411.523
424.718
457.36
411.922
417.037
465.041
412.159
411.759
426.323
456.078
411.922
418.32
463.277
412.403
412.079
470.157
411.602
412.162
419.918
463.92
409.922
412.56
469.837
411.043
412.56
421.759
460.161
411.599
414.639
467.202
412.08
412
423.921
456.48
411.918
418
464.48
411.919
411.44
427.439
455.202
411.441
419.681
462.555
412.001
411.842
470.319
412.161
411.599
421.12
461.199
411.283
413.917
468.721
412
411.681
422.88
459.6
411.761
414.958
467.601
411.358
411.684
424.557
457.841
411.76
416.801
465.198
412.561
411.519
426
456.32
411.522
418.478
463.92
411.441
412
470.878
413.681
409.441
420.24
462.319
411.52
412.56
470.322
411.357
411.761
421.763
461.277
411.121
414
468.559
411.519
414.881
420.319
458.962
411.76
415.602
466.397
412.242
411.598
424.962
457.119
412.159
417.12
465.199
411.76
411.921
426.32
455.92
411.599
418.883
464.078
411.121
412
470.24
411.52
415.041
417.598
464.239
411.358
412.805
426.797
454.961
411.682
419.759
462.717
411.603
412.079
470.559
411.601
412.001
421.042
460.957
413.362
412.158
468.721
411.76
411.598
423.042
459.198
411.843
415.357
466.563
412.317
411.842
424.481
457.518
412.08
416.801
465.679
411.441
411.921
426.158
456.081
411.761
418.56
463.36
412.159
411.68
470.48
412.079
411.84
420
460.878
413.441
412.083
469.837
411.842
411.919
421.601
460.559
412.321
413.601
467.999
412.159
411.361
423.681
459.198
411.204
415.917
467.041
411.038
412.162
424.959
457.04
411.76
417.602
465.439
411.76
411.12
426.959
455.837
411.682
418.801
463.837
411.283
411.282
470.717
412.481
411.76
420.241
461.36
411.918
413.121
469.198
412.24
411.84
421.921
460.081
411.923
414.398
467.356
411.922
412.402
423.519
458.398
412.324
415.677
466.401
411.2
412.403
425.357
457.281
411.279
417.68
464.559
411.919
411.12
427.602
454.72
412.4
419.278
463.04
412.08
411.282
470.082
412.477
411.761
421.199
460.8
411.681
413.602
469.119
413.039
410.481
422.56
459.518
412.08
414.801
467.438
411.682
412.079
424
457.999
412.083
416.32
465.277
411.283
412
426.639
456
411.44
418.959
463.36
394.241
428.801
469.439
411.921
412.08
421.759
460.48
411.761
414.162
468.077
411.677
412.001
423.44
458.8
411.441
416.161
466.24
411.839
411.602
425.519
457.119
411.922
417.361
466.318
410.242
411.519
427.199
455.758
411.043
419.519
462.878
411.922
411.602
470.875
411.68
412.084
420.56
461.198
412.4
412.883
468.638
412.158
411.922
422.56
459.518
411.524
415.199
467.36
411.759
412.08
424
458.398
411.2
416.801
466.318
411.362
411.519
426.083
456.239
411.919
418.24
428.8
469.278
389.362
470.642
411.838
412.001
419.598
462.642
412.001
411.838
470.642
411.677
410.963
421.917
460.8
411.764
413.839
468.397
412.079
411.922
422.722
459.439
411.358
415.602
469.438
411.599
411.763
422.403
459.514
412.083
414.801
467.36
411.839
413.357
422.643
458.402
411.519
416.478
465.92
411.52
411.842
426
456.239
412.64
417.44
464.078
411.761
412
470.48
411.68
441.598
390.001
462.559
412.163
411.68
470.638
410.801
412.242
421.519
461.359
411.362
413.677
469.119
411.764
411.519
422.801
459.758
411.28
415.361
467.119
415.681
408
424.403
457.837
411.918
416.643
465.518
411.922
411.759
426
456.638
411.524
418.237
463.92
411.602
411.918
470.239
412.158
411.922
419.921
462.402
411.519
412.403
470.156
411.44
412.08
421.602
461.036
411.122
414.161
468.721
411.362
411.835
423.282
459.119
412.08
415.282
467.439
411.2
411.759
424.801
457.198
411.843
417.279
464.957
410.802
412.722
426.797
455.36
412.162
418.801
463.356
411.283
412.158
471.281
411.278
412.001
420.324
461.517
412.08
412.722
469.758
411.603
411.598
422.319
460.402
411.2
414.718
468.239
411.844
415.838
419.282
458.559
413.678
414.402
466.318
411.441
412.079
425.121
456.48
412.482
417.44
464.157
412.08
412.161
469.999
411.839
411.843
419.519
463.198
411.283
412.237
470.401
412
411.2
421.282
460.879
410.08
415.44
468.799
411.839
411.362
423.199
470.721
398.32
417.361
465.037
412.001
412.161
426.079
456.161
411.52
418.639
463.518
411.365
412.237
470.48
413.201
410.157
420.643
461.759
411.681
412.963
470.235
411.279
411.764
421.921
461.676
411.282
413.44
468.398
414.722
408.478
423.681
458.72
411.283
416.32
466.318
411.84
411.361
427.439
455.12
412.08
417.44
464.878
412.001
411.76
426.56
455.758
411.764
418.88
463.119
412.08
411.76
470.16
412.079
411.682
420.801
428.718
444.879
412.722
471.04
409.839
411.922
422.398
460.078
412.001
414.32
467.92
411.52
411.921
423.838
458.8
411.441
416.161
465.999
412.001
411.76
425.44
457.198
411.362
417.838
464.161
412.241
411.519
470.48
412
414.163
417.117
465.28
411.603
411.117
427.203
455.517
411.682
419.12
462.958
411.76
411.921
470.559
412.162
411.121
421.44
461.439
412.08
412.56
468.958
412.879
411.043
422.319
460.559
411.28
414.56
467.758
412.403
410.959
424.079
457.999
412.644
415.759
466.078
411.922
412
425.2
456.48
411.839
418.079
466.322
409.919
411.601
427.361
455.518
411.76
419.121
463.198
411.681
411.519
470.721
411.598
411.602
421.282
461.119
412.001
413.279
469.04
411.358
412.083
422.797
459.6
412.242
414.481
467.597
411.523
412.158
423.921
457.999
412.4
416
464.879
412.241
411.44
426.643
455.92
411.437
419.041
463.759
411.52
411.763
470.717
411.12
412.403
420.316
462.082
412.159
412.161
470.078
411.681
412.001
421.44
460.397
397.283
428.722
465.758
412.159
412.241
425.041
456.958
411.523
417.918
464.559
411.52
412.319
426.801
455.281
411.441
419.68
463.119
411.28
413.842
469.198
411.677
411.362
421.12
461.439
410.801
414.162
469.116
411.684
411.52
422.958
459.838
411.764
414.722
467.435
411.681
411.76
424.319
458.161
411.922
416.319
465.92
414.64
408.719
425.921
456.559
411.283
418.56
463.995
411.922
411.44
427.842
455.198
411.603
419.598
462.401
411.839
412.241
470.559
412.079
410.881
421.601
461.037
413.204
412.158
468.799
412
411.761
422.639
459.6
412.001
414.801
466.958
412.079
411.764
424.398
457.68
411.922
416.797
465.679
411.682
411.44
426.481
456.157
411.519
418.643
463.92
411.761
411.68
470.48
412.399
411.441
419.921
462.078
411.918
412.402
469.518
411.921
412.08
421.681
460.559
411.441
414.402
467.754
412.004
412.321
423.12
460.477
410.241
415.681
466.638
411.523
412.158
425.042
457.036
400.482
428.801
464.879
419.12
404.403
426.718
455.36
411.922
419.117
463.6
411.441
411.921
470.559
414.561
408.959
420.56
461.759
411.52
413.12
469.04
412.478
411.843
421.842
460.397
411.84
414.161
469.759
411.601
412.482
421.44
460.157
411.761
414.402
467.676
411.764
412.639
423.199
428.801
442.079
415.44
466.961
412.001
411.357
424.963
457.758
411.52
417.041
465.198
412.4
411.601
432.797
449.522
411.922
418.158
464.239
411.84
411.443
470.717
413.283
410.399
419.68
462.319
412.561
411.602
470.078
411.68
412.001
421.361
460.476
411.922
414.079
468.402
411.519
411.76
423.44
459.281
411.279
415.842
467.036
411.844
411.439
424.959
457.841
411.84
416.718
465.6
411.362
411.44
426.722
455.995
411.922
418.481
463.999
411.358
411.921
470.559
409.042
411.76
422.959
459.36
412.001
415.041
468.638
410.001
412.162
424.398
458.24
411.441
416.718
465.6
411.362
411.76
426.481
456.157
412.162
418.079
463.68
412.32
410.88
428.399
428.721
428.88
439.361
454.397
411.441
411.444
427.278
454.796
411.922
419.681
462.239
412.242
412.161
469.917
412
411.922
421.12
460.157
412.723
413.519
469.36
411.2
411.759
422.88
459.439
411.843
415.12
466.717
412.242
411.601
424.639
458.24
411.2
416.959
465.521
412.719
410.963
425.996
456.48
412.163
418
463.439
412.159
411.68
470.161
412.24
411.28
420.398
461.522
412.08
412.8
469.68
411.357
413.764
420.399
460.318
411.121
414.963
466.397
411.52
411.921
425.44
456.879
411.843
417.598
464.961
411.279
411.598
470.48
427.842
396.001
419.436
462.962
412.001
411.519
470.882
411.038
411.76
421.44
461.04
411.922
413.519
468.8
412.079
411.121
423.12
459.36
411.682
415.357
467.762
411.358
411.681
424.481
458.078
412.241
416
465.92
412.001
410.959
426.402
456.236
411.922
418.158
463.999
412.001
411.444
470.634
411.842
411.922
419.76
461.999
412.241
412.241
469.837
411.763
411.919
421.601
460.477
411.843
414.079
468.642
411.597
411.682
423.278
459.36
411.279
415.763
466.796
411.764
411.918
424.721
457.12
412.08
417.199
465.439
411.76
411.523
426.477
456.003
426.96
403.439
466.078
411.441
412
425.76
456.239
412.64
417.444
464.236
411.362
412.319
427.361
454.8
411.52
420
462.72
411.599
412.083
470.318
412.32
411.121
421.44
461.439
413.2
411.76
468.799
411.761
411.519
423.199
459.679
411.603
415.041
467.198
411.52
412.083
424.398
457.838
411.843
416.718
464.961
412.242
412
425.996
455.841
411.682
418.879
464.24
411.76
411.361
470.477
412.24
411.283
420.237
462.24
411.121
413.041
470.24
411.44
410.64
422.88
460.318
412.001
414.079
467.92
412.242
411.921
423.278
460.401
410.479
415.361
466.642
411.839
412.158
424.56
457.04
412.001
417.361
464.717
411.603
412.24
426.718
455.36
411.52
419.44
463.198
412.001
411.361
470.721
412
411.362
420.958
462.639
411.282
412.561
469.92
411.038
411.76
422.481
460.476
411.362
414.481
466.56
412.88
411.76
424
458.318
412.001
416.083
466.796
411.042
412
425.44
457.198
411.682
417.522
464.477
411.681
411.681
427.282
455.356
411.441
419.601
462.638
412.159
411.602
470.957
411.602
411.523
421.117
461.6
411.283
413.756
468.961
411.599
411.921
422.481
459.838
411.76
414.801
467.119
411.524
412.158
424.398
457.601
411.441
417.36
465.278
411.681
409.523
428.797
454.081
411.84
420.402
462.078
411.2
413.12
469.68
411.838
411.362
422.32
460.318
411.441
414.88
467.518
411.843
412
423.601
459.119
411.84
415.44
466.318
411.682
411.68
425.519
456.642
412.159
417.601
466.078
410.001
412.801
426.319
455.597
411.043
419.759
462.961
412.001
411.519
428.722
454.078
411.279
421.12
461.518
411.603
413.199
469.119
412.324
410.876
422.884
459.518
412.238
414.642
467.278
412.079
411.922
423.921
457.837
412.403
416.158
465.92
415.445
408.158
425.68
456.477
411.602
418.32
464.16
412.001
411.918
470.322
411.759
411.599
419.921
462.958
414.64
408.801
470.559
411.921
411.362
421.361
460.957
412.08
413.361
468.721
414.319
411.84
420.24
461.92
411.919
412.56
469.679
412.32
410.963
422.32
460.078
411.843
414.398
467.759
412.08
413.361
422
458.48
411.681
416.237
465.92
411.922
411.681
425.759
456.8
411.52
418.24
464.721
411.2
412.158
426.963
455.916
410.881
419.518
463.522
411.524
411.439
470.638
411.677
412.001
420.801
461.521
411.761
413.12
468.879
412.079
412.241
422
459.838
411.76
414.801
467.758
410.885
412.319
424.237
458.322
411.359
416.721
466.078
412.881
409.759
426.561
456.16
412.001
418.162
464.236
412.083
411.279
470.72
411.84
411.68
419.76
462.239
412.4
411.759
469.841
411.681
412.719
420.958
460.642
411.922
413.839
468.239
412.321
411.921
422.801
458.639
412.319
415.361
467.037
411.922
411.759
424.481
457.999
411.362
417.038
465.679
411.922
411.2
426.402
455.999
411.599
418.8
463.601
411.839
411.681
470.318
412
412.159
420.004
461.837
412.4
412.161
469.921
411.518
411.682
422.079
460.318
411.682
414.56
467.92
412.159
411.842
423.12
458.879
411.441
416.079
466.878
411.761
411.361
425.278
457.6
411.122
417.601
465.198
411.682
411.361
426.958
455.68
411.2
419.519
462.961
411.922
411.519
470.477
411.842
411.52
421.36
461.041
411.918
413.44
467.119
412.001
411.523
424.556
457.762
411.599
417.041
465.759
411.042
411.918
426.481
455.841
411.918
418.643
467.198
408.479
411.44
470.641
413.598
410.001
420.241
462.559
411.2
412.643
469.916
411.361
412.561
421.44
460.401
411.599
414.32
468.16
411.52
412.399
423.12
459.281
411.121
416
466.717
411.362
411.598
425.522
457.199
411.681
417.519
465.04
411.922
411.839
426.398
455.841
411.922
418.639
463.041
412.241
411.437
470.559
411.921
411.76
420.639
462.003
411.678
412.721
470.481
410.556
411.445
422.718
459.999
411.681
414.801
467.679
411.761
411.68
423.996
458.481
411.523
416.399
466.16
411.599
411.842
425.681
456.878
411.599
417.842
467.36
411.52
411.519
424.8
457.597
411.603
417.203
464.717
412.241
412.399
425.842
456.397
411.362
418.639
463.999
411.52
411.763
470.635
411.601
411.283
420.801
461.916
411.922
412.56
469.999
411.361
411.52
422.32
460.799
411.52
414.083
468.157
411.839
411.763
423.519
459.119
411.52
415.681
466.638
411.681
411.921
424.959
457.202
412.08
417.12
469.92
406.877
411.602
426.8
455.439
413.603
417.357
463.439
411.76
411.681
470.401
411.838
411.843
420.639
461.518
412.321
412.56
469.841
411.436
411.445
422.477
460.401
411.761
414.24
467.999
411.52
412.158
423.602
458.48
411.602
416.241
466.319
411.677
411.361
426
456.48
412.001
417.76
464.401
411.76
411.918
427.12
455.439
411.362
419.601
462.879
411.76
412.241
469.999
412.398
411.122
421.199
460.879
411.764
413.755
468.563
411.84
411.68
423.12
459.36
412.4
414.639
467.439
411.523
412.158
424.083
457.916
412.08
416.402
465.278
416.001
407.921
426
456.559
411.362
418.481
464.078
411.839
411.763
470.556
411.601
412.159
419.602
462.48
411.52
412.402
470.157
411.921
411.76
421.361
460.717
411.922
413.76
468.48
411.2
412.158
423.361
458.642
412.08
415.917
466.322
411.761
411.759
425.278
428.722
438.241
419.278
463.198
411.441
412.162
470.559
411.44
411.283
421.518
461.522
413.279
411.598
469.36
411.519
411.523
422.797
460.003
411.279
415.121
467.438
411.84
410.962
424.959
457.921
411.921
416.556
465.683
411.919
411.921
425.68
456.48
411.599
418.32
463.758
412.084
426.158
455.999
412.24
411.362
420
466.078
407.761
412.639
470.16
411.921
411.201
421.838
460.721
411.52
414.161
468.559
411.44
412.08
423.199
460.962
410.159
415.199
469.841
409.12
412.001
424.32
457.277
412.163
416.958
464.962
411.52
412.319
426.399
455.841
411.599
418.879
463.522
411.602
412.079
428.079
454.161
412.001
420.158
461.837
411.922
412.643
470.559
414.238
411.199
419.203
462.559
412.321
411.519
470.638
411.842
411.602
421.117
461.679
411.283
413.598
469.041
411.76
411.361
422.88
459.438
412.08
414.88
467.281
412.159
411.921
423.842
458.157
411.839
416.403
465.758
411.602
411.921
425.918
456.878
411.201
418.319
464.24
410.884
412.639
470.157
412.083
412.001
419.598
462.721
411.76
413.278
468.962
412.236
411.283
421.361
458.48
411.678
416.241
465.92
411.52
412.398
425.44
456.721
411.523
418.079
464.638
411.043
412.237
427.36
454.879
411.922
419.519
463.04
411.603
411.917
470.638
411.282
430.722
402.4
463.438
411.52
411.76
471.281
411.68
411.599
420.481
460.721
412.557
413.041
471.199
409.842
411.681
422.399
459.92
412.478
414
467.443
411.918
412.241
423.601
458.717
411.201
416.481
466.318
411.283
411.997
425.601
456.879
411.602
417.921
464.477
411.523
411.76
427.518
455.518
411.283
419.519
463.202
411.76
411.44
470.559
412.561
411.038
421.042
461.517
411.922
412.963
468.878
411.997
411.843
422.481
459.597
411.76
415.042
467.359
411.919
412
424
458.56
410.643
417.12
465.758
411.84
411.601
426.079
456.319
412.32
417.681
463.518
411.602
412.162
469.916
412.32
411.843
420.24
461.676
412.163
412.56
468.318
411.122
413.842
421.917
458.161
412.159
416.082
466.236
411.362
411.921
425.681
456.318
413.52
416.56
464.319
412.162
411.602
427.199
455.119
411.682
419.519
462.878
412.08
411.523
470.476
412.083
411.839
420.722
461.518
411.839
413.042
468.638
412.481
411.279
422.88
459.281
412.162
414.876
467.202
411.839
411.602
424.56
457.917
411.685
416.797
465.679
411.362
412.237
426.004
456.236
411.361
418.722
464.078
412.163
411.12
470.875
411.684
411.599
420.079
462.559
411.362
412.481
469.917
412
412.001
421.282
461.119
411.358
413.921
468.401
411.441
412.399
422.958
458.962
412.001
415.44
467.438
410.96
412
424.801
457.679
411.922
416.88
466.958
412.001
412.082
424.079
458.559
410.641
417.199
465.758
411.603
411.68
426.241
457.596
412.001
416.722
465.199
411.76
411.838
426.403
455.679
411.76
418.959
463.443
411.598
411.598
470.804
411.838
412.001
420.32
461.277
412.083
413.121
469.439
411.598
411.76
422.323
460.078
411.839
414.722
467.68
411.839
411.68
423.839
458.322
412.238
415.763
466.796
411.445
411.597
425.361
457.037

------------------------------------------------------------------------------------------------------------------------------------------------
max val(#2003) = 518.40us
min val(#2004) = 339.20us
peak-to-peak = 179.19us
mean +- RMS = 428.80 +- 18.57 us

packet size: 516
number of packets: 10000
RATE = 9626.80kbps, PPS = 2332.1
