Destination address set to 01:1B:19:00:00:00
Defaults: 01:1B:19:00:00:00 or 01:80:C2:00:00:0E
SIOCSHWTSTAMP: tx_type 1 requested, got 1; rx_filter 0 requested, got 0
setting ts_flags: 0x53
new ts_flags: 0x53


hw tx time, us: packets 10000:
relative abs time 1517960531500551833 ns
first packet abs time 1517960531540633775 ns
------------------------------------------------------------------------------------------------------------------------------------------------
40081.9
40254.1
40437.4
40634.9
40827.1
41062.7
41279.8
41495.9
41632.2
41849.7
42067.5
42283.8
42483.3
42690.7
42896.7
43079.3
43284.1
43489.3
43693
43899.8
44102.9
44307.6
44511.9
44722
44921
45123.8
45333.3
45533
45740.3
45943.6
46155.3
46351.1
46559.9
46766.1
46968.5
47175.2
47378.2
47583.2
47791
47990.5
48201.4
48400.6
48611.8
48837.5
49015.9
49238.9
49426.7
49630.1
49835.1
50038.3
50246.2
50470.5
50654.9
50859.3
51063.2
51269.1
51474.9
51682.4
51886
52087.3
52294
52500.3
52702.5
52906.2
53112.3
53322.7
53523.6
53728.3
53930.8
54135.9
54342.3
54548.1
54750.4
54958.5
55158.1
55368.1
55566.9
55774.8
55976.8
56185
56390.5
56591.6
56797.5
57004.7
57209.5
57416.5
57620
57823.8
58028.4
58251.5
58459.1
58642.7
58843.5
59051.1
59335.2
59481.4
59689.8
59872.6
60079.6
60290.1
60490.8
60689.1
60897.5
61101.2
61306
61507.2
61710.7
61918.9
62142.7
62325.9
62530.8
62756.4
62940.6
63150.5
63348.6
63558
63759
63965.7
64171.8
64380.1
64581.9
64786.1
64991.1
65196.2
65399.6
65606.3
65812.5
66037
66220.8
66421.9
66630.5
66836.2
67038
67246.4
67447.2
67657.9
67856.2
68061.4
68268.3
68476.3
68677.6
68887.3
69086.7
69288.3
69494.1
69703.4
69908.4
70110.1
70312.4
70524.7
70723.9
70933.4
71137.6
71335.7
71544.6
71746.4
71955.9
72157.6
72362
72565.8
72776
72975.2
73183.6
73390.2
73590.1
73800.7
74000.6
74206.3
74410.4
74616.1
74820.9
75022.1
75231.6
75435.9
75640.7
75847.5
76050.9
76252.6
76460.5
76686.5
76871.1
77074.1
77278.8
77484.9
77685.7
77891.3
78098.9
78305.2
78507.4
78710.9
78917.2
79142.4
79325.4
79535.6
79761.6
79939.4
80144.5
80350.2
80579.8
80760.9
80961.8
81169.7
81371.5
81580
81788.2
81986.8
82193.9
82396
82604.1
82805.9
83029.1
83214.4
83420.2
83624.7
83828.8
84037.5
84244.2
84467.8
84647.9
84853.3
85058.1
85269.1
85469.6
85674.4
85901.3
86086.6
86290.1
86494.2
86699.3
86909.2
87107.7
87313.4
87520.7
87725.8
87929.5
88131.4
88340.8
88543.6
88745.8
88952
89156.5
89362.5
89590.5
89768.2
89972.6
90181.8
90395.2
90587.4
90792
90995.9
91207.1
91407.4
91616.2
91816.7
92026.1
92224.9
92434.6
92637.9
92841.8
93055.4
93250.6
93452.7
93661.8
93864.2
94090.7
94299.3
94499.6
94696
94887.1
95095.4
95303.1
95504.7
95708.5
95936.4
96124.5
96321
96547.3
96732
96936.9
97140.4
97354
97557.5
97755.6
97963.8
98165.4
98369.2
98596.9
98780.1
98989.3
99195.1
99392.3
99616.4
99803.1
100010
100218
100417
100628
100829
101056
101239
101445
101649
101852
102060
102263
102467
102670
102880
103083
103289
103498
103695
103899
104105
104310
104520
104721
104927
105130
105337
105542
105745
105947
106152
106362
106566
106782
106975
107181
107385
107591
107791
107995
108203
108407
108613
108814
109025
109281
109437
109644
109844
110070
110256
110454
110677
110862
111071
111299
111487
111685
111920
112090
112298
112500
112712
112911
113114
113348
113536
113754
113943
114155
114345
114547
114754
114968
115187
115394
115595
115786
115988
116187
116393
116596
116805
117008
117235
117463
117627
117852
118051
118244
118440
118645
118855
119078
119271
119475
119672
119876
120078
120285
120492
120691
120897
121101
121308
121528
121725
121922
122124
122335
122533
122740
122948
123173
123360
123557
123774
123971
124180
124381
124583
124792
124993
125198
125410
125613
125812
126025
126248
126429
126633
126835
127038
127249
127450
127656
127859
128064
128294
128480
128686
128885
129090
129299
129497
129728
129907
130114
130325
130557
130728
130936
131135
131341
131556
131759
131957
132165
132382
132570
132775
132978
133190
133423
133605
133816
134008
134235
134414
134642
134830
135032
135235
135463
135648
135854
136051
136256
136461
136668
136893
137076
137285
137490
137690
137893
138101
138307
138520
138737
138927
139124
139329
139536
139743
139941
140173
140353
140557
140763
140972
141176
141380
141584
141793
141999
142195
142424
142609
142814
143017
143229
143425
143632
143835
144039
144252
144465
144659
144857
145062
145284
145475
145681
145880
146086
146291
146501
146702
146906
147131
147322
147521
147734
147941
148142
148344
148570
148750
148962
149158
149363
149582
149795
149994
150184
150391
150594
150795
151009
151215
151413
151623
151820
152030
152231
152439
152658
152848
153047
153257
153460
153671
153875
154074
154283
154485
154710
154894
155102
155303
155511
155710
155942
156129
156351
156532
156741
156948
157144
157354
157553
157760
157992
158177
158374
158603
158782
158993
159192
159407
159611
159807
160018
160222
160426
160628
160849
161039
161241
161450
161671
161857
162068
162265
162469
162698
162883
163086
163293
163492
163705
163903
164110
164314
164516
164721
164931
165135
165362
165547
165747
165958
166165
166369
166585
166769
166983
167183
167386
167595
167795
168004
168204
168412
168636
168820
169024
169248
169454
169642
169850
170048
170251
170455
170667
170868
171099
171276
171479
171690
171891
172096
172301
172506
172732
172913
173135
173323
173527
173740
173964
174145
174345
174559
174762
174985
175170
175372
175580
175787
175987
176193
176400
176614
176807
177018
177239
177436
177625
177829
178033
178240
178442
178653
178851
179079
179273
179471
179694
179898
180088
180311
180491
180698
180909
181132
181311
181515
181720
181927
182140
182340
182540
182754
182952
183153
183358
183567
183771
183981
184178
184383
184595
184799
185001
185203
185406
185611
185821
186021
186224
186430
186676
186864
187049
187249
187454
187665
187864
188072
188277
188484
188688
188888
189098
189298
189502
189712
189915
190114
190339
190526
190749
190943
191161
191345
191576
191765
191960
192167
192369
192600
192790
192992
193187
193413
193621
193809
194009
194213
194415
194621
194833
195040
195238
195451
195650
195851
196057
196261
196466
196669
196903
197080
197292
197512
197692
197899
198106
198308
198536
198718
198924
199137
199341
199538
199762
199955
200150
200363
200566
200767
200976
201177
201379
201586
201790
201998
202228
202416
202608
202819
203023
203244
203428
203633
203838
204042
204252
204451
204676
204861
205067
205276
205484
205680
205912
206091
206294
206509
206730
206911
207124
207325
207528
207733
207935
208145
208344
208547
208752
208965
209168
209375
209574
209800
209987
210185
210413
210595
210807
211005
211215
211416
211622
211825
212033
212252
212439
212661
212860
213075
213260
213492
213670
213878
214078
214285
214486
214695
214896
215121
215309
215533
215725
215943
216134
216334
216534
216768
216947
217171
217353
217558
217765
217979
218191
218378
218589
218799
218997
219198
219410
219607
219814
220036
220220
220432
220636
220838
221063
221249
221455
221655
221887
222064
222292
222482
222684
222885
223097
223311
223503
223711
223932
224139
224322
224522
224731
224936
225171
225357
225572
225751
225962
226203
226364
226595
226784
227001
227194
227391
227594
227796
228009
228208
228417
228617
228824
229028
229248
229460
229645
229854
230055
230278
230469
230666
230873
231093
231281
231485
231688
231921
232104
232304
232519
232715
232917
233146
233353
233537
233737
233952
234151
234379
234558
234771
234968
235170
235374
235588
235810
235996
236214
236401
236603
236826
237021
237218
237425
237627
237838
238038
238267
238451
238651
238857
239067
239278
239471
239676
239881
240105
240294
240494
240706
240910
241114
241313
241523
241722
241934
242140
242348
242547
242753
242952
243164
243364
243587
243774
243989
244180
244389
244590
244794
245025
245226
245410
245635
245824
246025
246235
246436
246642
246868
247050
247277
247458
247668
247872
248073
248282
248493
248686
248896
249102
249304
249506
249720
249918
250126
250325
250532
250738
250944
251146
251375
251555
251758
251965
252169
252376
252587
252789
252992
253193
253403
253602
253807
254022
254222
254420
254630
254835
255035
255240
255447
255649
255854
256077
256273
256469
256675
256885
257107
257293
257499
257703
257904
258108
258319
258524
258731
258929
259131
259339
259554
259755
259953
260164
260369
260574
260798
260977
261177
261387
261591
261816
262006
262206
262408
262620
262818
263022
263226
263435
263657
263852
264064
264260
264479
264684
264874
265069
265275
265480
265705
265896
266098
266306
266509
266713
266920
267118
267330
267534
267742
267938
268151
268352
268552
268756
268962
269175
269371
269575
269782
269988
270195
270394
270598
270809
271014
271219
271419
271631
271835
272039
272244
272445
272650
272852
273063
273281
273474
273675
273898
274102
274289
274491
274714
274900
275107
275314
275519
275723
275945
276135
276331
276543
276766
276963
277154
277356
277566
277787
277974
278198
278402
278604
278796
278997
279244
279423
279620
279816
280022
280260
280442
280636
280839
281050
281272
281454
281684
281863
282076
282281
282477
282706
282895
283093
283300
283507
283705
283917
284115
284325
284530
284764
284957
285148
285349
285552
285776
285979
286172
286369
286573
286784
286985
287194
287397
287617
287806
288012
288230
288417
288648
288826
289034
289283
289463
289664
289853
290057
290265
290464
290687
290879
291082
291284
291494
291696
291899
292112
292315
292514
292737
292922
293130
293342
293542
293758
293945
294181
294358
294578
294764
294970
295180
295386
295584
295791
295994
296201
296413
296607
296823
297017
297223
297454
297634
297844
298069
298247
298451
298656
298859
299073
299270
299476
299684
299922
300105
300299
300520
300710
300909
301115
301320
301524
301726
301956
302156
302352
302546
302770
302981
303166
303368
303575
303774
303982
304185
304398
304600
304803
305004
305210
305419
305637
305852
306028
306247
306437
306646
306848
307066
307258
307461
307668
307887
308083
308304
308486
308716
308895
309100
309312
309510
309725
309921
310133
310330
310545
310747
310943
311154
311376
311565
311768
311971
312174
312384
312588
312809
312998
313196
313404
313633
313822
314021
314228
314430
314656
314839
315042
315279
315452
315662
315860
316084
316270
316472
316681
316881
317086
317296
317504
317706
317907
318117
318340
318526
318730
318932
319135
319339
319554
319750
319955
320164
320368
320571
320783
320978
321183
321404
321609
321799
322022
322212
322438
322620
322849
323035
323238
323436
323643
323847
324054
324261
324460
324667
324877
325080
325285
325489
325707
325895
326098
326306
326513
326717
326918
327127
327326
327536
327777
327942
328144
328350
328556
328769
328967
329193
329376
329579
329789
329997
330194
330400
330630
330818
331025
331222
331423
331646
331838
332039
332249
332449
332673
332860
333061
333300
333471
333684
333884
334085
334289
334499
334720
334915
335133
335316
335543
335726
335931
336138
336339
336548
336749
336954
337161
337362
337590
337772
337979
338191
338388
338598
338798
339002
339205
339413
339614
339821
340027
340235
340435
340659
340852
341049
341254
341467
341680
341867
342074
342278
342480
342693
342901
343099
343301
343516
343711
343921
344125
344325
344530
344738
344964
345145
345355
345552
345760
345965
346169
346382
346578
346793
346990
347194
347397
347603
347810
348012
348226
348449
348648
348833
349040
349247
349470
349656
349861
350066
350262
350472
350672
350884
351089
351311
351499
351696
351913
352113
352311
352530
352727
352932
353138
353334
353540
353745
353952
354158
354365
354563
354773
354975
355184
355383
355592
355793
356032
356227
356421
356615
356817
357022
357229
357431
357640
357839
358073
358262
358456
358661
358875
359071
359272
359479
359685
359899
360094
360299
360506
360712
360933
361118
361346
361527
361738
361941
362143
362348
362559
362756
362961
363171
363379
363578
363780
363992
364214
364399
364603
364827
365014
365222
365421
365629
365827
366031
366242
366471
366648
366852
367057
367266
367469
367672
367882
368096
368293
368492
368699
368922
369105
369318
369515
369724
369930
370132
370333
370545
370750
370954
371159
371357
371566
371765
371981
372204
372392
372588
372804
372996
373246
373416
373613
373822
374043
374250
374432
374634
374861
375047
375253
375475
375657
375863
376069
376277
376488
376690
376889
377094
377296
377507
377708
377928
378125
378339
378530
378738
378959
379139
379343
379550
379754
379958
380168
380403
380577
380787
380992
381195
381393
381596
381801
382007
382223
382443
382631
382845
383036
383257
383463
383655
383853
384075
384263
384470
384671
384882
385082
385284
385493
385694
385897
386109
386307
386512
386718
386919
387147
387331
387537
387739
387950
388159
388374
388570
388767
388970
389174
389387
389588
389794
390003
390200
390429
390607
390847
391037
391243
391444
391631
391843
392041
392255
392452
392655
392862
393064
393277
393479
393684
393912
394089
394305
394503
394703
394912
395142
395319
395525
395728
395936
396140
396365
396547
396773
396965
397162
397365
397570
397774
397999
398190
398395
398600
398800
399005
399211
399437
399623
399821
400035
400239
400439
400648
400850
401052
401264
401471
401676
401878
402083
402289
402488
402691
402894
403108
403331
403515
403718
403940
404130
404354
404534
404738
404951
405169
405358
405560
405763
405970
406177
406385
406615
406785
406994
407204
407427
407616
407809
408015
408242
408426
408630
408835
409039
409260
409451
409671
409860
410069
410278
410477
410685
410906
411090
411294
411498
411723
411908
412110
412342
412519
412731
412963
413142
413344
413565
413748
413963
414165
414363
414573
414776
414996
415184
415395
415597
415804
416006
416208
416412
416623
416830
417031
417234
417437
417651
417850
418050
418254
418466
418670
418874
419083
419276
419500
419690
419900
420103
420323
420512
420716
420916
421121
421327
421533
421735
421968
422170
422353
422560
422770
422985
423169
423375
423599
423804
423990
424221
424412
424604
424830
425012
425221
425427
425635
425853
426045
426241
426453
426660
426859
427066
427267
427471
427679
427881
428103
428291
428493
428704
428905
429110
429312
429520
429729
429928
430134
430336
430547
430774
430953
431157
431361
431565
431774
431979
432186
432409
432594
432822
433020
433204
433408
433632
433821
434029
434228
434432
434641
434845
435048
435257
435480
435663
435872
436080
436280
436483
436687
436892
437118
437307
437525
437721
437926
438122
438332
438548
438763
438942
439148
439353
439561
439760
439963
440172
440379
440583
440786
440991
441191
441397
441599
441811
442015
442224
442424
442628
442829
443042
443273
443465
443665
443859
444064
444266
444468
444690
444877
445087
445289
445492
445697
445910
446111
446310
446533
446721
446931
447132
447340
447541
447768
447955
448179
448362
448587
448776
448973
449183
449384
449588
449797
450003
450208
450408
450612
450816
451027
451231
451439
451644
451866
452048
452250
452460
452669
452868
453073
453274
453483
453684
453890
454097
454307
454502
454715
454912
455118
455321
455551
455732
455936
456145
456350
456567
456762
456978
457191
457370
457582
457779
457984
458210
458400
458627
458807
459017
459262
459440
459630
459829
460043
460242
460441
460647
460851
461083
461287
461485
461695
461893
462088
462287
462493
462693
462904
463105
463307
463517
463720
463923
464128
464333
464539
464745
464947
465162
465358
465566
465795
465970
466175
466402
466587
466796
467018
467201
467414
467613
467818
468021
468247
468433
468658
468846
469066
469256
469457
469658
469865
470068
470272
470483
470683
470884
471106
471295
471506
471705
471918
472114
472321
472523
472733
472933
473141
473347
473549
473753
473966
474162
474369
474576
474780
474983
475191
475391
475616
475801
476035
476224
476420
476620
476830
477034
477239
477444
477655
477855
478058
478260
478465
478684
478879
479084
479289
479493
479712
479904
480112
480308
480515
480722
480925
481127
481334
481552
481744
481948
482155
482363
482568
482774
482968
483176
483384
483583
483786
483993
484217
484402
484614
484818
485023
485222
485432
485637
485842
486043
486250
486450
486719
486865
487070
487272
487474
487686
487888
488097
488300
488500
488702
488913
489135
489337
489522
489726
489935
490137
490345
490563
490752
490980
491168
491369
491592
491784
491986
492185
492418
492599
492816
493004
493208
493431
493638
493843
494035
494256
494438
494666
494852
495051
495260
495462
495665
495897
496098
496285
496490
496714
496921
497104
497311
497509
497717
497921
498122
498331
498532
498745
498945
499152
499352
499577
499769
499991
500179
500381
500582
500786
500997
501230
501405
501627
501828
502016
502224
502434
502630
502858
503048
503246
503450
503655
503861
504063
504267
504473
504695
504890
505091
505313
505500
505700
505910
506112
506314
506523
506727
506954
507135
507341
507549
507751
507955
508159
508383
508569
508789
508978
509209
509388
509592
509802
510028
510215
510422
510615
510820
511029
511238
511436
511646
511866
512070
512275
512463
512666
512891
513099
513288
513492
513710
513892
514103
514302
514509
514711
514925
515121
515328
515535
515736
515945
516151
516350
516577
516779
516969
517169
517375
517580
517786
518015
518219
518407
518603
518825
519035
519243
519445
519646
519833
520035
520241
520469
520651
520857
521064
521264
521474
521680
521903
522091
522294
522497
522699
522910
523112
523314
523522
523726
523933
524132
524342
524543
524748
524970
525158
525371
525565
525772
525983
526206
526394
526592
526795
527001
527202
527426
527633
527819
528034
528234
528435
528639
528843
529047
529262
529461
529663
529866
530070
530276
530500
530695
530898
531094
531301
531505
531735
531941
532119
532326
532534
532761
532945
533143
533353
533553
533767
533972
534171
534374
534580
534780
534993
535190
535400
535600
535805
536027
536220
536419
536634
536838
537038
537243
537455
537666
537853
538065
538267
538473
538677
538886
539087
539310
539498
539695
539903
540106
540312
540519
540722
540926
541135
541340
541541
541747
541949
542151
542364
542563
542777
542973
543178
543388
543606
543798
544006
544207
544428
544616
544821
545027
545226
545434
545636
545845
546044
546251
546456
546700
546862
547069
547277
547481
547703
547890
548092
548306
548504
548714
548919
549119
549322
549531
549730
549936
550176
550357
550555
550756
550960
551169
551370
551575
551782
551986
552188
552393
552598
552802
553006
553234
553418
553628
553844
554034
554237
554476
554646
554854
555054
555266
555465
555692
555875
556082
556286
556491
556705
556904
557103
557330
557514
557718
557928
558129
558334
558538
558762
558971
559172
559354
559564
559766
559977
560182
560386
560587
560817
561001
561201
561404
561608
561842
562022
562227
562433
562643
562837
563048
563255
563451
563681
563871
564072
564284
564485
564681
564891
565096
565302
565500
565707
565915
566115
566318
566532
566730
566937
567137
567354
567552
567753
567962
568167
568376
568577
568777
568991
569233
569393
569596
569801
570008
570215
570417
570627
570825
571034
571234
571462
571648
571867
572054
572283
572473
572677
572877
573080
573284
573492
573700
573897
574107
574327
574511
574714
574922
575130
575340
575538
575743
575947
576157
576360
576560
576782
576972
577182
577379
577590
577788
577996
578197
578407
578626
578818
579016
579238
579426
579631
579839
580057
580245
580471
580655
580861
581063
581274
581479
581685
581894
582097
582296
582497
582711
582912
583116
583317
583523
583734
583936
584144
584341
584549
584759
584978
585166
585367
585570
585782
585980
586184
586392
586595
586816
587005
587212
587418
587621
587829
588028
588235
588438
588648
588848
589051
589274
589460
589665
589875
590113
590282
590486
590695
590899
591100
591305
591513
591715
591923
592140
592328
592537
592743
592942
593152
593354
593560
593762
593966
594172
594380
594581
594789
594994
595213
595401
595608
595816
596019
596222
596430
596654
596832
597046
597245
597450
597657
597885
598067
598290
598475
598679
598887
599090
599293
599496
599705
599906
600114
600316
600519
600730
600928
601135
601366
601546
601758
601975
602163
602361
602576
602794
602981
603204
603390
603594
603801
604037
604222
604417
604616
604821
605028
605234
605435
605639
605846
606050
606258
606459
606667
606871
607071
607301
607488
607706
607920
608123
608301
608534
608712
608945
609143
609326
609538
609737
609945
610147
610354
610559
610761
610966
611174
611374
611580
611789
611989
612196
612400
612607
612808
613016
613221
613446
613632
613847
614039
614248
614452
614652
614854
615062
615270
615471
615675
615884
616084
616293
616520
616698
616903
617110
617314
617523
617731
617928
618135
618337
618547
618750
618951
619160
619368
619567
619776
619980
620180
620385
620607
620794
621011
621210
621408
621641
621837
622022
622226
622455
622636
622850
623050
623259
623457
623665
623868
624090
624278
624481
624685
624892
625102
625308
625504
625718
625923
626116
626327
626548
626744
626942
627143
627374
627559
627786
627968
628167
628370
628581
628787
628993
629231
629395
629600
629804
630014
630221
630445
630623
630836
631068
631258
631444
631648
631872
632077
632269
632469
632674
632880
633086
633293
633491
633701
633947
634116
634318
634515
634723
634925
635130
635335
635540
635753
635949
636161
636363
636566
636808
636976
637179
637382
637589
637794
638001
638202
638415
638609
638816
639021
639241
639428
639639
639845
640066
640258
640453
640682
640869
641090
641272
641481
641688
641887
642091
642301
642503
642716
642939
643126
643323
643529
643730
643938
644140
644347
644551
644759
644961
645172
645389
645578
645781
645984
646199
646409
646601
646804
647008
647217
647422
647625
647826
648058
648259
648466
648650
648850
649057
649265
649486
649677
649891
650084
650288
650489
650700
650905
651107
651310
651514
651716
651927
652128
652332
652543
652742
652962
653162
653356
653566
653774
653976
654180
654381
654606
654792
655012
655200
655428
655609
655836
656030
656233
656432
656673
656837
657046
657265
657459
657661
657861
658083
658272
658476
658681
658890
659111
659295
659506
659710
659911
660143
660343
660531
660729
660937
661141
661350
661549
661752
661956
662168
662370
662593
662777
662986
663209
663392
663595
663802
664013
664218
664417
664620
664841
665046
665238
665439
665644
665851
666054
666264
666483
666672
666880
667079
667282
667491
667695
667901
668110
668304
668512
668716
668925
669153
669352
669538
669739
669946
670153
670366
670557
670763
670971
671172
671382
671584
671790
671992
672225
672423
672606
672810
673015
673222
673426
673630
673852
674061
674264
674450
674679
674867
675066
675283
675500
675700
675881
676090
676298
676502
676704
676928
677132
677327
677521
677730
677948
678152
678375
678568
678750
678956
679161
679373
679578
679773
679979
680191
680395
680597
680804
681011
681209
681413
681634
681821
682032
682234
682437
682666
682863
683055
683260
683460
683671
683876
684077
684283
684485
684718
684899
685122
685310
685508
685713
685921
686129
686330
686532
686738
686950
687146
687359
687555
687768
687971
688177
688377
688583
688787
688994
689200
689405
689607
689818
690014
690218
690422
690633
690857
691037
691249
691446
691655
691857
692067
692273
692472
692700
692881
693109
693298
693496
693700
693904
694108
694319
694539
694735
694934
695133
695343
695545
695753
695959
696184
696381
696593
696796
696978
697180
697395
697596
697806
698004
698210
698413
698622
698840
699025
699253
699437
699641
699850
700051
700253
700460
700665
700872
701078
701282
701485
701691
701895
702098
702310
702505
702714
702921
703121
703345
703538
703734
703941
704147
704355
704558
704763
704972
705168
705399
705586
705790
705989
706191
706403
706631
706811
707022
707223
707433
707627
707830
708040
708248
708451
708651
708859
709063
709270
709470
709702
709881
710088
710313
710500
710701
710911
711129
711316
711515
711722
711945
712139
712335
712545
712746
712950
713161
713369
713573
713774
713997
714180
714384
714612
714816
715007
715210
715408
715621
715819
716048
716250
716432
716643
716841
717045
717251
717463
717660
717868
718067
718276
718485
718725
718909
719098
719312
719509
719713
719913
720129
720348
720529
720743
720944
721147
721349
721574
721756
721965
722190
722375
722580
722781
722985
723191
723394
723600
723812
724014
724218
724429
724627
724830
725035
725246
725446
725649
725855
726058
726269
726472
726672
726883
727083
727285
727495
727700
727902
728106
728309
728523
728740
728924
729130
729343
729545
729744
729948
730157
730359
730567
730771
731013
731178
731390
731604
731791
732000
732202
732406
732614
732813
733055
733232
733472
733636
733838
734065
734271
734458
734661
734886
735071
735275
735478
735691
735888
736093
736322
736502
736708
736932
737117
737323
737524
737731
737941
738144
738347
738552
738765
738964
739164
739372
739577
739781
739987
740192
740394
740602
740805
741008
741216
741417
741645
741826
742038
742238
742447
742649
742849
743061
743264
743473
743673
743876
744083
744289
744494
744721
744897
745108
745331
745515
745720
745924
746131
746334
746536
746745
746944
747152
747359
747564
747789
747971
748201
748385
748586
748792
748996
749202
749408
749608
749846
750018
750223
750452
750631
750854
751049
751250
751453
751659
751862
752070
752272
752475
752679
752906
753091
753299
753505
753711
753910
754122
754324
754529
754737
754932
755146
755344
755547
755760
755959
756179
756373
756569
756794
757007
757187
757399
757594
757800
758011
758218
758421
758636
758825
759032
759250
759440
759648
759850
760051
760259
760463
760668
760872
761076
761299
761490
761695
761899
762106
762309
762510
762714
762924
763128
763331
763537
763738
763946
764151
764354
764562
764767
764993
765173
765380
765583
765793
765990
766225
766399
766606
766816
767016
767223
767428
767634
767834
768043
768281
768451
768657
768856
769067
769295
769482
769688
769886
770092
770296
770499
770702
770925
771112
771338
771523
771731
771935
772144
772341
772548
772761
772964
773163
773363
773590
773776
774002
774206
774412
774595
774807
775002
775208
775412
775641
775831
776027
776238
776442
776648
776848
777080
777258
777481
777664
777873
778076
778279
778487
778690
778898
779097
779332
779508
779713
779937
780123
780325
780560
780738
780944
781154
781353
781557
781765
781969
782170
782378
782582
782785
782990
783194
783401
783606
783813
784041
784220
784426
784634
784838
785065
785261
785455
785671
785864
786071
786288
786477
786674
786883
787092
787295
787500
787703
787929
788112
788322
788521
788725
788932
789138
789341
789554
789747
789957
790156
790365
790572
790800
790977
791189
791388
791595
791796
792026
792203
792415
792618
792824
793053
793248
793435
793644
793862
794051
794257
794484
794687
794870
795097
795302
795482
795689
795898
796094
796310
796514
796710
796918
797123
797323
797533
797734
797942
798147
798358
798561
798762
798969
799175
799373
799578
799791
799991
800211
800401
800608
800807
801012
801220
801425
801628
801837
802041
802268
802445
802659
802859
803083
803286
803469
803675
803885
804087
804295
804491
804699
804911
805113
805321
805519
805724
805931
806138
806336
806559
806749
806953
807158
807367
807586
807770
807983
808189
808405
808594
808793
809001
809210
809434
809613
809822
810048
810229
810435
810637
810844
811053
811274
811477
811663
811864
812078
812276
812479
812684
812893
813111
813313
813525
813718
813919
814152
814323
814532
814733
814937
815149
815345
815556
815758
815965
816169
816370
816575
816781
816987
817206
817396
817601
817809
818016
818223
818418
818623
818828
819037
819247
819460
819666
819876
820057
820262
820466
820675
820875
821084
821291
821511
821698
821901
822108
822316
822521
822722
822933
823130
823333
823538
823749
823972
824156
824361
824566
824767
824982
825175
825415
825592
825791
826000
826209
826432
826619
826820
827048
827227
827430
827659
827840
828045
828253
828452
828679
828869
829072
829272
829477
829689
829893
830095
830301
830528
830716
830914
831121
831325
831534
831731
831934
832144
832353
832549
832753
832958
833168
833375
833580
833784
833984
834214
834391
834603
834804
835008
835216
835417
835620
835833
836032
836262
836467
836646
836870
837065
837266
837488
837693
837873
838082
838284
838486
838715
838903
839112
839331
839540
839716
839926
840135
840333
840547
840746
840958
841154
841365
841586
841770
841967
842173
842383
842585
842794
842996
843202
843421
843606
843813
844021
844230
844465
844632
844842
845063
845248
845452
845658
845864
846090
846293
846485
846681
846891
847111
847293
847504
847712
847908
848113
848335
848524
848727
848932
849139
849342
849548
849755
849961
850171
850370
850580
850774
850984
851183
851391
851595
851803
852011
852208
852413
852622
852823
853045
853238
853436
853643
853854
854058
854261
854459
854672
854875
855079
855282
855493
855695
855896
856101
856304
856517
856749
856957
857132
857330
857533
857740
857947
858149
858359
858559
858764
858966
859172
859382
859581
859785
859992
860196
860401
860607
860838
861020
861222
861424
861634
861834
862043
862244
862453
862674
862862
863083
863266
863475
863680
863881
864087
864319
864503
864721
864909
865111
865316
865526
865751
865931
866159
866344
866543
866755
866977
867187
867364
867568
867797
867981
868183
868394
868595
868803
869030
869215
869420
869618
869827
870032
870254
870439
870658
870854
871055
871277
871461
871689
871877
872077
872284
872488
872693
872892
873122
873310
873512
873712
873920
874123
874329
874536
874740
874942
875145
875349
875562
875768
875965
876175
876400
876599
876793
876989
877218
877403
877604
877810
878012
878226
878427
878639
878834
879042
879289
879448
879652
879856
880060
880265
880474
880682
880888
881091
881289
881496
881706
881910
882118
882318
882516
882747
882927
883134
883345
883543
883756
883951
884158
884368
884574
884775
884978
885182
885383
885615
885797
886027
886214
886437
886627
886838
887033
887229
887438
887639
887849
888048
888262
888458
888667
888872
889077
889277
889482
889710
889893
890098
890302
890515
890727
890924
891121
891327
891531
891755
891939
892153
892376
892576
892761
892972
893184
893374
893584
893787
893989
894193
894396
894601
894805
895016
895216
895420
895626
895833
896034
896239
896449
896648
896882
897059
897273
897469
897680
897880
898091
898290
898492
898705
898904
899108
899331
899533
899719
899949
900155
900343
900545
900746
900957
901157
901363
901567
901776
901993
902198
902382
902591
902799
903021
903207
903411
903622
903819
904025
904234
904431
904637
904841
905044
905257
905461
905663
905864
906071
906280
906486
906712
906895
907097
907322
907508
907714
907914
908133
908350
908528
908736
908940
909141
909346
909550
909765
909969
910168
910372
910578
910783
910994
911192
911400
911624
911813
912016
912214
912417
912627
912832
913054
913247
913446
913648
913856
914081
914263
914471
914672
914886
915100
915303
915509
915697
915899
916108
916307
916538
916720
916929
917133
917352
917539
917749
917949
918150
918358
918561
918766
919000
919176
919381
919605
919803
919995
920201
920405
920630
920836
921025
921240
921430
921667
921841
922047
922258
922457
922659
922869
923068
923274
923477
923690
923893
924114
924302
924511
924711
924913
925114
925319
925529
925728
925938
926138
926343
926552
926776
926983
927165
927369
927577
927784
927983
928186
928393
928600
928803
929006
929231
929433
929630
929824
930028
930241
930441
930646
930848
931054
931261
931464
931677
931875
932079
932286
932490
932695
932902
933102
933307
933513
933719
933922
934129
934331
934536
934764
934944
935150
935363
935564
935767
935971
936178
936378
936588
936795
936993
937205
937402
937610
937817
938025
938247
938435
938632
938842
939044
939258
939451
939655
939862
940074
940271
940476
940701
940910
941098
941293
941500
941724
941911
942115
942327
942523
942732
942958
943146
943349
943548
943755
943958
944181
944365
944573
944780
945003
945191
945391
945614
945807
946003
946210
946437
946617
946824
947034
947232
947463
947643
947851
948052
948257
948461
948670
948892
949075
949282
949486
949695
949903
950101
950303
950514
950718
950918
951128
951328
951536
951744
951946
952150
952353
952564
952764
952968
953172
953405
953606
953789
953995
954195
954405
954603
954814
955024
955219
955428
955628
955838
956042
956251
956468
956655
956863
957063
957267
957473
957679
957883
958088
958297
958519
958701
958933
959117
959315
959525
959727
959933
960141
960343
960547
960756
960957
961158
961364
961568
961774
961987
962182
962388
962610
962800
963004
963211
963429
963621
963841
964033
964233
964441
964666
964845
965050
965258
965461
965667
965868
966081
966281
966483
966713
966898
967116
967310
967506
967716
967916
968120
968327
968534
968735
968949
969149
969354
969559
969763
969985
970173
970378
970584
970785
970998
971197
971418
971607
971813
972039
972223
972432
972631
972854
973059
973267
973449
973653
973873
974064
974270
974471
974675
974884
975084
975292
975523
975699
975927
976109
976314
976520
976744
976936
977137
977359
977565
977766
977959
978161
978361
978588
978769
978998
979186
979385
979613
979796
980001
980205
980433
980621
980817
981039
981237
981454
981641
981842
982056
982253
982477
982666
982866
983072
983279
983490
983713
983894
984099
984305
984504
984720
984920
985120
985328
985531
985739
985937
986145
986355
986554
986757
986969
987170
987372
987582
987781
988019
988190
988414
988603
988809
989030
989230
989419
989626
989832
990042
990254
990445
990654
990856
991062
991263
991473
991673
991878
992082
992290
992502
992696
992904
993109
993316
993534
993722
993925
994131
994361
994562
994746
994982
995158
995363
995568
995771
995974
996180
996389
996588
996791
997000
997222
997422
997618
997821
998023
998230
998435
998641
998861
999045
999261
999459
999663
999866
1.00007e+06
1.0003e+06
1.00051e+06
1.00071e+06
1.00091e+06
1.00111e+06
1.00132e+06
1.00152e+06
1.00171e+06
1.00192e+06
1.00212e+06
1.00233e+06
1.00255e+06
1.00274e+06
1.00294e+06
1.00314e+06
1.00335e+06
1.00357e+06
1.00377e+06
1.00396e+06
1.00417e+06
1.00437e+06
1.00457e+06
1.00478e+06
1.00501e+06
1.0052e+06
1.00542e+06
1.00562e+06
1.00583e+06
1.00601e+06
1.00623e+06
1.00642e+06
1.00662e+06
1.00683e+06
1.00703e+06
1.00725e+06
1.00744e+06
1.00767e+06
1.00785e+06
1.00806e+06
1.00826e+06
1.00847e+06
1.00869e+06
1.00888e+06
1.00908e+06
1.00929e+06
1.00949e+06
1.00972e+06
1.00991e+06
1.0101e+06
1.01032e+06
1.01052e+06
1.01073e+06
1.01093e+06
1.01113e+06
1.01133e+06
1.01154e+06
1.01174e+06
1.01197e+06
1.01216e+06
1.01236e+06
1.01257e+06
1.01276e+06
1.01297e+06
1.01318e+06
1.01339e+06
1.01359e+06
1.01381e+06
1.014e+06
1.0142e+06
1.0144e+06
1.01461e+06
1.01481e+06
1.01504e+06
1.01522e+06
1.01543e+06
1.01566e+06
1.01584e+06
1.01604e+06
1.01626e+06
1.01645e+06
1.01666e+06
1.01689e+06
1.01707e+06
1.01727e+06
1.01748e+06
1.01769e+06
1.01789e+06
1.0181e+06
1.0183e+06
1.0185e+06
1.01871e+06
1.01892e+06
1.01912e+06
1.01934e+06
1.01953e+06
1.01974e+06
1.01993e+06
1.02015e+06
1.02035e+06
1.02055e+06
1.02076e+06
1.02096e+06
1.02116e+06
1.02137e+06
1.02157e+06
1.02178e+06
1.02198e+06
1.02219e+06
1.02241e+06
1.02261e+06
1.0228e+06
1.02303e+06
1.02322e+06
1.02343e+06
1.02362e+06
1.02383e+06
1.02403e+06
1.02424e+06
1.02444e+06
1.02467e+06
1.02485e+06
1.02505e+06
1.02527e+06
1.02546e+06
1.02569e+06
1.02588e+06
1.0261e+06
1.02629e+06
1.02649e+06
1.02672e+06
1.0269e+06
1.0271e+06
1.02731e+06
1.02752e+06
1.02772e+06
1.02793e+06
1.02813e+06
1.02833e+06
1.02854e+06
1.02874e+06
1.02895e+06
1.02915e+06
1.02936e+06
1.02956e+06
1.02977e+06
1.02997e+06
1.03018e+06
1.03038e+06
1.0306e+06
1.03079e+06
1.03099e+06
1.0312e+06
1.03141e+06
1.03161e+06
1.03182e+06
1.03202e+06
1.03223e+06
1.03242e+06
1.03264e+06
1.03284e+06
1.03304e+06
1.03325e+06
1.03345e+06
1.03366e+06
1.03386e+06
1.03407e+06
1.03427e+06
1.03449e+06
1.03468e+06
1.03488e+06
1.03511e+06
1.0353e+06
1.0355e+06
1.0357e+06
1.03591e+06
1.03612e+06
1.03632e+06
1.03653e+06
1.03673e+06
1.03693e+06
1.03716e+06
1.03734e+06
1.03755e+06
1.03775e+06
1.03799e+06
1.03817e+06
1.03838e+06
1.03857e+06
1.03878e+06
1.03898e+06
1.03921e+06
1.03939e+06
1.0396e+06
1.0398e+06
1.04e+06
1.04021e+06
1.04044e+06
1.04062e+06
1.04083e+06
1.04103e+06
1.04124e+06
1.04144e+06
1.04167e+06
1.04185e+06
1.04208e+06
1.04225e+06
1.04247e+06
1.04267e+06
1.04289e+06
1.04308e+06
1.04328e+06
1.04349e+06
1.04369e+06
1.0439e+06
1.0441e+06
1.04431e+06
1.04452e+06
1.04471e+06
1.04493e+06
1.04512e+06
1.04533e+06
1.04556e+06
1.04575e+06
1.04594e+06
1.04615e+06
1.04635e+06
1.04656e+06
1.04676e+06
1.04697e+06
1.04717e+06
1.04738e+06
1.04758e+06
1.04779e+06
1.04799e+06
1.0482e+06
1.04841e+06
1.04861e+06
1.04884e+06
1.04901e+06
1.04924e+06
1.04943e+06
1.04963e+06
1.04983e+06
1.05006e+06
1.05024e+06
1.05045e+06
1.05066e+06
1.05086e+06
1.05109e+06
1.05127e+06
1.05147e+06
1.05168e+06
1.05189e+06
1.05209e+06
1.0523e+06
1.0525e+06
1.05273e+06
1.0529e+06
1.05311e+06
1.05332e+06
1.05352e+06
1.05373e+06
1.05393e+06
1.05413e+06
1.05434e+06
1.05455e+06
1.05475e+06
1.05496e+06
1.05516e+06
1.05537e+06
1.05557e+06
1.05578e+06
1.056e+06
1.05619e+06
1.05639e+06
1.05659e+06
1.0568e+06
1.057e+06
1.05721e+06
1.05744e+06
1.05765e+06
1.05782e+06
1.05803e+06
1.05825e+06
1.05844e+06
1.05867e+06
1.05885e+06
1.05905e+06
1.05926e+06
1.05948e+06
1.05967e+06
1.05987e+06
1.06008e+06
1.06028e+06
1.0605e+06
1.06069e+06
1.0609e+06
1.0611e+06
1.0613e+06
1.06151e+06
1.06174e+06
1.06192e+06
1.06213e+06
1.06235e+06
1.06253e+06
1.06274e+06
1.06294e+06
1.06314e+06
1.06335e+06
1.06355e+06
1.06376e+06
1.06397e+06
1.06417e+06
1.06438e+06
1.06458e+06
1.06478e+06
1.06501e+06
1.06519e+06
1.0654e+06
1.06561e+06
1.06581e+06
1.06602e+06
1.06622e+06
1.06642e+06
1.06663e+06
1.06683e+06
1.06704e+06
1.06724e+06
1.06745e+06
1.06766e+06
1.06786e+06
1.06806e+06
1.06827e+06
1.06847e+06
1.06868e+06
1.06888e+06
1.06908e+06
1.06929e+06
1.06949e+06
1.0697e+06
1.0699e+06
1.07011e+06
1.07032e+06
1.07052e+06
1.07073e+06
1.07093e+06
1.07113e+06
1.07134e+06
1.07154e+06
1.07175e+06
1.07195e+06
1.07216e+06
1.07236e+06
1.07257e+06
1.07277e+06
1.07297e+06
1.07318e+06
1.07339e+06
1.07359e+06
1.0738e+06
1.074e+06
1.07421e+06
1.07441e+06
1.07461e+06
1.07482e+06
1.07503e+06
1.07523e+06
1.07543e+06
1.07564e+06
1.07585e+06
1.07605e+06
1.07625e+06
1.07646e+06
1.07666e+06
1.07687e+06
1.07707e+06
1.07728e+06
1.07748e+06
1.07769e+06
1.07789e+06
1.0781e+06
1.0783e+06
1.07851e+06
1.07871e+06
1.07892e+06
1.07912e+06
1.07932e+06
1.07953e+06
1.07974e+06
1.07994e+06
1.08015e+06
1.08035e+06
1.08055e+06
1.08076e+06
1.08096e+06
1.08117e+06
1.08137e+06
1.08158e+06
1.08179e+06
1.08199e+06
1.08219e+06
1.0824e+06
1.0826e+06
1.08281e+06
1.08301e+06
1.08322e+06
1.08342e+06
1.08363e+06
1.08383e+06
1.08403e+06
1.08424e+06
1.08445e+06
1.08465e+06
1.08485e+06
1.08506e+06
1.08526e+06
1.08547e+06
1.08567e+06
1.08588e+06
1.08608e+06
1.08629e+06
1.0865e+06
1.0867e+06
1.0869e+06
1.08711e+06
1.08731e+06
1.08752e+06
1.08772e+06
1.08793e+06
1.08813e+06
1.08834e+06
1.08854e+06
1.08875e+06
1.08895e+06
1.08916e+06
1.08936e+06
1.08957e+06
1.08977e+06
1.08997e+06
1.09018e+06
1.09038e+06
1.09059e+06
1.09079e+06
1.091e+06
1.09121e+06
1.09141e+06
1.09162e+06
1.09182e+06
1.09202e+06
1.09223e+06
1.09243e+06
1.09264e+06
1.09284e+06
1.09305e+06
1.09325e+06
1.09346e+06
1.09366e+06
1.09387e+06
1.09407e+06
1.09428e+06
1.09448e+06
1.09468e+06
1.09489e+06
1.09515e+06
1.0953e+06
1.09551e+06
1.09571e+06
1.09591e+06
1.09612e+06
1.09632e+06
1.09653e+06
1.09673e+06
1.09694e+06
1.09714e+06
1.09735e+06
1.09755e+06
1.09776e+06
1.09796e+06
1.09816e+06
1.09837e+06
1.09858e+06
1.09878e+06
1.09899e+06
1.09919e+06
1.09939e+06
1.0996e+06
1.09981e+06
1.10001e+06
1.10022e+06
1.10042e+06
1.10062e+06
1.10083e+06
1.10104e+06
1.10124e+06
1.10145e+06
1.10165e+06
1.10185e+06
1.10205e+06
1.10225e+06
1.10247e+06
1.10266e+06
1.10288e+06
1.10307e+06
1.10328e+06
1.10348e+06
1.10369e+06
1.1039e+06
1.1041e+06
1.10431e+06
1.10451e+06
1.10472e+06
1.10492e+06
1.10512e+06
1.10533e+06
1.10553e+06
1.10574e+06
1.10595e+06
1.10615e+06
1.10635e+06
1.10656e+06
1.10676e+06
1.10697e+06
1.10717e+06
1.10737e+06
1.10758e+06
1.10778e+06
1.10799e+06
1.1082e+06
1.1084e+06
1.1086e+06
1.10881e+06
1.10901e+06
1.10923e+06
1.10942e+06
1.10963e+06
1.10983e+06
1.11004e+06
1.11024e+06
1.11045e+06
1.11065e+06
1.11086e+06
1.11106e+06
1.11126e+06
1.11147e+06
1.11167e+06
1.11188e+06
1.11209e+06
1.11229e+06
1.11249e+06
1.1127e+06
1.1129e+06
1.11311e+06
1.11332e+06
1.11352e+06
1.11372e+06
1.11393e+06
1.11413e+06
1.11434e+06
1.11454e+06
1.11475e+06
1.11495e+06
1.11516e+06
1.11536e+06
1.11557e+06
1.11577e+06
1.11597e+06
1.11618e+06
1.11639e+06
1.11659e+06
1.11679e+06
1.117e+06
1.1172e+06
1.11741e+06
1.11761e+06
1.11782e+06
1.11802e+06
1.11823e+06
1.11843e+06
1.11864e+06
1.11884e+06
1.11905e+06
1.11926e+06
1.11946e+06
1.11966e+06
1.11987e+06
1.12007e+06
1.12028e+06
1.12048e+06
1.12069e+06
1.12089e+06
1.1211e+06
1.1213e+06
1.1215e+06
1.12171e+06
1.12208e+06
1.12212e+06
1.12233e+06
1.12253e+06
1.12274e+06
1.12294e+06
1.12314e+06
1.12335e+06
1.12355e+06
1.12376e+06
1.12396e+06
1.12417e+06
1.12437e+06
1.12458e+06
1.12478e+06
1.12499e+06
1.12519e+06
1.1254e+06
1.1256e+06
1.12581e+06
1.12601e+06
1.12622e+06
1.12642e+06
1.12663e+06
1.12683e+06
1.12704e+06
1.12724e+06
1.12744e+06
1.12765e+06
1.12785e+06
1.12806e+06
1.12826e+06
1.12847e+06
1.12867e+06
1.12888e+06
1.12908e+06
1.12929e+06
1.12949e+06
1.1297e+06
1.1299e+06
1.13011e+06
1.13031e+06
1.13052e+06
1.13072e+06
1.13093e+06
1.13113e+06
1.13133e+06
1.13154e+06
1.13174e+06
1.13195e+06
1.13216e+06
1.13236e+06
1.13256e+06
1.13277e+06
1.13297e+06
1.13318e+06
1.13338e+06
1.13359e+06
1.13379e+06
1.134e+06
1.1342e+06
1.13441e+06
1.13461e+06
1.13482e+06
1.13502e+06
1.13523e+06
1.13543e+06
1.13564e+06
1.13584e+06
1.13604e+06
1.13625e+06
1.13645e+06
1.13666e+06
1.13686e+06
1.13707e+06
1.13727e+06
1.13748e+06
1.13768e+06
1.13789e+06
1.13809e+06
1.1383e+06
1.1385e+06
1.13871e+06
1.13891e+06
1.13912e+06
1.13933e+06
1.13953e+06
1.13973e+06
1.13994e+06
1.14014e+06
1.14034e+06
1.14055e+06
1.14076e+06
1.14096e+06
1.14117e+06
1.14137e+06
1.14158e+06
1.14178e+06
1.14198e+06
1.14219e+06
1.14239e+06
1.1426e+06
1.1428e+06
1.14301e+06
1.14321e+06
1.14342e+06
1.14362e+06
1.14383e+06
1.14403e+06
1.14424e+06
1.14444e+06
1.14465e+06
1.14485e+06
1.14505e+06
1.14526e+06
1.14547e+06
1.14567e+06
1.14587e+06
1.14608e+06
1.14628e+06
1.14649e+06
1.1467e+06
1.1469e+06
1.1471e+06
1.14731e+06
1.14751e+06
1.14772e+06
1.14792e+06
1.14813e+06
1.14833e+06
1.14854e+06
1.14874e+06
1.14895e+06
1.14915e+06
1.14936e+06
1.14956e+06
1.14976e+06
1.14997e+06
1.15018e+06
1.15038e+06
1.15059e+06
1.15079e+06
1.151e+06
1.1512e+06
1.1514e+06
1.15161e+06
1.15181e+06
1.15202e+06
1.15222e+06
1.15243e+06
1.15263e+06
1.15284e+06
1.15304e+06
1.15325e+06
1.15346e+06
1.15366e+06
1.15386e+06
1.15407e+06
1.15427e+06
1.15448e+06
1.15468e+06
1.15489e+06
1.15509e+06
1.15552e+06
1.15571e+06
1.15591e+06
1.15611e+06
1.15633e+06
1.15652e+06
1.15673e+06
1.15693e+06
1.15714e+06
1.15734e+06
1.15755e+06
1.15775e+06
1.15796e+06
1.15816e+06
1.15837e+06
1.15858e+06
1.15878e+06
1.15898e+06
1.15919e+06
1.15939e+06
1.15959e+06
1.1598e+06
1.16001e+06
1.16021e+06
1.16042e+06
1.16062e+06
1.16083e+06
1.16103e+06
1.16123e+06
1.16144e+06
1.16164e+06
1.16185e+06
1.16205e+06
1.16226e+06
1.16247e+06
1.16267e+06
1.16287e+06
1.16308e+06
1.16328e+06
1.16349e+06
1.16369e+06
1.1639e+06
1.1641e+06
1.16431e+06
1.16451e+06
1.16472e+06
1.16492e+06
1.16513e+06
1.16533e+06
1.16553e+06
1.16576e+06
1.16594e+06
1.16615e+06
1.16635e+06
1.16656e+06
1.16677e+06
1.16697e+06
1.16717e+06
1.16738e+06
1.16758e+06
1.16779e+06
1.16799e+06
1.1682e+06
1.1684e+06
1.16861e+06
1.16881e+06
1.16902e+06
1.16923e+06
1.16943e+06
1.16963e+06
1.16984e+06
1.17004e+06
1.17025e+06
1.17045e+06
1.17066e+06
1.17086e+06
1.17106e+06
1.17127e+06
1.17147e+06
1.17168e+06
1.17188e+06
1.17209e+06
1.17229e+06
1.1725e+06
1.1727e+06
1.17291e+06
1.17312e+06
1.17332e+06
1.17352e+06
1.17373e+06
1.17393e+06
1.17414e+06
1.17434e+06
1.17454e+06
1.17561e+06
1.17578e+06
1.17598e+06
1.17618e+06
1.17639e+06
1.1766e+06
1.1768e+06
1.177e+06
1.17721e+06
1.17741e+06
1.17762e+06
1.17782e+06
1.17803e+06
1.17824e+06
1.17844e+06
1.17864e+06
1.17885e+06
1.17905e+06
1.17927e+06
1.17946e+06
1.17967e+06
1.17987e+06
1.18007e+06
1.18028e+06
1.18049e+06
1.18069e+06
1.1809e+06
1.1811e+06
1.1813e+06
1.18151e+06
1.18171e+06
1.18192e+06
1.18212e+06
1.18233e+06
1.18253e+06
1.18274e+06
1.18294e+06
1.18315e+06
1.18335e+06
1.18356e+06
1.18376e+06
1.18397e+06
1.18417e+06
1.18438e+06
1.18458e+06
1.18479e+06
1.18499e+06
1.18519e+06
1.1854e+06
1.18561e+06
1.18581e+06
1.18601e+06
1.18622e+06
1.18642e+06
1.18663e+06
1.18683e+06
1.18704e+06
1.18724e+06
1.18745e+06
1.18765e+06
1.18786e+06
1.18806e+06
1.18827e+06
1.18847e+06
1.18868e+06
1.18888e+06
1.18909e+06
1.1893e+06
1.1895e+06
1.1897e+06
1.18991e+06
1.19011e+06
1.19031e+06
1.19052e+06
1.19072e+06
1.19093e+06
1.19113e+06
1.19134e+06
1.19154e+06
1.19175e+06
1.19195e+06
1.19216e+06
1.19236e+06
1.19257e+06
1.19277e+06
1.19298e+06
1.19318e+06
1.19339e+06
1.19359e+06
1.1938e+06
1.19401e+06
1.19421e+06
1.19441e+06
1.19461e+06
1.19482e+06
1.19503e+06
1.19523e+06
1.19543e+06
1.19564e+06
1.19585e+06
1.19605e+06
1.19625e+06
1.19646e+06
1.19666e+06
1.19687e+06
1.19707e+06
1.19728e+06
1.19748e+06
1.19769e+06
1.19789e+06
1.1981e+06
1.1983e+06
1.19851e+06
1.19871e+06
1.19891e+06
1.19912e+06
1.19933e+06
1.19953e+06
1.19974e+06
1.19994e+06
1.20014e+06
1.20035e+06
1.20055e+06
1.20076e+06
1.20097e+06
1.20117e+06
1.20137e+06
1.20158e+06
1.20178e+06
1.20199e+06
1.20219e+06
1.2024e+06
1.2026e+06
1.20281e+06
1.20301e+06
1.20322e+06
1.20342e+06
1.20363e+06
1.20383e+06
1.20404e+06
1.20424e+06
1.20445e+06
1.20466e+06
1.20486e+06
1.20506e+06
1.20526e+06
1.20547e+06
1.20568e+06
1.20588e+06
1.20608e+06
1.20629e+06
1.20649e+06
1.2067e+06
1.2069e+06
1.20711e+06
1.20732e+06
1.20752e+06
1.20772e+06
1.20793e+06
1.20813e+06
1.20834e+06
1.20854e+06
1.20875e+06
1.20895e+06
1.20915e+06
1.20936e+06
1.20957e+06
1.20977e+06
1.20997e+06
1.21018e+06
1.21039e+06
1.21059e+06
1.21079e+06
1.211e+06
1.21121e+06
1.21141e+06
1.21161e+06
1.21182e+06
1.21202e+06
1.21223e+06
1.21243e+06
1.21264e+06
1.21284e+06
1.21305e+06
1.21325e+06
1.21346e+06
1.21366e+06
1.21387e+06
1.21407e+06
1.21428e+06
1.21448e+06
1.21469e+06
1.21489e+06
1.2151e+06
1.2153e+06
1.2155e+06
1.21571e+06
1.21591e+06
1.21612e+06
1.21632e+06
1.21653e+06
1.21673e+06
1.21694e+06
1.21715e+06
1.21735e+06
1.21755e+06
1.21776e+06
1.21796e+06
1.21817e+06
1.21837e+06
1.21858e+06
1.21878e+06
1.21898e+06
1.21919e+06
1.2194e+06
1.2196e+06
1.2198e+06
1.22001e+06
1.22022e+06
1.22042e+06
1.22062e+06
1.22083e+06
1.22103e+06
1.22124e+06
1.22145e+06
1.22165e+06
1.22185e+06
1.22206e+06
1.22226e+06
1.22247e+06
1.22267e+06
1.22288e+06
1.22308e+06
1.22329e+06
1.22349e+06
1.2237e+06
1.2239e+06
1.22411e+06
1.22431e+06
1.22451e+06
1.22472e+06
1.22492e+06
1.22513e+06
1.22534e+06
1.22554e+06
1.22574e+06
1.22595e+06
1.22615e+06
1.22636e+06
1.22658e+06
1.22677e+06
1.22697e+06
1.22718e+06
1.22738e+06
1.22759e+06
1.22779e+06
1.228e+06
1.2282e+06
1.22841e+06
1.22861e+06
1.22882e+06
1.22902e+06
1.22924e+06
1.22944e+06
1.22964e+06
1.22984e+06
1.23005e+06
1.23025e+06
1.23046e+06
1.23066e+06
1.23087e+06
1.23107e+06
1.23128e+06
1.23148e+06
1.23169e+06
1.23189e+06
1.2321e+06
1.2323e+06
1.23251e+06
1.23271e+06
1.23292e+06
1.23312e+06
1.23332e+06
1.23353e+06
1.23373e+06
1.23394e+06
1.23414e+06
1.23435e+06
1.23455e+06
1.23476e+06
1.23496e+06
1.23517e+06
1.23537e+06
1.23558e+06
1.23578e+06
1.23599e+06
1.23619e+06
1.2364e+06
1.2366e+06
1.23681e+06
1.23701e+06
1.23722e+06
1.23742e+06
1.23762e+06
1.23783e+06
1.23804e+06
1.23824e+06
1.23845e+06
1.23865e+06
1.23885e+06
1.23906e+06
1.23926e+06
1.23947e+06
1.23967e+06
1.23988e+06
1.24009e+06
1.24029e+06
1.24049e+06
1.2407e+06
1.2409e+06
1.24111e+06
1.24131e+06
1.24152e+06
1.24172e+06
1.24193e+06
1.24213e+06
1.24234e+06
1.24254e+06
1.24274e+06
1.24295e+06
1.24315e+06
1.24336e+06
1.24356e+06
1.24377e+06
1.24398e+06
1.24418e+06
1.24438e+06
1.24459e+06
1.24479e+06
1.245e+06
1.2452e+06
1.24541e+06
1.24561e+06
1.24582e+06
1.24603e+06
1.24623e+06
1.24643e+06
1.24664e+06
1.24684e+06
1.24704e+06
1.24725e+06
1.24746e+06
1.24766e+06
1.24787e+06
1.24807e+06
1.24828e+06
1.24848e+06
1.24869e+06
1.24889e+06
1.24909e+06
1.2493e+06
1.24951e+06
1.24971e+06
1.24991e+06
1.25012e+06
1.25032e+06
1.25053e+06
1.25073e+06
1.25094e+06
1.25114e+06
1.25135e+06
1.25155e+06
1.25176e+06
1.25196e+06
1.25217e+06
1.25237e+06
1.25258e+06
1.25278e+06
1.25298e+06
1.25319e+06
1.25339e+06
1.2536e+06
1.25381e+06
1.25401e+06
1.25421e+06
1.25442e+06
1.25462e+06
1.25483e+06
1.25503e+06
1.25524e+06
1.25544e+06
1.25565e+06
1.25586e+06
1.25606e+06
1.25626e+06
1.25647e+06
1.25667e+06
1.25688e+06
1.25708e+06
1.25728e+06
1.25749e+06
1.2577e+06
1.2579e+06
1.2581e+06
1.25831e+06
1.25852e+06
1.25872e+06
1.25892e+06
1.25913e+06
1.25933e+06
1.25954e+06
1.25974e+06
1.25995e+06
1.26015e+06
1.26036e+06
1.26056e+06
1.26077e+06
1.26097e+06
1.26118e+06
1.26138e+06
1.26158e+06
1.26179e+06
1.26199e+06
1.2622e+06
1.26241e+06
1.26261e+06
1.26281e+06
1.26302e+06
1.26322e+06
1.26343e+06
1.26363e+06
1.26384e+06
1.26404e+06
1.26425e+06
1.26445e+06
1.26466e+06
1.26486e+06
1.26507e+06
1.26527e+06
1.26548e+06
1.26568e+06
1.26589e+06
1.26609e+06
1.2663e+06
1.2665e+06
1.26671e+06
1.26691e+06
1.26712e+06
1.26732e+06
1.26753e+06
1.26773e+06
1.26794e+06
1.26814e+06
1.26835e+06
1.26855e+06
1.26875e+06
1.26896e+06
1.26916e+06
1.26938e+06
1.26958e+06
1.26978e+06
1.26998e+06
1.27019e+06
1.27039e+06
1.2706e+06
1.2708e+06
1.27101e+06
1.27121e+06
1.27142e+06
1.27162e+06
1.27183e+06
1.27203e+06
1.27224e+06
1.27244e+06
1.27265e+06
1.27285e+06
1.27306e+06
1.27326e+06
1.27346e+06
1.27367e+06
1.27387e+06
1.2741e+06
1.27428e+06
1.27449e+06
1.27469e+06
1.2749e+06
1.2751e+06
1.2753e+06
1.27551e+06
1.27573e+06
1.27592e+06
1.27613e+06
1.27633e+06
1.27654e+06
1.27674e+06
1.27695e+06
1.27715e+06
1.27736e+06
1.27756e+06
1.27777e+06
1.27797e+06
1.27817e+06
1.27838e+06
1.27858e+06
1.2788e+06
1.279e+06
1.2792e+06
1.27941e+06
1.27961e+06
1.27982e+06
1.28002e+06
1.28023e+06
1.28042e+06
1.28063e+06
1.28084e+06
1.28104e+06
1.28126e+06
1.28145e+06
1.28166e+06
1.28186e+06
1.28207e+06
1.28227e+06
1.28247e+06
1.28268e+06
1.28289e+06
1.28309e+06
1.2833e+06
1.2835e+06
1.2837e+06
1.28391e+06
1.28411e+06
1.28432e+06
1.28453e+06
1.28473e+06
1.28493e+06
1.28514e+06
1.28535e+06
1.28555e+06
1.28575e+06
1.28596e+06
1.28616e+06
1.28637e+06
1.28657e+06
1.28677e+06
1.28698e+06
1.28718e+06
1.2874e+06
1.28759e+06
1.2878e+06
1.28801e+06
1.28821e+06
1.28841e+06
1.28862e+06
1.28882e+06
1.28903e+06
1.28925e+06
1.28945e+06
1.28964e+06
1.28985e+06
1.29005e+06
1.29026e+06
1.29046e+06
1.29066e+06
1.29088e+06
1.29108e+06
1.29128e+06
1.29149e+06
1.29169e+06
1.2919e+06
1.2921e+06
1.2923e+06
1.29252e+06
1.29271e+06
1.29292e+06
1.29312e+06
1.29333e+06
1.29354e+06
1.29374e+06
1.29394e+06
1.29415e+06
1.29435e+06
1.29456e+06
1.29476e+06
1.29497e+06
1.29517e+06
1.29538e+06
1.29558e+06
1.2958e+06
1.296e+06
1.2962e+06
1.2964e+06
1.2966e+06
1.29681e+06
1.29701e+06
1.29722e+06
1.29743e+06
1.29763e+06
1.29784e+06
1.29804e+06
1.29824e+06
1.29845e+06
1.29865e+06
1.29888e+06
1.29907e+06
1.29927e+06
1.29947e+06
1.29968e+06
1.29988e+06
1.30008e+06
1.30029e+06
1.3005e+06
1.30071e+06
1.30091e+06
1.30111e+06
1.30132e+06
1.30152e+06
1.30172e+06
1.30193e+06
1.30214e+06
1.30234e+06
1.30254e+06
1.30275e+06
1.30295e+06
1.30316e+06
1.30336e+06
1.30357e+06
1.30378e+06
1.30398e+06
1.30418e+06
1.30439e+06
1.30459e+06
1.3048e+06
1.305e+06
1.30521e+06
1.30542e+06
1.30562e+06
1.30582e+06
1.30603e+06
1.30623e+06
1.30644e+06
1.30664e+06
1.30685e+06
1.30706e+06
1.30726e+06
1.30746e+06
1.30767e+06
1.30787e+06
1.30807e+06
1.30829e+06
1.30848e+06
1.3087e+06
1.30889e+06
1.3091e+06
1.3093e+06
1.30951e+06
1.30971e+06
1.30992e+06
1.31012e+06
1.31033e+06
1.31053e+06
1.31074e+06
1.31094e+06
1.31114e+06
1.31135e+06
1.31155e+06
1.31176e+06
1.31197e+06
1.31217e+06
1.31237e+06
1.31258e+06
1.31278e+06
1.31299e+06
1.31319e+06
1.3134e+06
1.31361e+06
1.31381e+06
1.31402e+06
1.31422e+06
1.31442e+06
1.31463e+06
1.31484e+06
1.31504e+06
1.31525e+06
1.31545e+06
1.31565e+06
1.31586e+06
1.31606e+06
1.31627e+06
1.31647e+06
1.31668e+06
1.31688e+06
1.31708e+06
1.31729e+06
1.31749e+06
1.3177e+06
1.3179e+06
1.31811e+06
1.31832e+06
1.31852e+06
1.31872e+06
1.31893e+06
1.31913e+06
1.31934e+06
1.31954e+06
1.31975e+06
1.31996e+06
1.32016e+06
1.32036e+06
1.32056e+06
1.32077e+06
1.32098e+06
1.32118e+06
1.32141e+06
1.32159e+06
1.3218e+06
1.322e+06
1.32221e+06
1.32241e+06
1.32262e+06
1.32282e+06
1.32305e+06
1.32323e+06
1.32344e+06
1.32364e+06
1.32385e+06
1.32405e+06
1.32425e+06
1.32446e+06
1.32466e+06
1.32487e+06
1.32507e+06
1.32527e+06
1.32548e+06
1.32569e+06
1.32589e+06
1.3261e+06
1.3263e+06
1.32651e+06
1.32671e+06
1.32691e+06
1.32712e+06
1.32733e+06
1.32753e+06
1.32774e+06
1.32794e+06
1.32815e+06
1.32835e+06
1.32856e+06
1.32876e+06
1.32896e+06
1.32917e+06
1.32937e+06
1.32958e+06
1.32979e+06
1.32999e+06
1.33019e+06
1.3304e+06
1.3306e+06
1.3308e+06
1.33101e+06
1.33122e+06
1.33142e+06
1.33163e+06
1.33183e+06
1.33203e+06
1.33224e+06
1.33244e+06
1.33265e+06
1.33287e+06
1.33306e+06
1.33326e+06
1.33347e+06
1.33367e+06
1.33388e+06
1.33408e+06
1.33429e+06
1.33451e+06
1.3347e+06
1.3349e+06
1.33511e+06
1.33531e+06
1.33552e+06
1.33572e+06
1.33592e+06
1.33614e+06
1.33634e+06
1.33654e+06
1.33674e+06
1.33695e+06
1.33715e+06
1.33736e+06
1.33756e+06
1.33777e+06
1.33798e+06
1.33818e+06
1.33838e+06
1.33859e+06
1.3388e+06
1.339e+06
1.3392e+06
1.33941e+06
1.33962e+06
1.33982e+06
1.34003e+06
1.34023e+06
1.34043e+06
1.34063e+06
1.34084e+06
1.34105e+06
1.34125e+06
1.34146e+06
1.34166e+06
1.34187e+06
1.34207e+06
1.34227e+06
1.34248e+06
1.34269e+06
1.34289e+06
1.3431e+06
1.3433e+06
1.3435e+06
1.34371e+06
1.34392e+06
1.34411e+06
1.34433e+06
1.34453e+06
1.34473e+06
1.34494e+06
1.34514e+06
1.34535e+06
1.34555e+06
1.34576e+06
1.34597e+06
1.34617e+06
1.34637e+06
1.34657e+06
1.34678e+06
1.34698e+06
1.34719e+06
1.3474e+06
1.3476e+06
1.3478e+06
1.34801e+06
1.34822e+06
1.34842e+06
1.34862e+06
1.34883e+06
1.34904e+06
1.34924e+06
1.34944e+06
1.34964e+06
1.34985e+06
1.35006e+06
1.35026e+06
1.35046e+06
1.35068e+06
1.35088e+06
1.35108e+06
1.35129e+06
1.35149e+06
1.35169e+06
1.3519e+06
1.35212e+06
1.35231e+06
1.35252e+06
1.35272e+06
1.35292e+06
1.35313e+06
1.35333e+06
1.35354e+06
1.35375e+06
1.35395e+06
1.35415e+06
1.35436e+06
1.35456e+06
1.35477e+06
1.35497e+06
1.35518e+06
1.35539e+06
1.35559e+06
1.35579e+06
1.356e+06
1.3562e+06
1.3564e+06
1.35661e+06
1.35681e+06
1.35703e+06
1.35722e+06
1.35743e+06
1.35764e+06
1.35784e+06
1.35804e+06
1.35825e+06
1.35845e+06
1.35867e+06
1.35887e+06
1.35907e+06
1.35927e+06
1.35947e+06
1.35968e+06
1.35988e+06
1.36009e+06
1.36031e+06
1.3605e+06
1.36071e+06
1.36091e+06
1.36111e+06
1.36132e+06
1.36153e+06
1.36173e+06
1.36194e+06
1.36214e+06
1.36234e+06
1.36255e+06
1.36275e+06
1.36296e+06
1.36316e+06
1.36337e+06
1.36358e+06
1.36378e+06
1.36398e+06
1.36419e+06
1.36439e+06
1.3646e+06
1.3648e+06
1.36501e+06
1.36522e+06
1.36542e+06
1.36562e+06
1.36583e+06
1.36603e+06
1.36624e+06
1.36644e+06
1.36664e+06
1.36687e+06
1.36706e+06
1.36726e+06
1.36746e+06
1.36767e+06
1.36787e+06
1.36808e+06
1.36828e+06
1.36849e+06
1.3687e+06
1.3689e+06
1.3691e+06
1.36931e+06
1.36951e+06
1.36972e+06
1.36992e+06
1.37014e+06
1.37033e+06
1.37054e+06
1.37074e+06
1.37095e+06
1.37115e+06
1.37135e+06
1.37156e+06
1.37177e+06
1.37197e+06
1.37217e+06
1.37238e+06
1.37258e+06
1.37279e+06
1.37299e+06
1.3732e+06
1.3734e+06
1.37361e+06
1.37381e+06
1.37402e+06
1.37422e+06
1.37443e+06
1.37463e+06
1.37485e+06
1.37504e+06
1.37525e+06
1.37545e+06
1.37566e+06
1.37586e+06
1.37606e+06
1.37627e+06
1.3765e+06
1.37668e+06
1.37688e+06
1.37709e+06
1.37729e+06
1.3775e+06
1.37771e+06
1.37791e+06
1.37811e+06
1.37832e+06
1.37852e+06
1.37873e+06
1.37893e+06
1.37913e+06
1.37934e+06
1.37955e+06
1.37975e+06
1.37996e+06
1.38016e+06
1.38037e+06
1.38057e+06
1.38078e+06
1.38098e+06
1.38119e+06
1.38139e+06
1.3816e+06
1.3818e+06
1.38201e+06
1.38221e+06
1.38241e+06
1.38262e+06
1.38282e+06
1.38303e+06
1.38324e+06
1.38344e+06
1.38364e+06
1.38385e+06
1.38405e+06
1.38426e+06
1.38446e+06
1.38467e+06
1.38488e+06
1.38508e+06
1.38528e+06
1.38548e+06
1.3857e+06
1.3859e+06
1.3861e+06
1.3863e+06
1.38651e+06
1.38671e+06
1.38692e+06
1.38712e+06
1.38733e+06
1.38753e+06
1.38774e+06
1.38794e+06
1.38815e+06
1.38835e+06
1.38856e+06
1.38876e+06
1.38896e+06
1.38917e+06
1.38938e+06
1.38959e+06
1.38979e+06
1.38999e+06
1.39019e+06
1.3904e+06
1.3906e+06
1.39081e+06
1.39101e+06
1.39123e+06
1.39142e+06
1.39163e+06
1.39183e+06
1.39204e+06
1.39224e+06
1.39245e+06
1.39265e+06
1.39287e+06
1.39306e+06
1.39327e+06
1.39347e+06
1.39368e+06
1.39388e+06
1.39409e+06
1.39429e+06
1.39452e+06
1.3947e+06
1.39491e+06
1.39511e+06
1.39532e+06
1.39552e+06
1.39573e+06
1.39593e+06
1.39613e+06
1.39635e+06
1.39654e+06
1.39675e+06
1.39695e+06
1.39716e+06
1.39736e+06
1.39757e+06
1.39777e+06
1.39798e+06
1.39818e+06
1.39839e+06
1.39859e+06
1.3988e+06
1.399e+06
1.3992e+06
1.39941e+06
1.39962e+06
1.39983e+06
1.40003e+06
1.40023e+06
1.40044e+06
1.40064e+06
1.40084e+06
1.40105e+06
1.40127e+06
1.40146e+06
1.40167e+06
1.40187e+06
1.40207e+06
1.40228e+06
1.40248e+06
1.40269e+06
1.4029e+06
1.4031e+06
1.4033e+06
1.40351e+06
1.40371e+06
1.40392e+06
1.40412e+06
1.40433e+06
1.40455e+06
1.40474e+06
1.40494e+06
1.40515e+06
1.40535e+06
1.40556e+06
1.40576e+06
1.40596e+06
1.40618e+06
1.40637e+06
1.40658e+06
1.40679e+06
1.40699e+06
1.40719e+06
1.4074e+06
1.40761e+06
1.40782e+06
1.40801e+06
1.40822e+06
1.40842e+06
1.40863e+06
1.40883e+06
1.40904e+06
1.40924e+06
1.40945e+06
1.40965e+06
1.40985e+06
1.41008e+06
1.41026e+06
1.41047e+06
1.41067e+06
1.41088e+06
1.41109e+06
1.4113e+06
1.41149e+06
1.4117e+06
1.4119e+06
1.41211e+06
1.41231e+06
1.41252e+06
1.41273e+06
1.41293e+06
1.41313e+06
1.41334e+06
1.41354e+06
1.41375e+06
1.41395e+06
1.41417e+06
1.41436e+06
1.41457e+06
1.41477e+06
1.41498e+06
1.41518e+06
1.41538e+06
1.41559e+06
1.41579e+06
1.416e+06
1.4162e+06
1.41641e+06
1.41661e+06
1.41682e+06
1.41702e+06
1.41723e+06
1.41745e+06
1.41764e+06
1.41784e+06
1.41805e+06
1.41825e+06
1.41846e+06
1.41866e+06
1.41887e+06
1.41907e+06
1.41928e+06
1.41948e+06
1.41969e+06
1.41989e+06
1.42009e+06
1.4203e+06
1.42051e+06
1.42071e+06
1.42092e+06
1.42112e+06
1.42132e+06
1.42153e+06
1.42173e+06
1.42194e+06
1.42214e+06
1.42237e+06
1.42256e+06
1.42276e+06
1.42296e+06
1.42317e+06
1.42337e+06
1.42358e+06
1.42378e+06
1.42398e+06
1.42419e+06
1.4244e+06
1.4246e+06
1.4248e+06
1.42501e+06
1.42521e+06
1.42542e+06
1.42564e+06
1.42583e+06
1.42604e+06
1.42624e+06
1.42645e+06
1.42665e+06
1.42685e+06
1.42706e+06
1.42726e+06
1.42747e+06
1.42767e+06
1.42788e+06
1.42808e+06
1.42829e+06
1.42849e+06
1.4287e+06
1.42892e+06
1.42911e+06
1.42931e+06
1.42952e+06
1.42972e+06
1.42993e+06
1.43013e+06
1.43033e+06
1.43055e+06
1.43075e+06
1.43096e+06
1.43115e+06
1.43136e+06
1.43157e+06
1.43177e+06
1.43197e+06
1.43218e+06
1.43239e+06
1.43258e+06
1.43279e+06
1.433e+06
1.4332e+06
1.43341e+06
1.43361e+06
1.43383e+06
1.43403e+06
1.43423e+06
1.43443e+06
1.43463e+06
1.43484e+06
1.43505e+06
1.43525e+06
1.43545e+06
1.43567e+06
1.43586e+06
1.43607e+06
1.43628e+06
1.43648e+06
1.43668e+06
1.43689e+06
1.43709e+06
1.43731e+06
1.4375e+06
1.43771e+06
1.43791e+06
1.43812e+06
1.43832e+06
1.43853e+06
1.43873e+06
1.43894e+06
1.43915e+06
1.43935e+06
1.43955e+06
1.43975e+06
1.43996e+06
1.44016e+06
1.44037e+06
1.44059e+06
1.44078e+06
1.44098e+06
1.44119e+06
1.4414e+06
1.4416e+06
1.4418e+06
1.44201e+06
1.44221e+06
1.44242e+06
1.44262e+06
1.44283e+06
1.44303e+06
1.44324e+06
1.44344e+06
1.44365e+06
1.44386e+06
1.44406e+06
1.44426e+06
1.44446e+06
1.44467e+06
1.44487e+06
1.44508e+06
1.44529e+06
1.4455e+06
1.4457e+06
1.4459e+06
1.4461e+06
1.44631e+06
1.44651e+06
1.44672e+06
1.44693e+06
1.44714e+06
1.44733e+06
1.44754e+06
1.44774e+06
1.44795e+06
1.44815e+06
1.44836e+06
1.44856e+06
1.44877e+06
1.44897e+06
1.44917e+06
1.44938e+06
1.44958e+06
1.44979e+06
1.45e+06
1.45021e+06
1.45041e+06
1.45061e+06
1.45081e+06
1.45102e+06
1.45122e+06
1.45143e+06
1.45163e+06
1.45185e+06
1.45204e+06
1.45225e+06
1.45245e+06
1.45266e+06
1.45286e+06
1.45307e+06
1.45327e+06
1.45348e+06
1.45368e+06
1.45389e+06
1.45409e+06
1.45429e+06
1.4545e+06
1.45471e+06
1.45491e+06
1.45511e+06
1.45532e+06
1.45552e+06
1.45573e+06
1.45594e+06
1.45614e+06
1.45634e+06
1.45655e+06
1.45675e+06
1.45697e+06
1.45717e+06
1.45737e+06
1.45757e+06
1.45778e+06
1.45798e+06
1.45819e+06
1.45839e+06
1.4586e+06
1.4588e+06
1.459e+06
1.45921e+06
1.45942e+06
1.45962e+06
1.45983e+06
1.46003e+06
1.46024e+06
1.46044e+06
1.46064e+06
1.46085e+06
1.46105e+06
1.46126e+06
1.46146e+06
1.46167e+06
1.46188e+06
1.46208e+06
1.46228e+06
1.46249e+06
1.46269e+06
1.4629e+06
1.4631e+06
1.4633e+06
1.46352e+06
1.46371e+06
1.46392e+06
1.46412e+06
1.46433e+06
1.46453e+06
1.46474e+06
1.46495e+06
1.46515e+06
1.46536e+06
1.46556e+06
1.46576e+06
1.46597e+06
1.46617e+06
1.46638e+06
1.46659e+06
1.46679e+06
1.46699e+06
1.4672e+06
1.4674e+06
1.46761e+06
1.46781e+06
1.46802e+06
1.46824e+06
1.46843e+06
1.46863e+06
1.46884e+06
1.46904e+06
1.46924e+06
1.46945e+06
1.46965e+06
1.46987e+06
1.47006e+06
1.47027e+06
1.47047e+06
1.47068e+06
1.47088e+06
1.47109e+06
1.47129e+06
1.4715e+06
1.4717e+06
1.47191e+06
1.47212e+06
1.47232e+06
1.47252e+06
1.47273e+06
1.47296e+06
1.47314e+06
1.47334e+06
1.47354e+06
1.47375e+06
1.47396e+06
1.47416e+06
1.47438e+06
1.47457e+06
1.47478e+06
1.47498e+06
1.47518e+06
1.47539e+06
1.47559e+06
1.4758e+06
1.476e+06
1.47621e+06
1.47641e+06
1.47662e+06
1.47682e+06
1.47703e+06
1.47723e+06
1.47744e+06
1.47765e+06
1.47785e+06
1.47805e+06
1.47826e+06
1.47846e+06
1.47867e+06
1.47887e+06
1.47907e+06
1.47929e+06
1.47949e+06
1.47969e+06
1.47989e+06
1.4801e+06
1.48031e+06
1.48051e+06
1.48071e+06
1.48093e+06
1.48112e+06
1.48133e+06
1.48154e+06
1.48174e+06
1.48194e+06
1.48215e+06
1.48235e+06
1.48258e+06
1.48276e+06
1.48297e+06
1.48317e+06
1.48338e+06
1.48358e+06
1.48378e+06
1.48399e+06
1.4842e+06
1.4844e+06
1.4846e+06
1.48481e+06
1.48501e+06
1.48522e+06
1.48542e+06
1.48563e+06
1.48584e+06
1.48604e+06
1.48625e+06
1.48645e+06
1.48665e+06
1.48686e+06
1.48706e+06
1.48727e+06
1.48747e+06
1.48769e+06
1.48788e+06
1.48809e+06
1.48829e+06
1.4885e+06
1.4887e+06
1.4889e+06
1.48913e+06
1.48932e+06
1.48952e+06
1.48973e+06
1.48993e+06
1.49013e+06
1.49034e+06
1.49054e+06
1.49076e+06
1.49096e+06
1.49116e+06
1.49136e+06
1.49157e+06
1.49178e+06
1.49198e+06
1.49218e+06
1.4924e+06
1.49259e+06
1.4928e+06
1.493e+06
1.49321e+06
1.49341e+06
1.49361e+06
1.49382e+06
1.49403e+06
1.49423e+06
1.49444e+06
1.49464e+06
1.49484e+06
1.49505e+06
1.49525e+06
1.49546e+06
1.49567e+06
1.49587e+06
1.49607e+06
1.49628e+06
1.49648e+06
1.49669e+06
1.49689e+06
1.4971e+06
1.49731e+06
1.49751e+06
1.49771e+06
1.49792e+06
1.49812e+06
1.49833e+06
1.49853e+06
1.49873e+06
1.49894e+06
1.49915e+06
1.49935e+06
1.49956e+06
1.49976e+06
1.49996e+06
1.50017e+06
1.50038e+06
1.50058e+06
1.50079e+06
1.50099e+06
1.5012e+06
1.5014e+06
1.5016e+06
1.50181e+06
1.50201e+06
1.50222e+06
1.50242e+06
1.50262e+06
1.50283e+06
1.50304e+06
1.50324e+06
1.50344e+06
1.50365e+06
1.50386e+06
1.50406e+06
1.50426e+06
1.50447e+06
1.50467e+06
1.50488e+06
1.50508e+06
1.50529e+06
1.5055e+06
1.5057e+06
1.5059e+06
1.50611e+06
1.50631e+06
1.50652e+06
1.50672e+06
1.50694e+06
1.50713e+06
1.50734e+06
1.50755e+06
1.50775e+06
1.50795e+06
1.50816e+06
1.50836e+06
1.50859e+06
1.50877e+06
1.50898e+06
1.50918e+06
1.50938e+06
1.50959e+06
1.50979e+06
1.51e+06
1.5102e+06
1.51041e+06
1.51061e+06
1.51082e+06
1.51102e+06
1.51123e+06
1.51143e+06
1.51164e+06
1.51185e+06
1.51205e+06
1.51225e+06
1.51246e+06
1.51266e+06
1.51287e+06
1.51307e+06
1.51327e+06
1.51349e+06
1.51368e+06
1.5139e+06
1.5141e+06
1.5143e+06
1.5145e+06
1.51471e+06
1.51492e+06
1.51513e+06
1.51532e+06
1.51553e+06
1.51573e+06
1.51594e+06
1.51614e+06
1.51637e+06
1.51655e+06
1.51676e+06
1.51696e+06
1.51717e+06
1.51737e+06
1.51757e+06
1.51778e+06
1.51799e+06
1.5182e+06
1.51839e+06
1.5186e+06
1.51881e+06
1.51901e+06
1.51921e+06
1.51942e+06
1.51962e+06
1.51984e+06
1.52003e+06
1.52024e+06
1.52045e+06
1.52065e+06
1.52085e+06
1.52106e+06
1.52127e+06
1.52147e+06
1.52167e+06
1.52187e+06
1.52208e+06
1.52229e+06
1.52249e+06
1.5227e+06
1.5229e+06
1.52311e+06
1.52331e+06
1.52351e+06
1.52372e+06
1.52392e+06
1.52414e+06
1.52434e+06
1.52454e+06
1.52474e+06
1.52495e+06
1.52515e+06
1.52536e+06
1.52557e+06
1.52577e+06
1.52597e+06
1.52618e+06
1.52638e+06
1.52659e+06
1.52679e+06
1.527e+06
1.52721e+06
1.52741e+06
1.52761e+06
1.52781e+06
1.52802e+06
1.52823e+06
1.52843e+06
1.52864e+06
1.52884e+06
1.52904e+06
1.52925e+06
1.52946e+06
1.52966e+06
1.52986e+06
1.53007e+06
1.53028e+06
1.53048e+06
1.53069e+06
1.53089e+06
1.53109e+06
1.5313e+06
1.5315e+06
1.53173e+06
1.53191e+06
1.53212e+06
1.53232e+06
1.53253e+06
1.53273e+06
1.53294e+06
1.53314e+06
1.53336e+06
1.53355e+06
1.53376e+06
1.53396e+06
1.53416e+06
1.53437e+06
1.53457e+06
1.5348e+06
1.53498e+06
1.5352e+06
1.53539e+06
1.5356e+06
1.5358e+06
1.53601e+06
1.53621e+06
1.53642e+06
1.53662e+06
1.53683e+06
1.53703e+06
1.53723e+06
1.53744e+06
1.53765e+06
1.53785e+06
1.53806e+06
1.53827e+06
1.53847e+06
1.53867e+06
1.53887e+06
1.53908e+06
1.53929e+06
1.53949e+06
1.53969e+06
1.53991e+06
1.5401e+06
1.54031e+06
1.54051e+06
1.54072e+06
1.54092e+06
1.54113e+06
1.54133e+06
1.54154e+06
1.54174e+06
1.54195e+06
1.54215e+06
1.54236e+06
1.54256e+06
1.54277e+06
1.54297e+06
1.54319e+06
1.54338e+06
1.54358e+06
1.54379e+06
1.54399e+06
1.5442e+06
1.5444e+06
1.54462e+06
1.54482e+06
1.54502e+06
1.54522e+06
1.54543e+06
1.54563e+06
1.54584e+06
1.54604e+06
1.54626e+06
1.54645e+06
1.54666e+06
1.54686e+06
1.54707e+06
1.54727e+06
1.54748e+06
1.54768e+06
1.54789e+06
1.54809e+06
1.5483e+06
1.5485e+06
1.5487e+06
1.54891e+06
1.54911e+06
1.54932e+06
1.54953e+06
1.54973e+06
1.54993e+06
1.55014e+06
1.55034e+06
1.55055e+06
1.55078e+06
1.55096e+06
1.55116e+06
1.55137e+06
1.55157e+06
1.55178e+06
1.55198e+06
1.55218e+06
1.5524e+06
1.5526e+06
1.5528e+06
1.55301e+06
1.55321e+06
1.55341e+06
1.55362e+06
1.55382e+06
1.55404e+06
1.55423e+06
1.55444e+06
1.55464e+06
1.55485e+06
1.55505e+06
1.55526e+06
1.55547e+06
1.55567e+06
1.55587e+06
1.55608e+06
1.55628e+06
1.55649e+06
1.55669e+06
1.5569e+06
1.55711e+06
1.55731e+06
1.55751e+06
1.55771e+06
1.55792e+06
1.55813e+06
1.55833e+06
1.55854e+06
1.55874e+06
1.55895e+06
1.55915e+06
1.55935e+06
1.55956e+06
1.55977e+06
1.55997e+06
1.56017e+06
1.56038e+06
1.56058e+06
1.56079e+06
1.561e+06
1.5612e+06
1.56142e+06
1.56161e+06
1.56181e+06
1.56202e+06
1.56222e+06
1.56242e+06
1.56263e+06
1.56283e+06
1.56305e+06
1.56325e+06
1.56345e+06
1.56365e+06
1.56386e+06
1.56406e+06
1.56427e+06
1.56448e+06
1.56468e+06
1.56488e+06
1.56509e+06
1.56529e+06
1.5655e+06
1.5657e+06
1.56591e+06
1.56611e+06
1.56632e+06
1.56652e+06
1.56673e+06
1.56693e+06
1.56714e+06
1.56734e+06
1.56755e+06
1.56775e+06
1.56796e+06
1.56816e+06
1.56837e+06
1.56857e+06
1.56877e+06
1.569e+06
1.56919e+06
1.56939e+06
1.56959e+06
1.5698e+06
1.57e+06
1.57021e+06
1.57042e+06
1.57062e+06
1.57082e+06
1.57103e+06
1.57123e+06
1.57144e+06
1.57164e+06
1.57185e+06
1.57206e+06
1.57225e+06
1.57246e+06
1.57267e+06
1.57287e+06
1.57307e+06
1.57328e+06
1.57349e+06
1.5737e+06
1.57389e+06
1.5741e+06
1.5743e+06
1.57451e+06
1.57472e+06
1.57492e+06
1.57512e+06
1.57534e+06
1.57553e+06
1.57575e+06
1.57594e+06
1.57615e+06
1.57635e+06
1.57655e+06
1.57676e+06
1.57697e+06
1.57717e+06
1.57738e+06
1.57758e+06
1.57779e+06
1.57799e+06
1.57819e+06
1.57842e+06
1.57861e+06
1.57881e+06
1.57901e+06
1.57923e+06
1.57942e+06
1.57963e+06
1.57983e+06
1.58005e+06
1.58024e+06
1.58045e+06
1.58065e+06
1.58086e+06
1.58106e+06
1.58127e+06
1.58149e+06
1.58168e+06
1.58188e+06
1.58209e+06
1.58229e+06
1.58249e+06
1.5827e+06
1.58291e+06
1.58311e+06
1.58332e+06
1.58352e+06
1.58372e+06
1.58393e+06
1.58413e+06
1.58434e+06
1.58454e+06
1.58475e+06
1.58496e+06
1.58516e+06
1.58536e+06
1.58557e+06
1.58577e+06
1.58598e+06
1.58618e+06
1.58639e+06
1.5866e+06
1.5868e+06
1.587e+06
1.58721e+06
1.58741e+06
1.58761e+06
1.58782e+06
1.58802e+06
1.58824e+06
1.58843e+06
1.58864e+06
1.58884e+06
1.58905e+06
1.58926e+06
1.58946e+06
1.58967e+06
1.58987e+06
1.59007e+06
1.59027e+06
1.59048e+06
1.59068e+06
1.59089e+06
1.5911e+06
1.5913e+06
1.5915e+06
1.59171e+06
1.59191e+06
1.59212e+06
1.59232e+06
1.59253e+06
1.59275e+06
1.59294e+06
1.59314e+06
1.59335e+06
1.59355e+06
1.59375e+06
1.59396e+06
1.59417e+06
1.59437e+06
1.59458e+06
1.59478e+06
1.59498e+06
1.59519e+06
1.59539e+06
1.5956e+06
1.5958e+06
1.59601e+06
1.59621e+06
1.59642e+06
1.59664e+06
1.59683e+06
1.59704e+06
1.59724e+06
1.59744e+06
1.59765e+06
1.59785e+06
1.59806e+06
1.59826e+06
1.59846e+06
1.59867e+06
1.59888e+06
1.59908e+06
1.59929e+06
1.59949e+06
1.5997e+06
1.5999e+06
1.60012e+06
1.60031e+06
1.60051e+06
1.60072e+06
1.60093e+06
1.60113e+06
1.60133e+06
1.60154e+06
1.60174e+06
1.60196e+06
1.60216e+06
1.60236e+06
1.60256e+06
1.60277e+06
1.60298e+06
1.60318e+06
1.60338e+06
1.60359e+06
1.60379e+06
1.604e+06
1.6042e+06
1.60441e+06
1.60461e+06
1.60482e+06
1.60502e+06
1.60523e+06
1.60543e+06
1.60563e+06
1.60584e+06
1.60605e+06
1.60625e+06
1.60645e+06
1.60668e+06
1.60686e+06
1.60707e+06
1.60728e+06
1.60748e+06
1.60768e+06
1.60789e+06
1.60809e+06
1.60831e+06
1.6085e+06
1.60871e+06
1.60891e+06
1.60912e+06
1.60932e+06
1.60953e+06
1.60973e+06
1.60995e+06
1.61014e+06
1.61035e+06
1.61055e+06
1.61076e+06
1.61096e+06
1.61116e+06
1.61137e+06
1.61159e+06
1.61178e+06
1.61199e+06
1.61219e+06
1.61239e+06
1.6126e+06
1.6128e+06
1.61301e+06
1.61321e+06
1.61342e+06
1.61362e+06
1.61383e+06
1.61403e+06
1.61424e+06
1.61444e+06
1.61464e+06
1.61486e+06
1.61506e+06
1.61526e+06
1.61547e+06
1.61567e+06
1.61587e+06
1.61608e+06
1.61628e+06
1.6165e+06
1.6167e+06
1.6169e+06
1.6171e+06
1.61731e+06
1.61751e+06
1.61772e+06
1.61793e+06
1.61813e+06
1.61833e+06
1.61854e+06
1.61874e+06
1.61895e+06
1.61915e+06
1.61937e+06
1.61956e+06
1.61977e+06
1.61997e+06
1.62017e+06
1.62038e+06
1.62059e+06
1.62079e+06
1.621e+06
1.6212e+06
1.62141e+06
1.62161e+06
1.62181e+06
1.62202e+06
1.62223e+06
1.62243e+06
1.62264e+06
1.62284e+06
1.62304e+06
1.62325e+06
1.62345e+06
1.62366e+06
1.62387e+06
1.62407e+06
1.62427e+06
1.62448e+06
1.62468e+06
1.62488e+06
1.62509e+06
1.62529e+06
1.6255e+06
1.62571e+06
1.62591e+06
1.62612e+06
1.62633e+06
1.62653e+06
1.62673e+06
1.62694e+06
1.62714e+06
1.62735e+06
1.62755e+06
1.62775e+06
1.62796e+06
1.62817e+06
1.62838e+06
1.62857e+06
1.62878e+06
1.62898e+06
1.62919e+06
1.62939e+06
1.6296e+06
1.62982e+06
1.63001e+06
1.63021e+06
1.63042e+06
1.63062e+06
1.63082e+06
1.63103e+06
1.63124e+06
1.63145e+06
1.63165e+06
1.63185e+06
1.63205e+06
1.63226e+06
1.63246e+06
1.63267e+06
1.63288e+06
1.63308e+06
1.63328e+06
1.63349e+06
1.63369e+06
1.6339e+06
1.6341e+06
1.63433e+06
1.63451e+06
1.63472e+06
1.63492e+06
1.63512e+06
1.63533e+06
1.63554e+06
1.63574e+06
1.63595e+06
1.63615e+06
1.63635e+06
1.63656e+06
1.63676e+06
1.63697e+06
1.63718e+06
1.63738e+06
1.63758e+06
1.63779e+06
1.63799e+06
1.6382e+06
1.63841e+06
1.63862e+06
1.63881e+06
1.63902e+06
1.63923e+06
1.63943e+06
1.63964e+06
1.63985e+06
1.64004e+06
1.64025e+06
1.64045e+06
1.64066e+06
1.64086e+06
1.64106e+06
1.64127e+06
1.64148e+06
1.64168e+06
1.64188e+06
1.64209e+06
1.64229e+06
1.6425e+06
1.64271e+06
1.64291e+06
1.64312e+06
1.64332e+06
1.64352e+06
1.64372e+06
1.64393e+06
1.64414e+06
1.64434e+06
1.64456e+06
1.64476e+06
1.64496e+06
1.64516e+06
1.64537e+06
1.64557e+06
1.64577e+06
1.64599e+06
1.64619e+06
1.64639e+06
1.64659e+06
1.6468e+06
1.647e+06
1.64721e+06
1.64741e+06
1.64762e+06
1.64783e+06
1.64803e+06
1.64823e+06
1.64844e+06
1.64864e+06
1.64885e+06
1.64905e+06
1.64926e+06
1.64946e+06
1.64967e+06
1.64987e+06
1.65008e+06
1.65028e+06
1.65048e+06
1.6507e+06
1.65089e+06
1.6511e+06
1.6513e+06
1.65151e+06
1.65171e+06
1.65192e+06
1.65213e+06
1.65233e+06
1.65254e+06
1.65274e+06
1.65294e+06
1.65315e+06
1.65335e+06
1.65356e+06
1.65377e+06
1.65397e+06
1.65417e+06
1.65438e+06
1.65458e+06
1.65479e+06
1.65499e+06
1.6552e+06
1.6554e+06
1.6556e+06
1.65581e+06
1.65601e+06
1.65622e+06
1.65642e+06
1.65663e+06
1.65683e+06
1.65704e+06
1.65724e+06
1.65745e+06
1.65765e+06
1.65786e+06
1.65807e+06
1.65827e+06
1.65847e+06
1.65868e+06
1.65888e+06
1.65908e+06
1.65929e+06
1.6595e+06
1.65972e+06
1.65991e+06
1.66011e+06
1.66032e+06
1.66052e+06
1.66073e+06
1.66093e+06
1.66113e+06
1.66135e+06
1.66154e+06
1.66175e+06
1.66195e+06
1.66216e+06
1.66236e+06
1.66257e+06
1.66278e+06
1.66298e+06
1.66318e+06
1.66339e+06
1.6636e+06
1.6638e+06
1.664e+06
1.66421e+06
1.66442e+06
1.66462e+06
1.66482e+06
1.66503e+06
1.66523e+06
1.66543e+06
1.66564e+06
1.66585e+06
1.66606e+06
1.66625e+06
1.66646e+06
1.66666e+06
1.66687e+06
1.66707e+06
1.66729e+06
1.66749e+06
1.66769e+06
1.66789e+06
1.6681e+06
1.6683e+06
1.66851e+06
1.66871e+06
1.66896e+06
1.66912e+06
1.66933e+06
1.66953e+06
1.66973e+06
1.66994e+06
1.67015e+06
1.67036e+06
1.67056e+06
1.67076e+06
1.67097e+06
1.67117e+06
1.67137e+06
1.67158e+06
1.67178e+06
1.672e+06
1.6722e+06
1.6724e+06
1.67261e+06
1.67281e+06
1.67301e+06
1.67322e+06
1.67342e+06
1.67364e+06
1.67383e+06
1.67404e+06
1.67424e+06
1.67445e+06
1.67465e+06
1.67486e+06
1.67506e+06
1.67527e+06
1.67547e+06
1.67568e+06
1.67588e+06
1.67608e+06
1.67629e+06
1.67649e+06
1.67672e+06
1.67691e+06
1.67711e+06
1.67731e+06
1.67752e+06
1.67772e+06
1.67793e+06
1.67813e+06
1.67834e+06
1.67855e+06
1.67875e+06
1.67895e+06
1.67915e+06
1.67936e+06
1.67957e+06
1.67977e+06
1.67998e+06
1.68018e+06
1.68039e+06
1.68059e+06
1.68079e+06
1.681e+06
1.6812e+06
1.68142e+06
1.68162e+06
1.68182e+06
1.68203e+06
1.68223e+06
1.68243e+06
1.68264e+06
1.68285e+06
1.68305e+06
1.68325e+06
1.68346e+06
1.68366e+06
1.68386e+06
1.68409e+06
1.68428e+06
1.68448e+06
1.68468e+06
1.68489e+06
1.68509e+06
1.6853e+06
1.68551e+06
1.68571e+06
1.68591e+06
1.68612e+06
1.68633e+06
1.68653e+06
1.68673e+06
1.68695e+06
1.68714e+06
1.68735e+06
1.68755e+06
1.68776e+06
1.68796e+06
1.68817e+06
1.68837e+06
1.68858e+06
1.68878e+06
1.68899e+06
1.68919e+06
1.6894e+06
1.6896e+06
1.6898e+06
1.69002e+06
1.69022e+06
1.69042e+06
1.69062e+06
1.69083e+06
1.69103e+06
1.69124e+06
1.69145e+06
1.69165e+06
1.69185e+06
1.69206e+06
1.69226e+06
1.69247e+06
1.69267e+06
1.69289e+06
1.69308e+06
1.69329e+06
1.69349e+06
1.6937e+06
1.6939e+06
1.69411e+06
1.69431e+06
1.69452e+06
1.69472e+06
1.69492e+06
1.69513e+06
1.69533e+06
1.69554e+06
1.69574e+06
1.69595e+06
1.69616e+06
1.69636e+06
1.69656e+06
1.69677e+06
1.69697e+06
1.69718e+06
1.69738e+06
1.69759e+06
1.6978e+06
1.698e+06
1.6982e+06
1.69841e+06
1.69861e+06
1.69882e+06
1.69902e+06
1.69924e+06
1.69944e+06
1.69964e+06
1.69984e+06
1.70004e+06
1.70025e+06
1.70045e+06
1.70066e+06
1.70087e+06
1.70107e+06
1.70127e+06
1.70148e+06
1.70168e+06
1.70189e+06
1.70209e+06
1.7023e+06
1.70251e+06
1.70271e+06
1.70291e+06
1.70312e+06
1.70332e+06
1.70353e+06
1.70373e+06
1.70393e+06
1.70415e+06
1.70435e+06
1.70455e+06
1.70476e+06
1.70496e+06
1.70517e+06
1.70537e+06
1.70558e+06
1.70579e+06
1.70598e+06
1.70619e+06
1.70639e+06
1.7066e+06
1.7068e+06
1.70701e+06
1.70722e+06
1.70742e+06
1.70763e+06
1.70783e+06
1.70803e+06
1.70824e+06
1.70844e+06
1.70865e+06
1.70886e+06
1.70905e+06
1.70926e+06
1.70947e+06
1.70967e+06
1.70987e+06
1.71008e+06
1.71029e+06
1.7105e+06
1.7107e+06
1.7109e+06
1.71111e+06
1.71131e+06
1.71151e+06
1.71172e+06
1.71192e+06
1.71215e+06
1.71233e+06
1.71254e+06
1.71274e+06
1.71295e+06
1.71315e+06
1.71336e+06
1.71356e+06
1.71377e+06
1.71398e+06
1.71418e+06
1.71438e+06
1.71458e+06
1.71479e+06
1.71499e+06
1.7152e+06
1.7154e+06
1.71562e+06
1.71581e+06
1.71602e+06
1.71623e+06
1.71643e+06
1.71663e+06
1.71684e+06
1.71704e+06
1.71726e+06
1.71746e+06
1.71766e+06
1.71786e+06
1.71807e+06
1.71827e+06
1.71848e+06
1.71868e+06
1.71889e+06
1.71909e+06
1.7193e+06
1.7195e+06
1.7197e+06
1.71991e+06
1.72012e+06
1.72032e+06
1.72053e+06
1.72073e+06
1.72093e+06
1.72114e+06
1.72134e+06
1.72155e+06
1.72175e+06
1.72196e+06
1.72217e+06
1.72237e+06
1.72258e+06
1.72278e+06
1.72298e+06
1.72319e+06
1.72339e+06
1.7236e+06
1.72381e+06
1.72401e+06
1.72421e+06
1.72442e+06
1.72462e+06
1.72483e+06
1.72503e+06
1.72523e+06
1.72544e+06
1.72565e+06
1.72585e+06
1.72605e+06
1.72626e+06
1.72646e+06
1.72667e+06
1.72687e+06
1.72709e+06
1.72728e+06
1.72749e+06
1.72769e+06
1.7279e+06
1.7281e+06
1.72831e+06
1.72851e+06
1.72872e+06
1.72892e+06
1.72913e+06
1.72933e+06
1.72953e+06
1.72974e+06
1.72995e+06
1.73015e+06
1.73036e+06
1.73056e+06
1.73076e+06
1.73097e+06
1.73117e+06
1.73138e+06
1.73159e+06
1.73179e+06
1.73199e+06
1.7322e+06
1.7324e+06
1.73261e+06
1.73281e+06
1.73302e+06
1.73323e+06
1.73343e+06
1.73363e+06
1.73384e+06
1.73404e+06
1.73424e+06
1.73445e+06
1.73466e+06
1.73486e+06
1.73507e+06
1.73527e+06
1.73548e+06
1.73568e+06
1.73588e+06
1.73609e+06
1.73629e+06
1.7365e+06
1.73671e+06
1.73691e+06
1.73711e+06
1.73732e+06
1.73752e+06
1.73772e+06
1.73793e+06
1.73814e+06
1.73835e+06
1.73854e+06
1.73875e+06
1.73896e+06
1.73916e+06
1.73937e+06
1.73957e+06
1.73979e+06
1.73998e+06
1.74018e+06
1.7404e+06
1.74059e+06
1.7408e+06
1.741e+06
1.74121e+06
1.74141e+06
1.74163e+06
1.74182e+06
1.74203e+06
1.74223e+06
1.74244e+06
1.74264e+06
1.74285e+06
1.74305e+06
1.74326e+06
1.74346e+06
1.74366e+06
1.74387e+06
1.74408e+06
1.74428e+06
1.74449e+06
1.7447e+06
1.7449e+06
1.7451e+06
1.7453e+06
1.74551e+06
1.74571e+06
1.74592e+06
1.74613e+06
1.74633e+06
1.74653e+06
1.74674e+06
1.74694e+06
1.74715e+06
1.74735e+06
1.74756e+06
1.74777e+06
1.74797e+06
1.74817e+06
1.74837e+06
1.74858e+06
1.74879e+06
1.74899e+06
1.74921e+06
1.7494e+06
1.7496e+06
1.74981e+06
1.75001e+06
1.75022e+06
1.75043e+06
1.75063e+06
1.75085e+06
1.75104e+06
1.75124e+06
1.75145e+06
1.75165e+06
1.75186e+06
1.75206e+06
1.75227e+06
1.75247e+06
1.75268e+06
1.75288e+06
1.75309e+06
1.75329e+06
1.75349e+06
1.7537e+06
1.75391e+06
1.75413e+06
1.75432e+06
1.75452e+06
1.75473e+06
1.75493e+06
1.75513e+06
1.75534e+06
1.75554e+06
1.75575e+06
1.75595e+06
1.75616e+06
1.75636e+06
1.75657e+06
1.75677e+06
1.75698e+06
1.75718e+06
1.75739e+06
1.75759e+06
1.7578e+06
1.758e+06
1.75821e+06
1.75841e+06
1.75862e+06
1.75882e+06
1.75903e+06
1.75925e+06
1.77955e+06
1.7797e+06
1.78012e+06
1.78032e+06
1.78082e+06
1.78093e+06
1.78114e+06
1.78156e+06
1.78175e+06
1.78228e+06
1.78237e+06
1.78257e+06
1.783e+06
1.78318e+06
1.78371e+06
1.7838e+06
1.784e+06
1.78442e+06
1.78462e+06
1.785e+06
1.78502e+06
1.78524e+06
1.78544e+06
1.78564e+06
1.78585e+06
1.78606e+06
1.78626e+06
1.78647e+06
1.78667e+06
1.78687e+06
1.78709e+06
1.78728e+06
1.78749e+06
1.78769e+06
1.7879e+06
1.7881e+06
1.78832e+06
1.78851e+06
1.78872e+06
1.78892e+06
1.78913e+06
1.78974e+06
1.78995e+06
1.79015e+06
1.79036e+06
1.79056e+06
1.79077e+06
1.79097e+06
1.79118e+06
1.79138e+06
1.79158e+06
1.79179e+06
1.792e+06
1.7922e+06
1.7924e+06
1.79261e+06
1.79282e+06
1.79302e+06
1.79322e+06
1.79343e+06
1.79363e+06
1.79384e+06
1.79404e+06
1.79425e+06
1.79445e+06
1.79465e+06
1.79487e+06
1.79507e+06
1.79527e+06
1.79548e+06
1.79568e+06
1.79588e+06
1.79609e+06
1.7963e+06
1.7965e+06
1.79671e+06
1.79691e+06
1.79711e+06
1.79732e+06
1.79752e+06
1.79773e+06
1.79794e+06
1.79814e+06
1.79834e+06
1.79855e+06
1.79875e+06
1.79896e+06
1.79917e+06
1.79937e+06
1.79957e+06
1.79978e+06
1.79998e+06
1.80019e+06
1.80039e+06
1.8006e+06
1.80081e+06
1.80101e+06
1.80121e+06
1.80142e+06
1.80162e+06
1.80183e+06
1.80204e+06
1.80225e+06
1.80244e+06
1.80265e+06
1.80285e+06
1.80306e+06
1.80326e+06
1.80348e+06
1.80367e+06
1.80388e+06
1.80408e+06
1.80428e+06
1.80449e+06
1.80471e+06
1.8049e+06
1.8051e+06
1.80531e+06
1.80551e+06
1.80572e+06
1.80592e+06
1.80614e+06
1.80634e+06
1.80654e+06
1.80674e+06
1.80694e+06
1.80715e+06
1.80735e+06
1.80756e+06
1.80777e+06
1.80797e+06
1.80817e+06
1.80838e+06
1.80858e+06
1.80879e+06
1.809e+06
1.8092e+06
1.8094e+06
1.80961e+06
1.80981e+06
1.81002e+06
1.81022e+06
1.81043e+06
1.81063e+06
1.81083e+06
1.81104e+06
1.81124e+06
1.81145e+06
1.81166e+06
1.81186e+06
1.81207e+06
1.81227e+06
1.81247e+06
1.81268e+06
1.81289e+06
1.8131e+06
1.81329e+06
1.8135e+06
1.81371e+06
1.81391e+06
1.81411e+06
1.81432e+06
1.81452e+06
1.81473e+06
1.81493e+06
1.81514e+06
1.81534e+06
1.81555e+06
1.81575e+06
1.81595e+06
1.81616e+06
1.81637e+06
1.81657e+06
1.81677e+06
1.81698e+06
1.81718e+06
1.81739e+06
1.8176e+06
1.8178e+06
1.818e+06
1.81821e+06
1.81841e+06
1.81862e+06
1.81913e+06
1.81925e+06
1.81944e+06
1.81964e+06
1.81984e+06
1.82005e+06
1.82026e+06
1.82046e+06
1.82067e+06
1.82087e+06
1.82108e+06
1.82129e+06
1.82149e+06
1.82169e+06
1.82189e+06
1.8221e+06
1.8223e+06
1.82251e+06
1.82272e+06
1.82292e+06
1.82314e+06
1.82333e+06
1.82353e+06
1.82374e+06
1.82394e+06
1.82415e+06
1.82435e+06
1.82456e+06
1.82476e+06
1.82497e+06
1.82517e+06
1.82539e+06
1.82558e+06
1.82578e+06
1.82599e+06
1.82619e+06
1.8264e+06
1.82661e+06
1.82681e+06
1.82701e+06
1.82722e+06
1.82742e+06
1.82763e+06
1.82783e+06
1.82805e+06
1.82824e+06
1.82845e+06
1.82865e+06
1.82886e+06
1.82906e+06
1.82936e+06
1.82947e+06
1.82968e+06
1.82988e+06
1.83009e+06
1.83029e+06
1.8305e+06
1.8307e+06
1.83091e+06
1.83111e+06
1.83132e+06
1.83153e+06
1.83173e+06
1.83193e+06
1.83213e+06
1.83234e+06
1.83255e+06
1.83275e+06
1.83296e+06
1.83316e+06
1.83336e+06
1.83357e+06
1.83377e+06
1.83398e+06
1.8342e+06
1.83439e+06
1.83459e+06
1.8348e+06
1.835e+06
1.83521e+06
1.83542e+06
1.83562e+06
1.83582e+06
1.83603e+06
1.83623e+06
1.83644e+06
1.83664e+06
1.83685e+06
1.83705e+06
1.83726e+06
1.83747e+06
1.83767e+06
1.83787e+06
1.83807e+06
1.83828e+06
1.83848e+06
1.83869e+06
1.83891e+06
1.8391e+06
1.8393e+06
1.83951e+06
1.83971e+06
1.83992e+06
1.84053e+06
1.84074e+06
1.84094e+06
1.84115e+06
1.84135e+06
1.84156e+06
1.84176e+06
1.84197e+06
1.84217e+06
1.84238e+06
1.84258e+06
1.84279e+06
1.84299e+06
1.84319e+06
1.8434e+06
1.8436e+06
1.84382e+06
1.84401e+06
1.84422e+06
1.84443e+06
1.84463e+06
1.84483e+06
1.84504e+06
1.84525e+06
1.84545e+06
1.84565e+06
1.84586e+06
1.84606e+06
1.84627e+06
1.84647e+06
1.84668e+06
1.84688e+06
1.84709e+06
1.84729e+06
1.8475e+06
1.8477e+06
1.84791e+06
1.84811e+06
1.84832e+06
1.84852e+06
1.84873e+06
1.84893e+06
1.84914e+06
1.84934e+06
1.84954e+06
1.84975e+06
1.84995e+06
1.85016e+06
1.85037e+06
1.85057e+06
1.85077e+06
1.85098e+06
1.85118e+06
1.85139e+06
1.85159e+06
1.85181e+06
1.852e+06
1.8522e+06
1.85261e+06
1.85282e+06
1.85302e+06
1.85325e+06
1.85344e+06
1.85364e+06
1.85384e+06
1.85405e+06
1.85425e+06
1.85446e+06
1.85467e+06
1.85488e+06
1.85507e+06
1.85528e+06
1.85548e+06
1.85569e+06
1.85589e+06
1.8561e+06
1.8563e+06
1.8565e+06
1.85672e+06
1.85692e+06
1.85712e+06
1.85732e+06
1.85753e+06
1.85774e+06
1.85794e+06
1.85814e+06
1.85836e+06
1.85855e+06
1.85876e+06
1.85897e+06
1.85917e+06
1.85937e+06
1.85958e+06
1.85978e+06
1.85999e+06
1.86019e+06
1.8604e+06
1.8606e+06
1.8608e+06
1.86101e+06
1.86121e+06
1.86142e+06
1.86163e+06
1.86183e+06
1.86203e+06
1.86224e+06
1.86244e+06
1.86265e+06
1.86285e+06
1.86306e+06
1.86326e+06
1.86347e+06
1.86367e+06
1.86388e+06
1.8641e+06
1.86429e+06
1.86449e+06
1.8647e+06
1.86491e+06
1.86511e+06
1.86531e+06
1.86551e+06
1.86572e+06
1.86592e+06
1.86613e+06
1.86634e+06
1.86655e+06
1.86675e+06
1.86695e+06
1.86716e+06
1.86737e+06
1.86756e+06
1.86777e+06
1.86798e+06
1.86819e+06
1.86839e+06
1.86859e+06
1.86879e+06
1.869e+06
1.8692e+06
1.86941e+06
1.86962e+06
1.86982e+06
1.87002e+06
1.87023e+06
1.87043e+06
1.87064e+06
1.87084e+06
1.87105e+06
1.87125e+06
1.87146e+06
1.87166e+06
1.87187e+06
1.87207e+06
1.87228e+06
1.87248e+06
1.87269e+06
1.87289e+06
1.8731e+06
1.8733e+06
1.87351e+06
1.87371e+06
1.87391e+06
1.87412e+06
1.87432e+06
1.87453e+06
1.87474e+06
1.87494e+06
1.87514e+06
1.87535e+06
1.87555e+06
1.87576e+06
1.87596e+06
1.87617e+06
1.87638e+06
1.87658e+06
1.87678e+06
1.87699e+06
1.87719e+06
1.87739e+06
1.8776e+06
1.8778e+06
1.87802e+06
1.87822e+06
1.87842e+06
1.87862e+06
1.87883e+06
1.87903e+06
1.87924e+06
1.87945e+06
1.87965e+06
1.87985e+06
1.88006e+06
1.88026e+06
1.88047e+06
1.88067e+06
1.88088e+06
1.88109e+06
1.88129e+06
1.88149e+06
1.8817e+06
1.8819e+06
1.8821e+06
1.88231e+06
1.88252e+06
1.88272e+06
1.88293e+06
1.88313e+06
1.88333e+06
1.88354e+06
1.88374e+06
1.88395e+06
1.88416e+06
1.88438e+06
1.88456e+06
1.88477e+06
1.88499e+06
1.88518e+06
1.88538e+06
1.88559e+06
1.8858e+06
1.886e+06
1.8862e+06
1.88641e+06
1.88661e+06
1.88681e+06
1.88702e+06
1.88722e+06
1.88743e+06
1.88764e+06
1.88784e+06
1.88804e+06
1.88825e+06
1.88845e+06
1.88866e+06
1.88886e+06
1.88907e+06
1.88928e+06
1.88948e+06
1.88968e+06
1.88989e+06
1.89009e+06
1.8903e+06
1.8905e+06
1.89071e+06
1.89093e+06
1.89112e+06
1.89132e+06
1.89153e+06
1.89173e+06
1.89193e+06
1.89214e+06
1.89235e+06
1.89256e+06
1.89276e+06
1.89296e+06
1.89317e+06
1.89337e+06
1.89357e+06
1.89378e+06
1.89398e+06
1.8942e+06
1.89439e+06
1.8946e+06
1.8948e+06
1.89501e+06
1.89521e+06
1.89542e+06
1.89562e+06
1.89583e+06
1.89603e+06
1.89624e+06
1.89644e+06
1.89664e+06
1.89685e+06
1.89705e+06
1.89728e+06
1.89747e+06
1.89767e+06
1.89788e+06
1.89808e+06
1.89828e+06
1.89849e+06
1.89869e+06
1.89891e+06
1.8991e+06
1.89931e+06
1.89951e+06
1.89972e+06
1.89992e+06
1.90013e+06
1.90034e+06
1.90054e+06
1.90074e+06
1.90095e+06
1.90115e+06
1.90136e+06
1.90156e+06
1.90177e+06
1.90198e+06
1.90218e+06
1.90238e+06
1.90259e+06
1.90279e+06
1.90299e+06
1.9032e+06
1.90341e+06
1.90361e+06
1.90381e+06
1.90402e+06
1.90422e+06
1.90443e+06
1.90463e+06
1.90484e+06
1.90506e+06
1.90525e+06
1.90545e+06
1.90566e+06
1.90586e+06
1.90608e+06
1.90627e+06
1.90647e+06
1.90669e+06
1.90688e+06
1.90709e+06
1.9073e+06
1.9075e+06
1.9077e+06
1.90791e+06
1.90812e+06
1.90832e+06
1.90853e+06
1.90873e+06
1.90893e+06
1.90914e+06
1.90934e+06
1.90955e+06
1.90976e+06
1.90996e+06
1.91016e+06
1.91037e+06
1.91057e+06
1.91078e+06
1.91098e+06
1.91119e+06
1.9114e+06
1.9116e+06
1.9118e+06
1.912e+06
1.91221e+06
1.91241e+06
1.91262e+06
1.91282e+06
1.91304e+06
1.91324e+06
1.91344e+06
1.91364e+06
1.91385e+06
1.91405e+06
1.91426e+06
1.91446e+06
1.91468e+06
1.91487e+06
1.91508e+06
1.91528e+06
1.91549e+06
1.91569e+06
1.9159e+06
1.9161e+06
1.91631e+06
1.91652e+06
1.91672e+06
1.91692e+06
1.91712e+06
1.91733e+06
1.91754e+06
1.91774e+06
1.91795e+06
1.91815e+06
1.91836e+06
1.91856e+06
1.91876e+06
1.91897e+06
1.91917e+06
1.91938e+06
1.91959e+06
1.91979e+06
1.91999e+06
1.9202e+06
1.9204e+06
1.92061e+06
1.92081e+06
1.92101e+06
1.92123e+06
1.92143e+06
1.92163e+06
1.92183e+06
1.92204e+06
1.92225e+06
1.92245e+06
1.92266e+06
1.92286e+06
1.92306e+06
1.92327e+06
1.92347e+06
1.92368e+06
1.92388e+06
1.92409e+06
1.9243e+06
1.9245e+06
1.9247e+06
1.92491e+06
1.92511e+06
1.92532e+06
1.92552e+06
1.92572e+06
1.92594e+06
1.92614e+06
1.92634e+06
1.92654e+06
1.92675e+06
1.92697e+06
1.92716e+06
1.92736e+06
1.92758e+06
1.92777e+06
1.92798e+06
1.92818e+06
1.92839e+06
1.92859e+06
1.9288e+06
1.92901e+06
1.92921e+06
1.92941e+06
1.92962e+06
1.92982e+06
1.93003e+06
1.93023e+06
1.93044e+06
1.93065e+06
1.93085e+06
1.93105e+06
1.93125e+06
1.93146e+06
1.93166e+06
1.93187e+06
1.93207e+06
1.93229e+06
1.93249e+06
1.93269e+06
1.93289e+06
1.9331e+06
1.9333e+06
1.93351e+06
1.93372e+06
1.93392e+06
1.93412e+06
1.93433e+06
1.93453e+06
1.93474e+06
1.93494e+06
1.93514e+06
1.93536e+06
1.93556e+06
1.93576e+06
1.93597e+06
1.93617e+06
1.93638e+06
1.93658e+06
1.93678e+06
1.937e+06
1.9372e+06
1.9374e+06
1.9376e+06
1.93781e+06
1.93801e+06
1.93822e+06
1.93842e+06
1.93864e+06
1.93884e+06
1.93904e+06
1.93924e+06
1.93945e+06
1.93966e+06
1.93986e+06
1.94006e+06
1.94027e+06
1.94047e+06
1.94074e+06
1.94088e+06
1.94109e+06
1.94129e+06
1.94149e+06
1.94171e+06
1.94191e+06
1.94211e+06
1.94231e+06
1.94252e+06
1.94272e+06
1.94293e+06
1.94313e+06
1.94334e+06
1.94354e+06
1.94375e+06
1.94395e+06
1.94416e+06
1.94436e+06
1.94457e+06
1.94478e+06
1.94498e+06
1.94518e+06
1.94539e+06
1.94559e+06
1.9458e+06
1.946e+06
1.9462e+06
1.94642e+06
1.94662e+06
1.94682e+06
1.94702e+06
1.94723e+06
1.94743e+06
1.94764e+06
1.94784e+06
1.94805e+06
1.94825e+06
1.94846e+06
1.94866e+06
1.94887e+06
1.94907e+06
1.94928e+06
1.94948e+06
1.94969e+06
1.94989e+06
1.9501e+06
1.9503e+06
1.95051e+06
1.95071e+06
1.95092e+06
1.95112e+06
1.95133e+06
1.95153e+06
1.95174e+06
1.95194e+06
1.95214e+06
1.95235e+06
1.95255e+06
1.95276e+06
1.95297e+06
1.95317e+06
1.95337e+06
1.95358e+06
1.95378e+06
1.95399e+06
1.95419e+06
1.9544e+06
1.9546e+06
1.9548e+06
1.95501e+06
1.95522e+06
1.95542e+06
1.95562e+06
1.95585e+06
1.95604e+06
1.95624e+06
1.95644e+06
1.95665e+06
1.95686e+06
1.95706e+06
1.95726e+06
1.95748e+06
1.95767e+06
1.95788e+06
1.95808e+06
1.95829e+06
1.95849e+06
1.9587e+06
1.9589e+06
1.95911e+06
1.95931e+06
1.95952e+06
1.95972e+06
1.95993e+06
1.96013e+06
1.96034e+06
1.96057e+06
1.96075e+06
1.96095e+06
1.96115e+06
1.96136e+06
1.96157e+06
1.96177e+06
1.96197e+06
1.96219e+06
1.96239e+06
1.96259e+06
1.96279e+06
1.963e+06
1.96321e+06
1.96341e+06
1.96361e+06
1.96382e+06
1.96403e+06
1.96423e+06
1.96443e+06
1.96464e+06
1.96484e+06
1.96505e+06
1.96526e+06
1.96546e+06
1.96566e+06
1.96586e+06
1.96607e+06
1.96628e+06
1.96648e+06
1.96668e+06
1.9669e+06
1.9671e+06
1.9673e+06
1.9675e+06
1.96771e+06
1.96793e+06
1.96812e+06
1.96833e+06
1.96853e+06
1.96873e+06
1.96894e+06
1.96914e+06
1.96935e+06
1.96955e+06
1.96977e+06
1.96996e+06
1.97016e+06
1.97037e+06
1.97057e+06
1.97078e+06
1.97099e+06
1.97119e+06
1.9714e+06
1.9716e+06
1.9718e+06
1.97201e+06
1.97221e+06
1.97242e+06
1.97263e+06
1.97283e+06
1.97303e+06
1.97324e+06
1.97344e+06
1.97365e+06
1.97385e+06
1.97406e+06
1.97427e+06
1.97447e+06
1.97467e+06
1.97488e+06
1.97508e+06
1.97529e+06
1.9755e+06
1.9757e+06
1.9759e+06
1.9761e+06
1.97632e+06
1.97652e+06
1.97672e+06
1.97692e+06
1.97714e+06
1.97734e+06
1.97754e+06
1.97774e+06
1.97795e+06
1.97815e+06
1.97836e+06
1.97856e+06
1.97878e+06
1.97898e+06
1.97917e+06
1.97939e+06
1.97959e+06
1.97979e+06
1.98e+06
1.98021e+06
1.98041e+06
1.98061e+06
1.98082e+06
1.98102e+06
1.98123e+06
1.98143e+06
1.98163e+06
1.98185e+06
1.98204e+06
1.98225e+06
1.98245e+06
1.98266e+06
1.98286e+06
1.98307e+06
1.98328e+06
1.98348e+06
1.98368e+06
1.98389e+06
1.98409e+06
1.9843e+06
1.9845e+06
1.98472e+06
1.98491e+06
1.98512e+06
1.98532e+06
1.98553e+06
1.98573e+06
1.98593e+06
1.98614e+06
1.98635e+06
1.98655e+06
1.98676e+06
1.98696e+06
1.98716e+06
1.98737e+06
1.98758e+06
1.98779e+06
1.98798e+06
1.98819e+06
1.98839e+06
1.9886e+06
1.98882e+06
1.98901e+06
1.98921e+06
1.98942e+06
1.98962e+06
1.98983e+06
1.99003e+06
1.99024e+06
1.99044e+06
1.99064e+06
1.99095e+06
1.99106e+06
1.99126e+06
1.99147e+06
1.99167e+06
1.99187e+06
1.99208e+06
1.99229e+06
1.9925e+06
1.99269e+06
1.9929e+06
1.9931e+06
1.99331e+06
1.99351e+06
1.99372e+06
1.99394e+06
1.99413e+06
1.99434e+06
1.99454e+06
1.99474e+06
1.99495e+06
1.99515e+06
1.99535e+06
1.99557e+06
1.99576e+06
1.99597e+06
1.99618e+06
1.99639e+06
1.99659e+06
1.99679e+06
1.99699e+06
1.99721e+06
1.99741e+06
1.99761e+06
1.99781e+06
1.99802e+06
1.99822e+06
1.99843e+06
1.99864e+06
1.99884e+06
1.99904e+06
1.99925e+06
1.99945e+06
1.99966e+06
1.99986e+06
2.00007e+06
2.00028e+06
2.00048e+06
2.00068e+06
2.00089e+06
2.00109e+06
2.0013e+06
2.0015e+06
2.0017e+06
2.00192e+06
2.00211e+06
2.00232e+06
2.00253e+06
2.00273e+06
2.00293e+06
2.00314e+06
2.00334e+06
2.00356e+06
2.00375e+06
2.00396e+06
2.00416e+06
2.00437e+06
2.00457e+06
2.00478e+06
2.00499e+06
2.00519e+06
2.00539e+06
2.0056e+06
2.0058e+06
2.006e+06
2.00621e+06
2.00641e+06
2.00663e+06
2.00682e+06
2.00703e+06
2.00723e+06
2.00744e+06
2.00764e+06
2.00785e+06
2.00805e+06
2.00826e+06
2.00846e+06
2.00867e+06
2.00887e+06
2.00908e+06
2.00928e+06
2.00949e+06
2.0097e+06
2.0099e+06
2.0101e+06
2.0103e+06
2.01051e+06
2.01071e+06
2.01092e+06
2.01112e+06
2.01133e+06
2.01154e+06
2.01174e+06
2.01194e+06
2.01214e+06
2.01235e+06
2.01255e+06
2.01276e+06
2.01299e+06
2.01317e+06
2.01337e+06
2.01358e+06
2.01378e+06
2.01399e+06
2.01419e+06
2.0144e+06
2.01461e+06
2.01481e+06
2.01502e+06
2.01522e+06
2.01542e+06
2.01563e+06
2.01583e+06
2.01604e+06
2.01624e+06
2.01645e+06
2.01665e+06
2.01685e+06
2.01706e+06
2.01727e+06
2.01747e+06
2.01768e+06
2.01788e+06
2.01808e+06
2.01829e+06
2.0185e+06
2.0187e+06
2.01891e+06
2.01912e+06
2.01931e+06
2.01952e+06
2.01972e+06
2.01993e+06
2.02013e+06
2.02034e+06
2.02054e+06
2.02075e+06
2.02095e+06
2.02116e+06
2.02136e+06
2.02157e+06
2.02177e+06
2.02197e+06
2.02218e+06
2.02239e+06
2.02259e+06
2.02279e+06
2.023e+06
2.02321e+06
2.02341e+06
2.02361e+06
2.02382e+06
2.02403e+06
2.02423e+06
2.02444e+06
2.02464e+06
2.02484e+06
2.02505e+06
2.02525e+06
2.02545e+06
2.02567e+06
2.02587e+06
2.02607e+06
2.02628e+06
2.02648e+06
2.02669e+06
2.02689e+06
2.0271e+06
2.0273e+06
2.02751e+06
2.02771e+06
2.02791e+06
2.02812e+06
2.02832e+06
2.02853e+06
2.02874e+06
2.02894e+06
2.02914e+06
2.02935e+06
2.02956e+06
2.02977e+06
2.02997e+06
2.03017e+06
2.03037e+06
2.03058e+06
2.03078e+06
2.03099e+06
2.03119e+06
2.0314e+06
2.0316e+06
2.03181e+06
2.03201e+06
2.03222e+06
2.03242e+06
2.03262e+06
2.03283e+06
2.03304e+06
2.03324e+06
2.03344e+06
2.03365e+06
2.03385e+06
2.03406e+06
2.03426e+06
2.03447e+06
2.03467e+06
2.03488e+06
2.03509e+06
2.03529e+06
2.03549e+06
2.0357e+06
2.0359e+06
2.03611e+06
2.03631e+06
2.03652e+06
2.03673e+06
2.03693e+06
2.03713e+06
2.03733e+06
2.03754e+06
2.03774e+06
2.03795e+06
2.03816e+06
2.03836e+06
2.03856e+06
2.03877e+06
2.03897e+06
2.03918e+06
2.03938e+06
2.03959e+06
2.0398e+06
2.04019e+06
2.0402e+06
2.04041e+06
2.04061e+06
2.04082e+06
2.04102e+06
2.04123e+06
2.04144e+06
2.04164e+06
2.04184e+06
2.04205e+06
2.04225e+06
2.04246e+06
2.04266e+06
2.04286e+06
2.04307e+06
2.04327e+06
2.04348e+06
2.04368e+06
2.04389e+06
2.0441e+06
2.04431e+06
2.0445e+06
2.04471e+06
2.04491e+06
2.04512e+06
2.04532e+06
2.04553e+06
2.04573e+06
2.04594e+06
2.04614e+06
2.04634e+06
2.04655e+06
2.04675e+06
2.04696e+06
2.04716e+06
2.04737e+06
2.04758e+06
2.04778e+06
2.04799e+06
2.04819e+06
2.0484e+06
2.0486e+06
2.0488e+06
2.04901e+06
2.04923e+06
2.04942e+06
2.04962e+06
2.04983e+06
2.05003e+06
2.05024e+06
2.05044e+06
2.05067e+06
2.05085e+06
2.05106e+06
2.05126e+06
2.05147e+06
2.05167e+06
2.05187e+06
2.05208e+06
2.05229e+06
2.05249e+06
2.05269e+06
2.0529e+06
2.05311e+06
2.05331e+06
2.05351e+06
2.05372e+06
2.05393e+06
2.05413e+06
2.05433e+06
2.05454e+06
2.05474e+06
2.05495e+06
2.05515e+06
2.05536e+06
2.05556e+06
2.05577e+06
2.05597e+06
2.05618e+06
2.05638e+06
2.05659e+06
2.05679e+06
2.057e+06
2.0572e+06
2.0574e+06
2.05761e+06
2.05782e+06
2.05802e+06
2.05822e+06
2.05843e+06
2.05864e+06
2.05884e+06
2.05904e+06
2.05926e+06
2.05945e+06
2.05966e+06
2.05986e+06
2.06007e+06
2.06028e+06
2.06048e+06
2.06068e+06
2.06088e+06
2.06109e+06
2.06129e+06
2.06151e+06
2.06171e+06
2.06191e+06
2.06211e+06
2.06232e+06
2.06252e+06
2.06273e+06
2.06293e+06
2.06315e+06
2.06334e+06
2.06355e+06
2.06375e+06
2.06396e+06
2.06416e+06
2.06437e+06
2.06458e+06
2.06478e+06
2.06498e+06
2.06519e+06
2.06539e+06
2.0656e+06
2.0658e+06
2.06601e+06
2.06622e+06
2.06642e+06
2.06662e+06
2.06683e+06
2.06703e+06
2.06723e+06
2.06744e+06
2.06765e+06
2.06785e+06
2.06805e+06
2.06826e+06
2.06846e+06
2.06867e+06
2.06887e+06
2.06908e+06
2.06929e+06
2.06949e+06
2.0697e+06
2.0699e+06
2.0701e+06
2.07031e+06
2.07051e+06
2.07072e+06
2.07093e+06
2.07113e+06
2.07133e+06
2.07154e+06
2.07176e+06
2.07195e+06
2.07215e+06
2.07236e+06
2.07256e+06
2.07277e+06
2.07297e+06
2.07318e+06
2.07338e+06
2.07358e+06
2.07379e+06
2.07401e+06
2.07421e+06
2.07441e+06
2.07461e+06
2.07481e+06
2.07502e+06
2.07522e+06
2.07543e+06
2.07565e+06
2.07584e+06
2.07605e+06
2.07625e+06
2.07645e+06
2.07666e+06
2.07686e+06
2.07707e+06
2.07729e+06
2.07748e+06
2.07768e+06
2.07789e+06
2.07809e+06
2.0783e+06
2.0785e+06
2.07871e+06
2.07891e+06
2.07912e+06
2.07932e+06
2.07952e+06
2.07973e+06
2.07993e+06
2.08014e+06
2.08035e+06
2.08055e+06
2.08075e+06
2.08096e+06
2.08117e+06
2.08137e+06
2.08157e+06
2.08178e+06
2.08199e+06
2.08219e+06
2.08239e+06
2.0826e+06
2.0828e+06
2.083e+06
2.08321e+06
2.08341e+06
2.08362e+06
2.08383e+06
2.08403e+06
2.08424e+06
2.08444e+06
2.08464e+06
2.08485e+06
2.08506e+06
2.08526e+06
2.08547e+06
2.08567e+06
2.08587e+06
2.08608e+06
2.08628e+06
2.08649e+06
2.0867e+06
2.0869e+06
2.0871e+06
2.08731e+06
2.08751e+06
2.08771e+06
2.08792e+06
2.08813e+06
2.08834e+06
2.08854e+06
2.08874e+06
2.08895e+06
2.08915e+06
2.08935e+06
2.08956e+06
2.08977e+06
2.08997e+06
2.09017e+06
2.09063e+06
2.09079e+06
2.09099e+06
2.0912e+06
2.09141e+06
2.09161e+06
2.09182e+06
2.09202e+06
2.09222e+06
2.09243e+06
2.09265e+06
2.09283e+06
2.09305e+06
2.09325e+06
2.09345e+06
2.09366e+06
2.09386e+06
2.09406e+06
2.09427e+06
2.09449e+06
2.09468e+06
2.09489e+06
2.09509e+06
2.0953e+06
2.0955e+06
2.0957e+06
2.09591e+06
2.09612e+06
2.09632e+06
2.09652e+06
2.09673e+06
2.09693e+06
2.09714e+06
2.09734e+06
2.09755e+06
2.09776e+06
2.09796e+06
2.09817e+06
2.09837e+06
2.09857e+06
2.09877e+06
2.09898e+06
2.09919e+06
2.09939e+06
2.09959e+06
2.0998e+06
2.1e+06
2.10021e+06
2.10041e+06
2.10062e+06
2.10084e+06
2.10103e+06
2.10124e+06
2.10144e+06
2.10164e+06
2.10185e+06
2.10205e+06
2.10226e+06
2.10263e+06
2.10267e+06
2.10287e+06
2.10308e+06
2.10328e+06
2.10349e+06
2.10369e+06
2.10389e+06
2.10411e+06
2.1043e+06
2.10451e+06
2.10471e+06
2.10492e+06
2.10512e+06
2.10533e+06
2.10553e+06
2.10575e+06
2.10595e+06
2.10615e+06
2.10635e+06
2.10656e+06
2.10676e+06
2.10697e+06
2.10717e+06
2.10739e+06
2.10758e+06
2.10778e+06
2.10799e+06
2.1082e+06
2.1084e+06
2.10861e+06
2.10881e+06
2.10902e+06
2.10923e+06
2.10943e+06
2.10963e+06
2.10983e+06
2.11004e+06
2.11024e+06
2.11045e+06
2.11067e+06
2.11086e+06
2.11106e+06
2.11127e+06
2.11147e+06
2.11168e+06

------------------------------------------------------------------------------------------------------------------------------------------------

packet size: 516
number of packets: 10000
RATE = 19924.63kbps, PPS = 4826.7
