Destination address set to 01:1B:19:00:00:00
Defaults: 01:1B:19:00:00:00 or 01:80:C2:00:00:0E
SIOCSHWTSTAMP: tx_type 1 requested, got 1; rx_filter 0 requested, got 0
setting ts_flags: 0x53
new ts_flags: 0x53


hw tx time, us: packets 10000:
relative abs time 1517965531883553801 ns
first packet abs time 1517965531883553801 ns
------------------------------------------------------------------------------------------------------------------------------------------------
0
95.677
166.421
287.004
376.711
484.711
589.508
692.647
798.222
885.301
996.102
1099.09
1201.52
1303.67
1406.41
1508.88
1611.97
1715.04
1817.41
1922.51
2024.65
2127.71
2230.3
2332.57
2434.85
2536.64
2638.37
2741.24
2842.84
2947.51
3049.71
3151.39
3253.34
3355.77
3458.85
3561.56
3663.78
3766.17
3867.22
3971.29
4073.63
4175.41
4277.09
4379.13
4481.47
4584.44
4686.08
4787.63
4889.35
4994.62
5096.03
5198.51
5301.07
5403.91
5506.42
5608.29
5709.72
5812.1
5913.6
6018.14
6120.5
6222.63
6324.64
6426.69
6528.47
6622.27
6730.47
6837.33
6935.53
7053.2
7126.16
7249.73
7381.81
7461.56
7569.11
7678.04
7763.48
7869.37
7954.97
8063.17
8150.32
8265.95
8355.52
8458.43
8566.96
8668.16
8770.62
8873.43
8975.8
9078.48
9182.22
9282.56
9385.11
9487.5
9589.36
9692.49
9794.32
9896.7
9999.49
10101.3
10206.4
10307.1
10409.1
10511.4
10613.6
10716.5
10818.7
10921.2
11023
11126
11227.5
11327.9
11433.5
11536.2
11638.1
11740.3
11842.5
11945.2
12047.4
12150.2
12251.7
12354.3
12457.2
12559.5
12661.8
12763.9
12866.6
12968.9
13071.4
13173.8
13276.4
13380.4
13481
13583.6
13685.8
13788
13890.2
13992.9
14095
14197.9
14299.8
14404.2
14505
14606.9
14709.4
14812.3
14914.3
15016.7
15119.2
15221.3
15324.3
15425.9
15528.9
15631.1
15732.8
15835.8
15938.3
16041
16143.1
16245.9
16348.3
16450.3
16553.1
16655.2
16756.8
16859.5
16962.8
17064.9
17166.6
17269.5
17371.6
17474.3
17576.6
17679.1
17781.2
17879.7
17986.7
18088.7
18191.2
18293.8
18395.8
18498.2
18603.2
18703.2
18805.5
18907.9
19010.3
19112.6
19215
19317.5
19419.8
19522.3
19624.3
19727.1
19829.3
19932.1
20034.3
20137
20238.7
20341.1
20443.7
20545.4
20649
20751.2
20853.6
20955.5
21058.1
21160.3
21262.7
21365.2
21467.3
21570
21672.8
21774.6
21877.3
21979.7
22082.3
22184.7
22287
22389.2
22491.7
22593.8
22696.3
22800.4
22901.2
23003.6
23106.7
23208.5
23310.7
23412.8
23515.5
23618
23720.7
23823.2
23925.6
24027.7
24130.3
24232.3
24334.8
24432.1
24540.4
24641.8
24744.4
24847.1
24949.4
25051.3
25154.1
25256.2
25358.2
25461.2
25563.5
25665.9
25768.1
25870.6
25973.1
26075.5
26177.9
26280
26382.8
26484.7
26587.8
26689.6
26791.9
26890.4
27050.5
27127
27233.2
27316.4
27427.4
27504.9
27615.1
27710.6
27841.7
27951.2
28132
28220.4
28321
28423.1
28524.6
28627.5
28729.5
28832.3
28933.8
29036.8
29139.2
29241.6
29344
29446.6
29548.8
29651.6
29753
29855.6
29958
30060.4
30163.3
30265.3
30367.8
30469.9
30572.7
30675.2
30776.9
30879.6
30982.3
31084.4
31188.5
31289.5
31391.9
31494.2
31596.2
31698.7
31801.2
31903.4
32006.5
32108.6
32211.3
32313.4
32415.6
32517.8
32620.5
32723
32825.1
32928
33030.4
33132.5
33234.8
33337.6
33439.5
33541.7
33644.4
33746.6
33849.2
33951.5
34053.7
34156.6
34259.1
34361.3
34463.6
34566.1
34668.8
34770.8
34873.4
34975.4
35078.2
35180.2
35282.4
35387.1
35487.6
35589.6
35692.1
35795.3
35897.4
35999.8
36101.9
36204.3
36306.5
36410.7
36511.5
36613.3
36716.2
36822.6
36921.1
37023.7
37125.6
37228.9
37330.9
37432.8
37535.6
37637.7
37740.1
37842.8
37945.1
38047.5
38149.7
38252.3
38354.8
38456.8
38559.8
38661.8
38763.8
38866.8
38969.1
39071.5
39173.9
39276.1
39378.4
39481
39585
39685.4
39788.1
39890.5
39992.7
40095.4
40197.4
40300.6
40402.3
40505
40608.7
40709.8
40812.3
40914.6
41016.9
41119.1
41221.9
41324.2
41426.5
41529.1
41631.3
41733.5
41835.8
41938.5
42041
42143.5
42245.4
42348
42451
42552.7
42655.2
42757.8
42860.4
42962.5
43064.8
43167
43269.4
43371.6
43474.2
43576.8
43679.3
43783.3
43884.1
43986.6
44088.9
44191.3
44293.6
44395.8
44498.2
44600.5
44703.1
44807.3
44908
45010.1
45113.1
45215.1
45317.5
45419.9
45522.4
45625.2
45727
45829.4
45932.3
46034.8
46136.8
46239.3
46341.3
46443.8
46546
46648.9
46750.7
46857.2
46956.5
47058.4
47161
47263.4
47365.4
47468.3
47570.3
47673
47775.5
47877.4
48120.2
48197.5
48310.3
48387.4
48537
48641.8
48724.1
48828.9
48910.4
49014.8
49149.9
49201
49321.7
49422.4
49524.5
49626.6
49729.3
49831.1
49934
50036.1
50139
50240.7
50342.8
50445.6
50548.1
50650.4
50752.7
50855.3
50957.6
51060
51163
51264.8
51366.8
51469.7
51571.6
51674.1
51776.6
51878.8
51981.4
52084.1
52186
52288.5
52390.7
52493.4
52595.8
52698.2
52800.7
52903
53006
53108
53212.2
53312.9
53415.4
53517.1
53620.1
53722.3
53824.8
53922.1
54029.8
54132.4
54234.7
54336.7
54439.2
54541.7
54644.2
54747
54848.7
54951.2
55053.3
55156.4
55258.4
55360.9
55463.1
55565.7
55668
55770.4
55872.3
55975.1
56077
56180.4
56281.9
56384.6
56487.4
56589.3
56691.7
56794.3
56902.2
56999.3
57101.9
57204.2
57306.4
57411
57511.2
57613.9
57715.8
57818.5
57920.7
58023.1
58125.8
58227.3
58330
58432.1
58535.2
58637.6
58739.7
58842
58944.8
59046.9
59149.4
59252.4
59354.3
59456.3
59559.6
59661.6
59763.7
59866.7
59968.7
60071
60173.9
60276.2
60378.4
60475.7
60583.2
60685.5
60788.3
60890.1
60992.6
61094.8
61197
61300.2
61402.3
61504.3
61608.8
61709.4
61811.8
61914.2
62016.2
62119.3
62221.1
62323.4
62426.1
62528.9
62632.9
62733.3
62835.6
62937.9
63040.3
63143.1
63245.3
63347.7
63449.8
63552.6
63654.8
63757.4
63859.7
63962.3
64064
64167.3
64269.1
64371.8
64474.2
64576.4
64678.6
64781.6
64884.1
64986.1
65088.6
65191.4
65293.8
65395.9
65497.9
65600.6
65703.5
65807
65907.2
66010.2
66112.7
66215.2
66317.5
66419.7
66522
66624.7
66726.9
66835.3
66932.3
67028.9
67136.7
67239.2
67340.9
67444
67546.5
67649.1
67750.9
67852.8
67955.6
68058
68160.4
68262.5
68364.7
68467.2
68569.9
68672.2
68774.5
68877.7
69003.3
69080.2
69192.3
69288.1
69378
69545.6
69620.2
69724.7
69806.8
69909.7
70079.6
70201.4
70303.1
70405
70507.1
70609.5
70712
70814
70916.7
71020.6
71121.4
71224
71326.2
71428.5
71531
71633.7
71735.8
71838.6
71941.1
72043.1
72145.7
72247.8
72350.2
72452.4
72554.9
72657.3
72759.2
72862.4
72964.1
73067.1
73169.4
73271.8
73374
73476.5
73579.1
73681.1
73783.5
73886
73988.6
74090.9
74194.8
74295.9
74397.9
74500
74602.7
74705.2
74807.8
74909.9
75013.1
75114.9
75218.8
75319.9
75422.3
75524.6
75627.1
75729.2
75831.9
75934
76036.3
76139.1
76241.6
76343.7
76446.1
76548.6
76650.2
76752.9
76859.2
76958.3
77060.6
77163
77265.2
77367.6
77469.8
77572.3
77674.9
77777.1
77879.6
77982.2
78084.4
78186.4
78289.5
78392.5
78494.3
78596.6
78698.4
78801.5
78903.8
79006
79108.6
79211
79313.1
79417.1
79517.8
79620.2
79722.5
79825.2
79927.5
80029.7
80132.4
80234.7
80337
80439.5
80542
80643.9
80746.9
80849.4
80951.4
81054.3
81156.4
81258.9
81361
81463.4
81565.9
81667.8
81770.8
81873.2
81975.3
82078
82180.2
82282.6
82385.2
82487.3
82589.6
82692.4
82794.3
82897.1
82999.5
83101.6
83204.1
83306.7
83408.8
83511.3
83615
83715.9
83818.2
83921.3
84023.4
84125.9
84228.2
84330.7
84433
84535.3
84637.7
84740.1
84842.4
84945.4
85047.5
85149.8
85252.2
85354.8
85456.9
85559.5
85661.4
85764.4
85866.4
85969.1
86071.4
86173.4
86275.7
86378.5
86481
86583.4
86686.1
86787.4
86891.5
86993
87095.7
87197.8
87299.8
87402.5
87504.8
87606.9
87709.5
87813.3
87914.3
88016.6
88119.3
88222
88324
88426.2
88528.4
88631
88733.9
88836
88938.5
89040.8
89143
89245.7
89347.6
89450.2
89552.6
89655.2
89757.6
89860.2
90056.4
90224
90300
90409.2
90491.5
90620.4
90697.6
90809
90885.4
90991.4
91126.5
91189.8
91303.2
91404.4
91507
91608.9
91711.2
91813.7
91916.4
92021
92121
92223.4
92325.8
92428
92530.6
92633
92735.5
92838
92940.5
93044.1
93144.7
93247.5
93349.8
93452.1
93554.7
93656.8
93758.9
93861.6
93964.6
94066.7
94169.3
94271.2
94373.7
94475.9
94578.1
94680.5
94782.9
94885.6
94988.1
95090.3
95193.4
95295.3
95397.3
95499.9
95602.6
95704.6
95807.4
95909.6
96012
96114.1
96216.9
96314.5
96421.8
96524.1
96626.1
96728.9
96836.1
96933.9
97035.7
97138.2
97242.3
97343.1
97444.9
97548.3
97649.8
97752.8
97854.8
97957.8
98059.8
98162.2
98264.5
98367.2
98469.1
98572
98674
98776.2
98879
98981.6
99083.7
99186.2
99288.5
99391.3
99493.1
99595.8
99698
99800.6
99903
100005
100108
100210
100313
100415
100517
100620
100722
100824
100927
101029
101132
101234
101337
101441
101541
101644
101746
101849
101951
102053
102156
102258
102360
102463
102566
102668
102770
102868
102975
103077
103180
103282
103385
103487
103589
103692
103794
103896
103999
104102
104204
104306
104408
104511
104614
104716
104818
104920
105023
105125
105228
105329
105433
105534
105639
105739
105842
105944
106046
106149
106251
106354
106456
106559
106661
106763
106860
106969
107071
107173
107275
107377
107480
107583
107685
107788
107890
107992
108095
108197
108300
108402
108504
108607
108709
108811
108914
109016
109118
109221
109324
109420
109528
109630
109734
109837
109938
110040
110143
110244
110347
110450
110552
110654
110757
110859
110985
111060
111172
111267
111357
111529
111603
111707
111788
111892
112063
112184
112285
112387
112490
112592
112694
112797
112899
113002
113104
113206
113309
113411
113513
113616
113718
113821
113924
114027
114128
114230
114333
114435
114537
114640
114742
114845
114947
115049
115152
115254
115357
115459
115561
115663
115766
115868
115971
116073
116176
116278
116381
116483
116585
116688
116790
116893
116995
117098
117199
117302
117405
117507
117610
117712
117814
117916
118019
118121
118225
118326
118428
118531
118633
118736
118838
118940
119043
119145
119249
119350
119452
119555
119657
119760
119862
119964
120067
120169
120271
120374
120476
120579
120681
120784
120886
120988
121091
121193
121295
121398
121501
121603
121705
121807
121910
122013
122115
122217
122319
122423
122524
122626
122729
122831
122934
123036
123139
123241
123343
123447
123549
123650
123753
123855
123958
124060
124163
124265
124368
124470
124572
124674
124777
124879
124982
125084
125187
125289
125392
125494
125596
125698
125801
125903
126006
126108
126210
126313
126415
126518
126621
126722
126829
126927
127030
127132
127234
127337
127440
127542
127646
127747
127849
127951
128054
128156
128258
128361
128463
128566
128668
128770
128873
128975
129077
129180
129283
129385
129487
129590
129692
129794
129896
129999
130102
130204
130307
130408
130511
130613
130716
130820
130921
131023
131126
131228
131330
131433
131535
131637
131740
131982
132059
132171
132248
132365
132460
132593
132752
132847
132984
133032
133082
133184
133285
133387
133489
133591
133694
133796
133898
134001
134104
134205
134308
134410
134513
134615
134718
134820
134923
135025
135127
135229
135332
135434
135537
135639
135741
135844
135946
136050
136151
136253
136356
136459
136561
136663
136765
136862
136971
137073
137175
137278
137380
137482
137585
137687
137789
137892
137994
138097
138199
138301
138404
138506
138609
138711
138809
138916
139018
139121
139223
139326
139428
139530
139632
139735
139837
139940
140042
140144
140249
140349
140452
140554
140657
140759
140862
140964
141067
141168
141271
141373
141475
141578
141680
141782
141886
141988
142089
142193
142295
142398
142500
142603
142704
142807
142909
143012
143114
143216
143319
143422
143524
143626
143729
143831
143933
144035
144138
144240
144343
144447
144548
144650
144753
144855
144957
145060
145162
145264
145373
145471
145572
145674
145777
145879
145982
146083
146186
146288
146391
146493
146596
146698
146820
146910
147006
147108
147210
147312
147415
147517
147619
147722
147824
147927
148029
148131
148234
148336
148439
148541
148645
148746
148848
148951
149053
149155
149258
149360
149463
149564
149670
149770
149872
149974
150077
150179
150282
150384
150486
150589
150691
150794
150896
150999
151101
151203
151306
151408
151510
151613
151715
151818
151915
152022
152125
152227
152330
152432
152535
152637
152740
152866
152943
153054
153150
153240
153400
153475
153579
153661
153765
153938
153976
154064
154165
154267
154370
154472
154575
154677
154779
154881
154984
155086
155188
155291
155393
155496
155598
155700
155803
155905
156008
156110
156212
156315
156417
156520
156622
156725
156831
156929
157034
157134
157236
157339
157441
157544
157646
157748
157851
157953
158057
158158
158261
158363
158465
158568
158670
158773
158875
158977
159079
159182
159284
159387
159489
159592
159694
159796
159899
160001
160104
160206
160308
160411
160513
160615
160718
160820
160922
161025
161127
161232
161333
161435
161537
161640
161742
161844
161947
162049
162151
162255
162356
162459
162561
162664
162766
162868
162971
163073
163175
163278
163380
163483
163585
163688
163790
163892
163994
164097
164200
164302
164405
164507
164609
164711
164814
164916
165019
165121
165223
165326
165428
165530
165633
165735
165838
165940
166043
166145
166247
166350
166454
166555
166657
166760
166862
166964
167067
167169
167271
167374
167477
167579
167681
167783
167886
167988
168091
168193
168295
168397
168501
168602
168705
168807
168909
169012
169115
169217
169319
169421
169524
169627
169729
169832
169934
170036
170138
170241
170343
170446
170548
170652
170753
170856
170957
171060
171162
171265
171367
171469
171572
171674
171777
171879
171982
172084
172187
172289
172391
172493
172596
172698
172801
172903
173006
173108
173210
173313
173415
173518
173620
173722
173916
174087
174162
174264
174347
174458
174535
174646
174799
174953
175063
175165
175267
175369
175472
175574
175676
175778
175883
175983
176086
176188
176290
176393
176495
176598
176699
176822
176911
177008
177110
177212
177314
177417
177519
177622
177724
177826
177928
178031
178134
178236
178338
178441
178543
178646
178748
178850
178953
179055
179158
179260
179363
179465
179567
179669
179771
179875
179977
180081
180181
180284
180386
180489
180590
180693
180796
180898
181000
181103
181206
181308
181405
181513
181615
181718
181820
181922
182025
182127
182229
182332
182435
182537
182639
182741
182844
182946
183049
183151
183254
183355
183459
183560
183663
183765
183868
183970
184073
184175
184280
184380
184482
184585
184687
184789
184891
184994
185097
185199
185301
185404
185506
185609
185711
185813
185915
186018
186121
186223
186325
186428
186530
186632
186735
186842
186949
187056
187160
187250
187359
187467
187557
187667
187761
187872
187950
188066
188169
188271
188373
188477
188578
188680
188783
188885
188988
189090
189192
189295
189397
189499
189602
189704
189808
189909
190012
190114
190216
190319
190421
190524
190627
190728
190831
190933
191036
191138
191241
191343
191445
191547
191650
191752
191855
191957
192060
192162
192264
192367
192469
192572
192675
192776
192878
192981
193084
193186
193288
193391
193493
193596
193698
193801
193903
194005
194108
194210
194312
194414
194512
194620
194722
194848
194924
195035
195131
195225
195385
195459
195563
195644
195748
195921
195959
196046
196148
196250
196352
196454
196557
196659
196761
196866
196967
197069
197171
197273
197375
197478
197580
197683
197785
197887
197990
198092
198195
198297
198400
198502
198605
198707
198809
198911
199014
199116
199219
199321
199424
199526
199628
199731
199833
199935
200038
200141
200243
200345
200448
200550
200652
200755
200857
200960
201063
201165
201267
201369
201472
201574
201676
201779
201881
201983
202088
202188
202291
202393
202495
202598
202700
202803
202905
203007
203110
203212
203315
203417
203520
203622
203724
203827
203928
204031
204134
204237
204338
204441
204543
204646
204748
204851
204953
205055
205158
205262
205363
205465
205568
205670
205772
205875
205977
206080
206182
206286
206386
206489
206591
206694
206808
206899
207001
207104
207206
207308
207411
207513
207615
207718
207820
207922
208025
208127
208229
208332
208435
208537
208640
208742
208844
208946
209049
209152
209254
209356
209460
209561
209663
209765
209868
209970
210073
210175
210278
210380
210484
210585
210687
210790
210892
210994
211097
211199
211302
211404
211506
211609
211711
211814
211916
212018
212120
212223
212326
212428
212531
212641
212760
212839
212940
213042
213145
213247
213349
213452
213555
213658
213759
213862
213964
214066
214169
214271
214373
214475
214579
214682
214783
214885
214988
215090
215193
215295
215398
215500
215602
215705
215919
216072
216147
216250
216332
216445
216522
216633
216788
216943
217046
217147
217249
217348
217453
217556
217658
217761
217864
217966
218068
218170
218273
218375
218477
218580
218682
218785
218889
218989
219092
219194
219297
219399
219501
219604
219706
219809
219911
220014
220116
220218
220320
220422
220525
220628
220730
220833
220935
221038
221139
221242
221345
221447
221549
221652
221754
221856
221959
222062
222164
222266
222369
222471
222573
222676
222778
222881
222983
223088
223188
223290
223392
223495
223597
223700
223802
223900
224007
224109
224212
224314
224417
224519
224621
224724
224826
224928
225031
225134
225236
225338
225441
225543
225646
225748
225850
225952
226055
226157
226260
226362
226464
226567
226670
226771
226880
226977
227079
227181
227286
227386
227488
227590
227693
227796
227898
228000
228103
228205
228310
228410
228512
228614
228718
228820
228922
229024
229127
229228
229332
229435
229536
229639
229741
229844
229946
230048
230151
230253
230355
230455
230560
230663
230765
230867
230970
231072
231174
231277
231380
231484
231585
231687
231789
231892
231994
232096
232198
232301
232403
232508
232609
232710
232813
232915
233018
233120
233223
233325
233428
233530
233633
233734
233837
233939
234042
234144
234247
234349
234451
234554
234656
234759
234861
234964
235066
235168
235271
235373
235475
235577
235680
235783
235885
235987
236089
236192
236294
236397
236499
236602
236755
236866
236988
237061
237164
237246
237351
237433
237543
237619
237722
237890
237931
238028
238130
238232
238335
238437
238539
238642
238744
238846
238948
239050
239154
239256
239358
239460
239563
239665
239768
239871
239973
240075
240177
240280
240382
240485
240587
240690
240792
240896
240997
241099
241201
241304
241406
241508
241611
241714
241816
241918
242021
242122
242225
242328
242430
242532
242635
242737
242839
242942
243045
243147
243249
243352
243454
243557
243659
243761
243864
243966
244070
244171
244273
244376
244478
244580
244683
244785
244888
244990
245094
245194
245297
245399
245502
245604
245707
245809
245911
246014
246116
246219
246321
246423
246526
246628
246730
246837
246936
247038
247140
247243
247345
247448
247550
247652
247755
247857
247960
248062
248164
248267
248369
248472
248574
248676
248778
248881
248983
249086
249188
249292
249393
249496
249598
249700
249803
249905
250007
250110
250212
250314
250417
250520
250622
250724
250827
250929
251031
251134
251236
251339
251441
251543
251646
251748
251850
251953
252055
252158
252260
252362
252465
252567
252670
252772
252874
252977
253079
253181
253284
253386
253490
253592
253694
253796
253899
254001
254103
254206
254308
254411
254514
254615
254717
254821
254922
255025
255127
255230
255332
255434
255537
255639
255741
255844
255946
256049
256151
256253
256356
256458
256561
256663
256765
256869
256971
257073
257175
257278
257380
257482
257585
257827
257904
258021
258098
258249
258434
258571
258657
258765
258906
259030
259130
259232
259334
259436
259538
259636
259743
259846
259948
260050
260153
260255
260358
260460
260562
260665
260767
260869
260972
261074
261177
261280
261381
261484
261586
261689
261791
261893
261996
262098
262201
262302
262406
262508
262610
262713
262815
262920
263020
263122
263224
263327
263429
263532
263635
263737
263839
263942
264044
264146
264248
264351
264453
264556
264658
264761
264863
264965
265067
265170
265273
265375
265477
265580
265682
265784
265887
265989
266092
266189
266297
266399
266501
266604
266706
266834
266910
267014
267118
267219
267321
267423
267525
267627
267730
267833
267935
268037
268140
268243
268345
268447
268549
268652
268754
268856
268959
269061
269163
269266
269369
269470
269573
269675
269778
269880
269982
270085
270188
270290
270392
270495
270597
270699
270803
270904
271006
271109
271211
271316
271416
271519
271621
271724
271826
271928
272031
272133
272236
272339
272441
272543
272645
272743
272850
272952
273055
273157
273259
273362
273464
273566
273669
273772
273874
273976
274079
274181
274283
274386
274489
274591
274693
274796
274898
275000
275102
275205
275308
275410
275514
275614
275717
275820
275922
276025
276127
276229
276331
276434
276536
276638
276740
276846
276946
277048
277150
277253
277355
277458
277560
277663
277765
277867
277970
278072
278174
278277
278380
278482
278584
278714
278791
278940
279042
279124
279229
279310
279420
279497
279600
279770
279811
279909
280010
280112
280214
280316
280419
280521
280624
280726
280829
280931
281033
281136
281239
281341
281443
281546
281648
281750
281853
281955
282057
282160
282263
282364
282466
282570
282672
282774
282877
282979
283081
283183
283286
283388
283491
283593
283696
283798
283902
284003
284105
284208
284310
284413
284515
284617
284720
284822
284926
285027
285129
285232
285334
285437
285539
285641
285744
285846
285948
286051
286153
286256
286358
286460
286563
286665
286767
286870
286973
287075
287177
287280
287382
287484
287587
287689
287792
287894
287997
288100
288201
288303
288406
288508
288610
288713
288815
288918
289020
289124
289225
289328
289430
289532
289634
289737
289839
289942
290044
290147
290249
290351
290454
290556
290659
290761
290864
290966
291068
291171
291273
291375
291478
291580
291683
291785
291888
291990
292092
292195
292298
292400
292502
292604
292707
292809
292911
293014
293116
293218
293322
293423
293526
293628
293730
293833
293935
294038
294140
294242
294345
294447
294550
294652
294754
294857
294959
295062
295164
295266
295369
295471
295573
295676
295778
295881
295983
296085
296188
296290
296393
296497
296597
296701
296819
296905
297007
297110
297213
297315
297416
297521
297622
297724
297826
297929
298031
298134
298236
298338
298440
298543
298646
298748
298850
298953
299055
299157
299260
299362
299465
299567
299762
299931
300007
300111
300193
300305
300381
300492
300647
300785
300833
300895
301010
301112
301214
301316
301419
301521
301623
301727
301828
301931
302033
302129
302238
302340
302442
302545
302648
302750
302852
302954
303057
303159
303261
303364
303466
303569
303671
303774
303876
303978
304081
304183
304286
304388
304491
304593
304695
304798
304900
305002
305105
305207
305310
305412
305514
305617
305718
305822
305925
306026
306128
306231
306334
306436
306538
306640
306742
306848
306948
307050
307152
307255
307357
307460
307562
307664
307766
307869
307972
308074
308177
308279
308381
308484
308586
308684
308790
308894
308996
309098
309201
309303
309405
309508
309611
309712
309815
309918
310020
310124
310225
310327
310430
310532
310634
310736
310838
310941
311044
311148
311248
311351
311453
311556
311658
311761
311862
311965
312068
312170
312272
312375
312477
312580
312682
312784
312886
312989
313092
313194
313296
313399
313501
313604
313706
313808
313910
314013
314116
314218
314322
314423
314525
314628
314730
314832
314935
315037
315140
315236
315347
315447
315549
315651
315754
315856
315958
316061
316164
316266
316368
316471
316573
316675
316777
316871
316984
317085
317187
317290
317392
317495
317597
317699
317802
317904
318007
318109
318211
318314
318416
318519
318621
318723
318825
318928
319030
319133
319236
319338
319439
319544
319645
319747
319849
319952
320054
320157
320259
320362
320464
320566
320692
320768
320881
320977
321110
321221
321303
321408
321490
321593
321766
321804
321891
321992
322094
322196
322299
322402
322504
322606
322710
322811
322913
323016
323118
323220
323323
323425
323527
323630
323734
323835
323937
324039
324142
324244
324347
324449
324552
324654
324757
324859
324961
325064
325166
325268
325370
325473
325575
325678
325781
325883
325985
326088
326190
326292
326394
326498
326599
326702
326824
326908
327010
327111
327214
327317
327419
327521
327623
327726
327828
327932
328033
328136
328238
328340
328443
328546
328647
328750
328852
328955
329057
329160
329262
329364
329467
329569
329672
329774
329876
329979
330081
330184
330286
330388
330491
330593
330695
330798
330900
331003
331105
331208
331310
331412
331515
331617
331719
331821
331924
332027
332131
332231
332334
332436
332538
332641
332743
332846
332949
333051
333153
333255
333358
333460
333562
333665
333767
333870
333972
334075
334177
334279
334382
334484
334587
334689
334792
334893
334996
335099
335201
335304
335405
335508
335610
335713
335815
335918
336020
336122
336224
336329
336430
336532
336635
336736
336843
336942
337044
337147
337249
337353
337454
337556
337658
337761
337863
337966
338068
338170
338273
338375
338478
338580
338683
338785
338887
338989
339091
339194
339297
339399
339501
339604
339706
339808
339911
340013
340116
340218
340321
340423
340527
340627
340730
340833
340935
341037
341140
341242
341345
341447
341689
341766
341877
341954
342065
342226
342300
342409
342491
342594
342736
342787
342891
342992
343094
343196
343298
343400
343503
343606
343708
343811
343913
344015
344118
344220
344318
344425
344528
344630
344732
344834
344937
345039
345142
345244
345347
345448
345551
345654
345758
345858
345960
346063
346165
346267
346370
346473
346575
346677
346779
346876
346986
347087
347190
347292
347394
347496
347599
347702
347804
347907
348008
348111
348213
348315
348418
348520
348622
348725
348828
348930
349032
349134
349237
349339
349442
349545
349647
349749
349852
349956
350057
350159
350261
350363
350466
350568
350671
350773
350882
350978
351081
351183
351285
351388
351490
351592
351694
351797
351899
352002
352105
352206
352309
352411
352514
352617
352718
352821
352923
353026
353128
353231
353333
353435
353538
353641
353743
353845
353947
354050
354154
354255
354357
354459
354562
354664
354767
354869
354971
355073
355176
355279
355381
355483
355586
355688
355791
355893
355995
356098
356200
356302
356405
356507
356610
356712
356834
356922
357020
357122
357224
357327
357424
357531
357634
357737
357839
357941
358043
358145
358248
358352
358453
358555
358658
358760
358863
358965
359067
359169
359272
359375
359477
359579
359681
359784
359887
359989
360092
360194
360296
360398
360501
360603
360706
360808
360910
361013
361115
361217
361320
361422
361525
361627
361729
361832
361934
362037
362139
362241
362344
362446
362598
362674
362779
362860
362972
363049
363204
363308
363390
363493
363669
363770
363872
363974
364077
364179
364281
364384
364486
364589
364691
364793
364896
364999
365101
365203
365305
365407
365510
365612
365715
365817
365920
366022
366124
366227
366329
366431
366534
366636
366740
366852
366944
367046
367148
367251
367353
367455
367558
367660
367765
367865
367968
368070
368172
368274
368377
368479
368582
368684
368787
368890
368992
369094
369197
369299
369402
369504
369607
369708
369811
369914
370015
370118
370220
370323
370426
370527
370630
370732
370835
370939
371039
371141
371244
371347
371449
371551
371654
371756
371858
371962
372063
372165
372268
372371
372473
372575
372678
372780
372883
372985
373087
373190
373292
373395
373497
373599
373702
373805
373907
374009
374111
374214
374316
374419
374521
374624
374725
374828
374931
375033
375137
375238
375341
375443
375545
375648
375750
375852
375955
376057
376160
376262
376364
376466
376569
376671
376773
376876
376979
377081
377183
377286
377388
377490
377593
377695
377797
377900
378002
378105
378207
378310
378412
378514
378617
378719
378821
378924
379026
379129
379231
379335
379436
379538
379641
379743
379845
379948
380050
380152
380255
380359
380460
380562
380664
380767
380870
380972
381074
381177
381279
381382
381484
381586
381688
381791
381894
381996
382098
382201
382303
382405
382508
382610
382713
382815
382917
383020
383122
383225
383327
383429
383623
383798
383873
383976
384058
384170
384246
384356
384511
384651
384699
384761
384872
384974
385076
385179
385281
385383
385486
385588
385691
385793
385895
385998
386099
386202
386304
386407
386509
386612
386711
386836
386925
387022
387124
387226
387329
387431
387533
387636
387739
387841
387943
388045
388148
388250
388353
388455
388558
388660
388764
388865
388967
389069
389172
389274
389376
389479
389582
389684
389786
389889
389991
390093
390195
390298
390400
390503
390605
390708
390810
390913
391015
391117
391220
391322
391424
391527
391629
391732
391834
391937
392040
392141
392244
392346
392448
392551
392653
392755
392858
392962
393063
393165
393263
393370
393473
393575
393677
393780
393882
393986
394087
394189
394292
394394
394497
394599
394701
394804
394906
395008
395111
395213
395316
395418
395520
395623
395724
395828
395930
396033
396135
396237
396340
396441
396544
396647
396749
396856
396954
397056
397159
397261
397363
397466
397568
397671
397773
397875
397978
398080
398184
398285
398388
398489
398592
398694
398797
398899
399002
399104
399207
399309
399411
399513
399616
399719
399816
399924
400026
400129
400230
400333
400435
400538
400640
400742
400845
400947
401049
401152
401255
401357
401459
401562
401664
401767
401869
401971
402074
402176
402279
402383
402484
402586
402688
402791
402893
402996
403098
403200
403302
403404
403507
403610
403712
403815
403917
404020
404121
404224
404327
404429
404553
404630
404748
404824
404935
405094
405184
405287
405369
405472
405648
405753
405854
405957
406059
406161
406264
406366
406468
406573
406673
406775
406879
406981
407083
407186
407288
407390
407492
407594
407698
407800
407902
408004
408107
408209
408311
408414
408516
408619
408721
408824
408926
409028
409131
409233
409335
409438
409540
409643
409745
409848
409950
410052
410155
410257
410360
410462
410564
410667
410771
410872
410974
411077
411178
411281
411383
411486
411588
411691
411793
411895
411998
412100
412202
412305
412407
412509
412612
412715
412817
412920
413022
413124
413227
413328
413431
413534
413636
413739
413841
413943
414046
414148
414251
414353
414455
414557
414660
414762
414865
414968
415070
415172
415275
415377
415479
415582
415684
415786
415889
415991
416094
416197
416298
416401
416503
416606
416708
416826
416913
417015
417118
417220
417322
417425
417527
417630
417732
417834
417937
418039
418142
418244
418347
418449
418551
418654
418756
418858
418960
419063
419167
419268
419370
419473
419575
419677
419780
419882
419985
420087
420191
420292
420394
420496
420599
420701
420804
420906
421008
421111
421213
421316
421418
421521
421623
421725
421828
421930
422032
422134
422237
422340
422442
422544
422647
422749
422852
422954
423057
423159
423261
423366
423466
423568
423671
423773
423875
423978
424081
424183
424285
424389
424490
424592
424695
424798
424900
425002
425105
425207
425309
425412
425607
425775
425851
425954
426035
426147
426241
426331
426491
426627
426675
426736
426859
426956
427059
427161
427263
427366
427468
427571
427673
427775
427877
427980
428082
428185
428287
428390
428491
428596
428696
428799
428901
429004
429101
429209
429311
429413
429516
429618
429721
429823
429925
430028
430130
430232
430335
430437
430539
430642
430745
430846
430949
431051
431154
431257
431359
431461
431564
431666
431769
431871
431973
432076
432178
432280
432383
432485
432588
432690
432794
432895
432997
433099
433202
433304
433407
433509
433611
433714
433816
433920
434021
434123
434226
434328
434430
434533
434635
434738
434840
434943
435045
435148
435250
435352
435454
435557
435666
435762
435864
435967
436069
436171
436274
436376
436478
436581
436684
436785
436877
436994
437093
437195
437298
437400
437503
437605
437708
437809
437912
438015
438117
438219
438322
438425
438527
438629
438732
438834
438936
439038
439142
439243
439346
439448
439551
439653
439755
439858
439960
440062
440165
440267
440369
440472
440575
440677
440780
440882
440984
441087
441191
441292
441393
441496
441599
441701
441803
441905
442009
442111
442207
442316
442418
442520
442622
442724
442827
442929
443032
443134
443237
443339
443442
443544
443647
443749
443851
443954
444056
444158
444261
444364
444466
444568
444670
444773
444875
444978
445080
445182
445285
445389
445489
445592
445694
445797
445899
446001
446104
446206
446308
446460
446537
446641
446724
446874
446981
447061
447165
447248
447367
447541
447633
447734
447837
447939
448042
448143
448246
448348
448451
448553
448655
448758
448860
448963
449065
449168
449270
449373
449474
449579
449679
449782
449884
449987
450089
450192
450294
450397
450499
450602
450703
450806
450908
451011
451113
451215
451318
451420
451522
451625
451728
451830
451932
452035
452137
452240
452342
452444
452547
452649
452752
452854
452956
453059
453161
453263
453365
453468
453571
453673
453777
453878
453980
454082
454185
454287
454390
454492
454594
454697
454801
454902
455004
455107
455209
455311
455413
455516
455618
455721
455823
455926
456028
456131
456233
456335
456437
456540
456642
456745
456851
456950
457052
457155
457257
457359
457462
457565
457666
457769
457871
457975
458076
458179
458281
458383
458486
458588
458690
458792
458895
458999
459100
459202
459305
459407
459509
459612
459715
459817
459919
460021
460124
460227
460329
460431
460534
460636
460738
460841
460943
461046
461148
461250
461353
461455
461558
461660
461762
461865
461967
462069
462173
462275
462376
462479
462582
462684
462787
462889
462991
463093
463197
463298
463401
463503
463605
463708
463810
463913
464015
464118
464220
464322
464425
464527
464629
464732
464834
464937
465039
465142
465244
465346
465449
465551
465653
465755
465858
465961
466063
466165
466268
466370
466472
466574
466678
466780
466883
466985
467088
467189
467292
467534
467610
467728
467805
467916
468011
468143
468259
468332
468437
468572
468623
468735
468837
468939
469041
469144
469246
469348
469451
469553
469655
469758
469860
469962
470064
470167
470269
470372
470474
470577
470679
470781
470883
470986
471088
471191
471293
471396
471493
471603
471704
471805
471907
472010
472112
472215
472317
472420
472522
472626
472727
472829
472932
473034
473137
473238
473341
473443
473546
473648
473751
473853
473955
474058
474160
474263
474365
474467
474571
474673
474775
474877
474979
475082
475185
475287
475389
475491
475593
475696
475801
475901
476003
476106
476208
476311
476413
476515
476617
476720
476827
476934
477037
477139
477243
477345
477437
477539
477642
477744
477846
477949
478045
478154
478256
478359
478461
478563
478666
478768
478871
478973
479075
479178
479280
479383
479485
479587
479690
479792
479895
479997
480099
480202
480304
480406
480509
480611
480714
480816
480919
481023
481123
481226
481328
481430
481533
481635
481737
481840
481942
482045
482147
482250
482352
482454
482557
482659
482761
482864
482966
483069
483171
483274
483376
483479
483581
483684
483785
483888
483991
484093
484196
484297
484400
484502
484611
484707
484810
484912
485014
485117
485221
485322
485424
485527
485629
485731
485834
485936
486038
486141
486243
486346
486448
486550
486653
486754
486860
486960
487062
487165
487267
487370
487472
487574
487677
487779
487881
487983
488086
488188
488291
488416
488492
488604
488699
488794
488954
489030
489134
489215
489319
489507
489616
489717
489819
489921
490024
490126
490229
490331
490433
490536
490638
490740
490843
490945
491048
491150
491253
491355
491457
491560
491662
491764
491866
491969
492071
492174
492276
492379
492481
492584
492686
492788
492891
492993
493095
493198
493300
493403
493505
493609
493709
493813
493915
494017
494120
494222
494324
494427
494529
494632
494734
494836
494939
495041
495144
495246
495348
495451
495553
495656
495758
495860
495963
496065
496167
496270
496372
496475
496577
496680
496782
496885
496987
497089
497192
497294
497396
497498
497601
497703
497808
497908
498011
498113
498215
498318
498420
498523
498625
498728
498830
498932
499034
499137
499239
499341
499444
499546
499649
499751
499854
499956
500059
500161
500263
500366
500468
500571
500673
500776
500877
500980
501082
501185
501287
501389
501492
501594
501697
501799
501902
502005
502107
502209
502311
502414
502516
502618
502721
502823
502926
503029
503130
503233
503335
503437
503540
503642
503745
503847
503949
504052
504155
504257
504359
504461
504564
504666
504768
504871
504973
505076
505178
505280
505383
505485
505588
505690
505792
505895
505998
506100
506204
506305
506407
506509
506612
506714
506820
506919
507021
507124
507228
507329
507431
507533
507636
507738
507840
507943
508045
508148
508250
508353
508455
508557
508660
508762
508864
508967
509070
509172
509274
509468
509644
509719
509827
509909
510020
510097
510207
510301
510405
510532
510604
510717
510819
510921
511023
511126
511228
511330
511434
511535
511637
511740
511842
511944
512047
512150
512252
512354
512457
512559
512661
512764
512866
512968
513071
513173
513275
513378
513481
513583
513685
513783
513890
513993
514095
514198
514300
514402
514504
514607
514709
514811
514914
515016
515119
515221
515323
515426
515528
515633
515733
515835
515938
516040
516143
516245
516347
516450
516552
516655
516757
516860
516959
517061
517164
517266
517368
517471
517573
517675
517778
517880
517982
518085
518188
518290
518392
518495
518597
518699
518802
518904
519006
519108
519212
519313
519416
519518
519621
519723
519828
519928
520031
520132
520235
520340
520440
520542
520645
520747
520849
520952
521055
521157
521259
521361
521464
521566
521669
521771
521874
521976
522078
522181
522283
522386
522488
522590
522693
522795
522897
523001
523102
523205
523307
523410
523512
523614
523717
523819
523922
524026
524126
524229
524331
524433
524536
524638
524741
524843
524945
525048
525151
525252
525355
525458
525560
525662
525764
525867
525969
526072
526174
526277
526379
526481
526584
526686
526788
526923
526987
527101
527202
527304
527406
527509
527610
527713
527815
527918
528020
528122
528227
528328
528430
528533
528635
528737
528839
528942
529044
529147
529251
529352
529454
529556
529658
529761
529863
529966
530068
530170
530273
530399
530476
530587
530684
530779
530930
531004
531114
531190
531293
531462
531504
531598
531699
531801
531903
532005
532108
532211
532313
532416
532517
532620
532722
532825
532927
533029
533132
533234
533337
533440
533541
533644
533746
533849
533951
534053
534156
534258
534361
534463
534565
534668
534770
534873
534975
535078
535180
535282
535384
535487
535590
535692
535794
535896
535999
536101
536203
536306
536408
536511
536615
536715
536822
536921
537023
537125
537228
537330
537432
537535
537639
537740
537842
537944
538047
538150
538252
538354
538457
538558
538661
538763
538866
538968
539071
539173
539275
539378
539481
539583
539685
539787
539890
539992
540095
540197
540300
540402
540504
540607
540709
540813
540914
541016
541119
541221
541323
541426
541528
541631
541733
541837
541938
542040
542143
542245
542347
542450
542552
542654
542757
542859
542962
543064
543167
543269
543372
543473
543577
543678
543781
543883
543986
544088
544191
544293
544395
544498
544600
544703
544805
544907
545011
545112
545214
545316
545419
545522
545624
545727
545829
545931
546036
546136
546239
546340
546443
546545
546648
546750
546857
546955
547058
547160
547262
547365
547467
547570
547672
547775
547877
547979
548082
548185
548287
548389
548491
548593
548696
548798
548901
549003
549106
549208
549311
549413
549516
549618
549720
549822
549924
550027
550130
550233
550335
550437
550539
550641
550743
550846
550949
551051
551154
551257
551451
551620
551696
551800
551883
551994
552070
552187
552282
552380
552515
552587
552699
552800
552903
553005
553107
553210
553312
553414
553517
553619
553721
553824
553926
554029
554131
554234
554336
554441
554541
554644
554746
554848
554950
555052
555155
555257
555359
555464
555564
555667
555769
555871
555981
556077
556179
556281
556384
556486
556588
556691
556793
556901
556999
557101
557203
557305
557408
557510
557613
557715
557817
557919
558022
558124
558227
558329
558431
558534
558639
558739
558841
558943
559047
559148
559251
559353
559456
559558
559663
559763
559865
559967
560070
560172
560275
560377
560479
560582
560684
560787
560889
560992
561094
561196
561299
561401
561504
561606
561708
561811
561913
562016
562118
562221
562322
562425
562534
562631
562732
562835
562937
563040
563141
563244
563347
563449
563552
563654
563756
563860
563962
564063
564166
564268
564371
564473
564575
564677
564780
564883
564986
565087
565190
565293
565394
565497
565600
565702
565804
565907
566009
566112
566214
566316
566419
566521
566623
566725
566831
566931
567034
567136
567239
567341
567443
567546
567648
567751
567853
567955
568059
568160
568262
568365
568467
568569
568672
568774
568876
568979
569088
569184
569286
569389
569491
569593
569696
569798
569900
570003
570105
570207
570310
570412
570515
570617
570720
570822
570925
571027
571129
571232
571334
571436
571539
571641
571744
571846
571948
572051
572153
572307
572382
572486
572569
572680
572755
572867
573028
573102
573205
573390
573478
573579
573682
573784
573886
573989
574091
574194
574296
574399
574500
574603
574705
574808
574910
575012
575115
575217
575320
575422
575524
575627
575729
575831
575934
576036
576138
576241
576343
576447
576548
576650
576752
576859
576959
577060
577163
577265
577368
577470
577573
577675
577777
577879
577982
578084
578187
578289
578391
578494
578596
578699
578801
578903
579006
579108
579210
579313
579416
579517
579621
579723
579825
579927
580030
580132
580235
580337
580440
580542
580646
580746
580849
580951
581054
581156
581259
581361
581463
581566
581668
581770
581873
581975
582077
582180
582283
582385
582487
582590
582692
582794
582897
582999
583102
583204
583306
583409
583511
583614
583716
583818
583921
584023
584126
584228
584330
584433
584535
584638
584740
584844
584944
585047
585150
585252
585355
585457
585559
585662
585764
585868
585969
586071
586174
586276
586378
586481
586583
586685
586788
586891
586993
587096
587198
587300
587402
587505
587608
587709
587812
587914
588017
588119
588222
588324
588426
588528
588631
588733
588836
588938
589042
589143
589246
589348
589451
589553
589655
589757
589859
589962
590066
590167
590269
590372
590474
590576
590679
590781
590884
590986
591088
591191
591293
591396
591498
591601
591703
591805
591907
592010
592113
592215
592317
592420
592522
592624
592727
592829
592932
593034
593137
593378
593470
593575
593658
593776
593852
593962
594109
594184
594295
594434
594486
594582
594682
594784
594885
594988
595091
595192
595295
595398
595500
595602
595704
595807
595909
596012
596114
596217
596319
596422
596523
596626
596729
596835
596933
597036
597138
597241
597343
597446
597548
597650
597753
597855
597957
598060
598162
598259
598367
598472
598572
598674
598776
598879
598982
599084
599186
599289
599391
599493
599595
599697
599801
599903
600005
600108
600210
600312
600415
600517
600620
600722
600824
600927
601029
601131
601234
601336
601438
601541
601644
601746
601848
601951
602053
602155
602257
602360
602463
602565
602669
602770
602872
602974
603077
603180
603282
603384
603487
603589
603692
603794
603896
603998
604101
604204
604306
604408
604511
604613
604715
604814
604920
605023
605125
605227
605330
605432
605534
605637
605740
605842
605944
606047
606149
606251
606354
606456
606558
606661
606763
606861
606969
607071
607173
607276
607378
607480
607583
607685
607787
607890
607992
608095
608197
608299
608402
608504
608607
608709
608811
608913
609017
609118
609221
609323
609426
609528
609631
609733
609835
609938
610040
610143
610245
610347
610450
610552
610655
610757
610860
610961
611066
611166
611269
611366
611474
611576
611678
611781
611883
611986
612090
612190
612293
612395
612498
612600
612702
612805
612907
613009
613112
613215
613317
613419
613522
613624
613726
613829
613931
614033
614136
614261
614337
614449
614545
614635
614795
614870
614974
615056
615164
615337
615375
615460
615562
615664
615766
615868
615971
616073
616176
616280
616381
616483
616585
616687
616790
616892
616995
617097
617200
617302
617404
617507
617609
617711
617813
617916
618018
618121
618224
618326
618428
618530
618633
618735
618838
618940
619043
619145
619247
619350
619454
619555
619657
619760
619862
619964
620067
620169
620271
620374
620478
620578
620681
620783
620886
620988
621091
621193
621295
621398
621500
621602
621705
621807
621910
622012
622114
622217
622319
622422
622524
622627
622729
622831
622934
623036
623138
623241
623343
623446
623548
623652
623753
623855
623957
624060
624162
624265
624367
624470
624572
624676
624777
624879
624981
625084
625186
625289
625391
625494
625596
625698
625801
625903
626005
626108
626210
626312
626415
626517
626620
626722
626828
626927
627030
627132
627234
627337
627439
627541
627644
627746
627850
627951
628054
628156
628258
628361
628463
628566
628667
628770
628874
628975
629077
629180
629282
629385
629487
629589
629692
629794
629896
629999
630101
630204
630306
630408
630511
630613
630715
630818
630921
631023
631125
631227
631330
631432
631535
631637
631740
631842
631945
632047
632149
632252
632353
632456
632559
632661
632764
632866
632968
633072
633173
633276
633378
633480
633583
633685
633787
633890
633993
634095
634197
634300
634402
634505
634607
634709
634812
634914
635017
635119
635313
635508
635578
635680
635762
635867
635949
636060
636137
636242
636377
636449
636563
636664
636765
636862
636971
637073
637176
637279
637380
637482
637585
637686
637789
637892
637995
638096
638199
638303
638404
638506
638609
638711
638813
638916
639017
639120
639223
639326
639427
639530
639632
639735
639837
639940
640042
640144
640247
640349
640452
640549
640657
640759
640861
640964
641066
641168
641270
641373
641477
641578
641680
641783
641885
641988
642090
642192
642294
642397
642502
642602
642705
642807
642909
643012
643114
643216
643318
643421
643523
643626
643728
643831
643933
644036
644138
644240
644343
644445
644548
644650
644752
644854
644957
645060
645162
645264
645367
645469
645571
645674
645776
645879
645981
646083
646185
646288
646391
646493
646596
646700
646819
646910
647005
647102
647210
647312
647414
647517
647619
647722
647824
647926
648029
648131
648234
648336
648438
648541
648643
648746
648848
648950
649053
649155
649258
649360
649462
649564
649667
649769
649872
649974
650076
650179
650282
650384
650486
650588
650691
650794
650898
650999
651101
651203
651305
651408
651510
651613
651715
651818
651920
652023
652125
652227
652330
652432
652534
652637
652739
652842
652944
653046
653148
653251
653354
653456
653558
653667
653763
653865
653968
654071
654173
654275
654377
654479
654582
654684
654787
654889
654991
655096
655196
655299
655401
655504
655606
655709
655811
655913
656016
656118
656244
656320
656431
656527
656617
656777
656879
656982
657064
657167
657343
657443
657544
657646
657749
657851
657953
658056
658158
658261
658363
658465
658568
658670
658773
658875
658977
659080
659182
659286
659387
659489
659591
659694
659796
659899
660001
660103
660206
660308
660411
660513
660615
660718
660820
660923
661025
661128
661230
661332
661435
661537
661639
661742
661844
661947
662049
662152
662254
662356
662459
662561
662663
662765
662868
662971
663073
663175
663277
663380
663484
663585
663687
663790
663892
663994
664097
664199
664302
664404
664508
664609
664712
664814
664916
665018
665121
665223
665326
665428
665530
665633
665735
665837
665940
666042
666145
666247
666350
666452
666555
666657
666759
666863
666964
667067
667169
667271
667374
667476
667578
667682
667783
667885
667988
668091
668193
668295
668398
668500
668602
668706
668807
668910
669012
669114
669217
669319
669421
669524
669626
669728
669831
669933
670036
670138
670240
670343
670445
670548
670650
670752
670855
670957
671060
671162
671265
671367
671470
671572
671675
671777
671881
671982
672084
672186
672289
672391
672494
672596
672698
672801
672905
673006
673108
673210
673312
673415
673517
673620
673722
673825
673927
674029
674132
674234
674336
674439
674541
674644
674746
674848
674951
675054
675156
675258
675360
675463
675565
675668
675770
675873
675975
676079
676180
676282
676384
676487
676589
676691
676794
676897
676999
677241
677318
677430
677507
677654
677758
677839
677950
678025
678133
678269
678333
678442
678543
678646
678748
678850
678953
679055
679158
679260
679362
679465
679567
679669
679772
679874
679976
680079
680181
680284
680385
680488
680591
680693
680796
680898
681000
681103
681205
681310
681409
681513
681615
681718
681820
681922
682024
682127
682229
682332
682434
682537
682638
682741
682843
682946
683043
683151
683253
683355
683458
683561
683663
683765
683868
683970
684072
684175
684277
684380
684482
684585
684687
684789
684891
684994
685096
685199
685301
685404
685508
685608
685711
685813
685915
686018
686121
686222
686325
686427
686530
686633
686734
686841
686939
687042
687144
687246
687350
687451
687554
687656
687758
687861
687964
688066
688168
688271
688373
688475
688578
688680
688783
688885
688987
689089
689197
689295
689397
689499
689596
689706
689806
689909
690011
690114
690216
690319
690421
690523
690626
690730
690830
690933
691035
691137
691240
691342
691445
691547
691649
691752
691854
691957
692059
692162
692264
692366
692469
692571
692674
692776
692879
692981
693083
693186
693288
693390
693493
693596
693698
693800
693904
694005
694107
694210
694312
694414
694517
694619
694721
694824
694929
695028
695131
695233
695336
695439
695540
695643
695745
695848
695950
696053
696149
696258
696360
696462
696565
696667
696769
696878
696992
697087
697199
697278
697393
697501
697591
697700
697806
697896
698011
698087
698190
698341
698409
698519
698598
698733
698833
698941
699030
699118
699219
699321
699424
699526
699628
699731
699833
699935
700037
700140
700243
700345
700448
700550
700652
700755
700858
700960
701062
701164
701267
701369
701472
701574
701676
701779
701880
701983
702086
702188
702292
702393
702495
702598
702700
702802
702905
703007
703110
703212
703316
703417
703519
703622
703724
703827
703929
704031
704134
704236
704338
704441
704543
704646
704748
704850
704953
705055
705157
705260
705362
705465
705567
705670
705772
705874
705977
706079
706182
706284
706387
706490
706592
706694
706808
706899
707001
707103
707206
707308
707411
707514
707615
707718
707820
707923
708025
708127
708230
708332
708434
708537
708639
708742
708844
708946
709048
709151
709254
709356
709458
709561
709663
709766
709868
709970
710073
710175
710277
710380
710482
710585
710688
710790
710892
710994
711097
711199
711302
711404
711506
711609
711712
711814
711916
712018
712121
712223
712326
712428
712531
712632
712735
712837
712940
713042
713145
713247
713349
713452
713554
713656
713759
713862
713964
714066
714169
714271
714373
714476
714578
714680
714783
714886
714988
715090
715192
715295
715397
715500
715602
715705
715807
715911
716011
716114
716216
716319
716421
716524
716626
716728
716834
716933
717035
717138
717240
717343
717445
717547
717650
717753
717855
717957
718155
718322
718398
718501
718583
718700
718777
718894
718984
719091
719226
719289
719401
719502
719604
719706
719808
719911
720013
720118
720218
720320
720423
720525
720628
720730
720832
720935
721038
721142
721243
721345
721447
721549
721652
721754
721856
721959
722061
722164
722266
722369
722471
722573
722676
722778
722880
722983
723085
723188
723290
723392
723495
723597
723699
723802
723905
724006
724109
724211
724316
724417
724519
724621
724724
724826
724928
725031
725133
725230
725340
725441
725543
725645
725747
725850
725952
726055
726157
726260
726362
726465
726566
726669
726771
726881
726976
727079
727181
727284
727386
727488
727591
727693
727795
727897
728000
728103
728205
728307
728410
728513
728615
728717
728820
728922
729024
729127
729229
729331
729434
729538
729638
729741
729843
729945
730048
730151
730253
730355
730458
730560
730662
730765
730867
730970
731072
731174
731277
731379
731481
731584
731686
731784
731891
731994
732096
732198
732301
732403
732506
732608
732711
732813
732915
733018
733120
733222
733325
733427
733530
733631
733736
733837
733939
734041
734144
734246
734348
734451
734554
734656
734758
734861
734963
735066
735168
735271
735373
735475
735578
735680
735782
735885
735987
736089
736192
736294
736397
736499
736602
736704
736826
736904
737012
737114
737216
737318
737421
737523
737625
737728
737830
737935
738035
738137
738240
738340
738445
738547
738650
738752
738854
738957
739080
739156
739273
739368
739458
739616
739690
739794
739876
739977
740146
740188
740281
740383
740484
740587
740689
740792
740894
740996
741099
741201
741303
741406
741508
741611
741713
741815
741918
742020
742124
742225
742327
742430
742532
742635
742737
742839
742942
743045
743147
743249
743351
743454
743556
743659
743761
743863
743965
744068
744170
744273
744375
744478
744580
744682
744785
744887
744990
745092
745194
745297
745399
745502
745604
745706
745809
745911
746013
746116
746219
746323
746423
746526
746628
746730
746836
746935
747038
747140
747243
747347
747447
747550
747652
747755
747856
747959
748062
748164
748266
748369
748471
748574
748676
748779
748881
748983
749086
749188
749290
749393
749495
749598
749700
749802
749905
750007
750110
750212
750314
750417
750521
750621
750724
750827
750928
751031
751133
751236
751338
751441
751545
751645
751748
751850
751953
752055
752157
752260
752362
752464
752567
752670
752772
752874
752976
753079
753181
753284
753386
753488
753591
753693
753796
753898
754000
754103
754205
754308
754410
754512
754615
754719
754820
754922
755024
755127
755229
755332
755434
755537
755639
755743
755843
755946
756049
756152
756253
756356
756458
756560
756663
756765
756868
756970
757073
757175
757277
757380
757482
757584
757687
757789
757892
757994
758097
758199
758301
758403
758506
758608
758711
758813
758917
759018
759121
759223
759325
759427
759530
759632
759735
759837
760079
760156
760268
760344
760455
760610
760685
760788
760870
760979
761137
761188
761284
761382
761484
761587
761689
761791
761893
761996
762099
762200
762303
762405
762507
762610
762712
762815
762917
763020
763122
763225
763327
763429
763532
763634
763737
763839
763941
764043
764148
764248
764350
764453
764556
764658
764760
764863
764965
765068
765170
765273
765375
765477
765579
765682
765784
765887
765989
766091
766194
766297
766399
766501
766603
766706
766829
766918
767014
767116
767218
767320
767423
767520
767628
767730
767833
767935
768037
768139
768242
768346
768447
768550
768651
768754
768856
768959
769061
769163
769266
769368
769471
769574
769675
769778
769880
769983
770085
770187
770290
770392
770495
770597
770699
770802
770904
771007
771109
771211
771314
771417
771519
771621
771724
771826
771928
772031
772134
772236
772338
772441
772545
772645
772748
772850
772952
773055
773157
773259
773362
773464
773569
773669
773772
773874
773976
774073
774181
774284
774385
774488
774591
774693
774795
774898
775000
775102
775205
775307
775409
775512
775615
775717
775819
775922
776024
776127
776229
776331
776433
776536
776639
776743
776847
776945
777048
777150
777253
777355
777458
777560
777662
777767
777867
777970
778072
778174
778277
778379
778482
778584
778686
778789
778892
778994
779096
779198
779301
779403
779505
779608
779710
779813
779915
780017
780120
780222
780325
780427
780529
780627
780734
780837
780963
781039
781151
781246
781336
781497
781571
781675
781756
781858
782026
782067
782161
782262
782364
782467
782569
782672
782774
782876
782979
783081
783183
783286
783388
783491
783593
783696
783798
783900
784003
784105
784207
784310
784412
784515
784617
784719
784822
784925
785026
785131
785232
785334
785436
785539
785641
785744
785846
785948
786050
786155
786255
786358
786460
786563
786665
786767
786870
786972
787075
787177
787280
787381
787484
787586
787689
787791
787894
787996
788099
788201
788304
788406
788508
788610
788713
788815
788918
789020
789123
789225
789328
789430
789532
789635
789736
789839
789942
790044
790146
790249
790352
790453
790556
790658
790760
790863
790966
791068
791171
791273
791375
791478
791580
791682
791785
791887
791990
792092
792194
792296
792399
792502
792603
792706
792809
792911
793013
793116
793218
793321
793423
793525
793628
793730
793832
793935
794038
794139
794242
794344
794447
794551
794651
794754
794857
794959
795061
795164
795266
795368
795471
795573
795676
795778
795881
795983
796085
796188
796290
796392
796495
796597
796700
796818
796905
797007
797109
797212
797315
797416
797519
797622
797724
797826
797929
798031
798133
798236
798338
798440
798543
798645
798749
798850
798952
799054
799157
799259
799362
799464
799567
799669
799772
799874
799976
800079
800181
800283
800386
800488
800591
800693
800796
800898
801000
801103
801205
801308
801410
801512
801614
801717
801819
802013
802183
802259
802362
802444
802556
802631
802741
802896
803034
803082
803144
803262
803365
803462
803569
803671
803773
803876
803980
804081
804183
804285
804387
804490
804592
804695
804797
804899
805002
805104
805206
805309
805411
805514
805616
805719
805821
805924
806026
806128
806230
806333
806435
806538
806640
806743
806849
806948
807050
807152
807255
807357
807460
807562
807664
807766
807869
807971
808074
808178
808279
808381
808483
808585
808687
808790
808893
808995
809098
809200
809303
809405
809507
809609
809712
809814
809917
810013
810122
810224
810326
810429
810531
810634
810736
810838
810941
811044
811146
811248
811350
811453
811555
811658
811760
811863
811965
812068
812170
812272
812376
812477
812579
812681
812784
812887
812989
813091
813194
813296
813398
813501
813603
813706
813808
813910
814012
814116
814218
814320
814423
814525
814627
814730
814832
814934
815037
815139
815242
815344
815447
815549
815652
815754
815856
815958
816061
816163
816266
816368
816470
816569
816675
816777
816870
816983
817085
817187
817289
817392
817495
817597
817700
817802
817904
818006
818109
818211
818314
818416
818518
818621
818723
818826
818928
819030
819133
819235
819338
819440
819543
819645
819747
819849
819952
820054
820156
820259
820362
820463
820566
820668
820773
820873
820976
821079
821181
821283
821385
821488
821590
821692
821795
821897
821999
822102
822205
822307
822409
822512
822614
822717
822819
822943
823034
823146
823223
823340
823436
823527
823686
823761
823864
824050
824144
824244
824347
824449
824551
824654
824756
824859
824963
825063
825166
825268
825371
825473
825576
825678
825780
825882
825985
826088
826190
826292
826394
826497
826599
826702
826820
826907
827009
827111
827214
827316
827419
827521
827623
827726
827828
827931
828033
828136
828238
828340
828443
828545
828647
828750
828852
828955
829057
829161
829262
829364
829466
829569
829671
829774
829876
829978
830081
830185
830286
830388
830490
830593
830695
830797
830900
831002
831104
831207
831310
831412
831514
831617
831719
831821
831924
832026
832129
832231
832334
832436
832538
832640
832743
832845
832948
833050
833152
833256
833359
833460
833562
833665
833767
833869
833972
834075
834176
834279
834383
834484
834586
834688
834791
834893
834995
835098
835200
835303
835405
835508
835610
835713
835815
835917
836019
836122
836225
836327
836429
836532
836634
836736
836842
836942
837044
837146
837248
837351
837453
837557
837658
837760
837863
837965
838067
838170
838273
838375
838477
838581
838682
838784
838887
838989
839092
839194
839296
839399
839501
839604
839706
839808
839911
840013
840116
840218
840321
840423
840525
840628
840730
840832
840935
841038
841139
841242
841344
841446
841549
841651
841755
841856
841959
842061
842163
842266
842368
842471
842573
842676
842779
842880
842982
843085
843187
843290
843393
843494
843597
843699
843802
843995
844165
844241
844346
844429
844540
844616
844726
844881
845018
845066
845127
845245
845347
845449
845551
845653
845756
845858
845957
846063
846165
846268
846370
846472
846574
846677
846779
846871
846987
847087
847189
847292
847394
847496
847598
847701
847803
847906
848008
848111
848213
848315
848418
848520
848623
848725
848828
848930
849032
849135
849237
849339
849442
849544
849647
849749
849851
849954
850056
850159
850261
850363
850466
850568
850671
850773
850875
850978
851080
851185
851285
851387
851490
851593
851694
851797
851900
852002
852104
852207
852309
852411
852508
852617
852719
852821
852923
853026
853128
853230
853333
853435
853537
853641
853743
853845
853947
854050
854152
854254
854357
854459
854562
854664
854766
854869
854971
855074
855176
855278
855383
855484
855585
855688
855790
855893
855995
856098
856200
856303
856406
856508
856610
856712
856833
856922
857019
857122
857224
857327
857429
857531
857634
857736
857839
857941
858044
858146
858248
858350
858453
858555
858658
858760
858862
858965
859062
859170
859272
859375
859477
859581
859682
859784
859887
859989
860091
860193
860296
860398
860501
860605
860705
860808
860910
861013
861115
861217
861320
861422
861525
861627
861730
861832
861934
862037
862139
862241
862344
862446
862549
862651
862754
862856
862958
863061
863163
863266
863368
863470
863572
863675
863777
863880
863982
864085
864188
864289
864392
864494
864597
864699
864851
864928
865038
865136
865246
865327
865438
865514
865624
865718
865819
865981
866023
866125
866227
866329
866431
866534
866636
866738
866844
866944
867046
867148
867251
867353
867455
867557
867660
867763
867864
867969
868070
868172
868275
868377
868479
868582
868684
868786
868889
868993
869094
869196
869298
869401
869503
869606
869708
869811
869913
870015
870118
870220
870323
870425
870527
870629
870732
870834
870937
871039
871142
871244
871346
871449
871552
871654
871756
871858
871961
872063
872167
872268
872370
872472
872575
872678
872780
872882
872985
873087
873191
873292
873394
873497
873599
873702
873804
873906
874008
874111
874213
874317
874418
874521
874623
874725
874828
874930
875033
875135
875237
875340
875442
875544
875647
875750
875852
875954
876057
876159
876261
876364
876466
876569
876671
876773
876877
876979
877081
877183
877286
877389
877490
877593
877695
877797
877900
878002
878105
878207
878309
878411
878514
878616
878719
878821
878924
879026
879129
879231
879333
879436
879538
879640
879743
879845
879948
880050
880152
880255
880357
880460
880562
880664
880767
880869
880972
881074
881176
881278
881381
881484
881587
881688
881791
881893
881995
882098
882201
882303
882405
882507
882612
882713
882815
882917
883019
883122
883224
883327
883429
883531
883634
883736
883838
883941
884044
884145
884249
884350
884453
884555
884658
884760
884863
884965
885067
885170
885272
885375
885477
885579
885682
885923
886000
886112
886188
886299
886459
886534
886636
886719
886845
886984
887034
887130
887227
887329
887431
887533
887635
887738
887840
887943
888045
888142
888250
888353
888455
888557
888659
888762
888865
888967
889069
889172
889274
889376
889479
889581
889683
889786
889888
889991
890093
890195
890298
890400
890503
890605
890708
890810
890913
891017
891117
891220
891322
891425
891527
891629
891732
891834
891936
892039
892141
892244
892346
892449
892551
892653
892755
892858
892961
893062
893165
893267
893370
893472
893574
893677
893780
893882
893984
894087
894189
894291
894394
894496
894598
894708
894803
894906
895008
895110
895215
895315
895418
895520
895623
895725
895827
895930
896032
896135
896237
896339
896442
896544
896647
896748
896856
896954
897056
897159
897260
897363
897466
897568
897670
897773
897875
897978
898080
898182
898284
898388
898489
898592
898695
898797
898899
899002
899104
899206
899309
899413
899514
899616
899719
899821
899923
900026
900128
900230
900333
900435
900538
900640
900742
900845
900947
901050
901151
901250
901357
901459
901561
901664
901766
901869
901971
902073
902176
902278
902381
902483
902586
902688
902791
902892
902995
903097
903200
903302
903404
903507
903612
903712
903814
903917
904019
904121
904224
904326
904428
904531
904633
904736
904838
904940
905043
905145
905248
905350
905452
905555
905658
905760
905862
905964
906067
906169
906272
906375
906476
906579
906681
906860
906959
907037
907188
907287
907453
907528
907631
907806
907903
908005
908107
908209
908311
908414
908516
908619
908721
908823
908926
909028
909130
909233
909335
909438
909540
909642
909745
909847
909950
910052
910154
910257
910359
910462
910564
910666
910769
910871
910973
911076
911178
911281
911383
911486
911588
911690
911793
911895
911999
912100
912202
912305
912408
912509
912612
912715
912817
912919
913023
913124
913227
913329
913431
913534
913636
913738
913841
913943
914046
914148
914251
914353
914455
914557
914660
914762
914865
914967
915069
915172
915274
915377
915479
915582
915684
915787
915889
915991
916093
916197
916298
916400
916503
916606
916708
916826
916913
917015
917118
917221
917323
917424
917527
917629
917732
917834
917936
918039
918142
918244
918346
918449
918551
918653
918756
918858
918960
919063
919165
919268
919370
919472
919575
919677
919780
919882
919985
920087
920189
920292
920396
920496
920599
920701
920803
920906
921009
921111
921213
921316
921420
921521
921623
921725
921827
921930
922032
922135
922237
922340
922442
922544
922647
922749
922852
922954
923057
923158
923261
923363
923466
923568
923671
923773
923875
923978
924080
924182
924285
924387
924490
924594
924695
924797
924899
925002
925104
925206
925309
925411
925514
925618
925718
925821
925923
926026
926129
926231
926333
926435
926538
926640
926742
926852
926975
927056
927156
927307
927373
927478
927557
927661
927815
927896
927986
928083
928186
928287
928389
928492
928594
928697
928799
928901
929003
929106
929208
929311
929413
929516
929618
929721
929825
929925
930027
930130
930232
930336
930437
930534
930642
930744
930847
930949
931051
931154
931256
931359
931461
931563
931666
931768
931871
931973
932076
932178
932281
932383
932485
932587
932690
932792
932894
932997
933100
933202
933304
933407
933508
933612
933714
933816
933919
934023
934123
934226
934328
934431
934533
934635
934738
934840
934942
935045
935148
935250
935353
935455
935557
935659
935762
935864
935966
936069
936172
936274
936377
936478
936581
936683
936785
936877
936991
937088
937196
937298
937400
937502
937605
937708
937809
937912
938014
938117
938221
938322
938424
938527
938628
938731
938834
938936
939038
939141
939245
939346
939448
939551
939653
939755
939858
939960
940062
940165
940267
940370
940472
940574
940677
940779
940882
940984
941087
941189
941291
941394
941496
941599
941701
941803
941906
942008
942110
942212
942315
942419
942520
942622
942725
942828
942930
943032
943135
943237
943339
943443
943544
943642
943749
943851
943954
944056
944158
944260
944363
944465
944568
944670
944773
944875
944977
945080
945182
945284
945386
945490
945592
945694
945797
945899
946001
946104
946206
946308
946411
946513
946616
946718
946825
946923
947025
947128
947230
947333
947434
947538
947690
947766
947872
947954
948070
948147
948258
948352
948482
948607
948776
948862
948963
949065
949167
949270
949372
949475
949577
949679
949782
949884
949986
950089
950191
950294
950396
950498
950601
950703
950807
950908
951010
951113
951215
951317
951420
951522
951625
951727
951831
951932
952035
952136
952239
952341
952444
952546
952649
952751
952854
952956
953058
953161
953264
953365
953468
953570
953672
953775
953877
953980
954082
954185
954287
954389
954492
954594
954696
954799
954901
955004
955107
955209
955311
955414
955516
955619
955721
955823
955925
956029
956130
956233
956335
956437
956540
956642
956744
956850
956950
957052
957154
957257
957359
957462
957564
957666
957769
957871
957973
958076
958178
958280
958383
958485
958588
958690
958792
958895
958997
959100
959202
959305
959407
959509
959612
959714
959816
959919
960022
960124
960228
960328
960431
960533
960636
960738
960840
960943
961045
961148
961250
961353
961455
961557
961660
961762
961864
961967
962069
962172
962274
962377
962479
962582
962683
962786
962889
962991
963094
963196
963298
963400
963503
963605
963708
963810
963913
964014
964117
964220
964322
964425
964527
964629
964732
964834
964937
965038
965141
965243
965346
965450
965551
965653
965756
965858
965960
966063
966165
966268
966370
966472
966575
966677
966779
966883
966984
967087
967189
967291
967394
967497
967599
967701
967803
967906
968008
968111
968213
968315
968418
968520
968762
968838
968951
969028
969139
969293
969368
969472
969554
969658
969793
969845
969963
970065
970167
970269
970372
970474
970576
970679
970782
970884
970986
971088
971191
971293
971396
971498
971600
971703
971806
971907
972010
972112
972215
972317
972420
972522
972624
972727
972830
972932
973029
973137
973238
973341
973444
973546
973649
973750
973855
973956
974058
974160
974263
974365
974467
974570
974672
974774
974878
974980
975082
975184
975287
975389
975491
975593
975696
975798
975901
976004
976106
976208
976310
976413
976515
976618
976720
976826
976925
977028
977129
977232
977334
977437
977539
977642
977744
977846
977949
978053
978154
978256
978358
978461
978563
978666
978768
978870
978973
979075
979178
979280
979383
979485
979582
979690
979792
979894
979997
980099
980202
980304
980406
980509
980611
980714
980816
980918
981021
981123
981226
981328
981431
981533
981636
981737
981840
981942
982045
982147
982252
982352
982454
982557
982659
982762
982864
982966
983069
983171
983273
983376
983478
983580
983683
983786
983888
983990
984092
984196
984297
984400
984502
984605
984707
984809
984911
985014
985117
985219
985321
985424
985527
985628
985731
985833
985936
986038
986139
986243
986346
986450
986550
986653
986755
986862
986960
987062
987164
987266
987369
987472
987574
987677
987779
987881
987984
988086
988188
988291
988393
988496
988599
988701
988803
988905
989008
989110
989212
989315
989418
989519
989645
989721
989832
989929
990018
990180
990255
990359
990441
990545
990718
990756
990844
990946
991047
991150
991252
991355
991457
991560
991662
991764
991867
991969
992072
992174
992276
992379
992481
992583
992685
992789
992891
992993
993095
993198
993301
993403
993505
993607
993710
993812
993915
994016
994119
994222
994324
994426
994529
994631
994734
994837
994938
995041
995143
995245
995348
995450
995553
995655
995758
995861
995963
996065
996167
996270
996372
996474
996577
996679
996781
996885
996987
997089
997191
997293
997396
997499
997601
997703
997805
997908
998011
998112
998215
998318
998420
998523
998625
998727
998830
998932
999036
999137
999239
999342
999444
999546
999649
999751
999853
999956
1.00006e+06
1.00016e+06
1.00026e+06
1.00037e+06
1.00047e+06
1.00057e+06
1.00067e+06
1.00077e+06
1.00088e+06
1.00098e+06
1.00108e+06
1.00118e+06
1.00129e+06
1.00139e+06
1.00149e+06
1.00159e+06
1.0017e+06
1.0018e+06
1.0019e+06
1.002e+06
1.00211e+06
1.00221e+06
1.00231e+06
1.00241e+06
1.00252e+06
1.00262e+06
1.00272e+06
1.00282e+06
1.00292e+06
1.00303e+06
1.00313e+06
1.00323e+06
1.00333e+06
1.00344e+06
1.00354e+06
1.00364e+06
1.00374e+06
1.00385e+06
1.00395e+06
1.00405e+06
1.00415e+06
1.00426e+06
1.00436e+06
1.00446e+06
1.00456e+06
1.00467e+06
1.00477e+06
1.00487e+06
1.00497e+06
1.00508e+06
1.00518e+06
1.00528e+06
1.00538e+06
1.00549e+06
1.00559e+06
1.00569e+06
1.00579e+06
1.00589e+06
1.006e+06
1.0061e+06
1.0062e+06
1.0063e+06
1.00641e+06
1.00651e+06
1.00661e+06
1.00671e+06
1.00682e+06
1.00692e+06
1.00702e+06
1.00712e+06
1.00723e+06
1.00733e+06
1.00743e+06
1.00753e+06
1.00764e+06
1.00774e+06
1.00784e+06
1.00794e+06
1.00804e+06
1.00815e+06
1.00825e+06
1.00835e+06
1.00846e+06
1.00856e+06
1.00866e+06
1.00876e+06
1.00886e+06
1.00897e+06
1.00907e+06
1.00917e+06
1.00927e+06
1.00938e+06
1.00948e+06
1.00958e+06
1.00968e+06
1.00979e+06
1.00989e+06
1.00999e+06
1.01009e+06
1.0102e+06
1.0103e+06
1.0104e+06
1.0105e+06
1.0107e+06
1.01077e+06
1.01088e+06
1.01096e+06
1.01106e+06
1.01114e+06
1.01125e+06
1.01133e+06
1.01144e+06
1.01152e+06
1.01163e+06
1.01176e+06
1.01183e+06
1.01195e+06
1.01205e+06
1.01215e+06
1.01225e+06
1.01235e+06
1.01246e+06
1.01256e+06
1.01266e+06
1.01276e+06
1.01287e+06
1.01297e+06
1.01307e+06
1.01317e+06
1.01328e+06
1.01338e+06
1.01348e+06
1.01358e+06
1.01369e+06
1.01379e+06
1.01389e+06
1.01399e+06
1.0141e+06
1.0142e+06
1.0143e+06
1.0144e+06
1.0145e+06
1.01461e+06
1.01471e+06
1.01481e+06
1.01491e+06
1.01502e+06
1.01512e+06
1.01522e+06
1.01532e+06
1.01543e+06
1.01553e+06
1.01563e+06
1.01573e+06
1.01584e+06
1.01594e+06
1.01604e+06
1.01614e+06
1.01625e+06
1.01635e+06
1.01645e+06
1.01655e+06
1.01665e+06
1.01676e+06
1.01686e+06
1.01696e+06
1.01706e+06
1.01717e+06
1.01727e+06
1.01737e+06
1.01747e+06
1.01758e+06
1.01768e+06
1.01778e+06
1.01788e+06
1.01799e+06
1.01809e+06
1.01819e+06
1.01829e+06
1.0184e+06
1.0185e+06
1.0186e+06
1.0187e+06
1.0188e+06
1.01891e+06
1.01901e+06
1.01911e+06
1.01921e+06
1.01932e+06
1.01942e+06
1.01952e+06
1.01962e+06
1.01973e+06
1.01983e+06
1.01993e+06
1.02003e+06
1.02014e+06
1.02024e+06
1.02034e+06
1.02044e+06
1.02055e+06
1.02065e+06
1.02075e+06
1.02085e+06
1.02096e+06
1.02106e+06
1.02116e+06
1.02126e+06
1.02137e+06
1.02147e+06
1.02157e+06
1.02167e+06
1.02177e+06
1.02187e+06
1.02198e+06
1.02208e+06
1.02218e+06
1.02229e+06
1.02239e+06
1.02249e+06
1.02259e+06
1.0227e+06
1.0228e+06
1.0229e+06
1.023e+06
1.02311e+06
1.02321e+06
1.02331e+06
1.02341e+06
1.02352e+06
1.02362e+06
1.02372e+06
1.02382e+06
1.02392e+06
1.02403e+06
1.02413e+06
1.02423e+06
1.02433e+06
1.02444e+06
1.02454e+06
1.02464e+06
1.02474e+06
1.02485e+06
1.02495e+06
1.02505e+06
1.02515e+06
1.02526e+06
1.02536e+06
1.02546e+06
1.02556e+06
1.02567e+06
1.02577e+06
1.02587e+06
1.02597e+06
1.02607e+06
1.02618e+06
1.02628e+06
1.02638e+06
1.02648e+06
1.02659e+06
1.02669e+06
1.02679e+06
1.0269e+06
1.027e+06
1.0271e+06
1.0272e+06
1.0273e+06
1.02741e+06
1.02751e+06
1.02761e+06
1.02771e+06
1.02782e+06

------------------------------------------------------------------------------------------------------------------------------------------------

packet size: 516
number of packets: 10000
RATE = 40158.59kbps, PPS = 9728.3
