Destination address set to 01:1B:19:00:00:00
Defaults: 01:1B:19:00:00:00 or 01:80:C2:00:00:0E
SIOCSHWTSTAMP: tx_type 1 requested, got 1; rx_filter 0 requested, got 0
setting ts_flags: 0x53
new ts_flags: 0x53


gap of hw tx time, us: packets 10000:
------------------------------------------------------------------------------------------------------------------------------------------------
0
107.383
106.993
107.184
107.214
107.275
107.135
107.177
107.188
107.21
107.312
107.064
107.256
107.184
107.184
107.335
107.098
107.191
107.166
107.218
107.417
106.978
107.206
107.215
107.161
107.199
107.207
107.222
107.196
107.206
107.211
107.18
107.203
107.173
107.218
107.207
107.199
107.218
107.185
107.169
107.263
107.271
107.169
107.12
107.222
107.169
107.199
107.218
107.192
107.286
107.139
107.165
107.203
107.2
107.214
107.207
107.191
107.203
107.192
107.237
107.177
107.24
107.154
107.248
107.151
107.233
107.165
107.203
107.207
107.192
107.218
107.184
107.214
107.17
107.229
107.169
107.218
107.199
107.2
107.191
107.207
107.177
107.346
107.071
107.214
107.192
107.233
107.192
107.184
107.184
107.233
107.173
107.203
107.185
107.191
107.256
107.169
107.335
107.27
107
107.226
107.169
107.222
107.162
107.206
107.207
107.218
107.199
107.185
107.191
107.207
107.199
107.203
107.215
107.176
107.207
107.199
107.196
107.199
107.214
107.192
107.199
107.203
107.2
107.199
107.192
107.375
107.031
107.195
107.207
107.199
107.203
107.214
107.177
107.199
107.207
107.218
107.184
107.207
107.199
107.185
107.319
107.09
107.245
107.379
106.982
107.203
107.206
107.369
107.12
107.124
107.184
107.564
106.831
107.184
107.215
107.191
107.203
107.2
107.199
107.248
107.143
107.21
107.2
107.199
107.192
107.21
107.207
107.199
107.184
107.2
107.206
107.226
107.177
107.206
107.192
107.474
106.928
107.207
107.207
107.184
107.211
107.188
107.203
107.206
107.2
107.191
107.203
107.2
107.199
107.199
107.211
107.191
107.207
107.199
107.403
107.022
107.169
107.207
107.256
107.135
107.218
107.184
107.2
107.199
107.207
107.195
107.199
107.207
107.199
107.215
107.195
107.199
107.185
107.191
107.215
107.203
107.188
107.225
107.169
107.233
107.181
107.195
107.207
107.192
107.207
107.319
107.072
107.203
107.199
107.192
107.218
107.191
107.207
107.184
107.207
107.211
107.191
107.312
107.087
107.203
107.199
107.199
107.207
107.184
107.215
107.195
107.263
107.143
107.184
107.207
107.211
107.191
107.207
107.184
107.215
107.191
107.248
107.162
107.184
107.207
107.207
107.192
107.21
107.192
107.346
107.064
107.191
107.207
107.192
107.207
107.195
107.192
107.203
107.21
107.2
107.304
107.098
107.199
107.199
107.192
107.211
107.199
107.192
107.206
107.192
107.226
107.176
107.207
107.192
107.225
107.207
107.278
107.132
107.199
107.192
107.214
107.177
107.192
107.225
107.361
107.173
107.083
107.222
107.56
106.951
107.041
107.192
107.184
107.233
107.173
107.211
107.349
107.068
107.165
107.185
107.409
107.015
107.215
107.203
107.293
107.105
107.184
107.312
107.072
107.199
107.233
107.192
107.21
107.166
107.214
107.177
107.21
107.237
107.162
107.225
107.245
107.139
107.192
107.285
107.162
107.207
107.154
107.199
107.199
107.185
107.218
107.3
107.17
107.112
107.361
107.045
107.203
107.207
107.207
107.192
107.203
107.191
107.279
107.112
107.215
107.21
107.181
107.203
107.188
107.203
107.206
107.211
107.192
107.214
107.177
107.21
107.199
107.312
107.079
107.2
107.214
107.195
107.207
107.184
107.207
107.199
107.203
107.2
107.233
107.188
107.176
107.218
107.177
107.199
107.2
107.21
107.199
107.2
107.191
107.207
107.192
107.203
107.207
107.191
107.207
107.391
107.011
107.2
107.191
107.207
107.207
107.195
107.2
107.191
107.207
107.199
107.203
107.192
107.207
107.199
107.211
107.188
107.195
107.199
107.2
107.218
107.191
107.2
107.199
107.218
107.18
107.196
107.207
107.191
107.207
107.211
107.312
107.071
107.207
107.199
107.192
107.21
107.2
107.191
107.2
107.203
107.206
107.2
107.199
107.192
107.206
107.2
107.203
107.191
107.207
107.256
107.146
107.192
107.199
107.2
107.214
107.195
107.192
107.207
107.199
107.211
107.18
107.211
107.191
107.2
107.206
107.2
107.195
107.207
107.207
107.191
107.203
107.2
107.191
107.207
107.218
107.184
107.2
107.199
107.199
107.203
107.192
107.214
107.192
107.199
107.41
106.992
107.192
107.207
107.199
107.192
107.21
107.2
107.199
107.192
107.21
107.199
107.391
107
107.207
107.199
107.211
107.184
107.207
107.192
107.218
107.206
107.185
107.199
107.192
107.21
107.188
107.218
107.184
107.207
107.218
107.214
107.17
107.221
107.185
107.21
107.199
107.185
107.199
107.59
106.812
107.207
107.199
107.312
107.079
107.199
107.203
107.2
107.255
107.143
107.199
107.203
107.2
107.206
107.185
107.218
107.199
107.184
107.199
107.215
107.191
107.2
107.203
107.206
107.2
107.191
107.267
107.128
107.214
107.192
107.353
107.057
107.192
107.191
107.248
107.166
107.192
107.21
107.199
107.207
107.188
107.32
107.079
107.206
107.2
107.203
107.199
107.199
107.192
107.218
107.184
107.207
107.192
107.206
107.192
107.199
107.203
107.418
106.988
107.185
107.21
107.199
107.2
107.206
107.2
107.195
107.207
107.192
107.206
107.192
107.203
107.199
107.188
107.211
107.199
107.199
107.203
107.192
107.207
107.199
107.211
107.191
107.2
107.191
107.207
107.211
107.191
107.2
107.199
107.207
107.199
107.203
107.192
107.199
107.21
107.192
107.429
106.97
107.199
107.199
107.211
107.191
107.2
107.206
107.2
107.191
107.203
107.399
106.992
107.215
107.195
107.199
107.2
107.206
107.192
107.211
107.199
107.199
107.218
107.229
107.155
107.191
107.2
107.206
107.211
107.18
107.218
107.185
107.221
107.185
107.191
107.196
107.222
107.191
107.218
107.2
107.176
107.2
107.319
107.09
107.188
107.203
107.2
107.206
107.192
107.199
107.2
107.203
107.206
107.2
107.203
107.191
107.2
107.199
107.417
106.985
107.196
107.203
107.263
107.128
107.206
107.211
107.199
107.184
107.215
107.191
107.403
107.007
107.199
107.192
107.199
107.203
107.215
107.184
107.192
107.206
107.203
107.2
107.206
107.192
107.199
107.203
107.2
107.191
107.215
107.33
107.064
107.2
107.206
107.2
107.199
107.203
107.192
107.432
106.966
107.211
107.191
107.32
107.086
107.192
107.199
107.211
107.199
107.192
107.402
107.008
107.191
107.2
107.206
107.192
107.207
107.203
107.192
107.191
107.207
107.211
107.199
107.192
107.206
107.185
107.21
107.207
107.192
107.206
107.354
107.037
107.211
107.192
107.24
107.158
107.199
107.203
107.192
107.214
107.192
107.211
107.199
107.199
107.199
107.2
107.191
107.211
107.192
107.206
107.2
107.191
107.196
107.207
107.206
107.203
107.188
107.425
106.978
107.206
107.2
107.191
107.218
107.177
107.214
107.203
107.188
107.203
107.2
107.206
107.211
107.18
107.245
107.165
107.184
107.215
107.191
107.203
107.2
107.225
107.173
107.218
107.192
107.214
107.184
107.2
107.195
107.199
107.2
107.191
107.207
107.203
107.207
107.199
107.199
107.2
107.195
107.199
107.2
107.206
107.185
107.21
107.199
107.2
107.206
107.2
107.203
107.191
107.2
107.199
107.199
107.211
107.191
107.207
107.184
107.2
107.21
107.207
107.192
107.255
107.143
107.199
107.203
107.2
107.206
107.192
107.211
107.191
107.207
107.214
107.185
107.24
107.154
107.2
107.191
107.218
107.2
107.188
107.323
107.079
107.199
107.207
107.195
107.2
107.191
107.218
107.192
107.199
107.2
107.191
107.207
107.203
107.199
107.2
107.424
106.974
107.199
107.211
107.192
107.199
107.199
107.211
107.191
107.2
107.206
107.207
107.395
106.992
107.207
107.192
107.199
107.203
107.199
107.2
107.199
107.21
107.188
107.211
107.192
107.191
107.207
107.199
107.211
107.192
107.199
107.342
107.06
107.207
107.199
107.199
107.2
107.218
107.176
107.44
106.966
107.2
107.191
107.331
107.158
107.12
107.192
107.199
107.203
107.2
107.221
107.185
107.191
107.203
107.2
107.206
107.185
107.206
107.218
107.181
107.274
107.128
107.199
107.203
107.2
107.221
107.185
107.203
107.191
107.215
107.191
107.2
107.191
107.203
107.245
107.161
107.203
107.2
107.191
107.2
107.199
107.199
107.203
107.207
107.192
107.206
107.2
107.203
107.199
107.192
107.206
107.192
107.199
107.2
107.203
107.206
107.192
107.211
107.191
107.2
107.199
107.199
107.218
107.181
107.203
107.199
107.199
107.199
107.203
107.406
107
107.2
107.24
107.154
107.192
107.199
107.2
107.402
107.015
107.199
107.184
107.215
107.191
107.2
107.203
107.206
107.192
107.199
107.203
107.2
107.191
107.207
107.199
107.211
107.192
107.206
107.44
106.955
107.199
107.207
107.192
107.199
107.199
107.203
107.207
107.192
107.199
107.199
107.211
107.192
107.206
107.192
107.199
107.203
107.2
107.206
107.2
107.191
107.2
107.267
107.142
107.203
107.188
107.203
107.2
107.206
107.2
107.195
107.207
107.192
107.206
107.2
107.191
107.203
107.2
107.21
107.188
107.199
107.331
107.087
107.199
107.184
107.199
107.211
107.192
107.199
107.207
107.21
107.199
107.2
107.191
107.192
107.199
107.2
107.203
107.206
107.192
107.218
107.271
107.128
107.191
107.207
107.196
107.206
107.177
107.214
107.403
107
107.188
107.21
107.199
107.185
107.206
107.211
107.192
107.191
107.207
107.211
107.188
107.203
107.191
107.207
107.199
107.2
107.203
107.345
107.057
107.207
107.199
107.199
107.184
107.215
107.203
107.191
107.2
107.206
107.192
107.327
107.075
107.207
107.192
107.199
107.207
107.195
107.2
107.191
107.215
107.191
107.203
107.207
107.192
107.207
107.199
107.203
107.199
107.207
107.184
107.199
107.203
107.2
107.206
107.2
107.191
107.203
107.369
107.03
107.199
107.211
107.191
107.2
107.199
107.192
107.21
107.207
107.192
107.199
107.199
107.207
107.203
107.192
107.199
107.21
107.2
107.191
107.2
107.199
107.199
107.211
107.191
107.2
107.206
107.425
106.966
107.2
107.21
107.278
107.113
107.199
107.203
107.207
107.199
107.192
107.211
107.406
106.985
107.191
107.263
107.143
107.203
107.207
107.199
107.192
107.203
107.199
107.2
107.206
107.192
107.211
107.191
107.207
107.192
107.199
107.353
107.053
107.196
107.225
107.173
107.203
107.207
107.192
107.206
107.2
107.21
107.199
107.207
107.199
107.196
107.18
107.203
107.2
107.191
107.418
106.988
107.211
107.199
107.192
107.199
107.199
107.211
107.188
107.203
107.207
107.195
107.207
107.184
107.199
107.215
107.195
107.199
107.2
107.206
107.361
107.03
107.2
107.203
107.206
107.185
107.206
107.211
107.192
107.206
107.2
107.327
107.075
107.192
107.199
107.218
107.188
107.203
107.192
107.206
107.192
107.203
107.207
107.199
107.184
107.207
107.199
107.433
106.97
107.206
107.192
107.282
107.12
107.2
107.206
107.192
107.199
107.203
107.2
107.413
106.978
107.206
107.203
107.2
107.199
107.203
107.195
107.203
107.2
107.206
107.192
107.203
107.199
107.2
107.191
107.218
107.181
107.218
107.192
107.206
107.192
107.211
107.199
107.192
107.206
107.203
107.2
107.188
107.21
107.184
107.207
107.207
107.203
107.199
107.199
107.2
107.195
107.414
106.985
107.199
107.199
107.218
107.32
107.071
107.199
107.185
107.21
107.207
107.192
107.191
107.207
107.199
107.226
107.184
107.214
107.196
107.184
107.365
107.034
107.206
107.203
107.248
107.14
107.203
107.199
107.199
107.199
107.203
107.215
107.233
107.169
107.188
107.21
107.192
107.192
107.233
107.165
107.203
107.2
107.191
107.215
107.195
107.199
107.207
107.192
107.207
107.191
107.203
107.286
107.12
107.185
107.206
107.2
107.203
107.199
107.192
107.206
107.203
107.2
107.248
107.143
107.214
107.195
107.207
107.192
107.199
107.203
107.199
107.2
107.191
107.226
107.188
107.21
107.185
107.191
107.361
107.045
107.203
107.2
107.206
107.185
107.206
107.203
107.2
107.206
107.192
107.211
107.327
107.064
107.206
107.2
107.191
107.203
107.207
107.241
107.15
107.203
107.199
107.2
107.199
107.207
107.191
107.203
107.2
107.191
107.218
107.2
107.199
107.192
107.199
107.207
107.195
107.199
107.196
107.372
107.023
107.21
107.199
107.256
107.15
107.192
107.199
107.203
107.2
107.191
107.207
107.199
107.203
107.2
107.191
107.215
107.203
107.191
107.2
107.199
107.207
107.191
107.203
107.2
107.206
107.192
107.211
107.191
107.2
107.191
107.218
107.188
107.203
107.2
107.221
107.185
107.195
107.207
107.199
107.199
107.192
107.256
107.154
107.192
107.199
107.199
107.199
107.203
107.192
107.214
107.211
107.192
107.206
107.192
107.214
107.17
107.206
107.211
107.192
107.206
107.2
107.195
107.199
107.2
107.199
107.455
106.947
107.199
107.2
107.191
107.218
107.192
107.199
107.2
107.206
107.2
107.203
107.199
107.192
107.206
107.192
107.199
107.203
107.2
107.206
107.203
107.188
107.2
107.353
107.056
107.2
107.191
107.203
107.2
107.206
107.192
107.203
107.196
107.21
107.199
107.256
107.147
107.191
107.2
107.206
107.215
107.188
107.327
107.071
107.199
107.203
107.188
107.203
107.2
107.206
107.192
107.211
107.191
107.2
107.191
107.207
107.203
107.199
107.44
106.966
107.192
107.199
107.203
107.2
107.199
107.199
107.211
107.188
107.203
107.191
107.207
107.203
107.207
107.248
107.143
107.207
107.191
107.211
107.192
107.191
107.207
107.199
107.203
107.207
107.199
107.192
107.211
107.191
107.207
107.199
107.192
107.199
107.211
107.192
107.199
107.199
107.203
107.455
106.944
107.206
107.2
107.338
107.056
107.207
107.192
107.199
107.218
107.199
107.41
106.996
107.177
107.199
107.211
107.199
107.192
107.192
107.225
107.184
107.2
107.206
107.275
107.116
107.218
107.181
107.229
107.192
107.199
107.184
107.2
107.221
107.177
107.211
107.255
107.136
107.206
107.2
107.195
107.207
107.192
107.199
107.207
107.199
107.203
107.192
107.206
107.192
107.199
107.203
107.2
107.206
107.192
107.211
107.199
107.192
107.206
107.192
107.211
107.188
107.203
107.297
107.109
107.199
107.192
107.21
107.192
107.199
107.218
107.406
106.985
107.192
107.263
107.147
107.191
107.2
107.206
107.41
106.981
107.203
107.2
107.199
107.207
107.191
107.2
107.203
107.206
107.2
107.353
107.038
107.21
107.192
107.214
107.184
107.203
107.2
107.199
107.199
107.203
107.196
107.195
107.214
107.203
107.188
107.2
107.203
107.206
107.418
106.985
107.191
107.2
107.199
107.349
107.049
107.203
107.2
107.206
107.192
107.199
107.203
107.2
107.191
107.207
107.199
107.203
107.207
107.199
107.376
107.015
107.203
107.2
107.206
107.2
107.203
107.191
107.2
107.206
107.192
107.346
107.064
107.192
107.199
107.192
107.218
107.191
107.215
107.206
107.188
107.215
107.176
107.2
107.206
107.2
107.218
107.184
107.207
107.191
107.203
107.196
107.195
107.2
107.225
107.184
107.215
107.184
107.207
107.191
107.203
107.192
107.26
107.139
107.191
107.207
107.211
107.184
107.207
107.191
107.207
107.199
107.203
107.192
107.214
107.192
107.199
107.203
107.365
107.034
107.207
107.195
107.222
107.177
107.21
107.196
107.458
106.936
107.2
107.191
107.369
107.041
107.207
107.192
107.191
107.2
107.206
107.203
107.2
107.199
107.192
107.21
107.207
107.192
107.206
107.192
107.199
107.203
107.2
107.285
107.113
107.207
107.199
107.196
107.199
107.199
107.211
107.376
107.022
107.184
107.207
107.271
107.131
107.2
107.199
107.199
107.203
107.199
107.35
107.041
107.207
107.207
107.195
107.207
107.199
107.2
107.195
107.196
107.203
107.191
107.218
107.188
107.203
107.2
107.439
106.959
107.233
107.177
107.297
107.094
107.199
107.207
107.195
107.192
107.199
107.207
107.425
106.977
107.207
107.184
107.207
107.203
107.207
107.192
107.199
107.199
107.203
107.199
107.207
107.199
107.185
107.218
107.18
107.211
107.191
107.215
107.376
107.026
107.214
107.391
106.985
107.211
107.188
107.203
107.206
107.203
107.196
107.203
107.192
107.214
107.184
107.218
107.312
107.079
107.417
106.974
107.203
107.207
107.199
107.207
107.184
107.207
107.195
107.2
107.199
107.199
107.211
107.255
107.136
107.199
107.199
107.211
107.191
107.207
107.184
107.215
107.191
107.203
107.2
107.199
107.225
107.181
107.188
107.199
107.214
107.2
107.191
107.211
107.192
107.191
107.207
107.203
107.199
107.192
107.214
107.2
107.195
107.207
107.192
107.206
107.192
107.451
106.959
107.192
107.206
107.2
107.21
107.184
107.2
107.206
107.2
107.191
107.2
107.203
107.206
107.185
107.27
107.139
107.2
107.199
107.199
107.203
107.214
107.185
107.191
107.215
107.191
107.2
107.203
107.206
107.185
107.218
107.357
107.034
107.206
107.192
107.199
107.211
107.18
107.218
107.2
107.191
107.211
107.192
107.353
107.045
107.203
107.199
107.207
107.192
107.199
107.432
106.97
107.2
107.206
107.2
107.191
107.2
107.203
107.199
107.192
107.21
107.199
107.286
107.105
107.207
107.203
107.199
107.2
107.206
107.2
107.376
107.026
107.207
107.191
107.264
107.131
107.196
107.203
107.191
107.233
107.2
107.191
107.2
107.176
107.207
107.211
107.191
107.2
107.221
107.192
107.188
107.196
107.203
107.199
107.207
107.191
107.2
107.451
106.958
107.192
107.199
107.203
107.2
107.199
107.199
107.211
107.191
107.207
107.192
107.21
107.192
107.199
107.192
107.214
107.185
107.206
107.203
107.207
107.199
107.2
107.191
107.203
107.207
107.199
107.185
107.218
107.191
107.2
107.206
107.192
107.199
107.203
107.2
107.199
107.199
107.218
107.181
107.203
107.206
107.192
107.354
107.048
107.2
107.199
107.199
107.211
107.191
107.2
107.199
107.199
107.211
107.191
107.2
107.206
107.192
107.211
107.199
107.192
107.206
107.192
107.211
107.191
107.207
107.199
107.192
107.207
107.195
107.384
107.022
107.192
107.211
107.191
107.2
107.206
107.185
107.214
107.203
107.192
107.191
107.218
107.188
107.192
107.218
107.199
107.2
107.191
107.203
107.207
107.199
107.2
107.21
107.192
107.192
107.206
107.185
107.206
107.203
107.2
107.221
107.177
107.199
107.203
107.2
107.206
107.192
107.211
107.199
107.199
107.199
107.267
107.143
107.199
107.185
107.206
107.226
107.177
107.191
107.2
107.221
107.196
107.184
107.207
107.192
107.206
107.192
107.207
107.195
107.2
107.221
107.203
107.192
107.199
107.2
107.191
107.185
107.21
107.207
107.342
107.056
107.2
107.191
107.203
107.2
107.206
107.192
107.211
107.199
107.184
107.199
107.207
107.203
107.199
107.2
107.199
107.207
107.191
107.297
107.113
107.199
107.192
107.211
107.199
107.192
107.206
107.192
107.199
107.211
107.192
107.27
107.128
107.203
107.199
107.2
107.199
107.199
107.199
107.196
107.207
107.199
107.207
107.195
107.199
107.2
107.206
107.203
107.188
107.211
107.192
107.206
107.192
107.199
107.203
107.2
107.206
107.192
107.312
107.09
107.2
107.206
107.192
107.211
107.199
107.184
107.207
107.207
107.203
107.199
107.199
107.199
107.192
107.203
107.199
107.2
107.199
107.199
107.199
107.211
107.192
107.199
107.199
107.211
107.199
107.368
107.03
107.2
107.195
107.229
107.17
107.199
107.199
107.207
107.195
107.2
107.206
107.354
107.045
107.195
107.2
107.199
107.207
107.195
107.199
107.207
107.199
107.185
107.206
107.192
107.211
107.199
107.199
107.211
107.191
107.207
107.29
107.116
107.196
107.206
107.185
107.206
107.2
107.191
107.211
107.207
107.191
107.218
107.192
107.181
107.218
107.176
107.2
107.206
107.203
107.358
107.048
107.185
107.218
107.199
107.199
107.199
107.218
107.185
107.191
107.2
107.206
107.2
107.191
107.203
107.207
107.199
107.2
107.203
107.184
107.319
107.094
107.2
107.184
107.218
107.199
107.184
107.207
107.218
107.199
107.192
107.29
107.112
107.196
107.21
107.2
107.191
107.192
107.211
107.188
107.21
107.192
107.207
107.191
107.211
107.192
107.21
107.365
107.022
107.2
107.203
107.24
107.169
107.192
107.199
107.2
107.199
107.207
107.199
107.353
107.042
107.191
107.207
107.199
107.2
107.203
107.206
107.192
107.199
107.203
107.2
107.199
107.199
107.199
107.203
107.2
107.206
107.192
107.211
107.199
107.192
107.199
107.199
107.199
107.211
107.192
107.285
107.124
107.196
107.195
107.2
107.199
107.207
107.203
107.191
107.2
107.206
107.354
107.037
107.2
107.203
107.199
107.199
107.199
107.203
107.2
107.191
107.233
107.185
107.199
107.207
107.195
107.199
107.448
106.943
107.207
107.192
107.319
107.079
107.2
107.203
107.206
107.192
107.211
107.191
107.448
106.958
107.218
107.192
107.184
107.215
107.184
107.225
107.2
107.184
107.199
107.199
107.2
107.191
107.211
107.192
107.191
107.207
107.199
107.211
107.192
107.191
107.207
107.222
107.169
107.218
107.199
107.192
107.199
107.211
107.192
107.199
107.199
107.199
107.211
107.192
107.199
107.199
107.444
106.955
107.191
107.211
107.207
107.191
107.203
107.2
107.191
107.207
107.203
107.207
107.289
107.109
107.203
107.188
107.2
107.203
107.206
107.203
107.192
107.199
107.2
107.206
107.271
107.12
107.203
107.192
107.199
107.2
107.21
107.207
107.192
107.199
107.207
107.191
107.203
107.192
107.207
107.199
107.207
107.195
107.2
107.206
107.192
107.199
107.203
107.192
107.214
107.2
107.184
107.331
107.079
107.206
107.192
107.211
107.199
107.184
107.214
107.192
107.199
107.2
107.203
107.206
107.196
107.203
107.203
107.192
107.191
107.215
107.191
107.211
107.192
107.206
107.192
107.199
107.207
107.196
107.206
107.2
107.188
107.214
107.184
107.376
107.03
107.199
107.218
107.2
107.195
107.188
107.376
107.034
107.214
107.169
107.226
107.184
107.214
107.433
106.958
107.192
107.214
107.211
107.199
107.184
107.218
107.177
107.207
107.199
107.184
107.215
107.195
107.199
107.2
107.206
107.192
107.199
107.203
107.399
107.007
107.192
107.211
107.199
107.199
107.192
107.199
107.199
107.203
107.2
107.191
107.207
107.203
107.196
107.21
107.199
107.2
107.218
107.24
107.143
107.214
107.188
107.192
107.199
107.2
107.191
107.47
106.951
107.185
107.203
107.206
107.207
107.184
107.211
107.192
107.21
107.188
107.199
107.203
107.2
107.206
107.271
107.124
107.199
107.2
107.206
107.192
107.199
107.211
107.192
107.206
107.192
107.199
107.203
107.207
107.199
107.2
107.376
107.018
107.2
107.191
107.215
107.195
107.199
107.2
107.206
107.196
107.207
107.191
107.207
107.192
107.199
107.211
107.191
107.2
107.21
107.188
107.207
107.203
107.192
107.191
107.207
107.211
107.191
107.2
107.199
107.21
107.192
107.199
107.2
107.206
107.192
107.203
107.199
107.192
107.199
107.41
107.053
107.146
107.2
107.206
107.192
107.199
107.203
107.222
107.199
107.203
107.343
107.033
107.2
107.206
107.207
107.196
107.191
107.207
107.184
107.215
107.195
107.199
107.222
107.192
107.195
107.188
107.467
106.936
107.206
107.376
107.015
107.203
107.2
107.206
107.2
107.191
107.2
107.203
107.191
107.207
107.207
107.195
107.2
107.206
107.203
107.188
107.203
107.2
107.199
107.207
107.191
107.203
107.2
107.206
107.185
107.206
107.203
107.2
107.191
107.218
107.2
107.233
107.158
107.206
107.203
107.192
107.207
107.184
107.214
107.361
107.042
107.191
107.2
107.206
107.192
107.199
107.452
106.943
107.214
107.185
107.21
107.207
107.192
107.199
107.207
107.191
107.2
107.203
107.304
107.094
107.226
107.191
107.185
107.199
107.207
107.191
107.203
107.196
107.203
107.199
107.207
107.195
107.2
107.199
107.199
107.199
107.203
107.376
107.03
107.203
107.188
107.211
107.192
107.206
107.192
107.199
107.203
107.23
107.161
107.207
107.203
107.199
107.207
107.184
107.2
107.218
107.376
107.135
107.071
107.207
107.199
107.211
107.199
107.199
107.192
107.199
107.203
107.2
107.285
107.124
107.188
107.203
107.2
107.206
107.211
107.199
107.199
107.185
107.206
107.192
107.211
107.191
107.2
107.225
107.181
107.195
107.196
107.203
107.206
107.207
107.203
107.199
107.203
107.203
107.181
107.214
107.207
107.177
107.206
107.207
107.192
107.195
107.207
107.184
107.2
107.21
107.199
107.192
107.214
107.192
107.199
107.203
107.207
107.199
107.192
107.305
107.097
107.2
107.199
107.207
107.191
107.226
107.169
107.414
107.003
107.192
107.199
107.286
107.105
107.215
107.195
107.199
107.2
107.206
107.192
107.211
107.191
107.2
107.206
107.2
107.203
107.199
107.192
107.199
107.199
107.203
107.229
107.17
107.199
107.199
107.211
107.199
107.192
107.199
107.327
107.071
107.203
107.2
107.206
107.192
107.211
107.191
107.455
106.936
107.2
107.304
107.105
107.2
107.206
107.2
107.195
107.199
107.2
107.206
107.203
107.192
107.199
107.2
107.199
107.207
107.195
107.391
107.008
107.199
107.199
107.248
107.154
107.2
107.191
107.207
107.207
107.195
107.2
107.376
107.03
107.191
107.2
107.203
107.206
107.192
107.199
107.2
107.203
107.199
107.199
107.199
107.203
107.207
107.184
107.207
107.203
107.214
107.297
107.102
107.184
107.199
107.207
107.196
107.225
107.181
107.195
107.196
107.203
107.206
107.192
107.211
107.199
107.199
107.199
107.185
107.21
107.372
107.027
107.199
107.214
107.188
107.199
107.207
107.192
107.207
107.191
107.203
107.2
107.206
107.192
107.199
107.211
107.192
107.191
107.215
107.195
107.207
107.184
107.207
107.199
107.199
107.203
107.2
107.206
107.448
106.943
107.203
107.2
107.206
107.2
107.195
107.192
107.207
107.191
107.207
107.203
107.196
107.203
107.21
107.188
107.211
107.191
107.2
107.391
107.007
107.199
107.2
107.203
107.206
107.2
107.195
107.199
107.192
107.199
107.211
107.195
107.203
107.2
107.218
107.188
107.191
107.203
107.207
107.192
107.199
107.211
107.191
107.207
107.199
107.192
107.203
107.199
107.192
107.207
107.312
107.09
107.199
107.2
107.206
107.2
107.195
107.207
107.184
107.214
107.192
107.199
107.297
107.102
107.21
107.196
107.195
107.203
107.2
107.376
107.03
107.191
107.203
107.2
107.191
107.207
107.199
107.203
107.2
107.206
107.192
107.233
107.169
107.2
107.206
107.2
107.191
107.211
107.207
107.327
107.064
107.21
107.192
107.207
107.176
107.207
107.207
107.21
107.2
107.206
107.177
107.203
107.199
107.2
107.221
107.196
107.188
107.218
107.192
107.191
107.2
107.191
107.203
107.207
107.203
107.181
107.398
107.011
107.192
107.207
107.21
107.192
107.207
107.199
107.192
107.21
107.192
107.199
107.207
107.203
107.188
107.199
107.203
107.2
107.206
107.203
107.188
107.203
107.2
107.206
107.2
107.191
107.203
107.2
107.206
107.192
107.211
107.191
107.207
107.192
107.199
107.199
107.203
107.207
107.199
107.41
106.981
107.2
107.203
107.293
107.105
107.211
107.191
107.2
107.199
107.199
107.207
107.203
107.184
107.207
107.199
107.207
107.195
107.207
107.199
107.192
107.211
107.188
107.203
107.191
107.211
107.207
107.199
107.192
107.21
107.196
107.331
107.06
107.203
107.206
107.203
107.192
107.199
107.2
107.206
107.2
107.203
107.191
107.207
107.192
107.199
107.199
107.203
107.207
107.199
107.2
107.191
107.2
107.21
107.184
107.218
107.2
107.191
107.399
107
107.199
107.203
107.207
107.192
107.199
107.199
107.211
107.184
107.214
107.192
107.376
107.049
107.191
107.207
107.177
107.199
107.211
107.455
106.936
107.199
107.199
107.199
107.211
107.192
107.191
107.207
107.218
107.184
107.2
107.206
107.2
107.195
107.222
107.192
107.206
107.188
107.2
107.191
107.2
107.199
107.199
107.297
107.105
107.2
107.206
107.2
107.203
107.191
107.2
107.206
107.2
107.191
107.211
107.192
107.191
107.207
107.207
107.195
107.207
107.199
107.226
107.165
107.203
107.2
107.206
107.192
107.199
107.203
107.2
107.191
107.215
107.191
107.218
107.185
107.199
107.199
107.466
106.944
107.199
107.192
107.192
107.218
107.191
107.2
107.199
107.199
107.199
107.203
107.207
107.199
107.2
107.195
107.199
107.207
107.192
107.199
107.192
107.218
107.192
107.255
107.143
107.203
107.199
107.2
107.191
107.207
107.199
107.2
107.195
107.214
107.192
107.211
107.199
107.192
107.462
106.944
107.203
107.191
107.2
107.206
107.192
107.192
107.207
107.203
107.206
107.2
107.312
107.082
107.2
107.206
107.192
107.211
107.199
107.214
107.395
106.989
107.191
107.203
107.301
107.105
107.185
107.206
107.203
107.207
107.184
107.2
107.206
107.226
107.199
107.211
107.165
107.199
107.211
107.199
107.184
107.222
107.203
107.222
107.169
107.184
107.207
107.199
107.203
107.192
107.233
107.181
107.218
107.191
107.177
107.214
107.218
107.196
107.18
107.2
107.199
107.21
107.286
107.105
107.2
107.206
107.192
107.203
107.196
107.203
107.206
107.192
107.207
107.195
107.2
107.191
107.207
107.199
107.203
107.2
107.206
107.185
107.274
107.128
107.207
107.206
107.192
107.211
107.199
107.192
107.383
107.015
107.211
107.206
107.384
107
107.207
107.195
107.207
107.184
107.214
107.264
107.127
107.211
107.192
107.199
107.199
107.199
107.211
107.184
107.214
107.185
107.218
107.191
107.2
107.191
107.207
107.41
106.992
107.192
107.199
107.32
107.098
107.191
107.2
107.191
107.215
107.191
107.203
107.207
107.192
107.199
107.199
107.203
107.2
107.199
107.192
107.206
107.2
107.203
107.191
107.207
107.199
107.211
107.199
107.192
107.207
107.203
107.191
107.2
107.206
107.2
107.195
107.199
107.207
107.199
107.185
107.214
107.195
107.305
107.094
107.192
107.21
107.196
107.203
107.206
107.192
107.199
107.203
107.2
107.199
107.199
107.218
107.184
107.2
107.398
106.993
107.21
107.222
107.256
107.127
107.2
107.203
107.191
107.2
107.191
107.207
107.384
107.018
107.207
107.207
107.184
107.218
107.192
107.207
107.191
107.192
107.211
107.195
107.203
107.199
107.192
107.199
107.211
107.199
107.192
107.199
107.207
107.195
107.2
107.206
107.2
107.191
107.203
107.425
106.981
107.2
107.199
107.195
107.2
107.199
107.199
107.203
107.207
107.192
107.383
107.015
107.211
107.188
107.21
107.184
107.211
107.207
107.199
107.192
107.199
107.207
107.24
107.151
107.203
107.206
107.192
107.199
107.203
107.2
107.206
107.203
107.188
107.203
107.23
107.176
107.192
107.199
107.203
107.2
107.199
107.199
107.218
107.184
107.2
107.206
107.192
107.203
107.196
107.21
107.199
107.192
107.199
107.203
107.2
107.191
107.218
107.196
107.203
107.199
107.184
107.264
107.142
107.203
107.2
107.199
107.207
107.203
107.191
107.207
107.199
107.192
107.203
107.207
107.192
107.206
107.185
107.21
107.199
107.192
107.214
107.2
107.191
107.203
107.207
107.199
107.192
107.203
107.199
107.192
107.214
107.203
107.2
107.191
107.2
107.191
107.448
106.962
107.207
107.192
107.312
107.101
107.211
107.176
107.2
107.206
107.2
107.387
107.03
107.177
107.222
107.184
107.21
107.192
107.199
107.218
107.192
107.18
107.211
107.184
107.214
107.192
107.199
107.211
107.192
107.199
107.199
107.346
107.064
107.199
107.192
107.199
107.199
107.211
107.192
107.47
106.928
107.203
107.207
107.199
107.199
107.192
107.203
107.199
107.2
107.206
107.2
107.203
107.191
107.192
107.207
107.199
107.282
107.151
107.375
107
107.192
107.211
107.191
107.2
107.206
107.2
107.203
107.191
107.2
107.199
107.199
107.203
107.207
107.222
107.169
107.207
107.191
107.203
107.2
107.206
107.192
107.263
107.139
107.215
107.191
107.192
107.199
107.203
107.2
107.327
107.071
107.207
107.203
107.192
107.206
107.192
107.211
107.406
106.985
107.199
107.199
107.199
107.203
107.207
107.192
107.199
107.203
107.199
107.2
107.199
107.199
107.203
107.199
107.207
107.199
107.203
107.196
107.195
107.207
107.199
107.203
107.192
107.196
107.203
107.191
107.215
107.199
107.195
107.35
107.049
107.199
107.199
107.203
107.207
107.199
107.2
107.481
106.921
107.199
107.305
107.086
107.218
107.199
107.2
107.184
107.199
107.203
107.199
107.2
107.199
107.207
107.218
107.199
107.192
107.176
107.418
107.007
107.192
107.184
107.207
107.199
107.199
107.203
107.2
107.191
107.207
107.199
107.211
107.184
107.207
107.199
107.369
107.033
107.2
107.191
107.207
107.199
107.203
107.207
107.199
107.192
107.199
107.192
107.211
107.191
107.207
107.199
107.203
107.207
107.199
107.185
107.206
107.203
107.222
107.177
107.199
107.207
107.192
107.323
107.086
107.192
107.199
107.203
107.2
107.199
107.383
107.027
107.188
107.21
107.192
107.199
107.203
107.192
107.207
107.199
107.199
107.199
107.26
107.143
107.206
107.192
107.203
107.196
107.203
107.206
107.192
107.203
107.207
107.199
107.199
107.192
107.211
107.191
107.2
107.199
107.199
107.324
107.086
107.192
107.206
107.203
107.188
107.211
107.192
107.199
107.207
107.203
107.191
107.2
107.206
107.2
107.191
107.418
106.985
107.191
107.215
107.267
107.127
107.2
107.206
107.192
107.207
107.195
107.2
107.199
107.199
107.203
107.237
107.162
107.199
107.199
107.207
107.203
107.207
107.191
107.2
107.191
107.203
107.207
107.215
107.184
107.203
107.188
107.203
107.199
107.207
107.21
107.181
107.218
107.199
107.199
107.203
107.199
107.2
107.191
107.192
107.199
107.2
107.21
107.199
107.2
107.195
107.199
107.207
107.199
107.192
107.211
107.191
107.207
107.199
107.185
107.21
107.207
107.192
107.199
107.199
107.199
107.203
107.2
107.191
107.215
107.191
107.354
107.049
107.206
107.192
107.203
107.199
107.207
107.199
107.211
107.192
107.191
107.2
107.191
107.2
107.206
107.211
107.192
107.199
107.199
107.203
107.196
107.203
107.206
107.192
107.211
107.188
107.203
107.413
106.993
107.203
107.191
107.271
107.117
107.21
107.203
107.196
107.203
107.206
107.192
107.402
107
107.2
107.24
107.166
107.195
107.192
107.199
107.214
107.185
107.206
107.203
107.2
107.206
107.192
107.211
107.195
107.196
107.206
107.331
107.06
107.211
107.192
107.206
107.192
107.199
107.203
107.207
107.199
107.192
107.199
107.324
107.079
107.199
107.199
107.199
107.2
107.203
107.206
107.192
107.199
107.203
107.2
107.199
107.207
107.191
107.203
107.215
107.195
107.203
107.241
107.154
107.192
107.206
107.203
107.215
107.192
107.184
107.191
107.215
107.191
107.203
107.215
107.21
107.184
107.192
107.207
107.192
107.199
107.32
107.086
107.192
107.203
107.206
107.192
107.199
107.203
107.2
107.191
107.207
107.199
107.203
107.2
107.206
107.203
107.188
107.203
107.207
107.192
107.199
107.199
107.211
107.199
107.199
107.192
107.199
107.2
107.402
106.992
107.2
107.206
107.203
107.207
107.184
107.207
107.203
107.207
107.192
107.191
107.207
107.211
107.191
107.2
107.206
107.192
107.199
107.339
107.056
107.214
107.192
107.199
107.331
107.072
107.206
107.192
107.199
107.203
107.2
107.199
107.199
107.203
107.199
107.2
107.199
107.192
107.206
107.192
107.211
107.206
107.2
107.191
107.211
107.192
107.44
106.958
107.199
107.203
107.256
107.15
107.192
107.203
107.199
107.192
107.214
107.192
107.199
107.211
107.192
107.199
107.241
107.165
107.195
107.2
107.199
107.218
107.192
107.319
107.079
107.199
107.192
107.203
107.199
107.2
107.206
107.192
107.211
107.191
107.2
107.191
107.211
107.199
107.199
107.2
107.191
107.23
107.195
107.263
107.117
107.21
107.207
107.184
107.203
107.207
107.199
107.211
107.18
107.203
107.2
107.206
107.192
107.203
107.207
107.199
107.199
107.2
107.21
107.192
107.192
107.206
107.203
107.192
107.199
107.192
107.342
107.072
107.191
107.203
107.207
107.192
107.207
107.195
107.199
107.192
107.207
107.199
107.207
107.195
107.192
107.214
107.185
107.206
107.203
107.2
107.199
107.199
107.199
107.211
107.192
107.206
107.185
107.21
107.207
107.192
107.206
107.192
107.199
107.211
107.192
107.206
107.192
107.211
107.191
107.358
107.048
107.2
107.199
107.244
107.143
107.214
107.2
107.191
107.203
107.2
107.191
107.2
107.206
107.203
107.207
107.199
107.192
107.211
107.191
107.2
107.21
107.196
107.195
107.203
107.196
107.191
107.433
106.977
107.207
107.192
107.278
107.12
107.199
107.211
107.192
107.206
107.192
107.199
107.196
107.207
107.199
107.199
107.199
107.211
107.184
107.214
107.192
107.199
107.211
107.192
107.206
107.203
107.188
107.211
107.192
107.297
107.12
107.327
107.056
107.2
107.199
107.21
107.188
107.211
107.199
107.433
106.958
107.218
107.181
107.331
107.094
107.184
107.191
107.203
107.2
107.191
107.414
106.992
107.203
107.2
107.206
107.196
107.195
107.211
107.207
107.21
107.173
107.203
107.207
107.199
107.199
107.207
107.181
107.214
107.199
107.184
107.215
107.203
107.191
107.2
107.248
107.15
107.199
107.211
107.192
107.199
107.199
107.199
107.211
107.184
107.207
107.199
107.211
107.199
107.192
107.206
107.192
107.199
107.2
107.203
107.206
107.185
107.214
107.417
106.978
107.206
107.185
107.21
107.199
107.207
107.192
107.199
107.199
107.211
107.199
107.399
106.992
107.203
107.207
107.199
107.199
107.192
107.203
107.207
107.192
107.206
107.2
107.195
107.207
107.199
107.199
107.192
107.199
107.203
107.207
107.199
107.192
107.203
107.199
107.207
107.192
107.199
107.44
106.962
107.2
107.206
107.192
107.199
107.203
107.2
107.199
107.211
107.199
107.391
107.007
107.199
107.2
107.203
107.195
107.196
107.206
107.2
107.203
107.191
107.2
107.263
107.128
107.214
107.184
107.211
107.206
107.2
107.191
107.361
107.042
107.199
107.199
107.248
107.154
107.2
107.206
107.2
107.203
107.191
107.215
107.207
107.184
107.21
107.192
107.192
107.206
107.2
107.191
107.211
107.199
107.215
107.18
107.203
107.195
107.2
107.206
107.2
107.195
107.215
107.191
107.199
107.207
107.203
107.2
107.184
107.188
107.21
107.41
106.989
107.203
107.248
107.15
107.211
107.191
107.2
107.206
107.192
107.211
107.199
107.192
107.206
107.192
107.199
107.2
107.203
107.206
107.192
107.199
107.2
107.21
107.184
107.207
107.199
107.203
107.448
106.958
107.204
107.187
107.339
107.071
107.199
107.192
107.211
107.188
107.203
107.206
107.192
107.211
107.199
107.192
107.206
107.192
107.199
107.211
107.199
107.199
107.2
107.255
107.147
107.184
107.214
107.196
107.195
107.2
107.203
107.368
107.03
107.203
107.199
107.256
107.15
107.204
107.195
107.195
107.2
107.199
107.199
107.199
107.2
107.203
107.191
107.207
107.199
107.203
107.2
107.191
107.207
107.203
107.207
107.192
107.206
107.2
107.425
106.969
107.207
107.199
107.192
107.199
107.203
107.207
107.199
107.192
107.199
107.203
107.2
107.191
107.2
107.267
107.15
107.199
107.192
107.211
107.187
107.196
107.207
107.191
107.226
107.184
107.207
107.192
107.191
107.207
107.211
107.334
107.079
107.185
107.21
107.207
107.184
107.192
107.199
107.203
107.195
107.2
107.203
107.338
107.06
107.211
107.199
107.184
107.23
107.176
107.199
107.203
107.2
107.207
107.199
107.199
107.195
107.192
107.215
107.184
107.233
107.176
107.2
107.222
107.18
107.195
107.2
107.203
107.191
107.207
107.369
107.033
107.2
107.191
107.207
107.211
107.188
107.195
107.207
107.199
107.211
107.319
107.072
107.207
107.184
107.21
107.199
107.2
107.191
107.207
107.199
107.203
107.207
107.192
107.199
107.203
107.199
107.2
107.207
107.191
107.211
107.188
107.203
107.191
107.215
107.191
107.2
107.203
107.199
107.417
106.985
107.207
107.192
107.207
107.191
107.199
107.211
107.192
107.207
107.203
107.191
107.199
107.2
107.199
107.199
107.199
107.211
107.199
107.192
107.199
107.199
107.211
107.199
107.184
107.2
107.206
107.203
107.207
107.192
107.211
107.187
107.203
107.2
107.207
107.191
107.199
107.203
107.414
106.993
107.191
107.199
107.203
107.2
107.191
107.207
107.199
107.203
107.2
107.207
107.191
107.207
107.195
107.2
107.191
107.207
107.199
107.203
107.365
107.042
107.191
107.218
107.241
107.165
107.185
107.191
107.211
107.222
107.169
107.334
107.072
107.203
107.207
107.191
107.2
107.191
107.218
107.184
107.2
107.207
107.191
107.199
107.211
107.192
107.199
107.207
107.191
107.203
107.2
107.289
107.117
107.191
107.203
107.2
107.199
107.199
107.203
107.414
106.992
107.192
107.211
107.191
107.199
107.2
107.207
107.184
107.206
107.203
107.2
107.207
107.191
107.199
107.2
107.203
107.207
107.191
107.354
107.056
107.192
107.207
107.191
107.207
107.195
107.2
107.207
107.199
107.191
107.211
107.192
107.207
107.199
107.199
107.195
107.207
107.2
107.191
107.203
107.203
107.196
107.207
107.191
107.211
107.191
107.207
107.2
107.199
107.195
107.271
107.128
107.222
107.184
107.195
107.207
107.199
107.184
107.376
107.042
107.191
107.196
107.211
107.191
107.199
107.203
107.2
107.199
107.199
107.199
107.211
107.192
107.191
107.207
107.211
107.191
107.2
107.199
107.199
107.199
107.203
107.207
107.2
107.191
107.211
107.188
107.21
107.184
107.219
107.278
107.112
107.207
107.2
107.191
107.211
107.207
107.184
107.191
107.2
107.218
107.244
107.162
107.199
107.211
107.172
107.203
107.2
107.199
107.207
107.191
107.203
107.2
107.214
107.184
107.226
107.184
107.35
107.049
107.191
107.211
107.199
107.199
107.2
107.191
107.211
107.184
107.207
107.207
107.199
107.191
107.203
107.2
107.207
107.191
107.199
107.425
106.978
107.199
107.199
107.211
107.191
107.207
107.2
107.199
107.191
107.203
107.2
107.207
107.199
107.191
107.203
107.207
107.2
107.191
107.203
107.207
107.192
107.199
107.207
107.255
107.139
107.2
107.207
107.218
107.184
107.188
107.346
107.056
107.199
107.203
107.199
107.2
107.191
107.207
107.199
107.203
107.2
107.191
107.207
107.199
107.211
107.192
107.432
106.959
107.214
107.195
107.2
107.207
107.191
107.211
107.192
107.199
107.207
107.199
107.195
107.2
107.199
107.255
107.143
107.199
107.204
107.199
107.199
107.199
107.199
107.204
107.195
107.211
107.203
107.199
107.188
107.21
107.192
107.35
107.048
107.204
107.195
107.218
107.184
107.207
107.203
107.447
106.944
107.199
107.203
107.2
107.199
107.199
107.192
107.206
107.219
107.184
107.425
106.981
107.203
107.199
107.192
107.207
107.203
107.214
107.192
107.184
107.207
107.191
107.207
107.203
107.199
107.215
107.169
107.233
107.173
107.21
107.376
107.034
107.18
107.204
107.206
107.2
107.199
107.191
107.211
107.199
107.192
107.199
107.207
107.196
107.199
107.207
107.199
107.199
107.203
107.184
107.215
107.191
107.203
107.2
107.206
107.2
107.184
107.447
106.97
107.192
107.191
107.305
107.105
107.2
107.199
107.191
107.215
107.195
107.2
107.199
107.207
107.191
107.211
107.192
107.206
107.2
107.191
107.211
107.199
107.199
107.2
107.191
107.203
107.2
107.199
107.207
107.191
107.203
107.357
107.042
107.199
107.203
107.214
107.192
107.192
107.199
107.199
107.199
107.2
107.21
107.335
107.056
107.199
107.204
107.199
107.207
107.184
107.432
106.978
107.199
107.207
107.191
107.203
107.2
107.199
107.207
107.199
107.191
107.211
107.271
107.12
107.199
107.466
106.937
107.206
107.184
107.207
107.203
107.2
107.199
107.199
107.263
107.135
107.204
107.191
107.215
107.191
107.199
107.211
107.192
107.207
107.191
107.199
107.204
107.199
107.225
107.185
107.206
107.192
107.184
107.207
107.199
107.218
107.207
107.169
107.222
107.192
107.192
107.21
107.199
107.192
107.192
107.233
107.192
107.191
107.184
107.215
107.203
107.199
107.256
107.143
107.199
107.192
107.21
107.192
107.207
107.184
107.207
107.203
107.199
107.207
107.191
107.203
107.2
107.199
107.199
107.207
107.203
107.192
107.191
107.207
107.199
107.2
107.466
106.936
107.207
107.191
107.354
107.056
107.192
107.191
107.207
107.2
107.203
107.225
107.173
107.207
107.192
107.21
107.192
107.207
107.191
107.203
107.2
107.199
107.218
107.263
107.143
107.177
107.462
106.936
107.203
107.196
107.203
107.199
107.199
107.207
107.192
107.21
107.192
107.207
107.191
107.203
107.2
107.191
107.207
107.199
107.211
107.199
107.192
107.199
107.199
107.211
107.184
107.207
107.199
107.199
107.211
107.195
107.196
107.199
107.199
107.2
107.21
107.192
107.199
107.199
107.211
107.188
107.203
107.199
107.199
107.2
107.432
106.966
107.203
107.263
107.136
107.203
107.199
107.191
107.207
107.203
107.207
107.192
107.207
107.199
107.192
107.203
107.199
107.225
107.177
107.196
107.199
107.218
107.184
107.237
107.162
107.203
107.199
107.207
107.191
107.2
107.199
107.203
107.207
107.218
107.191
107.2
107.184
107.191
107.222
107.196
107.188
107.225
107.2
107.176
107.2
107.218
107.184
107.199
107.233
107.169
107.278
107.151
107.177
107.191
107.203
107.207
107.192
107.207
107.199
107.199
107.196
107.199
107.207
107.191
107.2
107.199
107.203
107.191
107.219
107.191
107.207
107.192
107.21
107.188
107.203
107.207
107.199
107.2
107.191
107.2
107.21
107.192
107.199
107.192
107.207
107.21
107.192
107.191
107.207
107.305
107.098
107.206
107.192
107.199
107.2
107.203
107.199
107.432
106.966
107.2
107.199
107.21
107.2
107.191
107.203
107.196
107.203
107.207
107.203
107.199
107.192
107.199
107.207
107.191
107.2
107.203
107.364
107.034
107.207
107.203
107.207
107.184
107.199
107.199
107.466
106.937
107.206
107.2
107.195
107.196
107.203
107.199
107.191
107.2
107.207
107.432
106.977
107.184
107.207
107.211
107.199
107.192
107.207
107.191
107.2
107.203
107.199
107.285
107.121
107.195
107.207
107.192
107.207
107.191
107.2
107.402
107.015
107.21
107.188
107.26
107.135
107.192
107.199
107.226
107.199
107.184
107.342
107.049
107.211
107.191
107.207
107.211
107.188
107.218
107.191
107.2
107.184
107.207
107.195
107.203
107.196
107.199
107.191
107.207
107.2
107.203
107.206
107.2
107.191
107.203
107.2
107.199
107.199
107.199
107.2
107.203
107.199
107.207
107.199
107.192
107.21
107.192
107.207
107.191
107.203
107.2
107.199
107.207
107.199
107.203
107.199
107.199
107.192
107.368
107.042
107.199
107.18
107.211
107.192
107.21
107.207
107.192
107.207
107.199
107.195
107.35
107.049
107.199
107.199
107.203
107.207
107.192
107.425
106.973
107.211
107.18
107.211
107.199
107.199
107.207
107.203
107.199
107.2
107.191
107.211
107.192
107.199
107.207
107.191
107.211
107.199
107.192
107.383
107.015
107.2
107.203
107.191
107.215
107.191
107.2
107.203
107.206
107.184
107.361
107.049
107.188
107.218
107.2
107.191
107.211
107.192
107.199
107.192
107.206
107.211
107.199
107.199
107.192
107.199
107.455
106.955
107.199
107.192
107.305
107.105
107.192
107.199
107.207
107.199
107.195
107.192
107.444
106.97
107.21
107.207
107.199
107.177
107.207
107.195
107.199
107.2
107.199
107.199
107.214
107.203
107.185
107.199
107.192
107.206
107.226
107.177
107.199
107.199
107.199
107.2
107.218
107.199
107.177
107.206
107.2
107.21
107.192
107.361
107.037
107.2
107.203
107.199
107.199
107.199
107.44
106.963
107.199
107.192
107.214
107.192
107.21
107.192
107.207
107.191
107.211
107.192
107.199
107.207
107.191
107.207
107.203
107.199
107.2
107.191
107.391
107.019
107.192
107.192
107.289
107.128
107.192
107.199
107.192
107.206
107.211
107.199
107.199
107.185
107.206
107.203
107.2
107.199
107.207
107.191
107.2
107.203
107.206
107.207
107.184
107.2
107.203
107.199
107.199
107.207
107.195
107.309
107.09
107.199
107.199
107.2
107.203
107.206
107.2
107.199
107.203
107.192
107.199
107.199
107.199
107.2
107.21
107.192
107.207
107.184
107.207
107.21
107.192
107.199
107.199
107.2
107.199
107.203
107.376
107.026
107.207
107.199
107.192
107.207
107.191
107.2
107.21
107.199
107.2
107.191
107.203
107.196
107.203
107.207
107.191
107.2
107.203
107.199
107.192
107.206
107.218
107.185
107.214
107.192
107.191
107.203
107.196
107.195
107.222
107.282
107.173
107.147
107.191
107.203
107.188
107.207
107.196
107.199
107.207
107.195
107.196
107.281
107.128
107.215
107.195
107.192
107.192
107.206
107.185
107.206
107.2
107.21
107.192
107.199
107.207
107.192
107.203
107.199
107.207
107.191
107.2
107.199
107.203
107.199
107.192
107.207
107.203
107.188
107.323
107.086
107.2
107.203
107.206
107.2
107.199
107.192
107.21
107.184
107.207
107.278
107.121
107.21
107.199
107.2
107.199
107.192
107.203
107.191
107.207
107.199
107.211
107.199
107.192
107.199
107.199
107.203
107.2
107.199
107.192
107.206
107.369
107.041
107.192
107.207
107.191
107.2
107.21
107.35
107.049
107.203
107.188
107.203
107.199
107.207
107.191
107.211
107.192
107.199
107.207
107.191
107.2
107.21
107.192
107.207
107.191
107.211
107.192
107.191
107.215
107.199
107.195
107.196
107.203
107.207
107.191
107.211
107.199
107.192
107.192
107.21
107.196
107.203
107.199
107.207
107.195
107.357
107.042
107.199
107.207
107.191
107.203
107.207
107.199
107.185
107.206
107.2
107.21
107.192
107.207
107.191
107.2
107.203
107.199
107.207
107.199
107.323
107.087
107.191
107.215
107.176
107.2
107.21
107.192
107.222
107.176
107.2
107.281
107.128
107.192
107.218
107.207
107.192
107.184
107.21
107.188
107.2
107.199
107.21
107.2
107.191
107.203
107.196
107.195
107.207
107.192
107.218
107.188
107.203
107.199
107.199
107.211
107.188
107.21
107.2
107.353
107.038
107.21
107.192
107.207
107.191
107.203
107.207
107.199
107.2
107.203
107.188
107.203
107.199
107.207
107.184
107.207
107.21
107.199
107.286
107.105
107.211
107.192
107.199
107.207
107.191
107.211
107.192
107.206
107.2
107.199
107.195
107.196
107.21
107.2
107.191
107.203
107.207
107.192
107.207
107.191
107.2
107.203
107.191
107.215
107.191
107.203
107.2
107.199
107.199
107.214
107.188
107.196
107.21
107.2
107.203
107.199
107.188
107.323
107.087
107.199
107.203
107.188
107.203
107.199
107.192
107.21
107.2
107.199
107.207
107.184
107.21
107.2
107.199
107.207
107.191
107.2
107.203
107.191
107.215
107.191
107.2
107.203
107.199
107.207
107.184
107.207
107.203
107.199
107.24
107.158
107.218
107.185
107.199
107.207
107.191
107.2
107.203
107.214
107.207
107.176
107.218
107.181
107.195
107.2
107.206
107.203
107.2
107.214
107.184
107.207
107.192
107.21
107.207
107.199
107.192
107.297
107.105
107.192
107.207
107.191
107.211
107.192
107.206
107.2
107.184
107.21
107.207
107.199
107.185
107.206
107.211
107.188
107.21
107.2
107.36
107.042
107.192
107.199
107.207
107.199
107.192
107.21
107.184
107.215
107.191
107.2
107.21
107.199
107.2
107.218
107.176
107.207
107.184
107.207
107.199
107.203
107.2
107.206
107.2
107.203
107.195
107.203
107.44
106.959
107.191
107.282
107.121
107.199
107.207
107.191
107.2
107.203
107.199
107.207
107.191
107.203
107.2
107.421
106.985
107.191
107.203
107.38
107.019
107.207
107.191
107.2
107.21
107.192
107.207
107.191
107.2
107.21
107.192
107.207
107.184
107.21
107.207
107.192
107.199
107.207
107.44
106.955
107.199
107.192
107.214
107.192
107.21
107.184
107.215
107.191
107.2
107.203
107.3
107.106
107.199
107.192
107.203
107.199
107.192
107.218
107.391
106.996
107.218
107.177
107.206
107.2
107.203
107.199
107.207
107.218
107.18
107.361
107.034
107.207
107.218
107.199
107.184
107.199
107.185
107.206
107.2
107.21
107.214
107.185
107.214
107.188
107.199
107.192
107.207
107.218
107.199
107.297
107.079
107.207
107.199
107.192
107.21
107.192
107.199
107.447
106.955
107.2
107.199
107.199
107.207
107.192
107.21
107.192
107.192
107.206
107.211
107.199
107.184
107.207
107.199
107.2
107.203
107.199
107.383
107.023
107.192
107.21
107.229
107.162
107.199
107.203
107.196
107.195
107.215
107.199
107.192
107.21
107.192
107.207
107.199
107.192
107.203
107.447
106.951
107.199
107.211
107.192
107.199
107.207
107.199
107.195
107.207
107.192
107.199
107.305
107.097
107.207
107.192
107.192
107.214
107.192
107.21
107.192
107.192
107.206
107.203
107.286
107.12
107.2
107.191
107.211
107.192
107.199
107.368
107.03
107.2
107.199
107.203
107.21
107.188
107.211
107.192
107.206
107.2
107.191
107.226
107.184
107.192
107.199
107.199
107.203
107.2
107.206
107.2
107.184
107.207
107.203
107.206
107.185
107.206
107.2
107.203
107.206
107.192
107.199
107.2
107.191
107.211
107.207
107.218
107.173
107.21
107.192
107.199
107.207
107.195
107.207
107.207
107.199
107.203
107.181
107.21
107.192
107.207
107.199
107.192
107.203
107.199
107.225
107.173
107.226
107.184
107.207
107.177
107.206
107.211
107.199
107.192
107.207
107.191
107.2
107.206
107.196
107.207
107.191
107.207
107.196
107.199
107.199
107.199
107.207
107.196
107.206
107.2
107.191
107.211
107.199
107.192
107.207
107.398
106.993
107.203
107.206
107.29
107.101
107.203
107.196
107.203
107.214
107.184
107.211
107.184
107.207
107.192
107.206
107.2
107.203
107.195
107.203
107.199
107.2
107.203
107.221
107.185
107.199
107.203
107.199
107.192
107.192
107.206
107.2
107.21
107.192
107.192
107.218
107.188
107.203
107.199
107.207
107.191
107.2
107.203
107.199
107.199
107.207
107.192
107.203
107.199
107.207
107.191
107.211
107.18
107.211
107.199
107.207
107.192
107.203
107.199
107.207
107.191
107.203
107.207
107.192
107.192
107.206
107.211
107.199
107.199
107.2
107.36
107.042
107.192
107.206
107.185
107.206
107.211
107.447
106.944
107.207
107.191
107.203
107.2
107.206
107.192
107.199
107.203
107.207
107.192
107.199
107.211
107.188
107.191
107.211
107.207
107.199
107.192
107.203
107.199
107.207
107.203
107.191
107.207
107.199
107.215
107.191
107.188
107.2
107.206
107.2
107.191
107.203
107.2
107.199
107.21
107.188
107.211
107.188
107.203
107.207
107.191
107.211
107.192
107.199
107.199
107.211
107.199
107.188
107.203
107.207
107.191
107.2
107.203
107.199
107.192
107.214
107.203
107.199
107.192
107.192
107.206
107.2
107.203
107.199
107.192
107.206
107.226
107.177
107.199
107.207
107.184
107.214
107.196
107.206
107.192
107.199
107.203
107.2
107.199
107.248
107.158
107.192
107.203
107.199
107.207
107.199
107.195
107.376
107.023
107.199
107.199
107.211
107.192
107.191
107.215
107.191
107.211
107.199
107.192
107.207
107.199
107.192
107.195
107.207
107.207
107.191
107.312
107.091
107.199
107.192
107.206
107.2
107.21
107.199
107.399
106.992
107.2
107.21
107.192
107.207
107.184
107.21
107.2
107.199
107.199
107.368
107.031
107.21
107.199
107.2
107.203
107.206
107.185
107.206
107.2
107.199
107.203
107.222
107.169
107.199
107.199
107.211
107.199
107.207
107.207
107.323
107.071
107.192
107.192
107.214
107.184
107.226
107.184
107.218
107.181
107.191
107.29
107.113
107.199
107.192
107.206
107.218
107.2
107.206
107.17
107.233
107.173
107.21
107.192
107.207
107.191
107.192
107.402
107.015
107.2
107.199
107.203
107.199
107.192
107.192
107.199
107.214
107.203
107.192
107.207
107.191
107.2
107.21
107.184
107.207
107.207
107.451
106.94
107.203
107.207
107.191
107.207
107.196
107.206
107.192
107.199
107.211
107.192
107.312
107.086
107.199
107.211
107.188
107.203
107.207
107.191
107.203
107.207
107.192
107.207
107.289
107.109
107.196
107.191
107.207
107.199
107.2
107.375
107.027
107.207
107.203
107.195
107.196
107.199
107.207
107.184
107.21
107.2
107.199
107.207
107.199
107.192
107.203
107.199
107.199
107.199
107.2
107.33
107.072
107.207
107.191
107.211
107.199
107.192
107.207
107.454
106.937
107.199
107.301
107.109
107.191
107.2
107.203
107.199
107.207
107.199
107.192
107.21
107.192
107.207
107.191
107.2
107.203
107.206
107.384
107.015
107.195
107.2
107.255
107.143
107.199
107.203
107.2
107.191
107.207
107.207
107.38
107.015
107.206
107.192
107.199
107.2
107.203
107.462
106.944
107.199
107.199
107.196
107.199
107.199
107.199
107.215
107.203
107.191
107.215
107.176
107.2
107.203
107.214
107.192
107.191
107.207
107.196
107.413
106.993
107.195
107.207
107.286
107.105
107.199
107.192
107.21
107.207
107.199
107.376
107.015
107.2
107.203
107.199
107.207
107.191
107.203
107.2
107.199
107.207
107.191
107.2
107.21
107.192
107.199
107.199
107.233
107.177
107.184
107.342
107.091
107.184
107.199
107.207
107.192
107.195
107.196
107.458
106.944
107.199
107.199
107.2
107.203
107.206
107.185
107.214
107.192
107.203
107.199
107.192
107.206
107.192
107.211
107.199
107.192
107.214
107.395
107.007
107.184
107.215
107.24
107.154
107.2
107.191
107.207
107.211
107.188
107.199
107.203
107.207
107.191
107.2
107.21
107.192
107.207
107.458
106.933
107.203
107.206
107.185
107.206
107.211
107.192
107.199
107.207
107.191
107.2
107.323
107.086
107.2
107.191
107.211
107.192
107.206
107.192
107.417
106.989
107.203
107.192
107.207
107.199
107.195
107.2
107.199
107.199
107.199
107.2
107.218
107.199
107.203
107.192
107.191
107.2
107.199
107.199
107.218
107.192
107.207
107.225
107.158
107.192
107.207
107.218
107.176
107.215
107.199
107.192
107.203
107.206
107.2
107.21
107.181
107.203
107.206
107.215
107.176
107.2
107.21
107.184
107.218
107.192
107.196
107.203
107.199
107.207
107.199
107.203
107.192
107.199
107.192
107.218
107.188
107.203
107.398
107.008
107.191
107.2
107.266
107.136
107.207
107.199
107.203
107.192
107.206
107.192
107.384
107.015
107.225
107.192
107.192
107.191
107.203
107.2
107.206
107.2
107.199
107.203
107.192
107.199
107.207
107.191
107.2
107.21
107.192
107.199
107.207
107.203
107.195
107.196
107.207
107.191
107.2
107.203
107.199
107.199
107.199
107.305
107.098
107.199
107.192
107.214
107.195
107.196
107.203
107.207
107.191
107.207
107.196
107.191
107.207
107.207
107.203
107.192
107.199
107.207
107.191
107.2
107.203
107.199
107.192
107.214
107.195
107.2
107.191
107.215
107.199
107.195
107.2
107.206
107.2
107.191
107.2
107.21
107.192
107.304
107.094
107.203
107.207
107.192
107.199
107.199
107.2
107.21
107.192
107.214
107.184
107.211
107.192
107.199
107.207
107.191
107.2
107.199
107.203
107.278
107.139
107.181
107.203
107.199
107.192
107.221
107.185
107.225
107.184
107.192
107.226
107.191
107.181
107.218
107.177
107.206
107.203
107.2
107.206
107.185
107.214
107.192
107.203
107.206
107.192
107.211
107.199
107.199
107.192
107.207
107.191
107.2
107.21
107.199
107.418
106.973
107.2
107.21
107.305
107.094
107.191
107.207
107.203
107.192
107.192
107.199
107.218
107.192
107.206
107.2
107.191
107.207
107.203
107.192
107.207
107.203
107.191
107.245
107.161
107.192
107.192
107.199
107.218
107.199
107.2
107.184
107.207
107.203
107.199
107.199
107.199
107.2
107.21
107.199
107.185
107.21
107.196
107.218
107.184
107.199
107.199
107.203
107.207
107.192
107.199
107.199
107.207
107.203
107.199
107.192
107.211
107.188
107.21
107.184
107.207
107.203
107.259
107.136
107.203
107.207
107.199
107.192
107.203
107.199
107.207
107.199
107.195
107.2
107.199
107.192
107.206
107.2
107.21
107.192
107.207
107.191
107.203
107.2
107.199
107.192
107.214
107.195
107.192
107.207
107.199
107.207
107.21
107.207
107.177
107.222
107.176
107.203
107.2
107.199
107.207
107.218
107.188
107.203
107.191
107.2
107.199
107.199
107.211
107.184
107.199
107.203
107.222
107.177
107.199
107.199
107.218
107.181
107.203
107.199
107.244
107.162
107.192
107.203
107.191
107.2
107.206
107.207
107.196
107.199
107.192
107.206
107.203
107.2
107.199
107.207
107.184
107.218
107.192
107.304
107.094
107.207
107.199
107.192
107.195
107.215
107.191
107.2
107.203
107.206
107.192
107.203
107.199
107.2
107.206
107.399
106.996
107.196
107.203
107.206
107.2
107.191
107.203
107.196
107.21
107.192
107.199
107.391
107.019
107.199
107.222
107.169
107.2
107.21
107.192
107.207
107.191
107.203
107.196
107.21
107.185
107.206
107.203
107.2
107.206
107.192
107.327
107.075
107.2
107.199
107.192
107.206
107.207
107.192
107.425
106.977
107.192
107.214
107.188
107.207
107.199
107.211
107.278
107.113
107.191
107.399
107.007
107.207
107.196
107.206
107.192
107.199
107.211
107.188
107.203
107.199
107.199
107.252
107.147
107.203
107.207
107.191
107.2
107.21
107.199
107.342
107.049
107.203
107.2
107.221
107.185
107.191
107.192
107.211
107.206
107.2
107.297
107.101
107.211
107.191
107.211
107.18
107.203
107.2
107.191
107.215
107.195
107.214
107.185
107.206
107.2
107.206
107.188
107.207
107.192
107.207
107.263
107.135
107.196
107.206
107.2
107.191
107.211
107.207
107.376
107.184
107.034
107.191
107.2
107.195
107.203
107.199
107.211
107.192
107.199
107.207
107.206
107.188
107.196
107.21
107.185
107.206
107.211
107.319
107.072
107.192
107.21
107.196
107.21
107.199
107.2
107.199
107.203
107.192
107.199
107.207
107.184
107.225
107.192
107.192
107.248
107.15
107.399
107.004
107.199
107.199
107.207
107.192
107.203
107.199
107.207
107.191
107.203
107.2
107.248
107.158
107.199
107.203
107.188
107.203
107.192
107.206
107.203
107.2
107.191
107.218
107.196
107.192
107.199
107.21
107.2
107.199
107.203
107.304
107.087
107.207
107.191
107.203
107.196
107.21
107.185
107.206
107.2
107.203
107.191
107.215
107.191
107.211
107.192
107.413
106.993
107.191
107.2
107.21
107.199
107.2
107.191
107.2
107.203
107.199
107.207
107.191
107.203
107.2
107.199
107.225
107.181
107.203
107.192
107.206
107.2
107.191
107.2
107.203
107.199
107.225
107.2
107.199
107.173
107.195
107.215
107.191
107.211
107.188
107.203
107.207
107.184
107.207
107.447
106.962
107.207
107.177
107.207
107.203
107.206
107.192
107.199
107.2
107.203
107.206
107.2
107.191
107.211
107.188
107.203
107.192
107.199
107.21
107.2
107.199
107.207
107.191
107.211
107.192
107.199
107.192
107.218
107.188
107.203
107.349
107.049
107.199
107.2
107.233
107.169
107.199
107.214
107.192
107.196
107.199
107.192
107.206
107.207
107.196
107.206
107.2
107.191
107.2
107.203
107.199
107.192
107.206
107.203
107.196
107.203
107.207
107.191
107.203
107.2
107.199
107.192
107.218
107.188
107.21
107.192
107.199
107.211
107.188
107.203
107.206
107.2
107.184
107.21
107.2
107.199
107.192
107.214
107.624
106.759
107.211
107.192
107.206
107.211
107.199
107.199
107.2
107.191
107.2
107.195
107.214
107.2
107.376
107.022
107.196
107.206
107.192
107.199
107.203
107.2
107.319
107.072
107.206
107.211
107.192
107.199
107.199
107.391
107.019
107.188
107.21
107.185
107.206
107.2
107.218
107.206
107.185
107.191
107.211
107.192
107.206
107.2
107.206
107.203
107.192
107.199
107.2
107.191
107.203
107.196
107.203
107.225
107.188
107.211
107.199
107.177
107.199
107.192
107.218
107.188
107.203
107.199
107.199
107.211
107.199
107.192
107.207
107.195
107.207
107.199
107.192
107.192
107.206
107.211
107.192
107.199
107.199
107.207
107.199
107.203
107.192
107.207
107.199
107.195
107.192
107.214
107.391
107.008
107.192
107.203
107.199
107.192
107.206
107.203
107.215
107.184
107.207
107.191
107.211
107.192
107.199
107.207
107.203
107.191
107.196
107.203
107.207
107.203
107.206
107.391
107.155
107.124
107.131
107.301
107.169
107.199
107.384
106.97
107.285
107.098
107.354
107.022
107.256
107.161
107.215
107.169
107.192
107.206
107.203
107.207
107.199
107.185
107.21
107.293
107.106
107.199
107.255
107.151
107.192
107.199
107.203
107.199
107.207
107.192
107.353
107.041
107.207
107.199
107.2
107.203
107.199
107.192
107.199
107.218
107.192
107.312
107.086
107.199
107.2
107.21
107.192
107.207
107.199
107.203
107.192
107.199
107.207
107.191
107.211
107.192
107.191
107.207
107.207
107.218
107.199
107.256
107.128
107.191
107.2
107.203
107.214
107.207
107.176
107.203
107.2
107.206
107.241
107.15
107.2
107.21
107.192
107.207
107.191
107.215
107.203
107.191
107.2
107.191
107.2
107.21
107.199
107.2
107.218
107.173
107.203
107.199
107.207
107.199
107.195
107.207
107.184
107.2
107.206
107.2
107.203
107.206
107.2
107.184
107.21
107.196
107.203
107.406
106.992
107.2
107.21
107.192
107.199
107.207
107.192
107.203
107.206
107.192
107.207
107.248
107.147
107.199
107.207
107.191
107.2
107.21
107.199
107.2
107.191
107.2
107.199
107.244
107.158
107.211
107.191
107.2
107.206
107.2
107.312
107.082
107.2
107.199
107.192
107.206
107.203
107.196
107.195
107.215
107.191
107.203
107.207
107.199
107.2
107.191
107.425
106.985
107.184
107.215
107.27
107.121
107.203
107.199
107.207
107.191
107.2
107.21
107.391
107
107.207
107.24
107.162
107.199
107.2
107.191
107.203
107.207
107.188
107.211
107.191
107.207
107.218
107.177
107.192
107.206
107.2
107.345
107.064
107.185
107.218
107.191
107.2
107.199
107.207
107.191
107.207
107.196
107.199
107.327
107.071
107.203
107.2
107.199
107.214
107.211
107.376
107
107.206
107.185
107.214
107.203
107.214
107.199
107.2
107.203
107.176
107.2
107.199
107.199
107.199
107.207
107.196
107.199
107.192
107.218
107.349
107.042
107.206
107.2
107.24
107.151
107.21
107.192
107.192
107.206
107.2
107.33
107.079
107.185
107.214
107.195
107.2
107.191
107.215
107.199
107.195
107.207
107.192
107.199
107.207
107.195
107.2
107.421
106.97
107.206
107.218
107.264
107.12
107.207
107.199
107.195
107.2
107.199
107.199
107.41
106.992
107.2
107.199
107.207
107.184
107.207
107.199
107.21
107.185
107.214
107.218
107.177
107.199
107.207
107.191
107.203
107.207
107.184
107.35
107.056
107.203
107.207
107.184
107.215
107.191
107.2
107.21
107.192
107.199
107.199
107.2
107.21
107.192
107.207
107.199
107.192
107.203
107.398
106.993
107.214
107.192
107.203
107.206
107.192
107.199
107.2
107.203
107.199
107.207
107.255
107.136
107.21
107.192
107.207
107.203
107.191
107.207
107.35
107.041
107.211
107.191
107.2
107.199
107.199
107.199
107.2
107.203
107.221
107.2
107.191
107.211
107.177
107.206
107.2
107.191
107.2
107.21
107.207
107.177
107.206
107.211
107.192
107.199
107.214
107.41
106.981
107.196
107.191
107.215
107.191
107.207
107.196
107.206
107.2
107.191
107.203
107.406
106.993
107.207
107.191
107.203
107.2
107.199
107.222
107.176
107.2
107.21
107.199
107.192
107.192
107.207
107.21
107.199
107.192
107.199
107.346
107.057
107.199
107.199
107.199
107.207
107.203
107.184
107.455
106.959
107.192
107.203
107.221
107.185
107.199
107.184
107.218
107.192
107.207
107.191
107.2
107.203
107.199
107.199
107.203
107.199
107.192
107.214
107.2
107.191
107.211
107.188
107.282
107.12
107.199
107.207
107.196
107.199
107.21
107.188
107.2
107.203
107.199
107.248
107.143
107.21
107.207
107.192
107.199
107.207
107.195
107.192
107.207
107.207
107.184
107.207
107.21
107.199
107.185
107.214
107.192
107.203
107.206
107.2
107.199
107.195
107.421
106.978
107.192
107.206
107.207
107.184
107.218
107.2
107.191
107.2
107.199
107.203
107.199
107.199
107.211
107.256
107.135
107.199
107.199
107.211
107.199
107.184
107.215
107.206
107.203
107.192
107.199
107.2
107.199
107.192
107.21
107.188
107.211
107.184
107.21
107.207
107.192
107.207
107.184
107.474
106.958
107.184
107.192
107.207
107.192
107.199
107.21
107.218
107.181
107.218
107.184
107.192
107.207
107.203
107.199
107.199
107.199
107.192
107.207
107.192
107.199
107.203
107.199
107.207
107.192
107.203
107.206
107.2
107.191
107.207
107.361
107.034
107.207
107.191
107.248
107.155
107.191
107.2
107.214
107.192
107.21
107.199
107.2
107.206
107.196
107.192
107.191
107.215
107.191
107.203
107.2
107.199
107.192
107.206
107.2
107.21
107.199
107.2
107.191
107.2
107.203
107.199
107.207
107.191
107.2
107.191
107.218
107.2
107.191
107.203
107.207
107.192
107.207
107.191
107.207
107.203
107.192
107.192
107.214
107.192
107.199
107.203
107.207
107.191
107.211
107.192
107.199
107.199
107.203
107.196
107.203
107.199
107.207
107.199
107.199
107.192
107.451
106.959
107.203
107.188
107.21
107.192
107.207
107.191
107.2
107.203
107.199
107.207
107.199
107.195
107.2
107.199
107.21
107.188
107.2
107.199
107.203
107.199
107.199
107.2
107.21
107.214
107.192
107.211
107.184
107.192
107.199
107.199
107.199
107.218
107.185
107.214
107.192
107.199
107.195
107.2
107.221
107.2
107.203
107.176
107.207
107.192
107.222
107.184
107.192
107.199
107.21
107.2
107.195
107.207
107.192
107.206
107.2
107.199
107.199
107.192
107.203
107.207
107.199
107.195
107.196
107.203
107.455
106.943
107.211
107.192
107.413
106.985
107.211
107.236
107.155
107.199
107.207
107.203
107.188
107.21
107.192
107.207
107.191
107.211
107.192
107.199
107.207
107.199
107.195
107.35
107.049
107.192
107.206
107.2
107.21
107.192
107.207
107.199
107.192
107.21
107.192
107.334
107.057
107.21
107.207
107.199
107.2
107.191
107.196
107.214
107.192
107.199
107.199
107.211
107.192
107.199
107.207
107.191
107.2
107.203
107.27
107.136
107.184
107.21
107.196
107.203
107.192
107.206
107.369
107.034
107.199
107.199
107.192
107.21
107.2
107.199
107.192
107.21
107.199
107.327
107.072
107.207
107.199
107.192
107.203
107.206
107.192
107.199
107.2
107.203
107.199
107.207
107.199
107.195
107.2
107.428
106.978
107.199
107.203
107.271
107.127
107.211
107.195
107.203
107.2
107.191
107.2
107.409
106.993
107.192
107.255
107.136
107.229
107.177
107.203
107.191
107.207
107.218
107.406
106.978
107.199
107.207
107.199
107.21
107.185
107.214
107.192
107.191
107.211
107.199
107.207
107.184
107.192
107.21
107.455
106.951
107.2
107.199
107.331
107.064
107.195
107.203
107.199
107.2
107.203
107.413
106.985
107.199
107.2
107.203
107.206
107.203
107.188
107.2
107.203
107.199
107.207
107.263
107.128
107.203
107.199
107.222
107.18
107.207
107.199
107.199
107.185
107.214
107.192
107.21
107.199
107.185
107.206
107.203
107.207
107.192
107.327
107.071
107.467
106.932
107.21
107.2
107.199
107.195
107.2
107.199
107.207
107.199
107.195
107.207
107.199
107.192
107.203
107.199
107.207
107.184
107.207
107.207
107.203
107.192
107.199
107.207
107.199
107.195
107.421
106.978
107.207
107.255
107.136
107.203
107.206
107.185
107.206
107.211
107.192
107.199
107.192
107.214
107.195
107.2
107.191
107.215
107.199
107.353
107.038
107.21
107.192
107.203
107.203
107.192
107.203
107.199
107.207
107.192
107.203
107.199
107.199
107.199
107.226
107.184
107.214
107.185
107.417
106.977
107.2
107.191
107.2
107.225
107.192
107.199
107.199
107.2
107.191
107.2
107.203
107.221
107.203
107.173
107.2
107.203
107.203
107.188
107.398
107.019
107.199
107.199
107.2
107.191
107.203
107.2
107.199
107.207
107.203
107.191
107.2
107.206
107.2
107.191
107.207
107.196
107.199
107.207
107.203
107.188
107.199
107.203
107.207
107.191
107.211
107.192
107.206
107.192
107.211
107.285
107.106
107.206
107.2
107.199
107.192
107.203
107.199
107.207
107.195
107.196
107.203
107.199
107.199
107.192
107.207
107.21
107.192
107.192
107.21
107.196
107.203
107.199
107.207
107.191
107.2
107.203
107.199
107.207
107.199
107.195
107.2
107.199
107.207
107.199
107.451
106.944
107.199
107.207
107.191
107.2
107.203
107.206
107.2
107.191
107.2
107.203
107.199
107.207
107.191
107.2
107.203
107.199
107.192
107.206
107.211
107.192
107.199
107.207
107.191
107.203
107.2
107.199
107.192
107.206
107.2
107.203
107.199
107.207
107.195
107.26
107.139
107.199
107.199
107.199
107.207
107.196
107.342
107.056
107.192
107.207
107.203
107.221
107.185
107.206
107.211
107.177
107.199
107.207
107.199
107.192
107.225
107.184
107.433
106.958
107.207
107.192
107.21
107.185
107.206
107.203
107.215
107.206
107.185
107.21
107.199
107.185
107.199
107.207
107.191
107.2
107.21
107.199
107.192
107.199
107.2
107.203
107.199
107.192
107.206
107.203
107.192
107.214
107.2
107.191
107.2
107.21
107.192
107.192
107.199
107.207
107.199
107.466
106.944
107.191
107.211
107.335
107.056
107.207
107.184
107.218
107.192
107.206
107.192
107.199
107.2
107.203
107.199
107.199
107.207
107.192
107.203
107.191
107.215
107.184
107.21
107.207
107.192
107.192
107.214
107.192
107.203
107.199
107.192
107.214
107.192
107.203
107.27
107.136
107.191
107.203
107.207
107.192
107.207
107.191
107.207
107.203
107.192
107.207
107.191
107.203
107.196
107.203
107.199
107.199
107.211
107.192
107.199
107.207
107.191
107.452
106.958
107.192
107.207
107.289
107.105
107.2
107.191
107.207
107.192
107.218
107.192
107.195
107.211
107.184
107.282
107.128
107.199
107.192
107.206
107.203
107.207
107.192
107.312
107.086
107.2
107.21
107.184
107.215
107.199
107.192
107.203
107.199
107.207
107.191
107.218
107.192
107.199
107.2
107.191
107.218
107.185
107.206
107.218
107.173
107.2
107.203
107.199
107.199
107.199
107.425
106.985
107.207
107.192
107.184
107.207
107.21
107.192
107.207
107.191
107.207
107.196
107.285
107.121
107.184
107.21
107.2
107.206
107.185
107.214
107.195
107.207
107.199
107.2
107.191
107.2
107.199
107.203
107.192
107.206
107.2
107.353
107.064
107.177
107.199
107.218
107.192
107.199
107.199
107.218
107.188
107.196
107.206
107.2
107.199
107.199
107.196
107.199
107.207
107.191
107.203
107.196
107.21
107.192
107.207
107.192
107.203
107.199
107.192
107.214
107.195
107.207
107.263
107.136
107.191
107.203
107.2
107.199
107.192
107.206
107.2
107.195
107.207
107.207
107.191
107.203
107.2
107.199
107.365
107.026
107.21
107.196
107.225
107.185
107.191
107.203
107.463
106.928
107.207
107.199
107.354
107.049
107.199
107.192
107.214
107.203
107.199
107.192
107.207
107.199
107.199
107.203
107.192
107.207
107.191
107.203
107.2
107.199
107.207
107.282
107.116
107.196
107.206
107.185
107.214
107.199
107.211
107.184
107.207
107.191
107.203
107.271
107.128
107.192
107.221
107.211
107.199
107.184
107.346
107.049
107.199
107.2
107.199
107.222
107.184
107.21
107.2
107.184
107.199
107.226
107.184
107.18
107.218
107.203
107.188
107.2
107.203
107.199
107.304
107.094
107.211
107.192
107.199
107.192
107.214
107.192
107.432
106.97
107.199
107.271
107.135
107.196
107.206
107.2
107.203
107.188
107.203
107.199
107.199
107.199
107.207
107.196
107.199
107.207
107.184
107.376
107.041
107.192
107.199
107.226
107.176
107.2
107.188
107.203
107.214
107.199
107.196
107.353
107.045
107.207
107.192
107.203
107.199
107.207
107.191
107.2
107.203
107.199
107.192
107.206
107.211
107.188
107.203
107.207
107.191
107.211
107.278
107.113
107.207
107.191
107.211
107.199
107.188
107.196
107.206
107.2
107.203
107.199
107.192
107.214
107.192
107.21
107.192
107.207
107.184
107.361
107.045
107.203
107.207
107.184
107.214
107.203
107.192
107.192
107.206
107.2
107.199
107.21
107.2
107.199
107.192
107.203
107.199
107.207
107.199
107.304
107.098
107.192
107.207
107.184
107.207
107.21
107.305
107.327
106.958
107.226
107.192
107.191
107.192
107.207
107.195
107.222
107.177
107.207
107.191
107.203
107.2
107.195
107.211
107.21
107.207
107.192
107.349
107.042
107.199
107.192
107.203
107.199
107.207
107.199
107.192
107.203
107.199
107.192
107.361
107.048
107.294
107.105
107.199
107.199
107.211
107.421
106.97
107.199
107.192
107.218
107.199
107.199
107.192
107.207
107.203
107.192
107.199
107.297
107.113
107.199
107.192
107.206
107.2
107.191
107.203
107.391
107.008
107.225
107.181
107.203
107.188
107.203
107.192
107.206
107.203
107.196
107.21
107.2
107.199
107.203
107.192
107.206
107.2
107.199
107.192
107.203
107.199
107.207
107.199
107.203
107.192
107.199
107.192
107.21
107.199
107.2
107.199
107.207
107.199
107.195
107.207
107.181
107.218
107.191
107.2
107.21
107.192
107.207
107.191
107.2
107.203
107.199
107.207
107.191
107.203
107.2
107.199
107.207
107.191
107.207
107.203
107.199
107.2
107.368
107.03
107.203
107.192
107.207
107.203
107.199
107.192
107.199
107.192
107.206
107.2
107.203
107.199
107.207
107.191
107.203
107.2
107.199
107.432
106.966
107.218
107.207
107.192
107.21
107.173
107.2
107.203
107.206
107.2
107.191
107.203
107.2
107.191
107.215
107.191
107.203
107.196
107.203
107.406
107.015
107.195
107.185
107.206
107.192
107.199
107.207
107.196
107.199
107.199
107.199
107.2
107.203
107.199
107.199
107.199
107.2
107.21
107.192
107.207
107.191
107.2
107.21
107.199
107.192
107.199
107.459
106.951
107.199
107.2
107.297
107.094
107.21
107.192
107.192
107.206
107.211
107.192
107.44
106.951
107.218
107.206
107.185
107.199
107.207
107.191
107.2
107.199
107.203
107.207
107.191
107.2
107.203
107.206
107.185
107.21
107.196
107.203
107.199
107.192
107.206
107.2
107.195
107.214
107.192
107.199
107.2
107.21
107.192
107.192
107.206
107.203
107.2
107.199
107.199
107.207
107.432
106.97
107.181
107.218
107.203
107.188
107.203
107.199
107.207
107.191
107.203
107.2
107.199
107.207
107.199
107.192
107.199
107.192
107.218
107.199
107.395
107.007
107.199
107.192
107.199
107.211
107.199
107.199
107.2
107.184
107.21
107.2
107.199
107.207
107.203
107.188
107.21
107.192
107.199
107.199
107.2
107.195
107.222
107.184
107.199
107.218
107.185
107.206
107.2
107.191
107.211
107.199
107.199
107.207
107.184
107.211
107.192
107.191
107.215
107.218
107.199
107.192
107.191
107.2
107.191
107.203
107.222
107.177
107.207
107.191
107.211
107.192
107.199
107.207
107.191
107.203
107.207
107.192
107.192
107.214
107.192
107.203
107.191
107.215
107.191
107.207
107.203
107.192
107.207
107.199
107.353
107.042
107.199
107.207
107.199
107.308
107.087
107.44
106.966
107.203
107.191
107.207
107.199
107.2
107.191
107.211
107.192
107.3
107.091
107.304
107.113
107.199
107.192
107.192
107.206
107.203
107.2
107.206
107.2
107.191
107.2
107.282
107.12
107.207
107.191
107.2
107.203
107.206
107.192
107.199
107.215
107.188
107.199
107.199
107.199
107.211
107.192
107.206
107.185
107.206
107.218
107.185
107.206
107.2
107.191
107.203
107.2
107.199
107.312
107.094
107.192
107.21
107.199
107.192
107.207
107.195
107.448
106.951
107.207
107.263
107.128
107.199
107.203
107.207
107.191
107.2
107.203
107.199
107.207
107.191
107.203
107.2
107.199
107.207
107.199
107.38
107.022
107.199
107.192
107.241
107.158
107.225
107.199
107.185
107.191
107.203
107.2
107.364
107.057
107.176
107.211
107.199
107.192
107.207
107.191
107.2
107.225
107.199
107.185
107.199
107.199
107.203
107.192
107.225
107.181
107.192
107.203
107.199
107.199
107.199
107.203
107.2
107.206
107.192
107.399
107.011
107.188
107.195
107.297
107.109
107.2
107.203
107.199
107.207
107.191
107.369
107.041
107.199
107.192
107.199
107.2
107.203
107.191
107.215
107.199
107.192
107.21
107.214
107.185
107.199
107.192
107.199
107.195
107.2
107.199
107.21
107.2
107.199
107.207
107.191
107.2
107.199
107.259
107.384
106.958
107.207
107.282
107.113
107.199
107.199
107.203
107.207
107.184
107.2
107.214
107.195
107.207
107.199
107.2
107.195
107.199
107.2
107.383
107.008
107.206
107.2
107.203
107.199
107.207
107.199
107.195
107.207
107.199
107.192
107.369
107.03
107.21
107.192
107.207
107.199
107.195
107.207
107.192
107.192
107.233
107.184
107.192
107.206
107.2
107.203
107.188
107.203
107.206
107.297
107.094
107.203
107.207
107.192
107.192
107.199
107.218
107.192
107.199
107.207
107.203
107.188
107.225
107.177
107.214
107.199
107.185
107.203
107.364
107.042
107.203
107.206
107.185
107.214
107.192
107.199
107.203
107.188
107.218
107.192
107.199
107.218
107.192
107.191
107.192
107.199
107.211
107.192
107.319
107.079
107.207
107.192
107.21
107.192
107.199
107.211
107.436
106.962
107.199
107.2
107.199
107.199
107.196
107.191
107.215
107.191
107.2
107.21
107.192
107.199
107.199
107.203
107.2
107.199
107.199
107.192
107.207
107.199
107.203
107.241
107.157
107.2
107.203
107.206
107.2
107.199
107.203
107.188
107.203
107.192
107.206
107.2
107.203
107.206
107.44
106.959
107.203
107.199
107.192
107.207
107.191
107.2
107.203
107.199
107.207
107.191
107.207
107.196
107.199
107.207
107.191
107.2
107.203
107.199
107.398
107
107.2
107.203
107.206
107.2
107.184
107.21
107.196
107.21
107.185
107.206
107.203
107.2
107.199
107.21
107.181
107.207
107.21
107.192
107.188
107.218
107.195
107.2
107.199
107.207
107.199
107.192
107.191
107.218
107.192
107.199
107.2
107.203
107.206
107.2
107.191
107.203
107.207
107.192
107.192
107.214
107.274
107.128
107.192
107.222
107.195
107.199
107.192
107.192
107.207
107.191
107.2
107.203
107.199
107.192
107.225
107.181
107.387
107.015
107.207
107.191
107.203
107.2
107.206
107.2
107.199
107.21
107.2
107.199
107.184
107.199
107.226
107.177
107.199
107.192
107.214
107.192
107.203
107.199
107.192
107.206
107.211
107.192
107.199
107.192
107.206
107.203
107.2
107.199
107.192
107.206
107.2
107.199
107.21
107.185
107.206
107.41
106.989
107.203
107.207
107.282
107.12
107.199
107.192
107.207
107.184
107.207
107.21
107.199
107.185
107.214
107.195
107.2
107.199
107.207
107.199
107.192
107.21
107.184
107.2
107.206
107.207
107.196
107.206
107.185
107.206
107.2
107.21
107.192
107.199
107.199
107.211
107.199
107.184
107.215
107.191
107.2
107.203
107.199
107.199
107.192
107.207
107.21
107.199
107.2
107.184
107.21
107.207
107.199
107.2
107.191
107.203
107.207
107.199
107.384
107.007
107.203
107.2
107.248
107.158
107.199
107.199
107.196
107.199
107.192
107.248
107.169
107.342
107.049
107.214
107.184
107.203
107.2
107.455
106.951
107.191
107.203
107.207
107.192
107.207
107.199
107.218
107.173
107.203
107.207
107.184
107.21
107.207
107.192
107.214
107.207
107.203
107.177
107.199
107.207
107.191
107.207
107.218
107.192
107.192
107.191
107.203
107.2
107.199
107.376
107.037
107.185
107.21
107.199
107.211
107.18
107.203
107.2
107.199
107.207
107.195
107.23
107.169
107.206
107.2
107.191
107.203
107.207
107.192
107.207
107.191
107.2
107.199
107.203
107.192
107.206
107.2
107.21
107.192
107.199
107.297
107.105
107.207
107.192
107.192
107.206
107.203
107.2
107.199
107.207
107.203
107.188
107.21
107.192
107.207
107.191
107.2
107.21
107.192
107.207
107.203
107.188
107.21
107.192
107.199
107.207
107.199
107.203
107.192
107.207
107.191
107.215
107.188
107.206
107.2
107.447
106.944
107.203
107.206
107.2
107.199
107.192
107.203
107.206
107.192
107.207
107.192
107.312
107.09
107.199
107.211
107.188
107.21
107.192
107.199
107.41
107
107.199
107.192
107.297
107.113
107.191
107.207
107.192
107.207
107.191
107.211
107.188
107.21
107.192
107.199
107.2
107.203
107.199
107.207
107.203
107.199
107.192
107.233
107.169
107.203
107.184
107.218
107.199
107.215
107.195
107.184
107.2
107.206
107.2
107.206
107.196
107.207
107.199
107.199
107.184
107.203
107.286
107.113
107.207
107.184
107.207
107.218
107.207
107.176
107.218
107.199
107.181
107.203
107.207
107.184
107.207
107.21
107.192
107.207
107.191
107.218
107.23
107.188
107.173
107.191
107.203
107.207
107.192
107.207

------------------------------------------------------------------------------------------------------------------------------------------------
max val(#7456) = 107.62us
min val(#7457) = 106.76us
peak-to-peak = 0.86us
mean +- RMS = 107.20 +- 0.06 us

packet size: 516
number of packets: 10000
RATE = 38507.46kbps, PPS = 9328.4
