Destination address set to 01:1B:19:00:00:00
Defaults: 01:1B:19:00:00:00 or 01:80:C2:00:00:0E
SIOCSHWTSTAMP: tx_type 1 requested, got 1; rx_filter 0 requested, got 0
setting ts_flags: 0x53
new ts_flags: 0x53


gap of hw tx time, us: packets 10000:
------------------------------------------------------------------------------------------------------------------------------------------------
0
141.039
142.962
142.88
143.917
141.921
142.959
143.921
141.921
142.88
143.921
141.996
142.88
144.003
141.918
142.962
144.158
141.681
142.879
143.921
142
142.88
143.916
142.005
142.88
143.917
142.004
142.879
144
141.918
142.879
143.999
141.923
142.878
144.001
141.839
143.04
144.001
141.842
142.879
144.001
141.917
143.12
143.759
141.922
143.119
143.76
141.922
142.879
143.92
142.001
142.879
144.001
141.921
142.959
143.838
142
142.883
143.922
141.996
142.878
144.001
141.922
142.879
143.921
141.999
142.96
143.921
141.921
142.88
143.917
142
142.962
143.921
141.918
142.878
143.923
142
142.879
143.999
141.922
142.879
144.08
141.842
142.876
144.004
141.917
142.884
144.156
141.761
142.883
144.241
141.677
142.962
143.917
141.921
142.959
143.921
141.917
142.963
143.838
142
142.883
143.917
142.001
142.958
143.842
142.001
142.878
144
141.922
142.958
144.079
141.842
142.801
144.079
141.838
142.962
143.922
142
142.879
143.918
141.922
142.879
143.921
142
142.88
144.158
141.763
142.88
144.24
141.677
142.962
143.839
141.921
142.958
143.922
141.921
142.958
144
141.921
143.038
143.999
141.764
142.88
143.921
142
142.88
144.078
141.839
142.879
144.004
141.918
142.879
143.921
142
142.88
144
141.838
142.963
143.917
142
142.884
143.916
142
142.962
143.839
142
142.958
143.922
141.921
142.963
143.917
141.92
142.881
144.078
141.839
142.884
143.917
141.921
142.958
143.922
142
142.958
144.083
141.759
142.88
144
141.921
142.88
143.921
141.996
142.88
144
142.082
142.722
143.918
142
142.879
144.079
141.921
142.801
143.921
142
142.959
144
141.842
142.958
144
141.839
142.88
144
141.921
142.879
143.921
142.079
142.801
143.921
142
142.88
144.079
141.838
142.88
144.161
141.76
142.88
143.921
142
142.879
143.921
142
142.959
143.842
142
142.88
143.917
142
142.962
143.922
141.917
143.12
143.681
142
142.879
144
141.842
142.959
143.921
142
142.88
143.921
142.079
142.797
143.92
142.001
142.88
143.921
141.917
142.962
143.921
141.918
142.962
143.999
141.918
142.963
143.838
142
142.884
143.917
142
142.88
143.921
142
142.879
143.92
142.001
142.88
143.921
141.996
142.884
143.917
141.921
142.959
143.921
142
142.883
143.997
141.921
142.879
144.079
141.842
142.88
144
141.921
142.88
143.921
142.079
142.879
143.839
142
142.88
143.921
142
142.958
143.925
141.917
142.88
144.158
141.763
142.88
143.917
142.004
142.88
144.077
141.84
142.962
144
141.839
142.879
143.921
142
142.88
143.921
142
142.959
144.24
141.598
142.884
144
141.921
142.876
144
141.921
142.879
143.921
142
142.88
144.079
141.842
142.959
143.841
141.918
142.959
143.921
142
142.958
144.004
141.839
142.879
143.921
142
143.038
143.758
142.005
142.88
143.921
141.996
142.88
143.921
142
142.88
144
141.921
143.199
143.68
141.921
142.88
143.921
141.996
142.884
144.158
142
142.643
143.917
142
142.88
144.161
141.76
142.879
143.921
142.079
142.801
143.92
142.159
142.722
144
141.921
142.88
143.917
142
142.88
143.921
142
142.879
143.921
142
142.88
143.92
141.918
142.963
143.917
142
142.88
143.921
142
142.88
144.082
141.76
142.958
144.079
141.842
142.88
144.079
141.842
142.876
144.241
141.601
143.041
143.921
141.918
142.88
143.921
142
142.879
144
141.921
143.038
143.763
142
142.88
143.916
142.001
142.88
143.92
142.001
142.962
143.917
141.843
142.958
143.92
142.001
142.88
143.92
142.001
142.959
143.842
142
142.958
143.838
142.001
142.88
144.16
141.761
142.878
144.001
141.921
142.88
143.92
142.001
142.88
143.916
141.922
142.963
143.917
142
142.88
144
141.921
142.962
143.837
142.001
142.88
143.999
142.001
142.801
143.92
141.997
142.884
143.916
141.922
142.959
143.92
142.001
142.879
143.92
142.159
142.722
143.917
142.004
142.88
143.916
141.922
142.959
144.003
142.079
142.719
143.92
142.001
142.879
144.082
141.839
142.88
143.921
141.996
142.963
144.078
141.76
142.884
143.916
141.922
142.962
144.157
141.76
142.958
144.001
141.842
142.88
144.078
141.843
142.88
143.921
142
142.876
144
141.921
142.88
143.921
142
142.879
143.921
142
142.88
143.916
142.001
142.884
143.92
141.918
142.959
143.92
142.08
142.801
143.92
142.001
143.041
143.759
142
142.88
143.92
142.001
142.959
143.841
142.001
142.876
143.92
142.001
142.88
143.92
142.001
142.879
143.92
142.001
142.88
143.92
142.001
142.88
143.917
142
142.88
143.924
141.918
142.959
143.92
142.001
142.879
143.92
142.001
142.88
143.92
142.001
142.88
143.917
142
142.88
143.92
142.001
142.88
143.92
142.001
142.958
143.842
142
142.88
143.92
141.997
142.884
143.916
142.005
142.876
143.92
141.922
142.959
143.921
142
142.879
143.92
142.001
142.88
143.921
142
142.876
143.924
141.918
143.041
143.838
142.001
142.88
143.92
142.001
142.879
143.92
142.001
142.88
143.917
142.004
142.88
143.921
141.996
143.041
143.759
141.922
143.041
143.838
142.001
142.879
143.92
142.001
142.88
143.92
141.997
142.884
143.916
142.001
142.88
143.921
142
142.88
143.92
142.001
142.962
143.837
142.001
142.88
143.92
141.922
142.959
143.916
142.001
142.88
143.92
142.001
142.88
143.92
141.922
142.957
143.921
141.921
142.959
144.241
141.681
142.88
143.92
141.918
142.963
143.917
142
143.041
143.76
142.079
142.8
144
141.921
142.88
143.921
142
142.88
143.921
141.996
142.884
143.917
142
142.88
143.92
142.001
142.879
143.92
142.001
142.88
143.92
142.001
142.88
143.92
141.918
142.963
144.077
141.761
142.959
143.921
142
142.879
143.917
142.004
142.88
143.92
141.997
142.884
143.916
142.005
142.88
143.916
142.001
142.883
143.918
142
142.879
143.92
141.919
142.962
143.92
141.918
143.042
143.838
142.004
142.88
144.078
141.839
142.88
143.92
142.001
142.962
143.837
142.001
142.88
143.921
142
142.88
143.916
142.001
142.88
144.16
141.761
142.88
143.92
141.922
142.958
143.92
142.001
142.88
143.92
142.001
142.88
143.916
142.001
142.884
143.916
142.005
142.876
143.92
141.922
142.958
143.92
142.001
142.88
143.92
141.997
142.884
143.916
142.163
142.718
143.921
142.004
142.876
143.92
142.162
142.718
143.92
141.922
142.959
143.916
142.005
142.88
143.916
142.001
142.88
143.92
142.001
142.88
143.92
141.922
142.958
143.921
142
142.88
144.24
141.598
142.963
143.917
142
142.884
143.916
142.001
142.88
143.92
142.001
142.879
143.921
141.921
142.959
143.921
142
142.88
143.917
141.921
142.963
143.916
141.922
142.959
143.999
141.843
143.037
143.842
141.921
142.959
143.92
142.001
142.88
143.916
142.084
142.797
143.92
142.001
142.88
143.921
142
142.878
144.083
141.839
142.88
143.916
142.005
142.88
143.92
142.001
142.88
143.916
142.001
142.88
143.92
142.08
142.8
143.92
142.001
142.88
143.92
142.001
142.88
144.239
141.677
142.88
144.082
142.079
142.64
143.921
142.001
142.961
143.997
141.842
142.959
143.842
142
142.88
143.921
141.996
142.884
143.917
142
142.88
143.921
142
142.879
143.921
142
142.88
143.92
141.918
142.963
143.921
142
142.958
143.839
142
142.883
144.079
141.76
142.958
143.92
142.001
142.88
144.078
141.843
142.88
143.916
142.001
143.124
143.676
141.922
142.962
143.917
142.001
142.879
143.921
142
142.88
143.92
142.001
142.88
143.916
142.005
142.88
143.916
142.005
142.876
143.92
142.001
142.879
143.92
141.922
142.959
143.92
142.001
142.88
143.921
142
142.88
143.916
142.001
142.88
143.92
142.001
142.879
143.92
141.922
142.959
143.92
142.001
142.88
143.917
142
142.88
143.921
142
142.88
143.92
141.922
142.958
143.92
142.08
142.801
143.92
142.001
142.88
143.916
142.001
142.88
143.92
142.001
142.88
143.921
142
142.879
143.92
142.001
142.88
143.921
142
142.88
143.916
142.005
142.876
143.92
141.922
142.959
143.92
142.001
142.879
143.999
141.922
142.959
143.842
141.917
142.963
144.157
141.76
142.88
143.92
142.001
143.12
143.68
142.001
142.958
143.92
141.922
142.88
143.92
142.001
142.88
143.917
142
142.962
143.839
142
142.962
143.838
142.001
142.879
143.92
142.001
142.88
143.92
142.001
142.88
143.92
141.997
142.884
143.916
142.001
142.88
143.92
142.001
142.879
143.921
142
142.88
143.92
141.997
142.884
143.916
142.001
142.88
143.92
142.001
142.88
143.92
141.922
142.958
143.921
142
142.88
143.92
141.918
142.963
143.916
142.005
142.88
143.916
142.001
142.88
143.92
142.162
142.718
143.92
142.001
142.88
143.92
142.159
142.722
143.917
141.921
142.959
144.082
141.839
142.88
144.082
141.839
142.878
143.921
142.001
142.88
143.92
142.001
142.88
143.916
142.001
142.884
144.156
141.761
142.958
144.083
141.76
142.958
143.841
142.001
142.88
143.92
141.997
142.884
143.916
142.001
142.884
143.916
142.001
142.962
143.838
141.922
142.958
143.92
141.922
143.196
143.684
142
142.88
143.999
141.922
143.037
143.759
142.001
142.883
143.997
141.921
142.879
143.92
142.001
142.88
143.92
141.918
142.963
143.92
141.997
142.88
143.921
142
142.88
143.92
142.001
142.879
143.92
142.001
142.88
143.92
141.997
142.884
143.92
141.918
142.963
143.917
142
142.88
143.92
142.001
142.879
143.92
142.159
142.722
143.92
142.001
142.88
143.92
142.08
142.801
143.916
142.084
142.797
143.921
142
142.879
143.92
142.001
142.88
143.921
142
142.876
143.921
141.921
142.959
143.924
141.997
143.12
143.68
142.001
142.879
144.161
141.76
142.88
143.999
141.839
142.959
143.921
142.004
142.88
143.916
141.922
142.959
143.92
142.001
142.879
143.999
141.922
142.88
143.916
142.005
142.959
143.841
141.997
142.884
143.916
142.001
142.961
143.839
142.001
142.879
144.083
141.838
142.88
143.92
142.001
142.88
143.92
141.997
142.884
143.995
141.922
142.88
143.999
141.922
142.879
144
141.918
142.883
143.92
141.918
142.963
143.921
141.917
142.963
143.917
142
142.88
143.92
142.001
142.879
143.92
142.001
142.88
143.921
141.917
142.963
143.92
142.001
142.88
143.916
142.084
142.797
143.92
142.32
142.56
143.999
141.922
142.88
143.92
141.918
142.963
143.92
141.997
142.88
143.921
142
142.88
143.92
142.001
142.879
143.921
142
142.88
143.921
142
142.959
143.837
142.001
142.884
143.916
142.001
142.883
143.997
141.921
142.879
144
141.921
143.121
143.679
141.997
142.884
143.92
141.997
142.884
143.917
142
142.88
143.92
142.001
142.879
143.92
142.001
142.88
143.92
142.001
142.88
143.917
142.004
142.88
143.916
142.005
142.879
143.917
142.001
142.879
143.92
142.001
142.88
143.916
142.001
142.884
143.917
142.004
142.876
143.92
141.922
142.962
143.996
141.922
142.879
143.999
141.922
142.88
143.916
142.001
142.884
143.92
141.997
142.884
143.916
142.005
142.876
143.921
142
142.879
143.92
142.159
142.722
143.92
142.159
142.722
143.92
142.238
142.639
143.924
141.918
142.959
143.92
142.001
142.879
143.92
142.001
142.88
143.921
142.158
142.801
143.837
142.001
142.884
143.917
142.004
142.876
143.999
141.922
142.958
143.841
142.001
142.88
143.916
141.922
143.121
143.758
142.001
142.884
143.917
141.921
143.041
143.838
142.001
142.879
143.92
141.922
142.959
143.916
142.001
142.88
143.92
142.005
142.88
143.916
142.001
142.88
143.921
141.921
143.037
143.842
141.918
142.962
143.916
142.084
142.801
144.157
141.76
142.884
143.916
142.005
142.879
143.917
142.001
142.879
143.921
141.918
143.041
143.841
141.918
142.963
143.92
142.08
142.801
143.917
141.921
142.959
143.92
142.001
142.879
143.999
141.922
142.88
143.92
141.918
142.963
143.917
142.162
142.718
143.92
142.163
142.718
143.921
142
142.879
143.921
142.079
142.801
143.999
141.922
142.876
143.924
141.997
142.884
143.999
141.918
143.199
143.602
142
142.879
143.92
142.001
142.88
143.999
142
142.802
143.916
142.001
142.88
144.161
141.681
142.959
143.92
142.001
142.879
143.92
141.998
142.883
143.921
141.996
142.884
143.916
142.001
142.88
144.003
141.918
142.959
143.841
142.001
142.962
143.995
141.843
142.88
143.92
142.001
143.038
143.758
141.922
142.959
143.92
142.001
142.88
143.92
142.001
142.879
143.92
141.998
142.883
143.92
142.001
142.88
143.999
141.918
142.884
143.917
142
142.88
143.92
141.922
142.958
143.92
142.001
142.88
143.92
142.001
142.88
143.92
142.001
142.88
143.916
142.001
142.961
144.238
141.602
142.879
143.921
142
142.88
143.92
142.08
142.801
143.916
141.922
142.959
143.92
141.922
142.959
143.92
142.001
142.879
143.92
142.001
142.958
144.162
141.677
142.884
143.921
141.996
142.88
144.082
141.842
142.876
143.921
141.921
143.037
143.842
142
142.959
144.241
141.601
142.88
144.158
141.681
143.042
143.838
142
142.88
144.079
141.842
142.879
144.079
141.76
142.962
143.917
142.004
142.88
143.921
142
142.88
143.917
142
142.962
143.838
142.001
142.879
143.921
142
142.88
143.921
141.917
142.963
143.917
142.004
142.88
143.917
141.921
142.959
143.921
141.921
142.958
143.921
142
142.88
143.921
141.917
142.963
144
141.917
142.884
143.917
141.921
142.959
144.239
141.84
142.721
143.92
142.001
142.88
143.92
142.08
142.801
143.916
141.922
142.959
143.921
142
142.88
143.92
142.001
142.879
143.92
142.163
142.797
143.841
142.08
142.801
143.92
141.997
142.884
143.916
141.922
142.959
143.92
141.922
142.958
143.921
142
142.88
143.92
142.001
142.959
143.841
142.001
142.88
143.916
142.001
142.88
143.92
141.922
143.116
143.762
142.001
142.88
143.92
141.922
142.959
143.921
141.996
142.884
143.916
142.001
142.88
143.92
142.001
142.879
143.92
141.919
142.962
143.92
142.001
142.88
143.921
141.917
142.963
143.916
141.922
142.959
143.92
142.001
142.958
143.842
142
142.88
143.999
141.922
142.88
143.999
141.918
142.88
143.92
142.001
142.88
143.921
142
142.879
143.92
142.001
142.88
143.921
142
142.88
143.92
141.997
142.88
143.92
142.001
142.883
143.917
141.922
142.958
143.92
142.001
142.88
143.921
142
142.88
143.916
142.005
142.88
143.999
141.918
142.88
143.92
142.001
142.879
143.999
141.922
142.88
143.999
141.918
142.884
143.916
142.001
142.884
143.917
142
142.88
144.16
141.682
142.958
143.999
141.922
142.959
143.841
141.918
142.963
143.916
142.005
142.959
143.92
141.918
142.88
143.921
142
143.12
143.68
142
142.88
143.92
142.001
142.88
143.995
141.926
142.876
143.92
142.001
142.88
143.92
141.922
143.037
143.842
142
142.88
143.916
142.005
142.959
143.837
142.001
142.884
143.916
142.001
142.88
143.92
142.001
142.879
143.999
141.843
143.038
143.841
141.997
142.884
143.921
142
142.876
143.921
142
142.88
143.921
142
142.879
143.92
142.159
142.722
143.92
142.08
142.801
143.916
142.084
142.797
143.92
142.08
142.883
143.839
142
142.879
143.921
142.158
142.722
143.999
141.839
142.963
143.917
142.162
142.718
143.92
142.001
142.88
143.92
142.001
142.879
143.92
142.001
142.88
144.079
141.759
142.963
143.921
142
142.959
143.837
142.001
142.88
143.92
141.922
142.958
143.92
142.001
142.88
143.916
142.005
142.876
143.92
141.922
142.963
143.916
141.926
143.034
143.841
142.001
142.879
143.92
142.001
142.88
143.92
141.997
142.884
143.916
142.005
142.88
143.917
141.921
142.959
143.92
142.001
142.879
143.92
142.001
142.88
143.917
142.004
142.88
143.921
141.996
142.884
143.916
141.922
142.959
144.318
141.602
142.88
143.921
141.999
142.88
144.162
141.759
142.881
143.921
142
142.88
143.917
142
142.88
143.921
142
142.879
143.92
142.001
142.88
143.917
142.245
142.639
143.917
142
142.884
143.917
142
142.88
144.081
141.84
142.958
143.842
142
142.88
143.917
142
142.884
143.999
141.918
142.884
143.999
141.918
142.88
143.921
142
142.879
143.92
142.001
142.88
143.92
142.001
142.88
143.921
141.996
142.884
144.079
141.838
142.88
143.92
141.922
142.958
143.92
142.001
142.959
143.837
142.005
142.88
143.916
142.005
142.875
144.005
141.917
142.962
143.838
142.001
143.12
143.677
142.082
142.801
143.921
142
142.88
143.92
142.001
142.88
143.916
142.001
142.88
143.92
141.922
142.958
143.92
142.001
142.88
143.92
142.001
142.959
143.837
142.001
142.884
143.916
142.001
142.88
143.999
141.922
142.879
143.921
142
142.88
143.92
142.001
142.88
143.916
142.001
142.884
143.916
142.163
142.718
143.92
142.001
142.879
143.921
142
142.88
143.916
141.922
142.963
143.92
141.997
142.88
143.92
142.001
143.203
143.597
141.922
142.958
144.161
141.76
142.88
143.917
142.004
142.876
143.925
141.996
142.963
144.078
141.76
142.962
143.999
141.761
143.119
143.918
141.842
142.88
144.241
141.68
142.88
143.917
142
142.884
143.917
142
142.959
143.841
142.001
142.879
143.92
142.001
142.88
143.92
141.997
142.884
143.916
142.001
142.88
143.92
142.001
142.88
143.921
142
142.879
143.92
142.001
142.959
143.841
141.918
142.963
143.916
141.922
142.963
143.916
142.001
142.883
143.917
142.001
142.962
143.837
142.001
142.88
143.921
142.237
142.643
143.916
142.005
142.88
143.916
141.922
142.959
143.92
142.001
142.879
143.921
142.079
142.801
144.078
141.843
142.88
143.917
142.004
142.88
144
141.921
142.879
143.917
142.001
142.879
143.92
142.001
142.88
143.92
142.001
142.88
143.92
141.997
142.884
143.92
141.997
142.883
143.918
142
142.879
144
141.921
142.88
143.92
141.922
142.959
143.916
142.005
142.876
144.003
141.918
142.88
143.92
142.001
142.879
143.921
141.918
142.962
143.92
142.001
142.88
143.92
141.918
143.042
143.837
142.001
142.88
143.92
142.001
142.879
143.92
142.001
142.88
143.92
142.001
142.959
143.838
141.921
142.963
143.917
142.004
142.876
143.92
142.001
142.879
143.92
142.001
142.88
143.921
142.158
142.722
143.916
142.005
142.88
143.916
142.005
142.876
143.921
142
142.879
143.92
142.08
142.801
143.92
142.001
142.88
143.916
142.001
142.884
143.916
142.001
142.88
143.92
142.001
142.879
143.92
141.922
142.959
143.917
141.925
142.959
144.157
141.759
142.881
143.999
141.843
142.959
143.923
141.998
142.879
144.161
141.76
142.88
143.92
141.918
142.963
144.157
141.764
142.876
143.92
142.001
142.958
143.842
142
143.041
143.838
141.921
142.88
143.921
142.001
142.88
143.999
141.918
142.88
144.004
141.917
142.88
143.921
142
142.879
143.921
142
142.88
143.921
142
142.88
143.921
141.917
142.963
143.916
142.001
142.88
143.921
142
142.879
143.921
142
142.88
143.921
142
142.88
143.917
141.921
142.959
143.92
142.001
142.88
143.92
142.001
142.879
143.92
141.919
143.041
143.841
142.001
142.88
143.921
142.237
142.643
143.916
142.163
142.718
143.92
142.159
142.721
143.92
141.998
142.883
143.92
142.08
142.801
143.916
141.922
143.038
143.841
142.001
142.88
144.082
141.839
142.879
143.92
141.922
143.038
143.841
142.001
142.88
143.916
142.001
142.88
144.243
141.678
142.88
143.92
142.001
142.879
143.92
141.919
142.962
143.92
142.001
142.88
143.916
141.922
142.963
143.92
141.997
142.962
143.838
141.922
142.958
143.92
142.001
142.88
143.917
142.004
142.88
143.92
141.997
142.88
143.999
141.922
142.883
143.917
142.001
142.879
143.92
142.001
143.042
143.758
141.997
142.884
143.916
142.005
142.876
143.921
141.921
142.959
143.999
141.922
142.879
143.92
142.001
142.959
143.841
141.997
142.884
143.916
142.001
142.962
143.917
141.922
142.88
143.921
141.921
142.958
144
142.079
142.722
143.92
142.001
142.88
143.92
142.08
142.801
143.916
142.005
142.876
143.92
142.001
142.879
143.92
142.159
142.722
143.999
141.922
142.88
143.921
142.241
142.639
143.916
142.001
142.883
144.078
141.84
142.879
143.999
141.922
142.959
143.841
142.001
142.88
143.917
142
142.88
143.92
142.001
142.88
143.92
142.001
142.879
143.92
142.001
142.88
143.92
142.001
142.959
143.837
142.001
142.88
143.92
142.001
142.88
143.921
141.921
142.958
143.92
142.001
142.88
144
141.921
142.88
143.916
142.005
142.876
143.92
142.001
142.88
143.92
141.918
142.962
143.92
142.001
142.88
143.921
141.917
143.042
144.078
141.764
142.876
143.92
142.001
142.88
143.92
142.001
142.879
143.92
142.001
142.88
143.92
142.08
142.797
143.924
142.08
142.797
143.921
142
142.88
143.92
142.001
142.879
143.92
142.001
142.88
143.92
142.001
142.88
143.916
142.001
142.884
143.916
141.922
142.959
143.92
141.918
142.962
143.921
142
142.88
143.999
142.001
142.801
143.999
141.918
142.88
143.92
141.922
142.959
143.92
142.001
142.879
143.921
142
142.88
143.916
142.005
143.042
143.754
142.001
142.884
143.917
141.921
142.962
143.917
142.001
142.879
143.92
142.001
142.88
143.999
141.839
143.042
143.838
142
142.884
144.078
141.76
143.041
143.839
141.921
142.958
143.92
142.001
142.88
143.92
142.001
142.88
143.916
141.922
143.042
144.079
141.68
142.959
143.921
141.921
142.958
143.92
142.001
142.88
143.916
142.005
142.88
143.92
141.997
142.884
143.916
142.001
142.88
143.92
142.001
142.883
143.916
142.159
142.721
143.922
142.079
142.801
143.92
142.001
142.876
143.92
142.08
142.801
143.92
142.001
142.879
143.92
142
142.881
143.92
142.001
142.88
143.917
142
142.88
143.92
141.922
142.959
143.999
141.922
142.879
143.92
142.001
142.88
143.92
142.001
142.88
143.916
141.922
143.042
144
141.838
142.962
143.838
142.001
142.879
143.92
141.919
142.962
143.92
142.001
143.117
143.683
141.997
142.884
143.916
142.001
142.88
143.92
142.001
142.879
143.921
142
142.88
143.92
141.918
142.963
143.917
142.004
142.88
143.916
142.001
142.88
143.92
142.001
142.879
143.92
142.001
142.88
143.92
142.001
142.88
143.921
141.917
142.959
143.92
142.084
142.797
143.92
142.001
142.879
143.92
142.001
142.88
143.92
142.001
142.88
143.916
142.084
142.801
143.916
142.084
142.797
143.921
142
142.879
143.92
142.242
142.639
143.92
141.997
142.884
143.916
141.922
142.959
143.92
142.001
142.88
143.92
142.001
142.879
144.158
141.763
142.88
143.921
142
142.88
144.158
141.759
142.88
143.92
142.001
142.88
143.999
141.843
143.037
143.841
142.001
142.88
143.921
142
143.12
143.68
142.001
142.876
143.92
142.001
142.88
143.92
142.001
142.958
143.841
141.919
142.962
143.92
142.001
142.88
143.916
141.922
142.959
143.92
141.922
142.959
143.999
141.843
143.037
143.841
142.001
142.88
143.921
142
142.88
143.916
142.001
142.963
143.837
142.001
142.88
144.239
141.682
142.879
143.92
142.001
142.88
143.916
142.005
142.876
143.924
141.997
142.884
143.917
142.083
142.797
143.92
141.922
142.958
143.92
142.001
142.88
143.92
142.001
142.88
143.999
141.839
142.959
143.92
141.922
142.959
143.92
142.08
142.804
143.917
142
142.88
144.157
141.843
142.801
143.916
142.005
142.88
143.916
142.001
142.88
143.92
142.001
142.879
143.92
142.001
142.88
144.161
141.76
142.876
143.92
142.005
142.876
143.92
141.922
142.959
144.002
141.919
142.879
143.92
142.001
142.959
144.161
141.681
142.88
143.916
141.922
142.959
143.92
142.001
142.88
144.239
141.682
142.879
143.92
142.001
142.88
143.92
141.997
142.884
143.916
142.001
142.88
144.003
141.918
142.88
143.92
142.001
142.879
143.999
141.922
142.88
143.92
142.001
142.88
143.916
142.005
142.88
143.916
142.005
142.876
144.243
141.599
142.958
144.078
141.843
142.88
143.916
141.922
142.963
143.92
141.997
142.88
143.92
141.922
142.959
143.999
141.843
142.958
143.92
142.159
142.722
143.92
142.001
142.88
143.999
141.918
142.88
143.92
142.001
142.88
143.92
142.001
142.879
143.92
141.919
142.962
144.157
141.681
142.963
144.161
141.756
142.884
143.916
142.001
142.88
143.92
142.001
142.879
143.92
142.001
142.88
144.401
141.52
142.88
143.916
141.922
142.963
143.916
142.005
142.876
143.92
141.918
142.962
143.921
142
142.88
143.921
141.917
142.963
143.917
142
142.88
143.921
141.921
142.959
143.921
142
142.879
143.92
142
142.96
143.92
141.918
142.884
143.917
142.004
142.876
143.92
141.922
142.959
144.161
141.76
142.879
144
141.839
142.962
143.917
142.004
142.88
143.917
142.004
142.876
143.921
142.162
142.721
143.918
142
142.879
143.921
141.997
142.962
143.842
142
142.88
143.917
142.004
142.88
143.916
142.001
142.88
143.999
141.922
142.879
144
141.921
142.88
144.162
141.917
142.722
143.917
142
142.884
144.158
141.68
142.959
143.921
142
142.879
144
141.921
142.88
143.921
142
142.88
143.921
142
142.876
143.92
142.001
143.12
143.68
142.001
142.962
143.837
142.001
142.88
143.921
142
142.959
143.841
142.001
142.876
143.921
142
142.88
143.921
142
142.879
143.921
142
142.88
143.92
142.001
142.88
143.916
142.001
142.884
143.917
142
142.883
143.917
141.922
142.958
143.921
141.922
142.958
143.921
141.918
143.041
143.837
141.922
142.963
143.916
142.005
142.876
143.921
141.921
142.958
143.92
142.001
142.88
143.917
142.083
142.801
143.92
141.918
142.959
143.92
142.001
142.88
143.92
142.001
142.879
143.921
142.241
142.639
143.916
142.005
142.88
143.917
142
142.884
144.078
141.839
142.88
143.92
142.001
142.879
143.917
142.004
142.88
143.917
142.004
142.88
143.92
141.997
142.884
143.917
142
142.88
143.921
142
142.879
143.921
141.997
143.045
143.759
142
142.88
143.917
141.921
142.963
143.917
142
142.88
143.92
142.001
142.879
143.921
141.922
142.958
144
141.917
142.963
143.842
141.996
142.884
143.917
142
142.88
143.921
142
142.879
143.921
142
142.88
143.999
141.918
142.884
143.916
142.001
142.884
143.917
142.004
142.876
143.92
142.001
142.879
143.921
142
142.88
143.916
142.005
142.88
143.921
142
142.876
143.921
142
142.88
143.921
141.921
142.958
143.92
142.238
142.643
143.92
142.001
142.88
143.92
142.001
142.88
143.916
142.001
142.88
143.92
142.001
142.879
143.92
142.001
142.88
143.92
142.08
142.797
143.921
141.921
142.959
143.921
142
142.88
143.921
142
142.879
144.078
141.843
142.88
144.078
141.843
142.88
144.157
141.76
142.963
143.838
142
142.883
143.917
142.001
142.879
143.92
141.919
142.962
143.92
142.001
142.88
143.917
142
142.963
143.837
142.001
142.883
143.917
142.001
142.879
143.92
142.001
142.88
143.92
142.001
142.88
143.92
141.918
142.959
143.921
141.921
142.959
143.92
141.922
142.958
143.921
141.918
142.962
143.921
142
142.88
143.916
142.001
142.88
143.92
142.001
142.962
143.838
142.001
142.879
143.999
141.922
142.88
143.999
142.08
142.718
143.925
141.917
142.963
143.916
142.001
142.88
143.999
141.922
142.879
143.92
142.001
142.88
143.92
142.001
142.876
144.003
141.918
142.884
143.916
142.001
142.88
144
141.842
142.958
143.92
142.158
142.723
144.157
141.682
143.12
143.758
142.005
142.876
143.92
142.001
142.88
143.92
142.001
142.879
143.92
142.001
142.88
143.92
142.001
142.88
143.916
141.922
142.963
143.916
141.922
142.959
143.92
142.001
142.879
143.92
142.001
142.88
143.916
142.005
142.876
143.92
142.005
142.876
144.082
141.839
142.883
143.918
142
142.879
143.92
142.001
142.88
143.92
142.001
142.88
143.92
141.997
142.884
143.916
142.001
142.88
143.92
142.001
142.879
143.92
142.001
142.88
143.92
142.001
142.88
143.916
142.005
142.88
143.916
141.922
142.959
143.92
142.001
142.879
143.92
142.001
142.88
143.92
141.997
142.884
143.916
142.001
142.88
143.921
142
142.88
143.92
141.922
142.958
144.078
141.843
142.88
143.916
142.005
142.88
143.916
141.922
142.963
143.916
141.922
142.959
143.92
142.001
142.879
144.161
141.76
142.88
143.999
141.922
142.88
143.92
141.918
142.963
143.916
141.922
143.041
143.838
142.001
142.879
143.92
142.001
142.88
143.92
142.001
142.88
143.916
141.922
142.963
143.916
141.922
142.959
143.92
141.922
142.958
143.92
142.001
142.88
143.92
142.001
142.88
143.916
142.001
142.88
144.161
141.681
142.959
143.999
141.922
142.879
143.92
142.001
142.88
143.92
142.001
142.88
143.916
142.001
142.88
143.92
141.922
142.959
143.92
142.001
142.879
144.161
141.76
142.88
143.92
142.001
142.88
143.92
142.238
142.639
144.003
141.918
142.88
143.92
142.001
142.879
143.92
142.001
142.959
143.841
142.001
142.88
144.078
141.839
142.88
143.92
141.922
142.959
143.921
142
142.879
143.92
142.001
142.88
144.161
141.678
142.958
143.92
142.001
142.884
143.916
142.001
142.88
143.92
142.001
142.879
143.92
142.001
142.88
143.917
142
143.125
143.679
141.997
142.884
143.916
141.922
142.959
143.92
142.001
142.879
143.92
142.001
142.88
144.157
141.682
142.962
143.916
142.001
142.88
143.924
141.997
142.88
143.92
142.001
142.879
143.92
142.001
142.88
143.92
142.001
142.88
143.916
142.005
142.876
144.161
141.681
142.959
143.92
142.001
142.879
143.921
142
142.88
144.161
141.76
142.88
143.92
141.918
142.959
144.082
142.001
142.718
143.999
141.922
142.879
143.92
142.001
142.88
143.999
142.001
142.801
143.999
141.918
142.884
143.999
141.918
142.88
143.999
141.922
142.879
143.92
142.001
142.88
143.92
142.001
142.88
143.999
141.839
142.959
143.92
142.001
143.041
143.759
141.922
142.958
143.921
142
142.88
143.92
142.001
142.88
143.999
141.918
143.121
143.679
142.001
143.041
143.759
141.922
142.958
143.92
142.001
142.959
143.999
141.761
142.962
143.916
141.922
142.959
144.082
141.839
142.88
143.92
142.001
142.883
144.074
141.843
142.88
143.999
141.922
142.88
143.917
142
142.88
143.921
141.921
142.959
143.92
141.922
143.037
143.921
141.843
142.958
143.92
142.001
142.88
143.916
142.242
142.643
143.92
141.996
142.88
144.24
141.761
142.8
144
141.921
142.88
143.999
142.001
142.801
144
141.917
142.88
143.921
142
142.883
143.918
142
142.879
144.078
142.001
142.722
143.999
141.922
142.88
144.079
141.838
142.884
143.917
142
142.88
143.921
141.921
142.958
143.92
142.001
142.88
144.079
141.842
142.88
144.319
141.602
142.88
143.996
141.921
143.12
143.684
141.997
142.879
143.92
141.919
143.041
143.837
142.005
142.88
144.078
141.839
142.884
143.917
142
142.88
143.921
142
142.883
144.075
141.842
142.88
143.92
142
142.876
143.922
142
142.883
143.917
142.001
142.879
144.161
141.761
142.879
143.92
142.001
142.88
143.917
142
142.884
143.917
142
142.884
143.92
141.997
142.88
144.002
141.919
142.879
144
141.921
142.88
143.92
142.001
142.88
144.157
141.764
142.876
144.083
141.759
142.959
143.921
142
142.879
143.92
142.001
142.88
143.92
142.001
142.88
144
141.917
142.884
143.916
142.001
142.88
143.92
141.922
142.958
144.079
141.842
142.879
143.918
142.004
142.88
143.92
141.997
142.88
144.241
141.68
142.88
143.92
142.001
142.879
143.92
142.001
142.88
143.921
141.918
143.041
143.838
141.921
142.959
144.241
141.68
142.88
143.92
142.001
142.879
143.921
141.922
143.199
143.676
142.004
142.959
143.837
142.001
142.963
143.838
142.004
142.958
143.839
142.079
142.883
143.837
141.919
142.962
143.92
142.001
142.88
143.917
142.004
142.88
143.916
142.001
142.883
143.917
142.001
142.879
144.079
141.843
142.879
144.158
141.763
142.88
143.916
141.922
142.959
143.92
142.001
142.88
143.921
142.158
142.721
143.921
142.241
142.639
143.92
142.08
142.801
143.917
142
142.963
143.838
141.921
142.959
143.92
141.922
142.958
143.999
141.923
142.879
143.921
141.921
142.959
143.916
142.001
142.963
143.999
141.839
142.88
143.921
142
142.879
143.922
142
142.879
143.92
142.001
142.88
143.916
142.001
142.88
143.921
142
142.88
143.92
142.001
142.958
143.842
142.001
142.879
144.079
141.842
142.88
143.921
142
142.88
143.916
141.922
142.959
143.92
142.001
142.879
143.922
142
142.879
143.92
142.001
142.959
143.837
142.001
142.88
143.921
142
142.88
143.924
141.997
142.879
143.921
142.001
142.878
144
141.922
142.88
143.916
141.922
142.959
143.92
141.922
142.959
143.92
142.001
142.879
143.921
141.922
142.958
143.921
141.996
142.884
143.916
142.001
142.884
143.916
142.001
142.883
143.917
142.001
142.879
143.921
142.001
142.879
143.92
141.919
142.962
143.916
142.163
142.718
143.92
142.001
142.88
143.92
141.922
142.958
143.922
141.921
142.958
143.92
142.001
142.88
144.079
141.759
142.959
143.92
142.001
142.88
143.92
141.922
143.037
143.92
141.923
142.879
143.92
142.001
142.88
143.921
142
142.88
143.916
141.922
142.959
143.92
142.001
142.879
143.921
142.001
142.958
143.841
141.919
142.958
143.92
142.001
142.884
143.917
142
142.88
143.921
142
142.879
143.922
142
142.962
143.837
141.919
142.962
144.158
141.763
142.88
143.916
142.001
142.88
143.92
142.001
142.878
144.162
141.918
142.722
143.918
142.003
142.88
143.92
142.001
142.88
143.916
141.922
142.962
143.917
142.001
142.879
143.921
142.001
142.879
143.92
141.919
142.962
143.916
142.005
142.876
143.921
142.158
142.725
143.917
142.08
142.8
143.921
142.001
142.879
143.921
142
142.88
143.917
142.004
142.959
143.837
142.001
142.88
143.92
142.001
142.879
143.921
142.001
142.879
144.078
141.843
142.88
143.916
142.001
142.88
143.92
142.001
142.883
143.917
141.922
142.958
143.921
141.918
142.962
143.92
141.919
142.962
143.92
141.918
142.963
143.916
141.922
142.959
143.92
141.922
142.958
143.921
142.001
142.879
143.92
142.001
142.876
143.92
142.001
142.884
143.916
142.001
142.88
143.921
142
142.879
143.922
142
142.879
143.92
141.922
142.959
143.916
142.001
142.884
143.916
142.001
142.88
143.921
142
142.879
143.921
142.001
142.958
143.838
142.004
142.88
143.917
142.004
142.88
143.916
142.001
142.883
143.917
142.001
142.879
143.921
142
142.958
143.922
141.918
142.883
143.92
142.001
142.88
143.916
142.001
142.88
143.92
142.005
142.875
143.999
141.923
143.12
143.677
141.921
143.12
143.758
142.001
142.88
143.92
142.001
142.88
143.92
142.001
142.879
143.921
141.922
142.958
143.92
142.001
142.88
143.916
142.001
142.88
143.921
142
142.88
143.92
142.001
142.879
143.921
141.922
143.12
143.758
142.001
142.88
143.916
142.001
142.884
143.916
141.922
142.959
143.921
141.921
142.958
143.922
141.917
142.962
143.92
141.998
142.883
143.916
142.001
142.884
143.999
141.918
142.88
143.92
142.001
142.958
143.842
142.001
142.958
143.841
142.001
142.88
143.921
141.996
142.88
143.92
142.001
142.883
143.917
142.001
142.879
143.921
142.001
142.958
143.92
142.001
142.797
143.92
142.001
142.884
143.916
142.001
142.962
143.839
142
142.879
143.921
142.001
142.879
144.157
141.682
142.962
143.92
142.001
142.876
143.92
142.001
142.88
143.921
141.921
142.958
143.921
141.918
142.962
143.92
141.922
142.959
143.916
142.005
143.117
143.679
141.922
142.962
143.917
141.922
143.037
143.842
142.001
142.879
143.92
141.922
142.959
143.916
141.922
143.042
143.838
141.921
142.959
143.921
142
142.879
143.921
142.001
142.879
143.92
141.998
142.879
143.92
142.001
142.884
143.916
142.001
142.88
143.92
142.001
142.879
143.921
142.001
142.958
143.841
142.001
142.88
143.92
141.918
142.963
143.916
142.001
143.04
143.761
142.161
142.718
143.921
142.001
142.879
143.917
142.004
142.88
143.916
141.922
142.963
143.916
142.001
142.88
143.92
142.001
142.879
143.922
142
142.957
143.922
142
142.801
143.92
142
142.959
144.001
141.838
142.88
143.92
141.922
142.958
143.921
141.918
142.962
143.999
141.922
142.88
143.917
141.921
142.959
143.92
142.001
142.88
143.92
141.922
142.958
143.921
142.001
142.958
143.841
142.001
142.959
143.841
141.997
142.884
143.916
142.001
142.962
143.839
142
142.957
143.843
142.001
142.879
143.999
141.919
142.883
143.916
142.001
142.88
143.92
142.08
142.801
143.921
142
142.879
143.921
142.001
142.879
143.921
141.918
142.962
143.916
142.001
142.88
143.92
142.001
142.88
144.078
141.922
142.8
143.921
142.079
142.801
143.92
142.001
142.88
143.92
141.997
142.884
143.917
142
142.88
143.916
142.005
142.879
144.078
141.765
142.958
143.92
142.001
142.876
143.92
142.001
142.88
143.92
141.922
142.959
143.92
141.922
142.958
143.921
142.001
142.879
143.92
142.001
142.959
143.837
142.005
142.88
143.916
142.001
142.88
144.16
141.761
142.879
143.921
142.001
142.879
143.921
142
142.88
143.916
141.922
142.959
143.92
142.001
142.88
143.92
142.001
142.879
143.921
142.001
142.958
143.841
142.001
142.88
143.916
142.001
142.884
143.916
142.001
142.88
143.92
142.001
142.879
143.921
142.001
142.879
143.92
141.919
142.962
143.916
142.005
142.959
143.837
141.922
142.959
143.92
142.001
142.879
143.921
141.922
142.954
143.924
142.001
142.88
143.92
141.997
142.88
143.92
142.001
142.88
143.92
142.001
142.958
143.838
141.926
142.958
143.917
141.922
142.962
143.92
141.997
142.884
143.916
141.922
142.959
143.92
142.001
142.879
143.921
142.001
142.879
143.921
141.918
142.962
143.916
142.005
142.876
144.161
141.76
142.88
143.92
142.001
142.879
143.922
142
142.958
143.841
141.998
142.962
143.841
141.918
142.959
144.241
141.68
142.88
143.92
142.001
142.879
143.921
141.922
142.958
143.917
142.004
142.88
143.92
141.997
142.884
143.916
142.001
142.88
144.081
141.761
142.958
143.922
141.921
142.958
143.92
142.001
142.88
143.916
142.001
142.88
143.92
142.005
142.876
143.92
142.001
142.879
143.922
142
142.958
143.841
142.001
142.88
143.921
141.996
142.884
143.916
141.922
142.959
143.92
142.001
142.879
143.921
141.922
142.958
143.92
142.001
142.88
143.916
141.922
142.963
143.916
142.001
142.88
143.92
142.001
142.879
143.921
141.922
142.958
143.92
142.001
142.88
143.916
142.163
142.722
143.916
142.001
142.88
143.92
141.922
142.958
143.922
142
142.879
144.078
141.843
142.88
143.916
142.005
142.88
143.999
141.839
142.962
143.917
142.001
142.879
143.921
141.918
142.962
143.92
141.919
142.958
143.924
142.001
142.876
143.921
141.921
142.959
143.921
141.921
142.958
143.921
142.001
142.879
143.917
142.004
142.88
143.916
142.005
142.876
143.92
142.001
142.88
143.92
142.001
143.12
143.681
142
142.879
143.92
142.001
142.88
143.916
141.922
142.959
144.161
141.68
142.959
143.921
142
142.879
144.001
141.922
142.879
143.92
142.001
142.876
143.924
141.997
142.884
143.917
142
142.959
143.841
142.001
142.879
143.922
142.24
142.639
143.92
141.998
142.883
143.916
142.001
142.884
143.916
142.001
142.962
143.999
141.761
142.958
143.921
142.001
142.879
143.917
142.004
142.88
144.079
141.838
142.884
143.916
142.001
142.884
143.995
141.922
142.879
143.921
142.001
142.879
143.92
141.919
142.962
143.916
142.163
142.718
143.92
142.001
142.88
144
141.921
142.879
143.921
142.001
142.958
143.841
141.919
142.962
143.92
142.001
142.876
143.92
142.001
142.88
143.92
142.001
142.879
143.921
142.001
142.958
143.842
141.918
142.962
143.92
142.001
142.876
143.92
142.001
142.88
143.92
142.001
142.958
143.842
142.001
142.879
143.92
142.001
142.88
143.917
142
142.88
143.921
142
142.88
143.92
142.001
142.879
143.921
142.001
142.879
143.92
142.238
142.643
143.916
142.001
142.884
143.916
142.001
142.88
143.921
141.917
142.963
143.92
141.922
142.958
143.917
142.004
142.88
143.916
141.922
142.963
143.916
142.001
142.88
143.92
142.001
142.88
143.92
141.918
142.962
143.92
141.919
142.962
143.916
142.001
142.884
143.916
142.001
142.88
143.92
141.922
143.041
143.838
141.918
142.962
143.917
141.922
143.203
143.679
142.001
142.876
143.92
142.001
142.884
143.917
142
142.88
143.921
142
142.958
143.841
141.998
142.883
143.916
142.001
142.884
143.92
141.997
142.88
143.92
142.001
142.962
143.834
142.005
142.879
143.92
142.001
142.88
143.92
141.997
142.884
143.916
142.001
142.88
143.92
141.922
142.959
143.92
142.001
142.879
143.92
141.919
142.962
143.916
142.001
142.884
143.916
141.922
142.963
144.157
141.681
142.959
143.92
141.922
142.958
143.921
141.918
142.962
143.916
141.922
142.959
143.924
142.001
142.876
143.92
142.162
142.719
143.92
142.001
142.958
143.841
141.919
142.962
144.157
141.764
143.038
143.759
142
142.88
143.92
142.001
142.88
143.92
142.001
142.879
143.92
141.998
142.883
143.916
142.005
142.876
143.92
142.001
142.88
143.92
142.001
142.88
143.921
142
142.879
143.917
142.004
142.88
143.916
141.922
143.042
143.837
142.001
142.88
143.92
142.001
142.88
143.92
142.001
142.879
143.92
141.919
142.958
143.921
142.004
142.959
143.837
141.922
142.959
143.92
142.001
142.962
143.838
142.001
142.958
143.841
142.001
142.88
143.916
142.005
142.876
143.92
142.001
142.88
143.92
142.08
142.801
143.92
141.922
142.958
143.92
141.919
142.962
143.92
141.918
142.959
143.92
142.001
142.88
143.92
142.001
142.958
143.842
142.001
142.876
143.924
142
142.876
143.921
142.003
142.877
143.92
142.001
142.88
144.081
141.84
142.88
143.92
142.08
142.8
143.92
142.001
142.88
143.92
141.997
142.884
143.917
141.921
143.041
143.996
141.842
142.958
143.843
142
142.879
144.162
141.917
142.722
144.079
141.839
142.88
143.921
142
142.88
143.92
142.001
142.88
143.92
141.922
142.958
143.921
141.997
142.883
143.917
142
142.884
143.916
142.084
142.797
143.92
142.001
142.962
143.839
142
142.958
143.841
142.001
142.959
143.841
141.997
142.884
143.916
142.001
142.88
143.92
142.001
142.88
143.921
142.079
142.879
143.841
142.001
142.88
143.916
142.001
142.88
143.92
142.001
142.88
143.999
141.843
142.959
143.921
141.921
142.958
143.92
142.001
142.88
143.921
142
142.876
143.92
142.001
142.88
144.003
141.918
142.88
143.92
142.001
142.879
143.999
141.922
143.117
143.679
142.005
142.876
144
141.921
142.88
143.921
142
142.88
143.92
142.001
142.958
143.841
142.001
142.88
143.916
141.922
142.959
143.92
142.001
143.12
143.68
142.001
142.962
143.838
142.001
142.879
143.921
142
142.959
143.837
142.001
142.884
143.916
141.922
142.959
143.92
142.001
142.88
143.92
142.001
142.879
143.92
141.919
142.962
143.916
142.001
142.88
144
141.921
142.959
143.841
142.001
142.88
143.92
142.001
142.878
144
141.921
142.88
144
141.917
142.884
143.917
142
142.881
143.999
141.922
142.88
143.921
142
142.879
143.921
142
142.88
143.916
142.005
142.876
143.92
142.001
142.962
143.838
142.001
142.88
143.92
142.001
142.958
143.838
141.925
142.959
143.916
141.922
142.963
143.92
141.997
142.88
144.16
141.761
142.88
143.92
141.997
142.883
143.92
142.001
142.88
143.995
141.843
142.963
143.916
142.001
142.88
144.16
141.761
142.962
143.838
142.001
142.879
143.92
141.919
142.962
143.921
141.996
142.884
143.916
142.001
142.88
143.921
142
142.962
143.834
142.005
142.879
143.917
142.001
142.883
143.916
141.922
142.959
143.924
141.997
142.88
143.92
142.001
142.88
143.92
142.001
142.879
143.92
141.919
142.962
143.916
142.005
142.876
143.92
142.001
142.88
143.92
142.001
142.88
143.92
141.922
142.958
143.921
141.918
142.962
143.916
142.005
142.876
143.92
142.001
142.88
143.92
142.001
142.88
143.92
142.001
142.879
143.92
141.919
142.962
143.92
142.076
142.805
143.917
142
142.88
143.921
141.921
142.959
143.92
141.922
142.958
144.078
141.843
142.88
143.916
142.005
142.88
143.916
142.001
142.884
143.916
141.922
142.959
143.921
141.917
142.962
143.999
142.001
142.801
143.916
142.001
142.884
143.916
142.001
142.88
143.92
142.001
142.88
143.92
142.001
142.879
143.917
142.004
142.88
143.917
142.004
142.88
143.916
142.001
142.88
143.921
142
143.041
143.759
142.08
142.8
143.92
142.001
142.88
143.916
142.001
142.88
144.003
141.839
142.963
143.917
142
142.88
143.92
142.001
142.879
143.92
141.919
142.962
143.92
142.001
142.876
144.161
141.76
142.88
143.92
142.001
142.958
143.842
142.001
142.879
143.92
142.159
142.722
143.916
141.922
142.959
143.92
141.922
142.959
143.92
141.922
142.959
143.92
142.001
142.879
143.917
142.004
142.88
143.916
142.001
142.88
143.921
141.921
142.959
143.92
141.922
142.959
143.92
142.001
142.879
143.917
142.003
142.877
143.921
141.921
142.963
143.995
141.922
142.88
143.92
142.001
142.88
143.92
141.922
142.958
143.92
141.998
142.962
143.841
141.997
142.963
143.999
141.839
142.88
143.92
142.001
142.88
143.92
142.001
143.037
143.762
142.001
142.88
143.916
141.922
142.959
143.925
141.996
142.88
143.92
142.001
142.88
143.921
141.917
142.962
143.921
142
142.88
143.92
141.918
142.963
144.158
141.68
142.959
144.239
141.682
142.88
143.921
142
142.879
143.92
142.001
142.88
143.917
142
142.88
143.92
142.084
142.797
143.92
142.001
142.88
143.92
142.241
142.639
143.92
142.001
142.88
143.92
141.918
142.959
143.92
142.242
142.639
143.921
142
142.962
143.838
141.922
142.958
144.157
141.761
142.879
144.003
141.839
142.963
143.916
142.001
142.88
143.999
141.922
142.88
143.92
142.001
142.879
144.079
141.839
142.883
143.916
142.005
142.876
143.92
142.001
142.88
143.92
142.001
142.88
143.92
141.918
143.282
143.6
141.998
142.883
143.999
141.918
142.884
143.917
141.921
142.959
143.92
141.922
142.959
143.92
142.001
142.879
143.917
142.004
142.88
143.916
141.922
142.963
143.916
142.001
142.88
143.92
142.001
142.88
143.92
141.922
142.958
143.92
142.001
142.88
143.916
142.001
142.884
143.916
142.001
142.88
143.92
142.001
142.88
143.92
142.001
142.879
143.92
142.001
142.88
143.916
142.001
142.884
143.916
142.001
142.88
143.999
141.922
142.88
143.92
141.922
142.958
143.92
142.001
142.88
143.916
142.001
142.88
143.92
142.001
142.88
143.921
142
142.88
143.92
142.001
142.879
143.92
141.919
142.962
143.916
142.001
142.88
143.921
142
142.884
143.916
142.001
142.88
143.92
141.922
142.958
143.917
142.004
142.88
143.916
142.001
142.884
143.916
142.001
142.884
143.916
141.922
142.959
143.921
141.917
142.962
143.92
141.919
142.962
143.916
142.001
142.963
143.837
142.001
142.88
143.92
142.001
142.88
143.92
142.001
142.879
143.918
141.921
142.962
143.92
141.997
142.88
143.92
142.001
142.88
143.921
142
142.88
143.92
142.001
142.879
143.92
142.001
142.88
143.92
142.001
142.876
143.921
142
142.88
143.92
142.001
142.88
144
141.921
142.958
143.841
141.919
142.962
143.916
142.001
142.884
143.916
141.922
142.963
143.916
142.001
142.88
143.921
142
142.879
143.92
141.919
142.962
143.916
142.001
142.88
143.92
142.001
142.88
144.082
141.76
142.959
143.999
141.843
142.958
143.92
142
142.881
143.921
141.917
142.963
143.916
141.922
142.963
143.916
142.001
143.041
143.76
141.921
143.037
143.841
141.919
142.962
144
141.917
142.88
143.92
142
142.959
144.005
141.838
142.958
143.843
142
142.879
143.921
141.918
142.962
143.916
142.001
142.884
143.916
141.922
142.963
143.916
142.001
142.88
143.999
141.922
142.879
143.92
142.001
142.88
143.916
142.005
142.88
143.916
142.001
142.963
143.837
142.001
142.88
143.921
141.917
142.962
143.92
141.919
142.958
143.92
142.001
142.884
143.917
142.162
142.718
143.92
141.922
142.959
143.92
142.001
142.958
143.841
142.001
142.88
143.92
141.997
142.88
144.161
141.76
142.88
143.92
142.001
142.88
143.92
141.922
143.037
143.839
142
142.883
143.92
141.997
142.88
144.161
141.76
143.12
143.68
142.001
142.88
143.92
142.001
142.879
143.92
141.998
142.883
143.916
141.922
142.963
143.916
141.922
143.042
143.837
142.001
142.959
143.842
142
142.879
143.999
141.84
142.962
143.917
142
142.884
143.916
142.001
142.88
143.92
142.001
142.88
143.92
142.001
142.879
143.92
142.001
142.88
143.921
141.917
142.959
143.92
142.001
142.959
144.003
141.839
142.88
143.92
142.159
142.721
143.92
141.919
142.962
143.916
142.001
142.963
143.92
141.918
142.883
143.922
141.996
142.88
143.92
142.001
142.879
143.918
142
142.883
143.921
142
142.959
143.837
142.001
142.88
143.92
142.001
142.88
143.92
142.001
142.879
143.921
141.997
142.883
143.916
142.001
142.884
143.916
141.922
142.959
144.16
141.761
142.88
143.92
142.001
142.879
143.92
142.001
142.88
143.92
141.918
142.959
143.921
141.921
142.963
143.916
142.001
142.959
143.841
141.922
143.037
143.841
142.001
142.88
143.917
142
142.963
143.837
142.001
142.884
143.916
141.922
142.959
143.92
142.08
142.8
143.92
141.922
142.959
143.917
142
142.884
143.916
142.005
142.876
143.92
142.001
142.88
143.92
142.001
142.879
143.92
141.919
142.962
143.916
142.001
142.884
143.916
141.922
142.959
143.92
142.001
142.88
143.92
142.159
142.721
143.92
141.919
142.962
143.916
141.922
142.963
143.916
141.922
142.959
143.921
142
142.88
143.999
141.839
142.962
143.918
141.921
142.962
143.999
141.922
142.876
143.92
141.918
142.963
143.921
142
142.88
143.92
142.001
142.879
144.078
141.843
142.88
143.999
141.918
142.963
143.837
142.001
142.88
143.92
141.922
142.959
143.999
141.922
142.879
143.92
142.001
142.88
143.916
142.005
142.88
143.916
141.922
142.963
143.916
141.922
142.959
143.999
141.922
142.958
143.842
142
142.88
143.916
142.001
142.88
143.92
141.922
142.959
143.999
141.922
142.88
143.92
142.001
142.879
143.92
142.001
142.88
143.92
142.001
142.88
143.917
141.921
142.959
143.92
141.922
142.959
143.92
142.001
142.879
143.92
141.922
142.959
143.92
142.08
142.801
143.916
142.001
142.88
143.92
142.001
142.88
143.921
142
142.879
143.92
141.919
142.962
143.92
141.997
142.88
143.92
142.001
142.88
143.92
142.001
142.88
143.92
142.001
142.879
143.92
141.998
142.883
143.917
142
142.884
143.916
142.001
142.88
143.92
141.922
142.959
143.92
142.001
142.958
143.842
142
142.88
143.916
142.001
143.042
143.92
141.839
142.88
143.92
142.001
142.88
143.92
141.922
142.958
143.917
142.004
142.959
143.837
142.001
142.963
143.837
142.001
142.88
143.92
142.001
142.88
143.92
142.001
142.879
143.92
141.919
142.962
143.916
141.922
142.963
143.916
142.001
142.88
143.92
142.001
142.88
143.92
142.001
142.958
143.842
141.918
142.962
143.921
141.996
142.88
143.921
141.921
142.963
143.917
141.921
142.959
143.916
142.005
142.958
143.838
142.001
142.883
143.92
141.918
142.959
143.92
142.001
142.88
143.92
142.001
142.88
143.92
142.001
142.879
143.921
141.997
142.883
143.92
142.001
142.88
143.916
141.922
142.959
143.92
141.922
143.038
143.841
141.922
142.958
144.157
141.682
143.203
143.675
141.922
142.963
143.917
142
142.88
143.92
142.001
142.88
143.921
141.921
143.037
143.841
142.001
142.88
143.916
142.005
142.876
144
141.842
142.959
143.92
141.922
142.959
144
141.842
143.116
143.762
142.001
142.88
143.921
141.917
142.963
143.916
142.001
142.88
143.999
141.922
142.88
143.92
141.922
142.958
143.92
142.001
142.88
143.916
142.001
142.88
143.92
142.001
142.88
143.921
142
142.88
143.92
142.001
142.879
143.917
142.004
142.88
143.916
142.005
142.88
143.916
142.001
142.88
143.92
142.001
142.88
143.92
141.918
142.962
143.921
142
142.876
143.924
142.001
142.88
143.916
142.001
142.88
143.999
141.922
142.88
143.92
142.001
142.879
143.92
142.001
142.88
143.92
141.918
142.959
143.921
142
142.88
143.921
142
142.88
143.92
141.918
142.962
143.917
142.004
142.88
143.916
142.005
142.88
143.917
141.921
142.963
143.917
142
142.88
143.92
142.001
143.037
143.762
141.998
143.041
143.762
141.918
142.959
143.92
142.001
142.88
143.92
142.001
142.88
143.921
142
142.879
143.917
142.004
142.88
143.916
142.001
142.884
143.92
141.997
142.88
143.92
142.001
142.88
143.92
142.001
142.879
144.24
141.68
142.881
144.078
141.839
142.884
143.916
142.163
142.718
143.921
142
142.88
143.921
142
142.879
143.92
142.001
142.88
143.995
141.922
142.884
143.916
141.922
142.959
143.999
141.922
142.88
144.078
142.001
142.721
143.92
141.998
142.883
143.917
142
142.884
143.916
141.922
142.959
143.92
142.001
142.88
144.078
141.764
142.958
143.917
142.004
142.88
144.157
141.76
142.963
143.837
142.001
142.963
143.837
142.001
142.88
143.92
141.918
142.962
143.918
141.921
142.962
143.92
141.997
142.884
143.916
141.922
142.959
143.92
142.001
143.04
143.761
142
142.879
143.92
141.919
142.962
143.916
142.001
142.884
143.917
142
142.963
143.837
142.001
142.88
143.92
141.918
142.962
143.999
141.919
142.883
143.92
141.997
142.88
143.999
141.922
142.88
143.999
141.922
142.88
143.921
142
142.879
143.92
141.998
142.962
143.837
142.001
142.88
143.92
142.163
142.722
143.916
141.922
142.959
143.92
142.001
142.879
143.92
142.08
142.88
143.838
142
142.884
143.916
141.922
142.959
144.078
141.843
142.88
143.999
141.922
142.958
143.841
141.998
142.962
143.837
142.005
142.88
143.916
142.001
142.88
143.921
142
142.88
143.92
142.001
142.879
143.92
141.998
142.879
143.92
142.001
142.884
143.916
141.922
142.959
143.921
141.921
142.959
143.92
142.001
142.879
143.92
141.919
142.962
143.92
142.001
142.88
143.916
141.922
142.963
143.916
142.084
142.958
143.838
141.839
142.962
143.92
142.001
142.88
143.916
142.001
142.884
143.917
142
142.88
143.921
142
142.88
143.92
141.922
142.958
143.92
142.001
142.88
143.916
142.001
142.88
143.92
141.922
142.959
143.921
141.921
142.959
143.92
142.159
142.721
144.078
141.843
142.88
143.92
141.997
142.884
143.916
142.001
142.88
143.916
142.005
142.88
143.92
142.001
142.879
143.917
142.001
142.883
143.916
141.922
142.959
143.92
142.001
142.88
143.92
142.001
142.88
143.921
141.921
142.958
143.92
141.919
142.962
143.916
142.001
142.884
143.916
141.922
142.959
143.92
141.922
142.959
143.92
142.001
142.879
143.917
142.004
142.88
143.921
141.917
142.963
143.916
142.001
142.88
143.92
141.922
143.12
143.759
142.001
142.879
143.921
142
142.88
143.916
142.005
142.88
143.916
142.001
142.88
143.921
141.921
143.038
143.841
142.001
142.962
143.837
141.919
142.962
143.92
142.001
142.876
144.003
141.839
142.959
143.92
142.001
142.88
143.92
141.922
143.037
143.842
142
142.88
143.916
142.001
142.884
143.916
142.001
142.88
143.92
142.001
142.88
143.92
141.997
142.883
143.921
142
142.88
143.92
141.918
142.963
143.917
142
142.88
144.161
141.76
142.88
143.92
142.001
142.879
143.92
142.001
142.88
143.916
142.001
142.884
143.916
142.001
142.88
144.161
141.76
142.88
143.92
142.001
142.879
143.92
142.001
142.88
143.916
142.001
142.88
143.92
142.001
142.88
143.92
141.922
142.959
143.92
142.001
142.879
143.92
142.001
142.88
143.916
141.922
142.959
143.92
142.001
142.88
143.92
141.922
142.959
143.92
142.001
142.879
143.92
142.001
142.88
143.916
142.001
142.963
143.838
141.921
142.959
143.921
142
142.962
144
141.839
142.879
143.92
142.001
142.88
143.916
142.001
142.884
143.916
142.001
142.884
143.916
141.922
142.959
143.92
141.918
142.962
143.917
142.245
142.639
143.916
141.922
142.963
143.916
141.922
142.959
143.92
142.001
142.88
143.92
142.001
142.879
144.078
141.843
142.88
143.916
142.005
142.88
143.916
141.922
142.963
143.916
142.001
142.88
143.999
141.922
143.12
143.838
141.763
142.959
143.916
141.922
142.963
143.916
142.001
142.88
143.92
141.922
142.959
143.92
142.001
142.879
143.92
141.922
142.959
143.92
141.997
142.884
143.917
142
142.884
143.916
141.922
142.959
143.92
142.001
142.879
143.92
141.922
142.959
143.916
142.005
142.88
143.916
142.005
142.88
143.916
142.001
142.88
143.921
142
142.879
143.92
142.001
142.88
143.916
142.001
142.88
143.92
141.922
142.959
143.92
142.001
142.962
143.838
142.001
142.958
143.841
142.001
142.88
143.921
141.996
142.884
143.916
142.08
142.801
143.92
142.08
142.801
143.92
142.001
142.879
143.999
141.843
142.955
143.924
142.001
142.88
143.916
141.922
142.959
143.92
141.922
142.962
143.917
142.001
142.879
143.917
141.922
142.962
144.157
141.76
142.88
143.999
141.922
142.959
143.841
142.001
142.88
143.92
142.001
142.958
143.841
142.001
143.2
143.6
141.997
142.884
143.916
142.001
142.88
143.92
142.001
142.88
143.92
142.001
142.879
143.92
141.919
142.962
143.916
142.001
142.884
143.917
142
142.88
143.921
142
142.88
143.92
142.001
142.879
143.92
142.001
142.876
143.92
141.922
142.963
143.916
142.001
142.88
143.92
142.001
142.88
143.92
141.922
142.958
143.921
141.918
142.962
144.078
141.76
142.959
143.92
142.08
142.801
143.92
141.922
142.959
143.92
141.922
142.958
143.92
141.919
142.962
143.92
141.997
142.884
143.921
141.917
142.959
143.92
142.001
142.88
143.921
142
142.879
143.92
141.922
142.959
143.916
142.001
142.884
143.916
142.001
142.88
143.921
142
142.88
143.92
142.001
142.879
144.157
141.764
142.88
143.917
142
142.884
143.916
142.001
142.88
143.92
142.001
142.88
143.999
141.922
142.879
143.917
141.922
143.041
143.837
142.001
142.884
143.92
141.997
142.88
143.921
141.921
143.038
143.841
141.918
143.041
143.838
142.001
142.883
143.916
142.005
142.959
143.837
142.001
142.88
143.921
142
142.88
143.999
141.922
142.879
144
141.921
142.88
143.916
141.922
142.959
143.92
142.001
142.88
143.92
142.001
142.88
143.92
142.001
142.879
143.917
142.004
142.88
143.916
142.001
142.88
143.921
142
142.88
143.92
142.001
142.88
143.92
141.918
142.962
143.917
142.004
142.88
143.916
142.005
142.88
143.916
142.001
142.88
143.92
142.001
142.88
143.92
142.001
142.879
143.92
142.001
142.88
143.916
141.922
142.963
144.078
141.839
142.88
143.92
141.918
142.963
143.92
141.918
142.962
143.921
142
142.88
143.92
141.918
142.963
143.916
142.001
142.88
143.92
142.001
142.88
143.92
142.001
142.879
143.999
141.84
142.962
143.916
141.922
142.959
143.92
142.001
142.88
143.921
142
142.88
143.92
142.001
142.879
143.92
141.998
142.883
143.916
141.922
142.959
143.92
142
143.039
143.845
141.918
142.88
143.92
142.001
142.958
143.838
142.004
142.88
143.92
142.001
142.88
143.916
142.001
142.879
143.921
142.001
142.88
143.92
142.159
142.721
143.92
141.998
142.883
143.999
141.839
142.963
143.917
142
142.88
143.921
142
142.88
143.999
141.922
142.879
143.921
142
142.88
143.92
141.918
142.963
143.916
142.001
142.88
143.92
142.001
143.041
143.838
141.922
142.879
143.999
141.84
142.962
143.916
142.001
142.88
143.921
141.921
142.959
143.92
141.922
142.959
143.92
141.918
142.962
143.917
142.004
142.958
143.921
141.918
142.884
144.157
141.76
142.88
143.92
142.001
142.88
143.921
142
142.879
143.92
141.919
142.962
143.916
142.001
142.884
143.916
142.001
142.963
143.837
142.001
142.88
143.92
142.001
142.879
143.92
141.998
142.883
143.921
141.996
142.88
143.92
141.922
142.959
143.92
142.001
142.88
143.92
142.001
142.879
143.92
142.001
142.88
143.92
141.997
142.884
143.916
141.922
142.963
143.916
142.001
142.88
143.92
141.918
142.962
143.92
142.159
142.722
143.92
141.918
142.959
144.24
141.602
142.959
143.92
142.001
142.88
143.92
142.001
142.879
143.921
141.997
142.883
143.92
141.918
142.963
143.916
141.922
142.959
143.92
142.001
142.88
143.92
142.001
142.879
143.917
142.004
142.88
143.916
142.005
142.88
143.917
141.921
142.963
143.917
142
142.959
143.841
142.001
142.958
143.841
142.001
142.88
143.92
141.918
142.963
143.917
142
142.963
143.837
142.001
142.88
143.92
141.997
142.883
143.92
141.919
142.962
143.916
142.001
142.88
143.92
142.001
142.88
143.92
142.001
142.88
143.92
142.001
142.879
143.917
142.004
142.88
143.916
141.922
142.959
143.921
142.083
142.88
143.837
141.922
142.959
143.921
141.917
142.962
143.917
142.004
142.959
143.837
141.922
142.959
143.92
142.001
142.884
143.995
141.843
142.959
144.081
141.757
142.962
143.917
141.922
142.962
143.917
142
142.884
143.999
141.918
142.88
143.92
142.001
142.88
144
141.921
142.879
143.917
142.004
142.88
143.92
141.997
142.884
143.916
142.001
142.88
143.921
142
142.88
143.921
142
142.958
143.842
141.997
142.883
143.916
142.001
142.88
143.921
142
142.88
143.921
142
142.88
143.921
142.079
142.8
143.921
142
142.88
143.917
142.004
142.959
143.838
141.921
142.959
143.92
142.001
142.88
143.921
142
142.879
143.918
142.003
142.88
143.921
141.996
142.884
143.917
142
142.88
143.921
141.921
142.959
143.921
142
142.879
143.92
142.001
142.879
143.922
142.158
142.722
143.917
142.079
142.801
143.921
142.083
142.8
143.918
142
142.879
144.079
141.842
142.876
144.004
141.917
142.884
143.916
142.001
142.88
143.921
142
142.88
143.921
142
142.879
144.157
141.764
142.88
143.921
141.996
142.884
143.917
142
142.963
142.879
142.959
142.88
142.958
142.963
142.879
142.959
142.959
142.883
142.959
142.962
142.876
142.963
142.958
142.959
142.883
142.959
142.88
142.958
142.963
142.879
142.959
142.962
142.88
142.959
142.962
142.88
142.959
142.958
142.88
142.962
142.959
142.879
142.962
142.959
142.958
142.881
142.962
142.88
143.12
142.797
142.884
142.959
142.958
142.88
142.962
142.959
142.88
142.962
142.959
142.879
142.959
142.962
142.88
142.959
142.958
142.884
142.959
143.12
142.722
142.958
142.959
142.88
142.958
142.963
142.879
142.959
143.282
142.56
142.959
142.958
142.884
142.959
142.958
142.88
142.962
142.959
142.88
142.958
142.963
142.879
142.959
142.962
142.959
142.88
142.962
142.955
142.884
142.958
142.959
142.883
142.959
142.88
142.962
142.959
142.958
142.88
142.959
142.883
142.959
142.962
142.876
142.963
142.958
142.88
142.962
142.959
142.959
142.879
142.963
142.962
142.876
142.962
142.88
142.959
142.958
142.88
142.963
142.958
142.88
142.962
142.959
142.88
142.958
142.963
142.879
142.959
142.959
142.883
142.959
142.958
142.884
142.959
142.958
142.88
142.962
142.959
142.88
142.962
142.959
142.879
142.959
142.959
142.883
142.959
142.962
142.876
142.963
142.958
142.88
142.962
142.959
142.88
142.958
142.963
142.958
142.88
142.962
142.879
143.118
142.8
142.88
142.963
142.958
142.88
142.962
143.117
142.722
142.962
142.959
142.958
142.88
142.962
142.88
142.959
142.958
142.884
142.959
142.958
142.88
142.962
142.959
142.88
142.958
142.963
142.879
142.959
142.962
142.959
142.884
142.958
142.876
142.963
142.958
142.959
142.88
142.966
142.876
142.962
142.959
142.879
142.959
142.962
142.959
142.88
142.962
142.959
142.88
142.958
142.88
142.962
142.959
142.88
142.958
142.963
142.879
142.959
142.962
142.88
142.959
142.962
142.88
142.959
142.958
142.884
142.958
142.959
142.88
142.958
142.963
142.879
142.959
142.962
142.88
142.959
142.958
142.884
142.959
142.958
142.88
142.962
143.042
142.797
142.958
142.963
142.879
142.959
142.962
142.959
142.88
142.958
142.88
142.963
142.958
142.88
142.959
142.962
142.88
142.958
142.963
142.879
142.959
142.962
142.88
143.12
142.801
142.88
142.959
142.958
142.88
142.962
142.959
142.88
142.958
142.963
142.879
142.959
142.959
142.883
142.959
143.041
142.797
142.963
142.958
142.88
142.962
142.959
142.959
142.879
142.963
142.879
142.959
142.962
142.88
142.959
142.958
142.88
142.963
142.957
142.881
142.962
142.959
142.88
142.962
142.959
142.879
142.959
142.962
142.88
142.959
142.958
142.88
142.963
142.958
143.042
142.8
142.959
142.88
142.958
142.963
142.958
142.88
142.962
142.88
142.959
142.958
142.884
142.959
142.958
142.88
143.041
142.88
142.88
142.958
142.963
142.879
142.959
142.959
142.883
142.959
142.962
142.876
142.963
142.958
142.88
142.962
143.2
142.639
142.962
142.959
142.879
143.038
142.883
142.959
142.879
142.963
142.876
142.963
142.958
142.88
142.962
142.959
142.88
142.962
142.959
142.879
142.959
143.12
142.722
142.959
143.12
142.718
142.963
142.958
142.88
142.962
142.959
142.88
142.958
142.963
142.879
142.959
142.962
142.88
142.959
142.962
142.88
142.959
142.958
142.88
142.959
142.962
142.88
142.962
142.959
142.879
142.959
142.962
142.88
142.959
142.958
142.884
142.959
142.958
142.88
142.962
142.959
142.88
142.958
142.963
142.879
142.959
142.962
142.88
142.959
142.958
142.884
142.959
142.958
142.884
142.958
142.959
142.88
142.958
142.963
142.879
142.959
142.962
142.88
142.959
142.958
142.884
142.959
142.958
142.88
142.962
142.959
142.88
142.961
142.96
143.041
142.797
142.962
142.88
142.959
142.958
142.88
142.963
142.958
142.88
142.962
142.959
142.88
142.958
142.963
142.879
142.959
142.959
142.883
142.959
142.958
142.88
142.963
142.958
143.042
142.8
142.959
142.88
142.962
142.959
142.879
142.959
142.962
142.88
142.959
142.958
142.88
142.963
142.958
143.121
142.721
142.959
142.88
142.962
142.959
142.957
142.881
142.962
142.958
142.88
142.959
142.883
142.96
142.958
142.963
142.876
142.962
142.88
142.958
142.963
142.879
142.959
142.962
142.88
142.959
142.958
142.884
142.959
142.957
143.121
142.8
142.88
142.962
142.877
142.963
142.879
142.959
142.962
142.88
142.959
142.962
142.88
142.959
142.958
142.88
142.962
142.959
142.88
142.958
142.963
142.879
142.959
142.962
142.88
142.959
142.958
142.884
142.959
142.958
142.88
142.962
142.959
142.88
142.962
142.959
142.879
142.959
142.962
142.88
142.959
142.958
142.884
142.959
142.958
142.88
142.962
142.959
142.88
142.958
143.042
142.8
142.959
142.962
142.88
142.959
142.962
142.88
142.959
142.958
142.88
142.962
142.959
142.88
142.958
142.963
142.879
142.959
142.962
142.958
142.881
142.958
142.88
142.963
142.958
142.963
142.879
142.959
142.88
142.962
142.959
143.037
142.801
142.962
142.88
142.959
142.958
142.884
142.959
142.958
142.88
142.962
142.959
142.88
142.958
142.963
142.879
142.959
142.962
142.88
142.959
142.958
142.88
142.963
142.958
142.88
142.962
142.959
142.88
142.962
142.959
142.879
142.959
142.959
142.883
142.959
142.883
143.037
142.96
142.879
142.879
142.96
142.961
142.88
142.963
142.959
142.958
142.88
142.962
142.88
142.959
142.958
142.88
142.963
142.958
142.88
142.962
142.959
142.88
142.958
143.042
142.8
142.959
142.962
142.88
142.959
142.958
142.88
142.963
142.958
142.88
142.962
142.959
142.88
142.962
142.959
142.879
142.963
142.958
142.88
142.959
142.958
142.88
142.963
142.958
142.88
142.962
142.959
142.88
142.962
142.959
142.879
142.959
142.959
142.883
142.959
142.958
142.88
142.963
142.958
142.88
142.962
142.959
142.962
142.876
142.963
142.958
142.88
142.962
142.88
142.959
142.962
142.88
142.959
142.958
142.88
143.203
142.718
142.88
142.958
142.963
142.879
142.959
142.962
142.88
143.038
142.883
142.876
142.963
142.958
142.88
142.962
142.959
142.959
142.883
142.959
142.879
142.959
142.962
142.88
142.958
142.959
142.88
142.963
143.041
142.797
142.962
142.959
142.962
142.876
142.963
142.879
142.959
142.962
142.88
142.959
142.958
142.963
142.88
143.12
142.718
142.962
142.959
142.88
142.958
143.042
142.8
142.959
142.962
142.959
142.88
142.958
142.884
142.959
142.958
142.88
142.962
142.959
142.88
142.958
142.963
142.879
142.958
142.963
142.879
142.959
142.959
142.883
142.96
142.957
142.88
142.963
142.959
142.958
142.88
142.963
142.879
142.959
142.959
142.962
142.88
142.958
143.121
142.722
142.958
142.88
142.962
142.959
142.88
142.962
142.959
142.879
142.959
142.962
142.88
142.959
142.962
142.88
142.959
142.958
142.884
143.037
142.88
142.88
142.962
142.959
142.879
143.121
142.8
142.88
142.959
142.958
142.884
142.959
142.958
143.042
142.8
142.959
142.88
142.962
142.959
142.879
142.959
142.962
142.959
142.88
142.958
142.884
142.959
142.958
142.88
142.962
142.959
142.88
142.958
142.963
142.879
142.959
142.962
142.88
142.959
142.958
142.884
142.959
142.958
142.88
142.959
142.962
142.959
142.879
142.963
143.12
142.718
142.962
142.88
142.959
142.962
142.88
142.959
142.958
142.88
142.962
142.959
142.961
142.877
142.963
142.879
142.959
142.962
142.876
142.963
142.958
142.884
142.959
142.958
142.88
142.962
142.959
142.88
142.961
142.96
142.879
142.959
142.962
142.959
142.88
142.962
142.876
143.042
142.879
142.88
142.962
142.959
142.88
142.962
142.959
142.879
142.959
142.959
142.883
142.958
142.959
142.88
142.963
142.958
142.884
142.958
142.959
142.958
142.879
142.964
142.958
142.962
142.88
142.879
142.96
142.962
142.876
142.963
142.958
142.88
142.962
142.959
142.88
142.958
142.963
142.879
142.959
142.962
142.88
142.959
142.958
142.88
142.963
142.958
142.88
142.959
143.282
142.56
142.962
142.959
143.12
142.718
142.962
142.959
142.88
142.962
142.876
142.963
142.958
142.88
142.962
142.959
142.88
142.962
142.959
142.879
142.959
142.962
142.88
142.959
142.958
142.88
142.963
143.037
142.801
142.962
142.959
142.88
142.958
142.963
142.958
142.88
142.962
142.88
142.959
142.958
142.884
143.038
142.879
142.88
142.962
142.959
142.88
142.958
142.963
142.879
142.959
142.962
142.88
142.959
142.958
142.884
142.959
142.958
142.88
142.959
142.962
142.88
142.958
142.963
142.879
142.959
142.962
142.959
142.88
142.962
142.959
142.88
142.958
142.963
142.879
142.959
142.88
142.958
142.963
142.958
142.88
142.963
142.879
142.959
142.962
142.88
142.959
142.958
142.88
142.959
142.962
142.88
142.958
142.963
142.958
142.88
143.12
142.722
142.959
142.962
142.876
142.963
142.958
142.88
142.962
142.959
142.88
142.958
142.963
142.878
142.96
143.041
142.801
142.959
142.958
143.121
142.722
142.958
142.879
142.963
142.958
142.88
142.958
143.043
142.799
142.964
142.876
142.962
142.959
142.958
142.963
142.88
142.958
142.88
142.961
142.959
142.881
142.962
142.959
142.879
142.958
142.96
142.962
142.88
142.962
142.88
142.959
142.958
142.88
142.962
142.959
142.88
142.962
142.959
142.879
142.959
142.963
142.879
142.959
142.962
142.876
142.963
142.958
142.88
142.962
142.959
142.88
142.962
142.959
142.879
142.959
142.963
142.879
142.959
142.962
142.876
142.963
142.958
142.88
142.959
142.962
142.88
142.962
142.959
142.879
142.959
142.963
142.879
142.959
142.958
142.88
142.963
143.12
142.718
142.962
142.959
142.88
142.962
142.959
142.958
142.88
142.959
142.879
142.963
142.958
142.884
142.959
142.958
142.88
142.962
142.959
143.12
142.718
142.884
143.037
142.88
142.963
142.879
142.959
142.962
142.876
142.963
142.958
142.88
142.962
142.959
143.12
142.718
142.963
142.879
142.959
142.963
142.879
142.959
142.959
142.879
142.963
142.958
142.88
142.962
142.959
142.88
142.962
142.959
142.879
142.959
142.963
142.875
142.963
142.962
142.88
142.959
142.958
142.884
143.116
142.801
142.88
143.041
142.88
142.876
142.962
142.963
142.879
142.959
142.962
142.879
142.959
142.958
142.884
142.958
142.96
142.879
142.962
142.959
142.879
142.96
143.124
142.714
142.963
142.962
142.88
143.038
142.883
142.88
142.958
143.038
142.801
142.958
143.042
142.8
142.959
143.282
142.556
142.963
143.199
142.643
142.959
142.958
143.121
142.721
142.959
142.88
142.958
142.963
142.879
142.959
142.963
142.879
142.959
142.962
142.88
142.959
142.958
142.88
142.962
142.959
142.88
142.962
142.959
142.879
142.959
142.959
142.883
142.959
142.962
142.88
142.959
142.958
142.88
142.962
142.959
142.883
142.958
142.959
142.879
142.959
142.959
142.883
142.959
142.962
142.88
142.959
142.959
142.88
142.962
142.959
142.88
142.958
142.963
142.958
142.963
142.88
142.879
142.959
142.962
142.959
143.12
142.722
142.876
142.962
142.959
142.88
142.958
142.963
142.879
142.959
142.959
142.883
142.959
143.12
142.718
142.963
143.037
142.805
142.955
142.962
142.88
142.958
142.963
142.879
142.963
142.959
142.879
142.959
142.959
142.883
142.959
143.041
142.797
142.959
142.962
142.88
142.958
143.121
142.721
142.959
142.963
142.875
142.963
142.959
142.883
142.959
142.958
142.88
142.962
142.959
142.88
142.958
142.963
142.879
142.963
142.959
142.879
142.959
142.962
142.88
142.959
142.958
142.963
142.876
142.962
142.88
142.958
142.963
142.879
142.959
142.963
142.879
142.959
142.962
142.876
142.963
142.958
142.88
142.962
142.959
142.88
143.12
142.801
142.879
142.959
142.963
142.879
142.959
142.962
142.876
142.963
142.958
142.88
142.962
142.959
142.88
142.958
142.963
142.879
142.959
142.963
142.879
142.959
142.962
142.88
142.959
142.958
142.88
142.962
142.959
142.88
142.958
143.042
142.879
142.884
142.959
142.879
142.959
142.962
142.876
142.963
142.958
142.884
142.955
143.041
142.801
142.958
142.963
142.879
142.959
142.963
142.879
142.959
143.041
142.801
142.959
142.958
142.88
142.962
142.959
142.88
142.962
142.959
142.879
142.959
142.963
142.879
142.959
142.959
142.883
142.955
142.962
142.884
142.958
142.959
142.962
142.876
142.963
142.879
142.959
142.963
142.879
142.959
142.962
142.876
142.963
142.958
142.88
142.962
142.959
142.88
142.958
142.963
142.879
142.959
142.959
142.883
142.959
142.962
142.88
142.959
142.958
142.88
142.962
142.959
142.88
142.962
142.959
142.879
142.959
142.963
142.958
142.959
142.88
142.879
142.963
142.958
142.963
142.879
142.959
142.88
142.958
142.962
142.879
142.959
142.964
142.878
142.96
142.962
142.959
142.958
143.042
142.718
142.962
142.959
142.88
142.958
142.963
142.879
142.959
142.963
142.879
142.959
142.959
142.879
142.963
142.958
142.88
142.962
142.959
142.88
142.957
143.283
142.56
142.959
142.884
142.958
142.959
142.962
142.876
142.963
142.958
142.88
142.961
142.96
142.88
142.962
142.959
142.879
142.959
142.963
142.879
142.959
142.959
143.124
142.717
142.959
142.88
142.962
142.959
142.88
142.962
142.959
142.879
142.959
142.963
142.879
142.959
142.959
142.883
142.959
142.958
142.884
142.957
142.96
142.88
142.958
142.963
142.879
143.042
142.88
142.879
142.959
142.962
142.876
142.963
142.958
142.88
142.962
142.959
142.879
143.2
142.722
142.879
142.959
142.963
142.879
142.959
143.199
142.643
142.959
142.958
142.88
142.962
142.959
142.959
142.883
143.117
142.721
142.959
142.963
142.875
142.963
142.959
142.883
142.958
142.959
142.884
142.958
142.959
142.88
142.962
142.959
142.879
142.959
142.963
142.958
142.88
142.962
142.88
142.959
142.958
142.88
142.962
142.959
142.959
142.878
143.122
142.8
142.88
142.963
142.879
142.959
142.962
142.875
142.963
142.963
142.876
142.961
142.96
143.04
142.802
142.959
142.958
142.88
142.963
142.879
142.959
142.962
142.876
142.963
142.958
142.88
142.962
142.959
142.88
142.958
142.963
142.879
142.959
142.963
142.879
142.959
142.959
142.879
142.963
142.958
142.88
142.962
142.959
142.88
143.041
142.88
142.879
142.959
142.963
142.879
143.121
142.8
142.88
142.959
142.958
142.88
142.962
142.959
142.88
142.962
142.959
142.879
142.959
142.963
142.879
142.959
142.959
142.962
142.88
142.958
142.88
142.962
142.959
142.88
142.958
142.963
142.879
142.959
143.12
142.722
142.959
142.959
142.883
142.959
142.958
142.884
142.958
142.959
142.88
142.958
142.963
142.958
142.88
142.963
142.879
142.959
142.959
142.879
142.963
143.037
142.801
142.962
142.959
142.88
142.958
142.963
142.879
142.959
142.963
142.958
142.88
142.959
142.883
142.959
142.958
142.963
142.879
142.959
143.119
142.719
142.963
143.12
142.718
142.959
142.883
142.959
142.959
142.883
142.959
142.958
142.88
143.041
142.88
142.88
142.958
142.963
142.958
142.88
142.963
142.879
142.959
142.959
142.883
143.199
142.718
142.88
143.041
142.88
142.88
142.962
142.959
142.957
142.88
142.963
142.959
142.879
142.96
142.961
142.88
142.958
142.881
142.961
142.88
142.96
142.958
142.963
142.879
142.959
142.963
142.879
142.959
142.962
142.876
142.963
143.037
142.801
142.962
142.959
142.88
142.958
143.203
142.639
142.963
142.959
142.879
142.959
142.959
142.883
142.959
142.958
142.88
142.962
142.959
142.88
142.962
142.959
143.037
142.801
142.962
142.88
142.959
142.959
142.879
142.963
142.958
142.959
142.883
142.959
142.88
142.958
142.963
142.879
142.959
142.963
142.879
142.959
142.959
142.883
142.959
142.958
142.884
142.958
142.959
142.88
142.962
142.959
142.958
142.88
142.959
142.883
142.959
142.959
142.879
142.963
142.958
142.88
142.962
142.959
142.88
142.962
142.959
142.879
142.959
142.959
142.883
142.959
142.959
142.879
142.963
142.958
142.88
142.962
142.959
142.88
142.958
142.963
142.879
142.959
143.12
142.722
142.959
143.12
142.722
142.959
142.958
142.88
142.962
142.959
142.879
142.959
142.963
142.879
142.959
142.963
142.879
142.959
142.959
142.883
142.959
142.958
142.88
142.962
142.959
143.041
142.797
142.963
142.962
142.876
142.963
142.879
142.959
142.959
142.962
142.88
142.958
142.884
142.958
142.959
142.879
142.958
142.964
142.879
142.958
142.964
143.036
142.802
142.962
142.88
142.959
142.958
142.88
142.959
142.962
142.88
142.958
142.963
142.876
142.962
142.963
142.879
142.959
142.959
142.879
142.963
142.958
142.88
142.962
142.959
142.88
142.962
142.959
142.879
142.959
142.959
142.883
142.959
142.959
142.883
143.278
142.639
142.88
143.12
142.801
142.88
142.962
142.959
142.879
142.959
142.963
142.879
142.959
142.959
142.883
142.959
142.958
142.88
142.962
143.038
142.801
142.958
142.963
142.879
142.959
142.963
142.879
142.959
142.959
142.883
142.959
142.958
142.88
142.962
143.038
142.801
142.962
143.117
142.883
142.797
142.963
142.879
142.959
142.962
142.876
142.963
142.958
142.88
142.962
142.959
142.88
142.962
142.959
143.12
142.718
142.963
142.879
142.959
142.959
142.879
142.963
142.958
142.88
142.962
142.959
142.88
142.958
142.963
142.88
142.958
142.962
142.876
142.963
142.962
142.959
142.88
142.958
142.88
142.962
142.959
142.88
143.12
142.801
142.88
143.041
142.88
142.879
142.959
142.959
142.883
142.959
142.958
142.88
142.962
142.959
142.88
142.962
142.959
143.037
142.88
142.884
142.879
142.959
142.959
142.879
142.963
142.958
142.962
142.959
142.879
142.881
142.957
142.963
142.959
142.879
142.964
142.879
142.959
143.199
142.639
142.962
142.963
142.875
142.963
142.959
142.88
142.958
142.963
142.88
142.958
142.959
142.883
142.959
142.959
142.883
142.959
142.962
142.88
142.958
142.959
142.88
142.958
142.963
142.88
142.958
142.963
142.879
142.959
142.962
142.959
142.88
142.958
142.88
142.962
142.959
142.88
142.958
142.963
142.88
142.958
142.963
142.879
142.959
142.959
142.879
142.963
142.958
142.884
142.958
142.959
142.88
142.958
142.963
142.88
142.958
142.963
142.879
142.959
142.962
142.876
142.963
142.958
142.88
142.962
142.959
142.88
142.958
142.963
142.88
142.958
142.963
142.876
143.124
142.8
142.88
142.959
142.962
142.876
143.36
142.56
142.88
142.958
142.963
142.88
143.838
142.083
142.879
142.959
142.962
142.881
142.958
142.959
142.884
143.036
143.043
142.718
142.958
143.042
142.879
142.88
142.963
142.876
142.962
142.959
142.962
142.88
142.958
142.88
142.962
143.2
142.639
142.958
143.124
142.719
142.958
142.963
142.879
142.959
142.962
142.88
142.959
142.958
142.884
142.957
142.96
142.959
142.879
142.963
142.88
142.958
142.959
142.883
142.959
142.959
142.882
142.959
142.958
142.881
142.961
142.96
142.879
142.958
142.964
142.88
142.958
142.963
142.879
142.959
142.959
142.883
142.959
142.958
142.884
142.958
142.959
142.88
142.958
142.963
142.88
143.199
142.722
142.879
142.959
142.959
142.879
142.963
142.958
142.88
142.962
142.959
142.88
142.958
142.963
142.88
143.12
142.801
142.879
142.959
142.959
142.879
142.963
142.958
142.884
142.958
142.959
142.88
142.958
143.042
142.801
142.958
143.042
142.879
142.88
142.962
142.88
142.959
142.958
142.88
142.962
143.2
142.639
142.958
143.121
142.722
142.958
143.12
142.722
142.959
142.962
142.88
142.955
142.962
142.88
142.962
142.959
142.88
142.958
142.963
142.958
142.88
142.963
142.879
142.959
142.962
142.876
142.963
142.958
142.88
142.962
142.959
142.88
142.958
142.963
142.958
142.88
142.963
142.879
142.959
142.959
142.879
142.963
142.958
142.88
142.962
142.959
142.884
142.958
142.959
142.88
142.958
142.963
142.958
142.88
142.962
142.88
143.117
142.8
142.88
142.959
142.962
142.88
142.962
142.959
142.88
142.958
142.963
142.879
142.959
142.962
142.959
142.959
142.879
142.88
142.962
142.959
142.961
142.876
142.964
142.957
142.88
142.964
142.879
142.958
142.963
142.876
142.963
142.962
142.875
142.963
143.2
142.639
142.958
142.963
142.88
142.958
142.963
142.876
142.962
142.959
142.883
142.958
142.959
142.884
142.955
143.203
142.718
142.883
142.959
142.88
142.958
142.963
142.879
142.959
142.962
142.88
142.959
142.958
142.88
142.959
142.962
143.041
142.8
142.96
142.88
142.958
142.963
142.879
142.959
142.959
142.883
142.959
142.958
142.884
142.958
142.959
142.88
142.962
142.959
142.88
142.958
142.963
142.879
142.959
142.959
142.879
142.963
142.958
142.88
142.962
142.959
142.88
143.041
142.88
142.88
142.958
142.963
142.879
142.959
142.962
142.88
142.958
142.959
142.88
142.962
142.959
142.88
143.041
142.88
142.88
143.12
142.801
142.879
142.959
142.959
142.879
142.963
142.958
142.88
142.962
142.959
142.962
142.88
142.959
142.88
142.958
142.963
142.879
142.959
142.959
142.879
142.963
142.958
142.88
142.962
142.959
142.88
142.958
142.963
142.88
142.958
142.959
142.883

------------------------------------------------------------------------------------------------------------------------------------------------
max val(#2947) = 144.40us
min val(#1) = 141.04us
peak-to-peak = 3.36us
mean +- RMS = 142.93 +- 0.70 us

packet size: 516
number of packets: 10000
RATE = 28880.64kbps, PPS = 6996.3
