Destination address set to 01:1B:19:00:00:00
Defaults: 01:1B:19:00:00:00 or 01:80:C2:00:00:0E
SIOCSHWTSTAMP: tx_type 1 requested, got 1; rx_filter 0 requested, got 0
setting ts_flags: 0x53
new ts_flags: 0x53


gap of hw tx time, us: packets 10000:
------------------------------------------------------------------------------------------------------------------------------------------------
0
537.121
578.32
588.402
539.917
577.681
588.721
530.398
586.242
587.758
531.441
598.958
544.561
588.401
552.242
582.639
588.48
553.922
588.876
578.401
534.881
588.398
543.444
582.556
592.241
594.559
541.682
580.239
545.52
593.199
548.004
580.32
541.676
572.801
587.92
536.719
581.921
587.36
543.361
586.477
544.483
588.875
544.486
588.8
544.718
588
529.279
558.24
562.722
585.199
544.722
587.119
544.96
588.559
544.881
583.439
580.8
541.28
589.041
587.917
590.004
586.398
588.319
588.639
588
587.681
588.721
542.479
587.921
531.199
586.161
529.76
588.56
542.32
586.8
587.601
545.598
544.561
588.319
588.481
587.838
588.963
718
568.241
564.718
599.12
544.241
588.158
545.203
590.477
586.64
587.282
587.838
588.162
589.041
588.398
587.681
588.319
588.32
586.481
590.079
588
585.361
588.32
544.481
541.597
576.083
588.319
530.08
588.402
587.837
540.64
588.482
587.675
544.565
589.116
588.003
588.316
545.204
590.958
584.643
585.12
544.479
530.398
587.281
540.96
577.12
588.401
540.96
588.318
545.201
592.72
540.718
587.843
588.24
588.399
588.56
585.199
588
588.639
588.402
587.839
588.402
588.32
588.319
588
588.32
588.158
588.24
588.722
587.838
588.399
588.244
588
590.639
588.158
588.644
587.278
589.361
587.356
588.324
588.8
587.76
588.556
587.763
588.4
588.401
588
588.32
588.157
588.083
588.237
591.524
585.116
588.481
587.839
588.161
588.559
588.403
588.319
594.639
538.321
542.643
575.519
587.999
529.358
588.322
541.039
585.758
544.963
588.078
588.241
545.519
588.639
588
587.759
588.403
588.078
588.722
588.478
587.601
588.158
588.485
588.399
588
588.079
587.842
588.639
588.24
588.399
588.24
588.399
588.481
588
588.079
588.399
588
588.082
588.32
588.158
588.56
588
568.004
622.877
559.041
570.639
528.722
588.398
540.241
577.921
588.319
539.843
588.878
544.479
588.401
545.599
587.684
631.518
544.798
588.879
585.121
588
544.879
537.843
579.278
588.961
530.4
587.842
556.316
572.161
588.319
544.64
588.401
545.279
588.241
588
630.638
549.843
608.32
589.199
559.281
587.44
588.481
588.477
588.162
588.079
588.241
588.398
589.361
544.321
538.8
578.718
588.721
528.64
587.12
540.64
587.439
545.121
588.879
544.801
587.439
588.481
588.399
587.921
588.802
587.917
588.481
587.841
588.56
588.798
587.523
588.158
590.962
588.157
588.802
587.837
588.402
590.32
585.842
588.881
587.917
588.32
587.921
588.239
588.158
588.722
544.802
529.037
588.482
542.157
575.361
588.481
541.121
588.638
545.121
587.92
544.719
589.121
587.36
588.319
588.722
587.357
588.481
588.481
588.32
588.56
587.922
588.399
588.079
588.079
588.564
588.477
587.281
588.557
587.841
589.2
587.921
588.161
587.997
588.402
587.921
588.398
588.64
588.161
588.079
588.639
587.602
588.158
588.24
588.242
588
590.24
586.24
588.959
588.24
587.839
588.643
587.918
588.161
588.241
588.718
587.601
588.482
587.837
588.482
588.879
587.12
588.478
588.24
588.162
545.358
542.963
574.157
588.883
528.478
588.56
541.922
588.16
544.96
588.161
546.959
585.999
588.639
545.283
538
579.44
587.676
529.843
588.717
540.403
588.796
544.723
587.999
547.121
586.638
585.121
544.963
542.158
575.523
588.957
528.96
588.318
541.441
588.323
544.798
588.48
545.441
587.438
589.038
544.163
539.199
578.722
588.397
529.362
587.92
541.761
588.559
544.801
588.24
544.64
588.319
590.879
541.84
539.68
578.32
588.16
529.761
588.078
541.042
588.078
545.603
588.239
544.479
587.684
588.717
588.639
570.881
615.281
541.598
531.282
586.959
587.92
529.839
588.963
540.079
588.718
588.239
545.201
547.281
584.721
593.201
630.796
588.003
588.32
588.398
587.843
588.398
588.399
588.481
546.399
630.48
588.88
587.042
588.319
545.042
631.676
588
588.402
587.76
588.801
587.519
554.319
600.163
561.597
586.162
588.398
588.643
590.079
586.158
588.241
588.481
587.759
588.319
588.723
587.759
588.157
588.324
588
588.959
587.758
588.079
588.241
587.598
588.643
588.801
587.76
588.24
589.038
587.281
588.398
588.242
588
588.722
587.837
588.162
588.639
588.079
588.398
588.723
587.68
588.319
588.481
588
588.32
588.241
588.079
588.079
588.643
589.357
586.88
588.162
587.92
588.879
587.76
588.402
588.4
588.239
588.08
588.083
588.635
588.162
587.759
588.32
588.24
588.478
587.683
588.398
589.519
587.121
545.121
528.639
588.563
536.96
580.556
588.642
544.001
580.638
537.681
585.041
588.237
547.843
541.601
588.638
588.801
544.96
538.879
578.158
588.48
531.603
586.559
540.321
587.841
545.52
588.239
544.881
588.318
588.561
588
585.838
590.162
542.719
539.601
578.402
588.477
528.88
588.161
542.08
587.999
544.561
588.879
544.64
588.078
589.921
543.839
543.124
574.561
590.717
528.801
588.157
541.362
587.759
545.042
588.24
545.2
588.397
588.162
588.64
587.999
588.241
587.68
588.481
588.242
588.398
585.996
588.082
588.399
588.161
588.241
545.2
529.681
587.921
541.917
583.444
544.875
601.523
531.839
583.36
588.958
544.482
586.403
583.758
583.44
587.037
588.32
587.921
588.481
588.481
588.478
588
588.079
587.601
545.682
588.237
631.363
544.321
588.639
589.199
630.962
588.079
588.481
588.477
588.32
588.003
588.237
588.403
587.759
588.477
588
545.201
587.762
615.042
565.839
577.439
587.921
587.597
588.402
588.881
587.677
588.244
588.316
588.241
588.079
588.161
588.481
588.241
588.237
588.083
588.639
588
588.481
587.837
588.162
588.801
587.519
590.157
586.481
587.922
581.518
581.279
586.323
545.441
587.917
588.24
590
586.56
544.801
529.598
588.162
542.801
575.12
588.078
540.723
588.476
545.121
588.481
545.362
589.199
586.477
588.324
588.56
588.158
587.679
588.481
588.316
588.162
588.481
543.042
531.677
588.003
541.922
575.755
588.402
541.121
588.879
544.801
587.759
545.681
587.839
588.48
544.561
539.519
577.838
588.48
529.922
587.999
540.881
588.157
545.125
588.398
545.282
587.918
588.079
588.643
587.675
588.485
588.237
544.885
539.676
578.241
588.318
529.524
588.157
541.681
587.759
545.358
587.924
544.798
588.72
588.162
588.317
587.762
588.876
588.083
588.56
588.24
588
588.32
588.158
587.921
588.481
588.163
587.917
588.319
588.24
588.241
588.399
587.92
590.32
542.963
539.279
578.481
588.318
528.881
588.476
541.283
587.838
543.042
590.559
544.964
588.398
589.681
586.476
588.402
588.399
587.921
588.319
588.083
588.478
588.319
588.162
588.477
588.162
587.601
586.876
589.76
588.323
590.241
543.279
543.361
574.56
588.239
528.96
588.88
542
586.961
545.599
590.401
542.479
588.48
589.519
543.523
543.038
574.24
588.319
530.163
588.397
540.163
588.318
545.039
588.401
545.2
588.161
589.68
586.955
587.921
588.324
588.481
588.398
585.839
587.519
587.763
588.797
588.161
588.241
587.838
588.564
588.478
587.921
590.079
586.398
588.88
587.76
588.082
587.838
588.56
588.885
590.078
588.398
588.399
583.601
580.801
541.441
587.44
589.199
595.36
580.398
589.282
587.44
581.918
580.642
543.919
587.522
589.2
587.439
588.079
588.884
587.838
589.041
587.996
587.282
589.282
587.759
588.159
588.639
587.602
588.398
587.921
588.639
588.161
588.24
588.32
590.08
586.318
588.564
659.918
532.08
587.921
541.759
575.921
588.319
531.441
586.717
541.204
587.596
545.043
588.16
545.197
588.642
588.24
587.921
585.76
580.958
582.561
544.64
588.481
588.319
588.481
588.319
587.681
588.639
546.719
536.722
579.041
588.236
530.005
587.995
540.805
588.236
545.76
587.041
545.362
588.157
588.319
590.241
542.959
542.482
575.439
589.36
531.043
584.878
542.321
587.758
545.201
588.401
544.96
588.401
590.158
542.403
542.959
575.278
587.999
529.523
588.157
541.279
588.161
545.283
588.078
545.039
588.24
588.004
588.397
588.079
588.399
588
588.398
544.723
539.282
578.639
588.48
529.761
587.758
540.964
589.198
544.64
588.319
544.959
588.24
585.759
588.324
587.839
588.24
589.037
587.682
587.999
588
587.684
545.839
529.44
587.598
542.319
576.004
587.916
541.603
588.078
563.922
572.078
544.801
588.078
588.64
587.601
584.399
581.68
583.523
545.279
588.319
590.56
585.439
588.481
588.08
587.842
591.759
585.357
588.481
588.162
587.838
588.722
588.399
585.12
582.24
582.719
543.042
588.959
587.601
588.162
588.157
588.722
587.839
587.999
588.723
585.517
588.241
588.158
545.283
529.199
588.402
542.237
575.12
589.759
540.001
588.318
544.964
588.476
545.441
587.361
588.879
587.763
590.158
588.639
589.601
586.718
588.083
581.278
581.681
586
545.362
588.556
590.564
587.357
586.481
588.241
588.318
587.922
588.078
590.561
543.361
542.88
574.56
588.319
530.001
587.837
542.881
586.161
545.681
588.161
545.121
588.555
587.764
588.639
587.68
588.639
588.481
587.839
588.319
587.763
588.715
587.763
588.56
587.842
588.639
588.399
587.759
590.959
585.842
544.881
528.962
588.639
541.838
579.042
585.356
542.32
586.721
545.122
588.078
545.839
587.763
588.559
544.321
538.722
578.718
588.799
530.001
587.68
542.88
586.319
544.798
588.642
545.042
587.838
587.838
588.722
588.24
588.32
587.921
588.639
588.241
587.759
588.56
588.481
587.519
588.399
588.639
588
588.56
588.162
588.402
587.759
588.079
588.881
588.24
587.681
589.12
587.76
588
588.239
588.158
588.399
588.8
544.483
543.282
574.718
588.318
528.723
588.319
542.079
587.92
588.241
544.639
545.682
587.917
588.162
588.24
588.319
588
588.398
588.482
588
588.162
589.838
586.482
589.04
587.44
588
588.319
588.4
588.397
588.162
588.162
588.158
588.24
588
588.959
587.759
590.005
586.638
589.681
586.639
588.24
588.079
588.478
588.482
587.202
589.117
587.999
588.483
588.156
588.083
588.083
587.996
588.481
585.677
582.004
553.839
572.56
588.241
587.759
588.718
588.323
587.681
588.717
588.162
588.159
588.402
588.078
587.917
588.722
587.44
590.32
586.721
605.357
571.602
587.759
588.241
586.398
581.203
582.32
545.76
586.88
588.083
588.555
588.083
588.398
588.237
588.245
588.161
588.238
588.079
588.801
587.6
588.478
587.921
588.722
544.88
588.162
541.598
576.24
587.759
541.602
587.916
545.524
587.518
545.52
588.161
588.481
588.319
588
588.079
587.842
581.12
539.28
585.518
588.324
588.079
588.156
588.399
544.802
543.601
574.399
588.638
529.042
588.721
544.719
585.281
544.399
588.082
545.118
588.401
587.759
588.561
588.157
588.561
588
587.842
589.12
544.399
538.722
578.88
588.319
529.519
588.481
541.279
587.679
545.52
587.762
545.118
588.481
587.36
590.402
543.678
542.958
574.083
588.24
530.001
588.318
540.802
588.157
546.241
587.36
544.159
588.721
590.079
542.802
543.842
574.718
588.161
529.279
588.158
542.082
587.68
545.2
588.078
545.121
588.319
589.522
584.64
587.439
588.399
588
588.643
588.718
588.079
588.079
588.402
587.759
588.718
587.925
588.158
588.162
587.917
580.241
579.121
592.078
543.361
562.561
580.959
587.281
530.32
588.399
541.199
587.124
588.555
544.644
591.119
586.478
587.282
588.801
587.759
587.917
545.603
631.439
544.482
632.239
587.519
588.801
588.158
587.921
587.917
545.366
631.115
588.88
588.963
544.399
631.439
544.881
631.281
545.279
613.6
570.56
561.599
604.801
582.721
588.398
588.241
588.398
588.242
587.04
589.278
588.079
588.241
588.403
587.598
588.883
587.918
589.68
586.639
588.963
587.999
587.996
588.564
588.237
544.884
543.038
576.24
586.481
529.76
587.838
543.203
586.398
544.881
588.559
544.561
588.481
588.556
587.843
588.318
588.242
588.078
588.481
587.68
588.56
588.88
544.08
539.12
579.282
588.236
529.043
588.318
541.603
588.078
545.602
587.837
544.96
588.323
588.236
588.323
590.158
542.404
542.718
574.962
588.078
530.159
588.24
540.482
588.48
544.96
588.318
545.603
587.916
602.319
573.843
544.959
529.76
588.397
529.362
587.92
542.084
588.078
587.996
537.763
581.12
543.28
591.04
542.478
588.721
588.32
588.161
588.241
588.079
588
588.241
588.639
588.158
588.24
587.842
588.481
545.201
538.797
578.161
588.161
529.839
588.24
540.802
587.916
546.084
587.999
544.801
588.079
588.161
588.237
588.564
588.237
588.001
588.24
588.721
587.838
588.241
588.242
585.597
590.638
590
586.482
588.56
585.601
581.44
582
545.283
588.395
588.481
589.282
586.797
588.162
587.921
588.638
587.68
586.162
590.797
588.398
588.403
587.68
587.839
588.801
588
588.481
588.557
588.481
587.439
588.083
588.319
588.719
588.078
588.403
585.519
590.883
587.676
588.801
588
586.162
582.158
581.68
544.321
588
587.842
588.237
588.481
588.161
588.157
588.083
587.838
589.121
588
588.481
588.639
587.282
588.241
588.477
587.759
588.722
588.241
589.52
587.357
588.082
587.681
587.999
588.88
587.36
589.677
587.125
588.639
588.157
588.399
588.161
587.922
588.078
588.32
588.723
587.518
589.12
544.64
543.282
574.402
588.477
528.88
588.158
543.042
586.481
545.838
588.48
544.242
588.56
588.399
588.078
587.921
588.24
545.279
538.162
579.12
588.157
530.723
587.277
541.043
588.397
545.042
587.999
545.122
587.679
589.038
544.723
538.8
579.278
588.481
528.801
588.319
541.76
589.759
543.441
588.16
544.96
588.722
587.759
588.398
588
588.319
588.32
588.323
588
588.079
588.481
588
588.56
588.079
588.158
588.324
588.319
587.838
588.722
588.079
588.402
588.158
588.241
581.12
581.598
542.32
588.403
588.315
588.082
588.481
588.241
587.917
588.963
587.838
588
588.481
588.158
588.32
588.402
583.838
580.643
584.478
544.88
588.884
588.397
587.44
588.639
588.241
588
588.56
587.921
588.399
587.842
585.676
588
588.482
590
586.718
588.402
588.079
588.319
587.842
587.922
588.958
588
588.241
588.639
587.921
588
588.241
590.875
544.964
544.158
573.124
588.957
529.039
588.481
542
587.439
544.881
588.48
544.719
581.282
585.519
605.519
545.041
530.32
587.203
538.239
580.159
587.999
540.723
588.236
545.283
587.12
588.638
545.362
587.921
633.679
586.158
589.042
587.199
588.319
545.52
631.281
587.918
589.041
588.158
587.361
588.879
588.083
588
588.478
588.161
588.56
544.96
630.88
550.161
616.398
547.843
588.477
587.681
588.88
588.481
588.24
587.598
588.401
588
587.921
588.718
588.241
588
588.64
587.837
588.643
588.079
588.399
588.004
588.079
590.079
586.402
588.478
588.481
588
588.079
588.88
587.759
587.759
588.802
587.92
588.319
588.402
587.839
588.879
587.76
584.801
580.8
583.598
544.963
588.241
588.079
587.92
588.639
545.52
538.079
579.203
588.315
529.523
588.24
541.121
588.48
544.881
588.398
544.324
588.555
588.481
587.76
588.56
588.079
588.241
588.319
588
588.801
588
588.319
588.237
588.404
587.758
588.481
588
588.481
585.76
588
588.24
588.237
587.921
588.722
588.158
588.241
588.24
588
588
590.639
542.964
542.24
574.88
588.318
530.001
587.921
540.959
587.759
545.76
587.758
545.765
588.077
589.279
543.362
543.36
575.038
588.082
529.437
587.842
541.519
611.679
534.241
590.643
586.079
584.398
541.441
585.282
582.958
589.759
589.12
580.722
552.159
623.679
590.88
588.959
588.323
587.598
589.12
587.523
588.797
588.402
544.238
631.521
587.918
588.804
587.917
587.843
588.398
588.079
588.402
590.718
543.122
631.119
588.241
588.56
587.759
541.441
567.44
605.758
544.403
535.038
582.718
588.322
529.922
587.999
540.558
588.642
545.279
587.841
544.881
588.56
587.758
588.4
588.16
585.839
590.962
587.838
588.241
588.801
586.56
582.398
581.2
587.12
545.2
587.842
588.478
588.323
588.399
587.921
588
588.639
588.639
587.842
588.638
587.921
588.08
588
588.079
589.199
587.444
588.319
588.32
588.398
587.922
588.56
588.48
587.918
587.999
589.44
587.041
588
588.399
588.24
590.08
586.244
587.917
588.56
588.801
588
588.32
587.838
588.323
587.677
589.199
588.004
588.959
588.24
587.038
588
587.68
580.801
581.12
544.4
588
588.48
588.56
544.4
539.199
579.199
588.48
529.122
588.081
541.761
587.92
545.196
588.48
544.802
582.879
581.921
540.802
588.398
588
588.078
588.643
588.398
588.079
588.32
588
587.842
588.88
588.161
588.237
588.162
588.241
588.639
587.759
588.241
588.481
588.24
588
587.997
588.323
588.398
588.561
588.082
588.158
588.639
588.083
588.241
588.236
587.922
588.56
587.759
588.241
588.398
590.241
542.802
543.518
574.162
588.319
529.519
588.162
541.921
587.837
551.043
579.198
545.52
587.36
603.037
573.519
588.643
588.398
587.523
588.876
588.083
588
545.042
531.598
586.082
541.598
576.162
588.476
529.763
602.718
544.723
588.559
542.96
581.04
581.921
544.72
589.199
586.722
588.315
588.324
588.397
587.44
588.962
588.478
587.68
585.839
590.8
588.403
588.398
587.76
588.161
588.88
587.441
588.398
588.481
587.921
588.078
589.121
587.282
588.237
588.721
588.08
585.68
591.121
587.837
588.722
587.839
588.161
589.042
587.518
587.76
589.2
587.44
588.88
587.921
587.921
588
590.638
542.959
586
532.32
587.841
529.358
587.925
542.556
587.439
588.324
545.518
587.921
545.038
588.64
587.522
589.199
587.282
588.079
588.398
588.639
588.324
587.917
588.32
588.082
582.399
581.601
585.598
544.163
588.56
587.838
588.48
587.921
588.158
588.561
588.402
587.598
588.8
587.996
590.245
542.881
543.439
574.797
588.323
528.959
587.841
541.919
588.563
588.079
545.037
544.723
588.476
589.524
586.559
588.56
586.079
590.399
545.042
539.12
578.482
587.999
529.44
588.319
540.96
588.72
544.562
588.957
544.802
588
588.559
544.159
538.801
579.842
587.995
529.682
588.002
541.359
588.081
545.2
588.236
544.964
588.079
587.921
588.397
588.801
587.838
587.921
588.482
545.121
543.278
577.842
584.559
530.159
588.162
542.56
586.476
588.162
544.801
588.639
1199.2
537.519
529.444
587.995
533.523
584
543.44
586.398
543.121
590.078
545.2
588.559
588.162
587.842
588.079
588.56
545.441
538.158
578.883
587.999
529.682
589.198
540.479
587.762
545.677
587.759
542.482
587.841
588.399
545.283
538.797
579.041
587.837
529.922
587.759
541.121
588.401
545.28
588.239
544.88
588.481
588.158
828.963
531.356
566.001
563.282
587.601
542.32
575.44
587.838
541.283
588.638
544.561
588.638
544.561
588.398
588.082
591.44
542.479
539.601
581.199
585.041
529.358
587.6
541.682
588.638
546.64
586.48
544.723
588.241
588.476
588.722
587.838
588.32
587.68
588.722
587.44
588.639
588.241
588.079
588.56
588.319
588.32
587.601
588.801
587.68
588.079
589.52
587.522
588.079
588.158
545.362
537.68
580.398
587.601
529.681
588.639
540.561
588.48
544.802
588.235
545.126
551.116
582.083
543.917
574.481
587.597
541.283
587.837
544.964
588.476
545.362
587.681
588.8
587.999
588.241
587.921
587.996
588.564
588.399
588.161
588.557
588.161
587.839
546.083
539.121
577.917
587.999
529.922
587.518
539.204
590.559
544.561
589.195
544.564
581.518
581.278
543.122
587.522
589.279
587.679
588.801
588.079
588.161
588.321
588.318
587.922
586.078
589.681
588.477
588.079
588.324
588.319
588.241
588.079
588.158
588.003
587.918
588.721
587.918
588.883
588.158
589.519
543.366
539.838
577.519
587.999
529.839
587.92
541.362
587.758
545.52
587.601
545.52
589.92
588.24
587.44
588.402
581.2
581.199
543.279
589.44
587.763
588.237
589.522
586.399
588.481
588.158
588.559
590.402
585.677
545.603
528.8
590.161
537.121
578.876
588.559
540.964
588.318
548.801
584.237
544.884
588.398
588.079
588.324
588.316
588.402
588.722
587.44
587.758
588.399
588.079
588.879
590.001
586.32
588
589.365
587.759
587.519
588.402
587.759
589.037
588.4
587.601
588.32
587.841
588.319
589.038
587.601
587.998
588.965
588.237
587.68
588.959
587.843
588.16
588.158
588.241
588.319
587.923
588.236
588.563
588.079
588.158
588.481
588.482
544.798
531.12
586.161
542
576
587.999
541.441
588.319
544.719
588.24
545.681
588.079
587.763
588.801
587.838
588.241
587.92
588.477
588.481
587.918
587.921
602.481
574.237
588.323
588.56
587.598
588.884
588.236
587.603
588.717
587.763
588.241
588.556
588
589.041
587.602
587.838
588.722
588.241
588.24
545.122
538.157
579.519
588.319
529.042
588.559
541.28
588.002
545.118
588.318
545.524
587.519
588.078
588.481
588.319
588
588.403
588.158
545.2
537.522
580.241
588.157
529.843
587.758
541.678
587.762
545.358
588.003
545.2
590.958
585.12
588.722
587.838
587.598
589.121
545.282
538.959
578
588.398
529.523
588.401
540.798
588.481
544.959
588.24
545.52
587.842
587.999
588.319
588.639
544.964
544.237
573.282
588.397
530.482
587.199
541.602
587.68
545.2
588.239
545.039
588.161
587.917
588.162
588.8
589.279
543.602
543.361
574.158
587.999
530.482
588.241
543.199
585.759
587.762
545.677
587.76
545.042
588.722
587.999
588.08
588.56
588
588.24
588.237
588.721
590.56
542.242
530.079
587.36
541.76
576.399
588.16
542.001
587.518
544.723
588.8
544.399
588.481
588.24
588
588.718
587.921
588.32
588.8
587.44
588.399
590.161
586.241
588.556
588.162
588.801
587.361
588.718
587.759
588.162
588.879
587.921
587.681
588.398
588.482
588.56
587.917
587.603
589.36
587.279
588.878
588.162
588.079
588
588.32
588.162
588.797
588.003
587.996
588.242
587.68
588.161
589.357
587.681
588.403
588.797
587.281
589.041
587.838
587.922
588.962
587.598
590
586.88
587.681
588.157
588.24
588.639
588.32
588.323
587.602
546.159
529.12
587.518
541.2
576.88
559.439
585.601
545.2
587.762
588.718
588.32
589.601
543.441
539.357
578
590.481
524.399
588.24
541.76
587.759
545.204
588.878
544.561
588.319
590
543.042
543.357
574.241
588.24
530.32
587.68
541.2
588.161
569.12
566.958
545.28
589.281
581.439
580.722
541.922
588.079
596.559
587.2
581.361
587.76
596.319
585.037
581.44
580.883
582
563.682
569.677
588.323
588.078
588.079
546.802
536.24
579.681
588.717
529.602
587.837
541.52
588.082
544.719
588.642
545.038
587.921
588.56
588.319
587.76
588.402
588.24
588.959
587.278
588.564
588.636
587.763
587.676
588.643
588.158
587.921
588.718
587.842
588.639
546.479
538.564
577.68
588.24
529.52
588.239
541.52
590.161
543.038
587.759
544.805
588.478
591.04
587.117
586.56
588.402
587.759
589.043
605.675
570.245
588.316
588.402
587.519
583.439
581.44
584.963
545.038
588.403
587.842
588.075
588.239
588.562
587.921
588.318
588.718
587.523
588.319
591.681
584.881
588.398
587.763
588.398
588.639
588.24
588
588.241
588.237
588.403
588
588.32
588.16
588.478
588.082
587.839
587.917
588.323
588.561
588.24
587.921
588.237
587.842
588.56
588.241
589.519
587.838
587.838
587.921
588.403
588.56
588.001
587.759
589.042
587.361
588.398
588.959
587.119
588.718
587.68
588.64
588.561
587.6
588.481
588.241
588.477
588.079
588.162
587.843
590.158
587.439
588.402
588.079
587.921
583.357
582.083
542.321
586.481
544.797
591.44
526.962
588.24
535.358
581.759
544.564
584.639
586.24
547.759
544.4
588.48
588.639
587.838
588.56
544.321
539.684
578.158
588.398
529.44
588.323
541.839
587.439
544.802
588.239
545.441
585.838
587.601
588.718
587.921
588.241
545.602
539.598
577.921
588.319
528.959
588.161
541.52
588.638
545.121
588.24
544.561
587.68
588.559
588.237
588.324
588.718
590.003
543.118
544.241
573.439
588.481
530.162
587.519
542.477
586.722
588.078
545.042
544.959
588.161
590.24
553.839
524.561
584.961
541.28
576.157
589.041
540.482
588.319
545.44
588.078
544.802
588.161
579.917
580.005
613.115
587.361
500.163
571.838
591.042
535.597
582.639
588.639
540.32
587.841
545.283
588.801
587.518
588.319
588.478
545.042
631.281
588.158
588.162
545.279
632.161
543.918
631.202
589.278
544.32
588.403
631.439
590.958
585.121
588.721
587.598
588.801
588.402
544.96
631.037
591.924
560.636
607.842
582.879
545.039
588.564
588.079
588.476
587.763
588.079
588.718
588.403
544.399
530
588.241
542
574.962
589.198
540.96
587.92
563.997
573.841
542.963
586.639
580.959
581.281
545.201
588.56
588.079
587.6
588.483
588.476
587.842
588.797
588
588.241
588.079
586.161
590.722
588.079
587.917
588.644
587.92
587.996
588.241
588.56
588.001
588.801
587.917
588.004
588.638
588.241
587.917
588.722
585.44
592.402
543.358
587.921
529.282
588.796
530.001
587.681
568.717
580.323
583.917
545.204
588.478
588.161
588.241
587.917
588.24
588.24
588.083
588.556
587.76
590.804
542.881
540.158
577.12
588.48
529.678
587.999
541.682
587.92
544.88
588.402
544.64
588.397
590
540.644
544.639
576.32
588.397
529.204
588.24
541.117
587.92
548.163
585.037
545.042
587.921
588.477
590.958
542.723
542.56
574.639
588.319
529.681
588.8
540.561
587.999
545.043
588.717
544.561
588.559
588.083
588.398
588
588.56
544.719
538.162
580.319
587.597
529.764
593.435
536.404
588.081
544.4
588.476
544.561
587.842
588.797
544.324
539.199
579.12
587.917
529.444
588.638
541.201
587.518
545.76
587.841
542.963
590.478
587.92
588.959
588
590.161
543.2
543.121
574.801
588.156
529.524
588.079
542.319
587.12
544.64
588.078
545.681
587.68
591.12
585.759
588
588.241
585.842
581.038
582.402
544.719
588.88
590.079
585.762
588.319
588.639
587.598
589.042
588.398
587.366
585.679
588.96
590.318
586.079
587.598
588.162
588.481
588.319
588.158
588.162
588.88
587.921
588
588
589.12
587.199
588.959
574.722
571.042
620.638
586
581.038
583.12
587.199
544.723
588.959
589.842
587.119
588.241
587.519
588.24
588.797
587.76
588.32
588.082
588.482
588.398
587.921
588.241
588.56
587.918
588.401
589.759
586.881
587.838
588.162
588.24
588.718
588.241
587.602
588.957
588.084
587.439
588.561
588.635
587.522
588.639
587.921
588.158
545.524
544.481
572.876
588.642
529.2
588.078
541.922
587.758
545.283
588.8
543.839
588.399
588.48
588.32
589.041
544.159
537.041
580.32
545.519
572.402
588.638
541.042
587.439
545.599
587.92
549.918
583.921
588.241
588.003
588.319
547.839
536
579.121
587.439
530.08
588.079
540.883
588.476
547.362
586.078
545.043
588.799
587.997
587.763
591.278
541.922
543.199
576
587.041
529.2
588.559
555.922
573.198
545.28
587.758
585.203
537.759
583.279
544.88
588.245
589.996
586.56
588.078
588.004
588.797
544.324
544.556
573.602
588.239
530.479
587.601
541.764
587.115
545.682
588.078
544.64
588.322
588
588.639
606.88
569.522
545.197
535.282
582.319
543.76
573.68
589.119
540.802
588.319
544.801
587.921
545.44
587.917
588.32
588.161
587.921
588.158
588.881
588.16
587.681
588.161
585.839
581.439
582.241
588.079
545.283
587.917
588.402
588.398
588.32
588.161
589.997
586.083
588.32
588.722
588.477
587.679
588.562
587.838
588.082
588.477
588.323
587.599
588.722
588.559
587.996
588.162
587.843
588.319
588.241
588.56
587.759
589.037
587.843
544.959
529.602
587.838
542.398
576.083
588.161
540.478
588.24
544.963
588.717
544.96
587.92
588.56
588.001
588.399
588.722
587.439
588.398
588.56
587.759
587.843
589.037
587.842
587.921
589.279
587.281
588.64
588.477
587.684
588.64
588.32
589.44
586.8
588
588.959
587.921
587.439
588.639
588.32
588.721
545.28
587.841
541.279
576.639
587.679
541.441
588.559
544.723
588.398
544.802
588.879
589.282
587.037
587.921
588.481
587.838
587.921
588.241
588.639
587.598
589.763
543.76
539.76
578.237
588.401
529.52
602.322
527.039
588.078
544.884
588.236
544.963
588.241
588.397
544.719
542.643
575.278
588.161
529.918
588.082
540.64
588.559
545.682
587.837
545.2
588.162
588.718
587.202
588
588.88
545.599
537.522
579.12
588.796
528.881
588.962
541.042
588.157
544.88
588.481
545.042
607.198
568.959
587.759
588.88
590.801
586
544.561
542.962
575.038
587.837
529.524
588.397
540.881
588.319
544.963
588.638
544.963
588.639
587.997
544.883
541.519
575.681
588.397
529.685
588.398
541.117
588.24
545.042
588.319
544.64
588.56
588.162
588.24
588.078
587.76
606.8
569.598
588.56
589.042
587.68
588.56
588.32
544.723
529.278
588.161
542.237
575.523
588.476
541.122
588.078
545.282
588.24
545.2
587.602
588.48
588.32
588.24
585.677
581.601
581.598
588.402
545.043
588.24
588.078
588.158
587.76
588.88
588.564
587.76
588.556
588.241
588
588.402
588.078
588.161
588.237
588.163
588.638
588.08
587.921
588.56
588
588.161
588.56
588.241
589.759
586.482
585.917
587.36
588.718
588.324
588.639
588
544.719
532.481
585.759
542.083
575.121
588.318
541.441
587.837
545.2
588.639
544.801
588.482
590.477
588.322
588.001
588.557
588.082
588.161
588.316
587.842
589.278
587.523
544.959
529.361
588.879
537.76
579.121
588.239
541.761
581.6
538.321
585.758
545.283
588.078
544.96
588.078
588.883
544.798
538.56
578.722
588.24
529.519
588.319
541.362
588.078
545.204
587.916
545.039
588.244
587.837
589.038
588.162
544.482
539.361
578
589.277
529.681
587.439
541.362
588.319
545.121
587.999
545.441
587.837
585.282
591.598
587.68
588.32
587.361
580.88
580.8
545.279
588.004
588.477
587.842
588.56
588.158
544.963
539.117
578.643
588.476
540.163
577.439
541.681
587.679
545.122
587.916
545.042
588.24
588.56
544.881
543.68
573.519
588.559
528.881
589.12
542.079
587.36
545.599
585.04
547.2
588.482
588.402
588.398
588.399
587.68
588.88
587.361
588.402
588.56
588.078
588.64
587.76
588.398
588.403
588.24
585.519
590.717
588.323
587.839
602.958
574.083
588.158
588.319
587.764
586.398
582.079
580.801
545.042
589.681
586.639
588.398
587.841
586.56
587.918
587.759
587.763
588.718
588.079
588.241
588.162
588.639
587.842
588
588.158
588.721
587.922
588.157
588.959
587.519
602.564
576.797
587.759
584.485
584.478
580
545.121
588.398
596
580.324
588.398
588.236
588
588.962
583.681
582.079
583.12
545.362
588.079
587.837
588.565
588.078
589.84
586.48
588.24
587.839
588.56
588.079
588.319
588.403
588.079
588.639
588.24
588.004
588.076
588.481
587.68
589.199
587.603
589.041
587.278
587.999
588.481
675.279
544.403
588.397
545.441
587.597
588.319
588.564
588
588.4
588.56
588.078
587.763
588.32
588.319
587.921
588.557
588.24
588.083
588.237
588.402
547.039
539.282
576.721
587.759
530.076
588.082
538.241
590.638
545.283
588.477
545.042
588.082
587.996
589.361
587.68
544.802
543.278
573.839
588.48
530.001
588.078
542.245
587.277
547.682
585.199
588.319
545.282
588.079
588.718
587.921
587.759
588.639
588.083
588.158
588.161
588.561
588.079
587.921
588.958
587.76
588.162
587.999
589.921
543.599
542.643
574.718
588.721
529.599
588.082
541.598
587.758
545.122
588.318
544.806
588.796
587.519
588.082
588.557
588.643
587.921
588.236
587.921
588.242
588.32
588.079
588.56
588.239
588
588.718
587.921
588.162
589.838
586.32
588.722
588.722
587.996
587.842
589.12
587.2
588.801
587.918
587.841
588.879
587.839
587.763
589.278
587.519
586.323
581.677
581.842
544.561
587.921
585.357
591.522
587.759
587.918
588.962
587.921
588.399
587.999
588.241
588.32
588.079
588.64
587.999
588.323
587.996
588.481
587.921
585.76
588.643
587.519
589.12
587.598
588.88
587.523
588.717
587.601
589.121
587.519
588.801
589.76
586.24
588.079
588.161
588.639
588.718
590.56
588.323
587.84
588.319
587.759
588.879
588.083
588.001
588.556
587.68
587.922
589.041
587.838
588.56
544.881
529.439
586.241
541.759
578.079
587.999
541.362
588.078
545.2
588.082
545.282
587.917
588.722
587.76
589.037
544.321
539.041
579.041
587.921
529.279
588.638
541.042
590.078
543.362
587.999
545.362
588
588.157
588.161
591.121
542.159
538.962
578.56
588.157
529.682
588.961
540.399
591.518
542.4
587.679
545.843
587.519
587.842
588.879
588.079
588.319
588.482
587.759
588.083
588.079
588.158
588.24
588.32
588.722
588.079
588.24
587.917
588.88
544.723
540
577.522
588.56
529.279
588.318
542.561
586.477
545.204
588.397
544.641
588.48
588.398
545.043
538.879
578.56
587.999
529.682
588.078
543.283
586.8
544.478
588.322
545.043
587.995
588.398
588.403
587.842
588.958
587.918
588.161
588.162
588.159
588.476
587.763
588.32
589.041
587.76
588.319
588.719
587.443
588.477
587.682
588.879
588.319
588.241
588
588.161
588.241
588.316
588.161
588
588.32
588
588.323
587.997
588.481
588.8
587.681
588.158
603.522
572.561
588.477
588.162
585.759
582.004
581.357
545.121
588.162
590.158
586.397
588.403
588
588.477
588
587.921
588.639
588.56
587.843
588.56
587.838
588.079
589.203
585.12
588.237
587.842
588.56
588.481
588.32
588
588.32
588.477
587.602
588.56
588.001
588.718
587.842
588.638
587.921
588.959
573.199
577.362
616.239
544.802
529.44
588.8
531.76
585.519
542.481
586.32
545.361
587.837
588.162
545.839
587.921
588.476
588.561
585.282
590.398
588.88
544.482
529.361
588.56
542.398
575.282
588.319
541.042
606.157
542.482
588.241
588.717
587.842
587.839
589.281
544.798
538.241
579.282
587.837
529.922
588.477
540.884
588.157
544.881
587.999
545.2
588.559
588.482
587.439
588.639
588.083
545.121
542.64
573.278
590.078
529.523
588.078
540.881
588.8
545.358
587.6
545.441
587.999
588.56
587.842
588.32
588.079
588.56
587.838
588.88
587.921
587.519
588.564
587.917
588.402
588.079
588.639
588.162
587.76
588.639
587.921
588.158
588.082
589.357
543.844
539.36
578.801
588.236
529.524
587.596
541.043
587.92
545.121
588.476
545.122
588.48
587.68
596.718
581.361
588.399
588
586.24
580.722
582.237
544.561
586.162
591.199
587.12
590.403
586.239
588
588.876
588.004
588.158
588.56
588.163
587.759
588.88
587.679
588.639
588.162
588.32
586.398
589.759
588.08
588.642
588.079
587.842
588.639
588.399
588.56
587.52
588.559
587.921
588.399
587.684
588.477
588.801
588.241
585.759
590.561
588.481
587.918
588.081
588.56
587.922
588.157
587.598
588.643
589.677
587.042
588.402
587.439
589.117
587.921
588.159
586.082
590.959
587.523
588.476
588.324
588.157
588.241
588.158
587.842
588.56
588.56
544.802
529.598
587.842
542.319
575.76
587.837
541.283
588.8
544.32
588.638
545.283
589.44
586.718
587.839
588.962
587.838
588.082
588.237
588.564
588.316
588.561
587.601
588.32
588.398
588.564
587.518
588.481
588.237
588
588.643
588.319
587.279
588.962
588.237
588.079
588.004
588.319
588.158
588.56
588.241
588.481
588.079
588.639
544.403
539.602
578.158
588.318
529.603
588.157
541.602
587.041
545.516
588.882
544.242
588.555
588.805
544.399
538.722
579.357
587.518
529.922
587.999
541.441
587.679
545.441
588.401
545.122
587.917
588.239
588.403
545.519
539.2
577.838
588.082
530.238
588.002
538.96
590.24
545.358
587.92
544.723
588.8
588
588.398
588.079
588.718
587.361
588.319
588.083
588.399
588.481
588.158
588.082
585.839
590.56
545.843
538.797
578.004
588.796
528.963
588.157
541.76
588.161
545.121
587.68
545.599
587.92
588.398
587.921
588.639
587.921
587.761
588.639
588.722
587.921
588.319
587.518
588.56
588.719
587.842
589.042
587.517
587.839
588.801
588.082
588.32
588.079
588.561
587.921
588.079
588.162
588.559
588.158
588
588.24
588.321
590.24
586.477
587.763
588.478
588.561
588.402
588
588.24
588.078
588.4
588.397
587.602
588.161
588.959
587.282
588.316
588.962
588.079
582.241
581.598
584.883
545.839
587.921
588.24
588.162
587.598
588.8
588.4
587.841
588.24
587.997
588.564
587.838
588.24
588.162
588.876
588.722
587.278
588.723
587.916
588.402
588.159
587.925
588.237
588.801
588.481
587.518
589.12
587.042
589.117
589.921
585.6
589.359
587.443
588.319
588.639
587.361
588.797
588.561
587.842
588.959
587.601
588.157
588.084
588.878
587.918
587.921
588.24
588.241
588.481
544.797
529.603
588.078
542.719
586.401
545.602
588.319
542.4
591.198
587.601
588.801
588
588.162
588.398
588.722
587.598
584.962
581.196
582.962
544.802
588.237
588.078
588.725
587.996
588.643
544.881
539.44
578.079
588.157
529.204
588.239
542.321
587.198
544.881
588.638
544.64
588.319
588.481
588.003
592.155
584.323
588.079
588.801
587.518
588.88
544.321
539.282
579.282
587.356
530.64
588.16
540.562
588.156
545.043
588.397
544.644
588.399
588.48
587.68
587.361
590.079
588
588.237
587.523
588.241
588.319
588.56
588.158
588.323
587.917
588.88
587.681
588.161
589.038
587.68
588
545.043
528.24
587.038
541.921
576
588.239
541.28
588.002
545.52
587.68
544.64
588.638
588.398
589.602
586.718
588.162
588.161
588.801
589.917
588
589.282
584.32
585.759
577.921
545.043
588.477
595.921
591.838
577.042
587.921
595.999
581.759
587.76
582.477
582.083
584.879
544.001
588.561
588.158
588.641
588.159
588.402
587.922
588.797
587.438
587.921
589.283
587.76
587.758
589.279
587.439
588.643
585.598
590.56
588.321
587.841
588.88
588.482
588.079
587.675
588.805
587.759
588.237
588.163
588.398
588.481
588.078
588
588.241
588.162
588.477
587.444
589.518
587.279
588.319
587.519
588.56
588.241
588.722
587.519
588.319
589.601
587.2
588.32
588.24
588.319
586.162
590.718
588.084
588.158
588.161
588.801
587.597
588.32
588.241
588.162
658.077
533.761
588.722
536.24
581.44
588.319
529.76
588.48
540.479
587.999
545.283
588.318
544.881
588.158
589.04
544.321
538.8
579.598
587.924
529.358
588.24
540.959
588.082
547.839
585.838
544.884
587.997
588.082
591.037
542.482
543.199
574.32
588.48
529.042
588.157
542.482
587.68
544.96
589.517
543.441
588.481
588.721
586.96
589.277
545.121
530.324
587.356
540.802
576.398
588.721
540.963
589.759
543.279
588.318
588.083
545.52
587.999
588.241
588.157
588.163
588.241
587.999
588.398
588.722
588.08
588.158
588.322
545.118
542.161
575.2
588.397
529.682
587.841
541.602
587.676
545.362
588.078
544.722
588.561
587.999
590
586.481
588.319
588.32
588.162
588.797
587.759
588.644
587.278
589.361
587.759
588.399
588.16
588.162
587.199
587.2
544.08
530.24
587.759
530.162
588
542.56
586.639
587.759
545.361
545.121
588.158
588.559
587.203
588.88
588.56
587.599
591.281
588
588.079
588.402
588.639
544.242
530.236
588.079
541.602
575.921
587.999
541.362
588.318
544.242
589.356
544.802
587.758
588.404
588.398
587.842
588.556
588.323
588.477
588.162
588
588.241
588.719
587.999
587.842
588.56
588.158
588.323
587.677
588.399
588.402
588.158
588.323
588.639
588.083
587.676
588.639
587.842
588.158
588.482
588.078
588.32
589.041
587.44
588.56
587.839
588.402
632.639
543.603
588
588.958
587.921
588.158
588.398
588.403
587.92
588.482
587.597
588.88
545.042
588.079
529.44
588.239
529.524
588.797
541.921
586.639
545.44
588.24
544.32
588.48
588.478
545.523
537.839
578.958
589.041
529.44
587.601
541.362
588.476
544.644
588.638
544.96
588.401
587.996
587.921
588.719
588.642
587.519
589.681
543.843
542.639
574.718
588.721
528.88
588.481
541.519
588.161
544.64
588.319
545.2
590.88
586.957
543.362
539.681
578.56
588.239
529.603
587.518
541.279
588.401
544.96
587.841
545.52
588.318
588.241
545.602
538.319
578.399
588.958
529.121
587.841
541.84
587.841
545.121
588.319
544.959
588.398
588.004
588.158
588.24
588.399
587.842
588.797
587.842
588.801
544.64
539.842
577.838
588.717
529.441
587.439
541.283
588.717
544.723
588.72
544.798
588.162
588.241
588.397
587.839
588.082
588.557
544.805
543.436
574.083
588.958
529.44
587.602
541.917
587.763
547.042
586.236
547.764
585.598
588.319
587.92
588.158
590.88
585.443
589.039
588.079
588.083
588.718
588.16
587.519
588.402
588.798
588.162
587.759
588.879
587.523
588.477
587.921
588.723
588.079
590
585.916
588.964
587.679
588.477
588.162
588.241
588.24
588.32
588.159
588.318
588.404
588.157
588.083
587.838
588.402
588.158
588.079
586.24
588.481
588
588.158
588.32
588.083
588
588
588.718
588.319
587.681
588.721
587.76
588.241
587.999
588.88
587.44
577.598
586.643
603.68
587.681
588.556
588.24
582.801
581.681
584.319
545.441
588.083
588.236
589.203
543.918
530
587.921
541.759
575.44
588.559
541.122
588.157
545.523
588.319
544.561
588.638
588
588.241
588
545.2
538.319
579.842
587.838
529.602
587.917
541.204
586.078
547.2
588.48
545.52
583.92
581.12
583.602
544.877
588.564
587.837
588.319
588.241
588.241
588.319
588.32
587.917
588.244
585.598
591.041
587.918
588.481
588.32
585.36
581.279
583.921
543.283
588.639
587.92
588.56
588.158
588.161
587.839
588.958
588.324
586.24
589.598
588
588.56
588
588.801
590.241
542.32
543.361
575.12
588.319
528.881
588.476
541.042
588.24
545.362
587.518
545.121
588.481
589.839
587.199
588.161
588.24
587.917
588.32
587.922
588.398
588.402
588.158
588.721
587.603
588.88
587.597
588.32
588.162
587.759
588.721
587.917
588.241
588.082
591.2
585.676
588.321
588.485
587.996
590.162
586.398
588.24
587.921
588.24
588.237
588.324
587.838
588.403
588.639
588.078
587.921
588.478
588.082
588.802
589.76
585.837
588.801
587.838
588.162
589.12
587.519
588
588.481
588.399
588.161
588.482
588.157
588.399
587.763
588.079
588.398
588.482
587.68
588.481
588
588.158
588.56
588.001
588.638
588.404
587.837
588.481
587.917
588.241
588.481
588.56
587.52
588.559
588.163
588.398
587.921
588.079
588.721
588.4
587.679
590.718
542.964
543.44
574.481
587.758
530.159
587.523
543.838
585.44
588.559
544.802
588.239
545.52
660.721
530.96
588.319
542.402
575.279
588.957
526.964
589.679
543.599
586.481
587.758
545.122
588.239
545.2
588.24
588
588.241
588.398
588.722
544.561
543.117
574.481
588.319
529.681
587.92
543.2
586.801
588.078
544.643
545.117
588.32
588.722
587.679
588.639
588
587.681
588.24
588.32
588.24
588.561
588.158
585.601
590.959
587.842
588.639
588.56
582.241
581.12
542.719
587.199
588.56
588.078
588.162
588.162
545.598
587.522
538.242
579.439
587.676
529.843
590.078
528.964
587.597
542.32
574.722
588.476
529.283
588.162
542.56
575.037
587.921
529.44
588.399
542.24
575.44
588.8
526.561
588.478
541.361
576.319
587.841
529.599
588.078
537.042
580.403
589.036
528.881
587.6
531.039
587.365
542.477
574.801
588.397
529.043
588.157
541.523
579.361
587.916
529.524
588.879
531.598
585.121
543.12
575.041
587.759
529.44
588.639
541.523
575.519
588.078
529.76
587.92
537.682
580.481
588.078
529.441
588.239
529.122
588.158
544.642
573.598
588.161
529.441
588.239
541.441
575.681
588.875
530.963
586.157
537.283
580.56
588.078
529.523
588.477
528.963
589.038
541.282
575.759
588.638
528.802
588.477
536.561
581.12
588.082
529.519
587.842
530.158
585.199
541.283
599.518
572.721
531.279
588.482
532.398
585.199
589.041
528.88
588.079
537.523
581.278
587.759
528.722
588.399
538.643
578.876
587.119
538.963
580.561
541.439
575.279
588.878
529.122
588.721
541.279
575.12
588.638
529.283
588.56
543.519
574.319
588.324
530.158
587.36
587.36
530.159
562.879
571.843
552.477
600.079
528.561
588.161
541.2
577.12
588.078
529.441
587.683
535.038
582.561
543.921
574.24
586.477
530.403
588.556
540.561
577.12
588.003
529.598
588.24
535.76
582.158
543.921
573.203
588.559
529.28
588.476
541.042
576.482
588.638
528.32
588.402
538.8
605.519
525.039
573.361
588.401
529.76
588.237
587.762
529.52
588.32
533.12
587.361
585.597
529.046
588.398
538.638
579.441
588.638
528.561
589.042
537.675
579.445
587.597
530.241
588.241
538.88
578.56
587.999
529.441
587.921
539.517
578.001
588.481
526.478
591.684
539.917
577.279
549.92
565.121
585.681
541.361
574.319
587.758
529.682
588.318
541.52
576.56
587.601
530.08
587.758
534.321
581.601
544.959
574.481
588.319
529.76
587.76
540.883
576.477
588.402
529.519
588.398
535.681
583.44
542.56
574
587.601
529.839
587.762
541.761
576.797
587.36
529.362
588.48
557.68
569.437
544.083
571.598
588.24
533.519
583.684
588.717
529.039
588.083
532.879
584.959
588.162
528.801
588.56
532.639
584.639
589.439
528.64
587.842
532.88
585.037
588.48
529.362
588.639
531.681
585.601
588.078
529.441
588.241
534.718
583.44
587.119
529.764
588.399
537.281
564.561
608.315
519.922
585.762
540.798
576.801
588.559
529.362
588.397
535.283
582
588.157
527.52
590.882
528.96
588.639
541.199
576
590.24
527.843
587.676
536.722
581.2
587.762
532.32
585.278
533.839
584.401
542.159
575.041
586.721
528.561
588.638
541.043
576.24
588.714
551.602
575.042
541.439
573.2
588.161
531.76
586.158
588.799
528.644
588.478
532.24
564.722
564.078
587.681
581.598
528.801
595.041
533.839
578.079
550.402
572.56
579.199
588.323
530.158
587.358
532.24
585.681
587.841
529.279
591.203
531.277
583.603
587.999
528.561
591.195
530.722
577.44
549.921
568.481
587.676
533.602
583.759
542.723
574.718
588.322
529.52
587.999
541.76
576.158
587.999
529.76
587.92
536.242
581.12
544.722
573.598
588.078
529.283
588.078
541.042
579.199
586.157
529.043
588.081
536.001
581.598
588.401
530.08
587.439
529.441
588.32
541.838
575.68
588.638
528.964
563.999
565.441
584.24
587.597
529.764
588.241
537.838
580.959
587.04
529.761
587.921
539.601
578.237
588.642
528.317
588.642
540.801
576.959
588.476
529.125
587.839
588.878
529.283
587.76
533.44
584.8
587.838
530.08
587.921
533.357
583.925
587.438
529.919
588.402
537.758
598.88
573.361
522.001
584
542.797
574.722
588.239
529.52
588.722
540.959
576.319
588.161
530.32
587.361
537.196
580.323
588.717
529.603
587.679
530.4
587.361
540.8
576.639
588.319
529.441
588.722
535.278
582.079
587.679
529.603
588.878
529.28
588.003
541.436
575.685
588.717
528.64
564.24
564.639
585.042
588.879
528.959
588.32
537.842
579.759
587.999
529.52
588.32
540.481
576.402
588.476
529.923
587.199
589.198
529.283
587.68
535.44
582.482
588.476
529.283
588.158
533.759
584.083
588.318
529.28
588.319
532.083
585.44
587.995
529.602
588
532.32
564.962
603.917
527.444
587.759
534.238
584.003
541.76
572.56
588.958
528.399
588.962
541.042
576.237
588.318
529.362
588.319
535.602
581.921
544.399
573.199
588.319
529.042
588.559
540.64
588.161
580.079
528.801
587.921
533.44
584.32
541.357
576.56
588.24
529.2
588.319
535.602
582.401
554.64
574.478
583.921
537.361
579.921
588.559
529.76
588.399
538
579.68
588.078
528.644
589.44
540.237
576.56
588.48
529.122
588.721
541.279
575.921
587.837
529.843
588.237
588.48
529.2
588.162
537.602
580.639
587.277
530.001
588.722
541.278
576.24
588.561
528.398
588
588.961
522.4
596.559
528.96
580.56
587.36
529.523
588.157
531.043
586.398
541.282
576.32
588.235
529.844
588.239
537.039
580.56
587.762
528.96
588.799
529.919
587.68
541.282
576.399
588.078
529.764
588.079
535.917
583.124
586.8
529.358
587.999
530.084
587.996
541.199
576.004
588.397
547.922
560.719
553.842
580.56
587.999
529.038
588.482
540.639
576.721
588.639
529.2
589.12
541.361
575.842
587.837
529.201
588.481
588.8
529.519
587.677
533.361
584.083
588.078
530.08
587.842
538.158
579.282
588.157
528.722
589.2
541.68
576.079
588.241
529.199
588.402
588.398
554.482
540.079
601.198
529.121
588.8
535.362
581.598
544.8
573.2
588.16
529.52
589.038
541.203
575.68
588.24
529.038
588.482
540.8
576.797
588.244
527.279
565.361
562
582.398
542.963
574.958
588.8
529.283
587.756
540.883
576.876
590.8
526.32
588.721
536.242
581.037
548.801
584.241
580.079
537.842
579.68
588.398
529.52
588.319
538.801
578.88
587.999
529.444
588.399
539.597
577.764
588.314
529.204
588
540.079
571.921
594.078
529.201
589.518
539.444
577.519
587.837
529.125
589.117
540.958
576.403
588.16
529.761
588.24
540.158
577.199
588.402
568.24
553.358
577.202
528.479
588.239
530.885
586.876
541.842
575.838
588.319
529.2
589.443
535.441
581.838
544.241
573.921
587.916
529.121
587.842
542.158
575.681
591.758
526.001
588.722
537.68
579.038
590.157
528.083
588.398
533.764
583.519
545.037
573.042
587.837
529.603
588
541.68
578.322
577.678
551.841
581.279
589.042
528.319
588.561
538.481
579.278
588.397
532.801
584.964
587.759
529.917
588.403
537.439
579.681
588.717
528.802
588.718
541.763
575.519
588
529.68
588.801
587.277
529.681
588.32
538.56
579.44
588.24
528.719
588.402
541.519
576.398
587.763
529.921
564.561
604.397
529.2
587.999
530.001
588.403
541.436
575.763
588.638
528.881
588.8
537.121
579.759
588.638
529.441
588.24
530.32
587.681
541.199
575.838
588.559
529.524
588
541.282
575.996
588.401
529.599
590.642
535.52
579.68
588.078
529.761
587.758
534.565
583.917
592.48
553.362
566.639
531.681
585.996
589.04
528.802
588.481
532.718
583.921
588.958
529.125
588.478
536.56
580.879
588.24
530.001
587.519
538.56
579.519
587.6
529.603
588.319
538.079
579.2
588.638
529.121
588.883
536.478
580.398
588.883
529.2
588.399
537.842
579.917
589.281
523.362
600.879
525.519
577.121
587.841
528.959
588.879
534.64
582.963
543.116
574.884
588.318
529.279
588.079
540.56
576.643
588.557
540.721
576.88
588.962
528.88
588.157
535.283
582
543.838
573.519
588.48
529.923
588
540.962
579.278
584.958
529.922
589.04
534.479
582.398
543.681
583.999
555.121
584.801
562.721
589.037
529.121
588.56
542.801
574.399
588.962
529.76
587.518
588.161
529.362
588.797
533.759
583.523
587.758
529.682
588.958
534.079
583.203
587.996
529.764
588
533.759
584
587.999
529.279
588.801
533.68
583.843
587.596
529.603
588.639
537.041
580.079
588.638
524.08
594.161
530.561
579.12
587.68
529.678
588.243
534.08
583.519
587.679
530.001
588.879
528.482
588.398
541.76
575.68
588.559
529.362
587.839
540.962
577.199
588.398
528.96
588.641
535.441
581.921
544.32
573.357
588.082
529.519
588.32
540.88
576.24
588.481
529.598
588.403
549.277
556.08
607.282
529.68
588.639
531.523
585.755
588.082
529.042
589.2
532.718
585.282
587.679
528.96
588.481
538.158
579.041
588.717
528.644
590.158
541.12
575.361
587.921
530.478
588.082
586.639
529.121
588.876
539.684
578.158
588.638
527.204
589.759
541.519
576.32
588.082
550.158
547.282
602.236
528.324
588.078
534.802
583.519
587.679
529.682
587.92
530.32
587.839
540.88
576.398
588.161
529.922
587.999
534.399
583.282
543.042
575.357
587.198
529.523
588.56
536.959
581.038
545.041
571.76
588.239
529.922
587.598
540.801
580
585.841
528.798
588.643
540.398
571.842
556.237
574.402
587.921
529.677
588.241
587.6
529.599
588.402
537.44
580.079
587.999
529.682
588.24
533.921
584
587.999
529.52
588.32
532.319
584.801
588.559
531.441
586.079
532.564
585.278
589.439
528.64
587.44
537.12
580.639
588.24
529.922
587.44
540.477
563.763
606.559
519.437
586.561
540.962
575.921
589.198
529.122
587.438
536.238
582.245
587.675
530.005
588.078
529.2
588.801
542.158
574.722
588.397
529.283
588.56
536.876
580.241
588.322
530.001
587.838
533.76
584.241
542.161
574.876
588.721
529.441
587.522
541.357
576.32
588.401
529.682
574.397
584.881
556.319
585.68
529.362
588.801
538.958
577.839
588.962
532
585.282
588.24
529.117
588.241
588.397
529.445
587.436
538
580.643
588.078
529.681
587.76
540.398
577.199
588.161
530.723
586.718
588.961
530.001
587.681
532.797
584.56
588.397
528.482
588.482
538.398
564.402
564.241
562.241
586.797
541.12
577.361
587.999
527.362
587.921
542
575.357
588.721
528.88
588.32
542
575.921
587.758
529.52
588.639
537.602
579.759
588.161
529.2
588.157
534.403
585.44
540.959
585.203
541.917
567.278
588.003
539.599
585.759
540.402
569.681
588.639
547.44
562.24
604.157
528.964
588.56
537.119
581.678
587.281
529.52
587.601
539.681
578.319
587.92
529.362
587.677
540.801
577.439
588.481
529.279
588.24
540.561
577.12
587.999
529.441
588
540.319
577.681
587.758
529.922
587.838
540.722
577.121
588.318
529.279
588.241
539.842
586.56
546.718
561.602
581.44
544.477
573.523
588.239
529.358
587.681
540.958
577.361
588.24
528.723
588.318
534.159
583.681
542.962
574.88
588.157
530.083
587.439
541.362
576.079
588.879
531.2
585.439
537.52
580.721
588.078
530.08
587.443
529.918
587.842
540.959
576.959
587.841
529.52
576.878
560.802
587.44
576.638
528.881
588.962
539.357
577.523
588.397
530.001
587.681
588.16
529.761
588.56
532.801
583.278
588.559
530.001
588.481
533.598
584.718
587.36
529.362
588.161
537.602
579.917
589.281
528.798
587.681
540.56
577.12
588.319
530.32
587.921
542.241
575.199
587.921
529.44
605.277
520.885
572.639
588.397
529.279
588.324
541.278
576.083
588.078
529.598
587.92
536.321
582.083
543.759
575.038
587.36
528.32
588.959
541.203
575.917
588.401
528.96
588.722
537.921
579.44
588.717
529.681
587.838
530.241
587.361
541.921
575.199
588.879
528.96
588.559
536.963
570.879
590.159
544.401
587.682
588.797
529.203
588.477
538.162
579.518
588.402
528.959
588.32
587.999
529.441
588.402
538.477
578.64
588.799
529.122
585.282
587.916
530.241
587.602
534.079
583.361
587.999
529.441
588.477
533.602
584
588.397
529.682
588
540.24
578.083
587.518
528.399
575.921
550.399
576.481
588.318
528.964
588.318
535.441
582.88
542.88
574.158
587.679
530.163
588.079
541.36
576.158
588.481
529.523
587.838
535.76
582
544.24
573.681
588.397
529.122
588.157
540.324
577.038
588.641
529.118
588.559
535.204
582.237
544.162
573.36
588.319
561.52
540.56
559.68
581.121
587.679
530.321
587.519
533.522
584.237
588.322
532.321
585.68
531.76
585.68
588.078
529.2
588.56
532.879
584.643
587.279
530.639
587.602
534
584.477
587.92
529.524
588.88
532.157
583.843
545.68
572.477
587.839
532.402
585.282
588.796
527.843
558.32
571.44
569.759
586.638
529.283
587.758
535.682
582.639
544.162
572.639
588.559
529.76
587.839
541.36
576.801
588.078
529.441
596.961
525.441
585.278
541.121
576.639
588.401
529.039
588.401
535.839
584
542.241
573.842
587.277
529.603
588.639
541.917
575.681
588.961
528.242
588.319
549.76
596.878
523.524
573.116
588.482
530.958
586.323
587.676
529.922
588.801
536.959
579.921
588.078
529.44
588.561
575.037
542.162
588.398
529.444
588.079
588.958
528.884
588.079
533.519
584.24
587.597
530.321
587.921
537.361
580.56
588.078
529.204
588.639
540
577.12
588.477
533.121
572.88
548.8
573.121
588.48
529.599
587.921
541.041
576.477
588.082
530.08
587.838
537.203
580.32
588.319
529.2
588.401
530.561
588.88
540.876
574.722
588.397
530.163
587.361
541.759
576
588.24
529.598
588.324
540.875
576.722
589.921
527.602
586.158
541.12
576.162
555.44
575.44
581.199
539.361
577.921
588.555
530.084
587.519
539.759
578.079
588.48
529.362
588.079
540.32
568.079
566.082
565.117
586.722
588.638
529.042
588.079
533.041
584.32
589.119
529.441
588.399
531.522
586.399
587.758
528.963
588.478
534.402
582.88
588.638
532.242
585.12
537.598
599.6
562.162
528.399
588.32
541.199
576.801
587.439
529.843
588.318
535.358
584.561
541.842
573.518
588.481
529.362
587.68
540.477
577.76
587.92
529.602
588.078
536.242
581.598
544.883
572.557
588.48
529.042
588.478
541.041
576.481
589.916
527.84
588.323
537.917
579.602
588.239
531.839
592.083
530.398
588.561
587.921
529.519
588.402
539.598
577.444
588.555
529.441
588
542
575.522
588.319
529.681
587.839
588.717
529.523
587.042
538.879
579.918
587.762
530.001
587.519
588.476
531.204
586.801
533.519
583.759
588.48
529.039
587.921
536.88
581.361
588.318
529.76
587.76
540.319
568.801
589.518
536.403
581.121
588.156
529.524
588.157
530.163
587.282
541.518
576.56
588.078
529.761
587.917
536.481
581.76
587.36
529.76
587.679
529.761
588.481
541.519
575.925
588.314
529.362
588.162
542.079
575.44
588.879
529.2
587.842
537.199
580.399
587.758
529.764
562.958
565.843
584.959
588.72
528.321
588.398
538.718
578.643
589.435
528.881
587.921
540.402
576.959
588.24
529.362
588.718
541.439
577.922
586.638
529.042
589.199
587.281
529.761
588.879
539.282
576.959
589.277
528.561
588.801
540.079
577.759
587.522
530.238
587.921
540.56
576.801
556.639
580.481
561.44
543.601
574.237
587.68
529.362
588.56
542.158
574.962
588.717
529.603
587.837
536.805
580.88
588.078
529.76
587.999
529.682
588.239
541.52
575.681
588.559
529.358
587.999
535.843
582.241
544.319
573.282
587.838
529.839
587.759
541.602
578
586.638
529.283
563.278
579.44
570.88
588.322
529.2
587.519
537.12
581.042
587.999
529.44
590.719
532.161
582.88
589.277
528.163
588.477
533.76
583.842
588.559
528.959
588.083
537.038
581.12
588.319
529.121
587.92
588.398
529.043
588.801
538.8
578.797
588.24
529.602
587.921
539.677
578.245
550.875
564.403
585.199
540.639
575.361
587.758
529.603
588
541.44
576.639
587.281
530.238
587.841
536.478
581.602
588.16
528.719
588.638
530.001
587.602
540.722
576.718
588.559
532.163
585.995
535.843
583.12
585.999
529.761
590.878
528.483
586.319
541.76
576.24
588.24
529.839
587.842
543.119
602.876
567.445
528.56
588.399
538.958
579.042
588.48
529.121
588.478
539.439
578.963
588.157
528.399
588.324
541.278
576
587.842
530.639
587.759
587.841
529.761
588.639
537.68
579.358
588.48
529.441
588.721
539.602
576.959
588.638
529.441
587.759
588.559
529.2
588.801
549.681
557.522
591.116
529.602
587.92
535.761
581.68
588.398
529.121
588.638
529.76
587.842
542.079
575.2
588.799
529.761
587.763
541.44
577.278
587.119
530.478
586.56
540.324
577.921
587.597
530.163
588.235
534.723
582.478
544.481
573.199
589.999
527.922
588.079
541.681
576.24
561.282
581.44
570.079
588.638
533.921
583.682
588.079
528.078
590.324
536.56
580.477
588.481
529.121
588.079
543.44
574.319
588
531.121
586.8
588.398
529.283
587.996
538.643
579.037
587.921
530.561
587.361
540.161
577.598
588.161
529.358
588.56
540.804
576.64
588.156
529.283
581.038
587.439
530.881
587.438
529.524
588.56
541.038
575.759
588.559
529.843
588.398
536.963
580.481
588.078
528.802
589.277
530.084
586.797
541.12
576.478
589.04
529.042
588.158
537.2
580.564
588.077
529.122
588.555
530.565
587.199
541.282
576.718
587.278
530.324
587.598
536.481
581.519
565.119
558.482
559.999
564.479
582.402
588.239
528.96
589.361
537.357
580.162
587.92
528.959
588.32
541.921
575.598
588.721
529.2
588.323
587.837
529.84
587.842
538.481
580.399
586.476
529.839
588.805
542.079
575.203
588.316
529.921
587.44
588.72
529.52
588.079
537.519
579.763
588.398
530.162
560.718
596.241
540.481
588.717
529.204
588.797
541.681
575.041
588.879
528.719
588.56
541.921
576.162
588.156
529.362
587.839
542
579.68
584.721
528.96
588
537.278
581.203
587.439
529.519
588.962
530.557
586.801
587.679
529.603
588.24
529.598
587.839
541.522
576.56
588.24
569.759
530.801
556.881
584.718
588.564
529.515
588.323
537.838
579.44
588.24
530.001
587.921
541.519
576.319
587.681
532
586.24
588.398
528.723
587.439
537.839
579.759
588.559
529.682
588.883
537.196
580.004
587.916
529.681
588.399
539.041
578.32
588.401
529.441
587.68
588.559
554.96
575.679
522.798
575.203
588.161
528.798
588.402
541.2
576.398
588.401
529.28
587.999
536.801
581.279
544.962
572.398
588.319
529.441
588.801
540.56
576.639
588.48
529.441
587.999
537.042
580.801
588.157
529.121
588.319
530.32
587.523
540.801
577.195
587.522
529.839
587.759
541.282
586.482
542.398
572.639
588.56
531.681
585.041
588.559
529.52
588.079
537.041
580.959
588.559
529.524
587.518
539.279
575.199
588.323
529.44
588.399
588.72
528.479
588.402
536.88
580.88
587.438
529.84
588.161
541.76
575.68
588.559
529.682
587.838
554.32
569.041
595.92
521.441
564.237
604.8
526.722
588.721
540.4
584.477
581.36
529.283
587.837
535.441
582.643
544.237
573.282
588.239
529.761
587.917
542.083
575.917
587.68
529.764
588.158
537.199
580.402
546.162
571.278
588.24
529.839
588.079
542.162
575.36
588.639
528.959
588.639
537.121
580.721
587.838
529.283
602.078
560.639
550.403
542.158
575.68
587.763
529.756
588.481
587.759
529.843
587.838
538.32
585.92
581.523
588.399
529.68
588.158
537.763
579.997
588.961
528.561
588
541.838
575.76
588.56
529.282
588.32
587.999
529.2
588.801
537.759
579.921
587.758
529.362
588.959
542.162
574.958
554.638
586.162
557.839
587.759
530.241
587.681
537.278
580.56
587.68
529.602
588.717
530.802
586.402
540.88
578.237
586.799
529.524
587.679
535.599
585.439
541.204
573.357
588.638
529.122
588.639
541.203
575.597
590.481
527.362
588.638
535.602
582
543.838
573.519
588.323
529.598
598.399
538.24
575.685
588.717
529.839
587.838
532.324
585.601
588.477
528.801
589.121
532.8
584.079
588.56
528.88
588.32
533.44
583.921
588.559
529.121
588.478
532.481
585.199
588.8
529.121
587.759
532.162
585.838
588.481
529.279
589.763
531.838
584.32
587.597
530.241
587.602
552.801
563.92
954.879
568.242
588.879
529.121
587.759
541.117
577.041
587.999
529.362
588.157
536.245
581.357
544.722
572.478
589.119
529.445
587.436
540.402
577.68
588.157
529.362
587.999
534.001
584.162
542.88
572.639
588.318
528.561
588.161
541.358
576.56
588.402
529.358
587.758
535.12
596.004
537.038
573.922
588.958
530.403
586.477
545.602
574.239
599.839
528.481
578.798
588.801
529.439
588.162
540.241
576.797
588.642
529.519
588
542
575.44
588.32
529.522
588.158
588.078
529.204
589.038
532.639
584.402
588.401
529.197
588.481
533.12
584.241
588.401
529.918
592.403
539.356
566.561
587.841
529.599
587.6
536.479
581.124
588.559
529.121
588.717
528.96
588.402
540.158
577.519
587.92
529.682
588.72
534.321
582.801
543.676
574
588.161
529.681
587.601
541.839
576.56
587.92
529.201
588.56
535.759
581.361
588.398
529.602
588.48
529.039
565.44
572
576
588.401
529.358
587.842
539.997
577.763
587.999
530.561
586.959
538.718
578.244
589.115
530.242
587.759
536.88
580.884
588.318
529.52
588.079
537.12
580.722
588.319
526.482
587.68
587.597
529.922
588.079
532.398
585.121
588.401
528.881
589.12
532.079
584.88
548.24
576.88
574.241
540.958
576.639
588.642
526.64
604.24
520.802
585.115
540.644
577.278
587.999
529.2
588.721
534.159
583.444
542.879
575.038
587.92
529.362
588
540.797
578.402
586.078
535.764
582.561
544.477
573.041
588.078
528.802
588.639
540.639
577.361
588.319
529.681
575.68
568.001
581.199
576.239
529.599
589.042
532.879
583.523
588.957
528.881
588.158
533.523
584
588.957
529.122
588.56
531.68
585.681
587.758
530.159
587.921
534.162
583.12
588.318
529.122
588.319
538
580
588.24
529.279
587.842
540.237
577.763
588.078
530.4
587.439
588.323
529.441
557.037
561.921
579.76
587.758
529.441
588.161
530.482
587.917
540.884
576.157
588.8
528.881
588.239
536.08
582.079
587.601
529.839
588.161
529.279
587.759
541.76
576.643
587.356
530.324
588.158
537.361
580
588.559
529.039
588.401
530.399
586.963
540.88
579.439
585.999
528.802
572.879
588.08
552.398
587.841
529.28
588.642
538.959
579.199
587.68
529.2
588.962
541.918
575.361
588.081
529.437
587.843
589.758
530.163
586.319
533.278
585.121
587.521
529.118
587.838
538.402
579.523
588.315
529.523
588.722
541.838
575.519
588.244
529.598
587.76
588.717
529.042
559.439
606.88
535.279
585.522
541.2
576.879
587.759
529.523
588.477
536.399
580.963
588.559
528.802
588.318
529.362
588.718
540.722
576.801
587.679
529.918
588.721
536.08
581.038
545.041
572.32
588.559
529.2
588.082
541.598
576.403
588.48
528.798
588.318
536.325
581.199
589.037
527.282
561.519
565.199
587.922
587.758
529.52
588.801
537.601
579.44
588.961
531.201
586.158
538.24
579.839
588.318
528.64
588.485
540.959
576.56
588.318
528.96
588.241
588.799
528.96
589.12
532.482
584
588.318
529.283
588.241
537.357
580.88
588.401
528.959
588.079
539.361
565.042
564.398
561.921
586.079
541.602
575.357
588.318
530.08
587.685
541.838
575.838
588.161
530.163
588.318
536.4
580.24
588.48
529.52
587.92
531.039
586.88
541.203
576.56
588.318
529.52
588
540.32
577.522
587.597
529.52
588.643
535.676
582.162
587.758
529.283
588.559
529.359
577.601
589.119
548.96
585.92
529.279
588.643
539.278
587.282
578.797
532.884
584.958
587.36
529.84
588.319
541.842
575.598
591.92
527.603
586.477
587.439
531.042
587.681
533.518
583.44
588.721
529.839
587.843
533.439
584.557
588.559
529.362
587.921
537.522
579.677
588.721
529.681
597.918
527.522
572.481
588.319
529.599
588
541.041
577.12
587.838
529.279
588.322
536.798
580.722
588.161
529.279
588.638
530.561
586.718
541.444
576.079
588.559
529.362
588.079
537.12
580.801
588.078
529.441
588.239
529.84
587.36
542
577.764
586.318
530.64
587.356
536.802
598.079
574.961
532.562
588
532.079
586.319
587.837
529.283
588.482
533.199
584.24
588.319
529.042
588.639
536.88
581.361
587.198
530.001
588.158
537.681
579.203
588.476
530.403
587.279
539.601
577.681
588.559
530.238
587.921
540.56
576.481
588.318
529.84
588.083
588.878
528.881
581.041
546.876
570.801
588.082
529.038
588.402
541.279
576.56
588.318
528.96
588.24
536.32
580.884
545.199
573.199
587.759
529.523
588.237
541.763
575.838
588.161
529.599
588.239
537.043
580.635
588.082
529.52
588.081
530.001
588.237
541.681
575.842
589.999
527.121
588.56
542.718
574.56
570.56
554.719
606.24
522.481
577.44
587.518
530.163
587.68
588.319
529.362
587.68
538.32
579.676
589.041
528.801
588.801
541.76
575.522
587.996
530.241
587.44
588.161
529.681
588.398
534.083
582.876
588.804
529.677
588
537.681
579.842
587.758
529.682
587.917
541.361
576.481
588.477
529.681
605.762
519.678
572.801
588.239
529.039
588.56
541.12
576.963
587.758
529.603
588.079
536.319
581.519
587.92
529.602
588.319
529.678
588.003
541.76
576
588.397
528.881
588.083
541.357
576.162
588.559
529.839
587.602
537.037
581.444
587.758
529.682
588.397
529.279
587.602
541.601
568.078
590.001
543.041
588.08
588.398
529.519
587.601
538.722
579.199
588.879
529.76
588.241
541.199
575.763
588.796
529.524
588.477
587.443
529.839
587.921
539.598
577.76
588.48
528.719
589.203
540.56
576.639
588.241
529.68
587.598
589.198
528.802
588.481
532.959
584.879
587.68
536.242
568.24
543.921
580.158
587.841
529.599
588.48
531.042
586.64
541.199
576.161
587.759
529.839
588.717
536.163
580.801
588.48
528.798
589.36
529.121
588.56
540.32
576.639
587.999
530.482
590.319
530.561
582
544.56
572.801
588.397
529.204
588.319
540.959
576.32
589.277
562.644
562.56
535.838
579.602
588.559
529.52
588.319
539.922
577.759
550.801
580.481
576.237
540.24
577.523
551.12
577.44
587.518
528.001
583.519
589.119
539.121
584.241
532.24
576.241
588.157
528.96
588.081
588.639
529.44
587.843
588.319
529.52
588.8
533.038
584.241
587.762
523.437
602.239
523.923
579.439
587.759
529.52
587.679
534.001
583.921
544.162
573.44
587.837
529.764
588.478
541.601
575.917
588.24
529.279
588.004
541.037
576.801
587.999
529.603
588.078
536.801
581.2
588.397
528.964
589.036
529.2
587.361
541.44
576.399
588.322
529.599
588.323
537.038
580.721
591.12
522.159
599.841
529.279
587.759
589.12
528.644
588.958
533.357
583.842
588.481
529.677
587.523
537.921
579.677
588.239
529.362
588
588.401
529.441
587.996
537.681
580.485
588.153
528.963
587.839
542.56
576.481
587.838
529.282
587.44
589.439
528.242
589.519
533.68
583.519
547.442
590.237
560.241
541.441
576.8
587.92
530.001
587.839
536.639
581.522
587.917
528.963
588.477
530.241
587.199
541.922
575.601
588.559
529.599
587.921
537.199
580.643
587.995
529.283
588.481
536.237
580.963
588.878
528.723
588.556
530.162
587.838
540.963
576.399
587.92
530.001
588.477
539.925
584.237
588.239
530.561
587.361
587.999
529.682
587.917
532.801
585.68
587.68
529.279
588.481
537.199
580
588.078
530.163
588.241
539.518
577.921
588.639
528.241
589.278
541.042
575.601
588.477
528.963
589.199
586.879
530.561
590.399
532
583.439
588.56
529.204
558.878
577.681
562.159
587.6
527.603
587.838
537.68
579.839
589.92
528.08
587.999
530.241
587.121
541.12
576.32
588.401
529.52
588.318
535.441
582.237
588.082
529.361
591.278
529.042
588.638
537.121
579.843
588.555
529.362
588.318
532.242
585.44
541.842
575.598
588.48
529.121
577.68
554.798
605.921
563.841
528.08
588.639
538.481
577.838
589.601
529.279
589.519
540.722
575.759
589.12
528.963
588.24
587.838
530.08
587.518
538.245
579.436
588.961
529.922
586.959
540.801
576.879
588.158
529.76
587.921
588.078
530.561
587.444
538.078
579.76
588.24
530.399
586.88
542.643
574.398
583.837
531.204
584
544.797
572.963
588.157
529.519
588.004
541.598
576.241
587.679
529.839
588.162
537.759
580.561
587.837
529.362
592.397
526.723
586.162
541.357
576.643
588.476
529.52
590.322
534.802
580.639
588.319
529.2
588.48
530.64
586.56
541.602
576.319
588.477
546.802
557.44
559.921
578.079
587.679
530.802
588
540.8
576.64
588.16
529.279
588
588.639
528.963
588.718
536.88
580.56
587.841
529.599
588.319
541.121
576.24
588.559
529.362
587.917
540.162
577.76
588.239
529.043
588.8
539.44
578.56
588.477
528.723
588.56
538.157
605.041
544.561
543.282
584.477
542.399
575.282
588.397
529.682
588.318
535.283
582.158
544
572.88
588.879
529.362
587.601
540.481
575.519
588.078
528.802
588.878
535.84
581.44
588.322
529.441
588.559
529.117
588.482
541.282
576.079
587.92
530.08
587.517
536.163
581.681
547.199
568.958
563.602
566
587.759
588.638
529.122
588.722
531.597
585.282
588.717
529.283
587.681
532.477
585.361
587.679
530.159
587.921
532.722
584.718
588.721
528.719
588.722
531.921
585.44
588.717
529.121
588.079
532.643
585.361
587.995
529.283
588.241
532.477
585.282
590.24
527.677
561.921
564.561
575.041
585.119
528.96
588.801
540.958
576.32
588.48
529.839
587.763
536.798
581.12
587.92
529.441
588.16
529.84
588
541.361
576.079
588.239
529.761
588.318
535.362
581.677
588.401
531.2
586.642
529.279
588.079
541.519
575.763
588.721
528.877
588.401
537.922
579.598
550.721
601.44
561.922
531.198
585.681
588.32
529.357
588.083
538.402
579.196
588.961
528.719
588.56
540.884
576.157
589.68
528.001
588.56
588.8
529.599
588.24
532.963
584.398
587.995
529.524
588.402
537.519
579.759
588.8
528.881
588.879
538.959
578.801
586.958
529.843
588.8
541.76
574.639
581.439
536.001
581.68
544.722
572.801
588.315
529.361
588.32
541.523
576.24
588.078
529.603
589.278
538.718
577.68
588.638
530.483
586.559
534.723
582.879
543.199
574.88
587.999
529.362
588.32
541.361
576.477
588.24
529.283
589.198
535.681
580.88
588.24
529.598
597.281
531.682
583.838
539.838
578.083
588.319
528.722
588.557
540.962
577.839
587.359
529.362
588
541.2
576.398
588.319
529.362
588.56
541.12
576.241
587.758
532.561
585.44
588.721
528.959
588.399
532.643
584.958
588.56
529.121
588.481
533.677
583.203
546.639
573.601
586.32
566.876
530.165
601.676
529.2
588.559
534.242
583.038
542.642
575.279
587.92
530.001
587.68
540.56
577.121
587.36
530.64
588.239
534.321
583.278
543.282
574.241
587.916
528.802
588.721
541.44
576.399
588.721
528.959
588.241
536.319
581.602
588.157
529.283
588.318
529.039
588.883
541.117
576.239
552.723
563.76
597.199
532.481
584.241
588.638
529.358
588.004
533.44
584.079
588.957
529.603
590.24
539.2
576
587.92
529.681
588.237
588.082
529.279
588.643
534
583.278
587.999
529.681
589.038
533.921
583.12
588.24
529.121
588.32
538.477
578.801
588.559
529.76
588.004
540.478
565.199
601.518
523.444
585.361
541.677
576.083
588.156
529.043
588.801
536.797
580.639
587.841
529.602
588.638
529.441
587.44
541.361
575.917
589.202
529.122
588.078
535.44
582.32
544.639
573.041
588.402
589.597
529.524
586.958
533.918
583.522
544.64
572.319
588.638
530.242
587.199
547.523
595.917
570.642
529.038
590.482
585.521
529.918
588.561
532.718
584.402
588.318
528.719
588.884
537.278
579.842
588.236
529.843
588.959
537.041
579.519
588.078
530.001
588.162
538.56
578.24
588.8
529.52
588.639
540.079
577.282
588.239
529.52
588.88
541.278
575.365
588.638
528.241
564.32
560.801
574.635
587.281
529.843
588.399
541.68
576.56
587.92
529.599
587.841
537.2
580.718
587.842
529.44
588.639
529.44
587.921
541.2
578.319
586.24
529.681
587.999
537.52
580.241
588.717
528.64
589.04
529.2
588.162
541.519
575.763
589.597
528.162
588.079
539.681
573.519
554.56
575.361
587.921
530.398
586.722
588.559
529.358
588.403
532.958
584.56
588.157
529.445
588.24
538.079
579.279
588.559
529.681
588.32
539.68
577.602
588.236
529.204
588.639
542.079
574.879
588.32
529.921
588.162
587.999
530.158
587.361
538
580.399
587.123
525.358
583.44
544.56
575.278
587.841
529.362
589.996
536.561
579.443
588.157
529.603
587.837
531.441
588.162
541.68
574.56
587.68
529.598
588.32
541.763
578.959
585.04
529.76
588.24
537.2
580.241
589.837
527.84
587.92
533.681
584.241
544.319
573.519
588.24
529.042
588.88
541.282
604.879
538.319
557.678
588.082
587.999
530.001
588.158
536.722
581.361
587.036
530.163
588.399
537.68
579.12
586.879
530.96
587.842
539.598
578.481
588.239
529.84
587.759
540.48
576.881
588.884
529.037
588.402
541.76
578.158
585.361
529.921
588.718
587.6
529.52
588.32
537.203
586.157
571.921
535.918
585.443
587.518
531.039
587.04
529.843
587.356
540.723
577.278
588.161
529.2
588.8
534.802
582.398
544.32
573.199
588.961
529.039
587.681
541.68
576.32
588.401
529.52
587.837
536.884
580.797
589.12
528.32
588.638
529.043
588.319
541.121
576.481
588.239
557.201
571.838
530.402
582.959
587.439
530.403
588.079
533.361
586.639
585.356
530.482
588.402
538.88
578.079
588.8
528.399
588.884
539.037
578.241
588.398
529.764
592
533.436
580.004
588.717
529.121
587.921
539.12
578.32
589.198
529.039
588.402
540.477
576.403
589.517
529.441
566.083
559.838
573.042
586.799
529.437
588.722
541.2
576.161
588.559
529.122
588.48
535.756
581.681
544.241
573.199
588.401
528.96
588.319
541.203
576.797
588.082
529.2
588.398
535.843
581.357
544.962
573.121
588.476
529.283
588.158
541.203
576.398
588.161
529.362
588.074
535.524
582.639
543.841
579.121
551.68
568.08
588.56
539.44
577.838
588.319
529.602
588.241
540.477
577.041
588.24
528.4
588.962
588.236
529.362
588.398
534.083
583.44
588.236
529.444
587.199
538.482
579.759
588.8
529.279
587.921
540.88
577.037
588.082
529.52
588.319
587.759
529.764
588.398
537.842
598.797
531.121
563.44
582
544.24
573.121
589.04
529.121
587.839
541.676
576.083
588.161
529.519
588.32
537.041
580.478
588.16
529.844
598.239
521.039
588.481
541.519
584.319
542.241
566.959
588.161
537.519
588.241
582.878
527.043
589.115
534.084
583.361
544.158
573.44
591.999
527.121
572.161
558.959
580.801
587.198
530.482
587.76
536.477
580.884
587.837
530.08
588.162
538.958
578.88
588.563
528.798
588.319
539.602
578.079
587.92
530.32
587.279
539.203
579.278
587.281
529.362
589.838
537.921
578.88
587.999
528.723
588.718
540
577.921
588.638
529.042
561.195
572.561
564.24
588.56
536.162
581.76
544.24
573.199
589.999
527.52
588.241
541.199
576.083
588.397
529.603
588.078
535.362
582.477
543.602
573.921
587.999
529.519
588.721
541.599
575.519
588.642
529.2
588.397
536.483
580.879
588.24
529.362
587.999
529.678
588.642
541.76
582
597.119
533.362
576.477
588.319
529.042
588.88
537.602
579.838
588.397
528.644
588.079
539.681
578.718
587.6
530.001
587.602
540.237
577.518
588.402
529.361
588.32
541.519
575.921
588.559
529.121
588.32
588.401
529.678
588.244
532.797
584.481
588.398
529.121
588.56
533.602
583.677
546.962
564.319
595.68
529.2
580.56
587.759
529.362
588.397
530.561
587.44
541.681
575.68
588.078
529.843
589.439
537.042
579.117
588.322
528.877
588.721
534.241
583.042
544.88
573.12
587.916
529.52
587.763
541.759
576.64
587.758
529.602
588.319
536.963
580.797
587.92
529.682
588
570.801
562.718
528.8
580.482
588.318
529.039
588.319
541.681
576.161
587.842
530.478
587.199
542.083
572.556
588.561
532.161
585.44
588.24
529.2
589.041
538.639
578.079
594.24
523.922
588.079
541.522
575.997
587.842
530.718
587.203
587.6
529.201
592.398
534.158
582.56
586.958
550.083
540.079
561.282
577.76
588.476
529.524
588.157
533.362
583.921
542.158
575.842
588.157
529.361
588.481
535.362
581.917
544
573.921
587.837
529.685
588.478
541.041
576.079
588.082
532.32
585.759
535.52
581.68
543.917
573.602
591.999
526.561
587.361
540.801
577.44
587.758
551.362
578.56
534.955
577.365
588.957
529.121
588.482
538.56
578.639
588.48
531.918
585.76
539.203
575.996
588.721
529.042
587.598
588.879
529.125
587.676
531.519
587.282
587.601
529.598
587.843
533.037
584.722
587.916
529.764
559.839
565.601
588.158
538.643
574.32
588
530.477
564.162
571.759
564.241
585.841
529.358
588.24
540.561
576.639
589.198
529.121
587.522
536.08
581.921
544.237
573.601
587.68
529.839
587.763
541.598
576.319
588.161
529.441
588.717
536.723
581.041
587.759
531.2
586.397
529.922
588.079
541.121
576.24
588.24
529.602
588.078
535.761
581.518
569.203
555.677
588.402
530.399
588.319
587.12
530.241
587.839
536.879
580.884
587.758
529.919
587.443
537.76
579.838
588.8
529.598
587.921
540.162
577.598
588.318
529.524
587.598
541.684
576.398
587.838
529.76
588.801
587.758
529.283
587.921
538.158
579.519
588.161
530.08
587.921
541.037
573.763
584.319
531.039
588.323
541.598
573.601
587.999
529.682
588.718
541.518
575.764
588.156
530.001
587.922
541.518
575.523
588.239
531.599
585.839
542
575.684
588.717
529.52
587.842
537.041
580.876
587.758
529.524
588.476
534.242
584.88
541.522
574.158
588.642
529.52
604.476
537.122
571.601
588.24
529.681
587.76
542
576.078
589.921
529.042
587.037
587.921
529.839
587.763
537.838
579.121
588.717
529.362
588
540.24
577.839
587.762
529.598
588.643
540.797
576.56
588.082
529.2
588.241
588.398
530.162
587.917
533.922
583.281
588.481
529.038
578
579.44
541.602
588.235
529.765
587.517
536.641
581.199
588.559
529.441
587.841
531.52
586.158
541.203
576.639
588.239
528.96
588.322
535.836
582.161
587.68
530.001
587.841
529.599
588.962
541.278
575.921
588.398
528.802
588.717
536.324
580.718
588.642
529.437
588.642
529.038
587.76
559.92
563.76
592.403
528.398
586.959
588.318
529.204
587.76
537.518
580.158
588.563
529.441
588.079
538.32
579.282
587.837
529.602
588.478
538.402
579.838
588.003
529.197
588.323
539.759
577.361
588.879
531.839
585.76
540.319
576.963
588.397
529.279
588.004
589.597
528.242
588
537.921
579.597
550.884
561.278
587.041
541.598
576.323
587.597
530.159
587.921
536.801
580.24
588.717
529.043
588.717
529.843
587.278
541.282
576.56
588.559
529.039
588.162
537.278
584.24
584.718
529.365
587.756
538.24
579.44
588.8
529.2
588.48
529.441
587.361
540.963
577.037
588.721
528.719
598.8
532.482
581.598
588.878
531.441
585.602
537.278
581.041
588.157
529.043
588.402
538.237
579.203
588.236
529.602
588.481
540.482
579.037
585.519
530
588
584.882
529.359
588.879
542.402
580.399
582.319
530.403
587.361
588.239
530.242
587.756
532.883
584.398
588.721
529.279
572.079
588.8
538.242
591.518
528.561
587.837
530.482
587.361
540.797
577.124
587.597
529.602
588.157
536.964
581.12
588.157
529.2
588.24
529.922
588.318
540.562
576.24
589.198
528.483
588.318
536.242
581.676
587.763
529.362
588.874
528.723
588.399
541.443
578.241
586.476
529.52
571.602
577.838
565.841
584.56
530.802
587.838
588.398
529.52
588.8
532.083
586.158
586.961
529.52
588.241
537.041
580.399
588.48
528.96
588.8
538.643
578.557
588.799
528.719
588.722
539.602
577.917
588.397
529.204
588.801
540
576.56
589.278
528.64
589.282
540.158
576.24
552.56
599.839
548.883
541.199
574.478
587.36
530.08
587.841
541.76
576.158
588.003
529.52
588.799
536.321
580.639
545.519
572.24
588.161
529.52
587.842
541.116
576.801
588.24
529.441
588.239
534.96
584.56
541.921
573.76
588.401
562.158
555.681
541.199
576.561
588.081
529.279
588.162
564.478
540.957
564.403
572.801
587.038
532.481
586.158
588.563
529.042
588.639
532.639
584.88
588.717
529.042
588.399
533.12
584.241
587.68
529.842
587.918
541.601
576.32
588.157
529.283
588.24
588.319
529.598
587.922
537.041
580.959
588.318
529.524
587.68
536.797
581.282
588.559
547.599
553.763
548.556
577.843
588.318
531.362
586.398
534.32
583.444
543.44
574.477
587.999
529.283
587.759
541.361
576.959
587.999
529.2
589.841
534.881
581.759
587.917
529.042
587.999
529.922
588.078
540.723
577.037
587.841
529.761
588.476
535.843
581.519
544.643
572.718
588.879
534.482
609.842
518.876
578.639
588.721
529.2
589.042
539.68
577.117
589.04
528.561
588.162
541.68
576.158
588.721
529.042
590.959
540.079
574.88
587.68
531.759
588.561
585.521
529.918
587.921
541.76
576.162
587.518
530.083
588.237
588.48
529.118
588.481
538.801
580.8
586.078
569.842
523.441
605.277
529.524
588.319
530.079
586.959
541.842
576.158
587.762
529.52
589.68
536.959
579.681
587.92
529.121
588.638
534.881
582.722
587.916
529.523
588.236
530.08
587.921
542.32
575.282
588.239
529.52
587.681
541.759
576.079
588.401
529.599
587.361
542.722
575.518
588.161
529.996
564.163
588.722
559.677
588.16
529.441
587.838
588.56
529.681
588.079
538.402
579.519
587.679
532.001
583.2
588.642
528.801
588.639
540.482
576.718
587.999
529.598
587.921
588.642
528.877
588.485
538.959
578.797
588.642
528.561
588.718
542.398
578.403
551.921
564.718
593.282
540.158
577.36
552.32
562.399
587.763
542
567.199
588.241
537.759
589.519
578.638
530.162
588.241
542.722
574.079
588.157
530.241
588
542.32
575.361
588.157
529.204
588.56
543.12
573.681
589.115
528.964
588.477
543.282
573.838
588.642
530.001
587.199
542.32
576.158
587.762
529.681
588.478
546.56
588.88
577.601
538.478
579.12
587.92
529.603

------------------------------------------------------------------------------------------------------------------------------------------------
max val(#2167) = 1199.20us
min val(#2867) = 500.16us
peak-to-peak = 699.04us
mean +- RMS = 571.59 +- 24.94 us

packet size: 516
number of packets: 10000
RATE = 7221.91kbps, PPS = 1749.5
