Destination address set to 01:1B:19:00:00:00
Defaults: 01:1B:19:00:00:00 or 01:80:C2:00:00:0E
SIOCSHWTSTAMP: tx_type 1 requested, got 1; rx_filter 0 requested, got 0
setting ts_flags: 0x53
new ts_flags: 0x53


gap of hw tx time, us: packets 10000:
------------------------------------------------------------------------------------------------------------------------------------------------
0
107.233
107.135
107.248
107.297
107.087
107.176
107.215
107.233
107.161
107.215
107.199
107.199
107.425
106.962
107.2
107.206
107.185
107.233
107.176
107.215
107.165
107.218
107.199
107.218
107.215
107.176
107.241
107.169
107.605
106.884
107.101
107.233
107.173
107.203
107.192
107.207
107.184
107.203
107.222
107.192
107.206
107.192
107.203
107.222
107.177
107.191
107.2
107.203
107.191
107.207
107.177
107.248
107.184
107.199
107.2
107.191
107.215
107.203
107.176
107.215
107.199
107.203
107.214
107.184
107.2
107.199
107.184
107.226
107.191
107.215
107.21
107.455
106.91
107.192
107.225
107.425
106.966
107.184
107.233
107.17
107.199
107.214
107.218
107.199
107.185
107.233
107.158
107.225
107.199
107.2
107.184
107.169
107.233
107.199
107.185
107.221
107.162
107.233
107.199
107.207
107.192
107.218
107.158
107.225
107.2
107.218
107.18
107.218
107.158
107.211
107.233
107.199
107.184
107.207
107.199
107.192
107.192
107.21
107.199
107.192
107.218
107.429
107.056
107.105
107.222
107.177
107.289
107.109
107.203
107.305
107.064
107.229
107.184
107.339
107.079
107.225
107.158
107.353
107.046
107.218
107.191
107.218
107.173
107.203
107.192
107.312
107.102
107.184
107.225
107.2
107.191
107.2
107.184
107.225
107.192
107.207
107.218
107.184
107.184
107.215
107.225
107.173
107.203
107.181
107.522
106.914
107.199
107.158
107.233
107.162
107.229
107.274
107.094
107.218
107.215
107.191
107.211
107.173
107.233
107.177
107.206
107.211
107.199
107.463
106.928
107.199
107.2
107.274
107.143
107.207
107.184
107.432
106.944
107.233
107.184
107.207
107.169
107.248
107.184
107.2
107.191
107.2
107.21
107.199
107.2
107.203
107.195
107.192
107.225
107.185
107.24
107.158
107.203
107.199
107.2
107.233
107.158
107.191
107.211
107.214
107.211
107.158
107.206
107.316
107.094
107.192
107.327
107.09
107.229
107.17
107.199
107.192
107.199
107.218
107.192
107.184
107.248
107.169
107.199
107.185
107.206
107.339
107.086
107.184
107.2
107.214
107.188
107.207
107.206
107.218
107.151
107.21
107.207
107.184
107.222
107.177
107.214
107.241
107.225
107.151
107.304
107.12
107.185
107.191
107.249
107.169
107.184
107.184
107.214
107.425
106.993
107.199
107.248
107.15
107.188
107.196
107.225
107.162
107.214
107.185
107.233
107.184
107.199
107.184
107.226
107.18
107.192
107.226
107.176
107.2
107.225
107.192
107.18
107.369
107.034
107.199
107.203
107.214
107.192
107.199
107.256
107.113
107.263
107.169
107.481
106.902
107.192
107.218
107.184
107.215
107.191
107.391
107.019
107.177
107.222
107.376
107.022
107.267
107.15
107.41
106.981
107.185
107.199
107.323
107.064
107.226
107.188
107.206
107.203
107.185
107.184
107.214
107.218
107.199
107.2
107.319
107.072
107.191
107.211
107.207
107.214
107.184
107.305
107.161
107.128
107.192
107.312
107.169
107.117
107.233
107.259
107.143
107.184
107.214
107.211
107.158
107.207
107.394
107.327
106.895
107.192
107.233
107.15
107.218
107.2
107.191
107.218
107.173
107.218
107.339
107.06
107.177
107.218
107.214
107.177
107.248
107.184
107.184
107.199
107.2
107.199
107.195
107.192
107.214
107.2
107.218
107.158
107.218
107.214
107.368
107.015
107.207
107.275
107.142
107.17
107.214
107.192
107.225
107.184
107.207
107.177
107.214
107.218
107.184
107.2
107.353
107.026
107.335
107.086
107.2
107.199
107.203
107.199
107.199
107.185
107.199
107.425
107.007
107.184
107.215
107.297
107.09
107.188
107.218
107.192
107.289
107.109
107.177
107.21
107.264
107.15
107.361
107.041
107.207
107.199
107.184
107.177
107.233
107.184
107.583
106.88
107.15
107.211
107.191
107.207
107.199
107.192
107.275
107.12
107.207
107.199
107.214
107.218
107.177
107.199
107.192
107.218
107.184
107.342
107.042
107.206
107.226
107.256
107.127
107.192
107.207
107.192
107.225
107.184
107.2
107.199
107.199
107.203
107.207
107.192
107.21
107.181
107.225
107.241
107.128
107.214
107.218
107.184
107.184
107.215
107.218
107.376
107.022
107.184
107.305
107.113
107.173
107.218
107.18
107.211
107.206
107.196
107.214
107.184
107.207
107.192
107.192
107.21
107.214
107.2
107.372
107.004
107.21
107.199
107.2
107.191
107.282
107.128
107.199
107.2
107.218
107.173
107.225
107.184
107.241
107.15
107.192
107.233
107.184
107.425
106.974
107.199
107.203
107.207
107.177
107.206
107.2
107.203
107.3
107.106
107.199
107.297
107.105
107.199
107.2
107.199
107.263
107.139
107.199
107.2
107.24
107.162
107.199
107.214
107.192
107.192
107.192
107.518
106.899
107.199
107.211
107.176
107.215
107.206
107.2
107.432
106.951
107.199
107.188
107.215
107.191
107.211
107.18
107.218
107.192
107.207
107.199
107.203
107.207
107.192
107.199
107.203
107.199
107.199
107.2
107.199
107.199
107.203
107.207
107.192
107.191
107.305
107.312
106.992
107.2
107.199
107.184
107.214
107.226
107.241
107.12
107.207
107.21
107.199
107.241
107.158
107.184
107.391
107.026
107.207
107.199
107.185
107.21
107.207
107.192
107.199
107.192
107.21
107.199
107.207
107.312
107.079
107.199
107.203
107.207
107.184
107.391
107.034
107.233
107.151
107.199
107.199
107.203
107.199
107.2
107.233
107.158
107.225
107.293
107.091
107.191
107.207
107.226
107.176
107.207
107.192
107.199
107.203
107.184
107.222
107.207
107.18
107.222
107.184
107.2
107.199
107.21
107.35
107.056
107.185
107.199
107.192
107.522
106.887
107.2
107.199
107.218
107.184
107.199
107.207
107.192
107.199
107.203
107.199
107.207
107.184
107.211
107.199
107.222
107.177
107.206
107.192
107.218
107.184
107.2
107.199
107.184
107.218
107.199
107.2
107.184
107.214
107.203
107.199
107.335
107.064
107.233
107.169
107.222
107.177
107.191
107.207
107.203
107.192
107.207
107.191
107.192
107.218
107.613
106.786
107.191
107.207
107.203
107.199
107.207
107.192
107.203
107.199
107.248
107.151
107.191
107.211
107.214
107.44
106.944
107.191
107.207
107.203
107.199
107.2
107.191
107.2
107.184
107.225
107.192
107.199
107.215
107.195
107.199
107.2
107.27
107.121
107.225
107.184
107.249
107.142
107.218
107.215
107.218
107.158
107.218
107.184
107.214
107.184
107.358
107.041
107.233
107.169
107.199
107.2
107.191
107.211
107.222
107.176
107.2
107.191
107.222
107.188
107.199
107.399
107.007
107.185
107.176
107.233
107.2
107.199
107.192
107.21
107.199
107.2
107.184
107.207
107.21
107.199
107.17
107.248
107.184
107.199
107.199
107.2
107.184
107.218
107.199
107.192
107.222
107.176
107.211
107.195
107.203
107.2
107.199
107.203
107.195
107.203
107.2
107.199
107.203
107.195
107.211
107.199
107.177
107.21
107.188
107.376
107.019
107.214
107.207
107.203
107.293
107.106
107.191
107.207
107.26
107.142
107.2
107.199
107.203
107.233
107.165
107.215
107.176
107.218
107.192
107.199
107.215
107.176
107.233
107.177
107.222
107.432
106.936
107.203
107.222
107.184
107.2
107.191
107.207
107.339
107.048
107.215
107.199
107.192
107.21
107.192
107.199
107.207
107.248
107.143
107.21
107.2
107.206
107.192
107.203
107.222
107.177
107.203
107.188
107.218
107.18
107.211
107.191
107.271
107.139
107.199
107.2
107.199
107.184
107.218
107.199
107.2
107.191
107.2
107.297
107.112
107.185
107.218
107.199
107.199
107.199
107.2
107.199
107.192
107.21
107.207
107.192
107.199
107.199
107.203
107.199
107.2
107.203
107.195
107.203
107.207
107.192
107.199
107.425
106.977
107.199
107.2
107.233
107.165
107.203
107.199
107.2
107.191
107.2
107.21
107.199
107.2
107.206
107.185
107.21
107.199
107.192
107.218
107.199
107.192
107.192
107.312
107.094
107.195
107.207
107.199
107.2
107.203
107.188
107.206
107.196
107.207
107.203
107.221
107.177
107.199
107.2
107.191
107.233
107.177
107.199
107.2
107.206
107.185
107.21
107.199
107.185
107.214
107.203
107.199
107.199
107.2
107.206
107.196
107.199
107.199
107.207
107.184
107.207
107.203
107.199
107.2
107.199
107.199
107.451
106.944
107.207
107.199
107.395
107
107.24
107.192
107.207
107.18
107.196
107.191
107.211
107.323
107.075
107.2
107.383
107.015
107.218
107.184
107.215
107.173
107.195
107.207
107.225
107.192
107.177
107.207
107.199
107.203
107.192
107.421
106.977
107.207
107.184
107.218
107.214
107.192
107.207
107.195
107.271
107.135
107.177
107.214
107.185
107.218
107.184
107.207
107.218
107.191
107.188
107.203
107.2
107.191
107.218
107.192
107.199
107.207
107.177
107.225
107.192
107.199
107.2
107.199
107.192
107.218
107.176
107.215
107.191
107.218
107.2
107.199
107.207
107.353
107.038
107.203
107.191
107.2
107.214
107.195
107.188
107.203
107.192
107.207
107.21
107.215
107.184
107.199
107.192
107.21
107.2
107.199
107.207
107.184
107.203
107.207
107.206
107.185
107.191
107.2
107.233
107.368
106.985
107.222
107.184
107.214
107.196
107.207
107.184
107.222
107.21
107.184
107.207
107.203
107.181
107.218
107.191
107.207
107.184
107.218
107.177
107.222
107.297
107.109
107.177
107.218
107.191
107.2
107.218
107.184
107.199
107.199
107.215
107.184
107.207
107.417
106.962
107.222
107.177
107.225
107.181
107.21
107.2
107.191
107.2
107.218
107.199
107.199
107.192
107.203
107.214
107.29
107.094
107.199
107.21
107.192
107.214
107.177
107.222
107.195
107.177
107.214
107.241
107.192
107.214
107.162
107.184
107.207
107.184
107.214
107.184
107.226
107.184
107.207
107.192
107.21
107.184
107.215
107.214
107.195
107.2
107.191
107.192
107.218
107.188
107.211
107.199
107.192
107.199
107.21
107.185
107.214
107.199
107.192
107.225
107.185
107.191
107.207
107.192
107.21
107.181
107.21
107.222
107.188
107.181
107.203
107.214
107.192
107.184
107.214
107.196
107.206
107.192
107.207
107.241
107.169
107.206
107.369
107.034
107.191
107.173
107.218
107.192
107.207
107.184
107.226
107.176
107.215
107.191
107.32
107.105
107.184
107.185
107.225
107.214
107.185
107.184
107.207
107.263
107.146
107.181
107.218
107.192
107.206
107.177
107.218
107.184
107.222
107.184
107.218
107.207
107.184
107.218
107.192
107.181
107.21
107.214
107.185
107.184
107.225
107.215
107.176
107.192
107.214
107.234
107.169
107.214
107.353
107.023
107.207
107.184
107.218
107.226
107.165
107.225
107.185
107.191
107.207
107.177
107.248
107.173
107.195
107.2
107.199
107.184
107.226
107.184
107.207
107.184
107.222
107.203
107.191
107.192
107.207
107.21
107.391
106.974
107.233
107.207
107.21
107.185
107.206
107.177
107.207
107.192
107.21
107.278
107.121
107.218
107.184
107.199
107.207
107.192
107.206
107.185
107.218
107.176
107.222
107.203
107.199
107.185
107.206
107.218
107.181
107.192
107.218
107.176
107.222
107.211
107.191
107.2
107.199
107.21
107.192
107.166
107.233
107.214
107.184
107.196
107.206
107.181
107.21
107.192
107.207
107.21
107.192
107.214
107.192
107.192
107.21
107.2
107.191
107.234
107.165
107.184
107.226
107.191
107.241
107.143
107.225
107.181
107.21
107.222
107.177
107.195
107.207
107.222
107.177
107.191
107.218
107.181
107.21
107.215
107.184
107.218
107.192
107.176
107.215
107.184
107.222
107.203
107.191
107.2
107.199
107.192
107.218
107.184
107.207
107.214
107.184
107.241
107.161
107.222
107.177
107.192
107.21
107.207
107.199
107.218
107.184
107.192
107.199
107.226
107.173
107.207
107.188
107.214
107.192
107.184
107.222
107.323
107.071
107.192
107.214
107.2
107.203
107.176
107.222
107.192
107.21
107.185
107.214
107.192
107.191
107.226
107.192
107.199
107.207
107.176
107.218
107.215
107.176
107.23
107.169
107.21
107.2
107.199
107.199
107.211
107.18
107.211
107.191
107.328
107.105
107.176
107.192
107.214
107.185
107.184
107.222
107.203
107.199
107.184
107.214
107.234
107.169
107.199
107.199
107.192
107.21
107.192
107.207
107.199
107.192
107.192
107.21
107.192
107.214
107.207
107.188
107.207
107.191
107.207
107.192
107.192
107.21
107.199
107.2
107.206
107.192
107.196
107.285
107.136
107.184
107.184
107.218
107.192
107.214
107.226
107.173
107.203
107.191
107.192
107.199
107.233
107.177
107.207
107.192
107.184
107.218
107.214
107.192
107.184
107.207
107.263
107.135
107.218
107.185
107.184
107.225
107.312
107.079
107.215
107.188
107.221
107.185
107.184
107.214
107.192
107.21
107.181
107.21
107.215
107.176
107.218
107.2
107.191
107.2
107.214
107.184
107.196
107.206
107.192
107.207
107.177
107.233
107.176
107.222
107.203
107.199
107.2
107.191
107.2
107.199
107.192
107.21
107.184
107.215
107.24
107.169
107.222
107.169
107.207
107.192
107.21
107.192
107.184
107.222
107.207
107.177
107.199
107.21
107.218
107.188
107.188
107.215
107.199
107.192
107.218
107.184
107.18
107.218
107.207
107.211
107.158
107.225
107.214
107.192
107.184
107.218
107.23
107.169
107.184
107.199
107.2
107.21
107.214
107.192
107.184
107.305
107.135
107.169
107.192
107.207
107.226
107.184
107.184
107.207
107.184
107.21
107.215
107.191
107.215
107.184
107.192
107.218
107.206
107.192
107.211
107.191
107.181
107.21
107.192
107.199
107.2
107.218
107.206
107.192
107.271
107.131
107.215
107.184
107.199
107.184
107.474
106.944
107.191
107.207
107.199
107.203
107.207
107.184
107.196
107.203
107.21
107.2
107.184
107.207
107.214
107.188
107.207
107.191
107.192
107.207
107.184
107.226
107.176
107.215
107.184
107.225
107.207
107.184
107.192
107.207
107.241
107.345
107
107.215
107.206
107.203
107.256
107.135
107.222
107.177
107.214
107.188
107.214
107.219
107.157
107.215
107.218
107.184
107.207
107.184
107.21
107.2
107.176
107.215
107.368
107.041
107.177
107.214
107.207
107.402
106.974
107.218
107.199
107.2
107.214
107.226
107.169
107.199
107.184
107.207
107.21
107.2
107.176
107.215
107.267
107.139
107.203
107.191
107.207
107.192
107.21
107.192
107.192
107.207
107.218
107.191
107.222
107.169
107.2
107.21
107.199
107.181
107.203
107.233
107.207
107.176
107.185
107.47
106.928
107.207
107.192
107.218
107.184
107.214
107.211
107.188
107.203
107.191
107.215
107.304
107.09
107.2
107.191
107.2
107.206
107.192
107.218
107.342
107.027
107.214
107.241
107.169
107.176
107.215
107.199
107.21
107.2
107.191
107.207
107.192
107.192
107.218
107.199
107.184
107.214
107.226
107.184
107.192
107.199
107.199
107.185
107.218
107.199
107.192
107.218
107.191
107.177
107.222
107.233
107.165
107.192
107.203
107.184
107.222
107.192
107.21
107.399
106.992
107.2
107.304
107.121
107.184
107.191
107.207
107.207
107.195
107.207
107.192
107.184
107.207
107.192
107.21
107.192
107.214
107.226
107.368
107.158
107.049
107.218
107.196
107.176
107.196
107.214
107.432
106.993
107.165
107.218
107.192
107.207
107.184
107.184
107.226
107.312
107.079
107.184
107.225
107.207
107.184
107.207
107.192
107.241
107.169
107.199
107.192
107.199
107.207
107.218
107.176
107.2
107.199
107.21
107.2
107.191
107.2
107.199
107.207
107.176
107.218
107.215
107.184
107.21
107.2
107.191
107.241
107.177
107.364
107
107.218
107.215
107.184
107.241
107.169
107.173
107.218
107.199
107.21
107.177
107.256
107.165
107.192
107.226
107.184
107.176
107.222
107.184
107.218
107.222
107.177
107.184
107.207
107.192
107.218
107.222
107.375
107.008
107.177
107.199
107.21
107.215
107.184
107.192
107.218
107.176
107.215
107.297
107.101
107.218
107.184
107.215
107.184
107.226
107.176
107.192
107.218
107.18
107.211
107.199
107.199
107.192
107.207
107.195
107.207
107.192
107.207
107.206
107.203
107.222
107.177
107.233
107.158
107.192
107.21
107.192
107.207
107.184
107.214
107.196
107.206
107.192
107.207
107.195
107.215
107.176
107.222
107.218
107.184
107.185
107.214
107.207
107.184
107.226
107.184
107.248
107.15
107.177
107.222
107.195
107.199
107.192
107.207
107.21
107.2
107.191
107.207
107.199
107.203
107.192
107.199
107.215
107.184
107.226
107.184
107.191
107.207
107.177
107.225
107.181
107.21
107.215
107.191
107.185
107.21
107.192
107.207
107.199
107.21
107.215
107.176
107.207
107.192
107.241
107.161
107.214
107.192
107.177
107.218
107.188
107.21
107.192
107.207
107.218
107.184
107.207
107.199
107.177
107.225
107.177
107.214
107.215
107.394
106.982
107.21
107.192
107.214
107.184
107.218
107.177
107.463
106.943
107.199
107.211
107.207
107.165
107.226
107.248
107.161
107.173
107.218
107.215
107.184
107.192
107.21
107.199
107.207
107.192
107.21
107.2
107.199
107.184
107.207
107.21
107.2
107.176
107.215
107.184
107.222
107.203
107.199
107.192
107.199
107.21
107.2
107.184
107.207
107.218
107.18
107.203
107.199
107.234
107.165
107.21
107.2
107.176
107.215
107.184
107.225
107.207
107.184
107.207
107.192
107.241
107.21
107.165
107.185
107.203
107.206
107.222
107.177
107.218
107.173
107.218
107.184
107.192
107.207
107.199
107.21
107.177
107.214
107.192
107.207
107.192
107.203
107.188
107.218
107.191
107.218
107.181
107.21
107.192
107.207
107.203
107.207
107.206
107.192
107.184
107.218
107.181
107.218
107.199
107.192
107.226
107.184
107.214
107.169
107.207
107.21
107.2
107.191
107.215
107.184
107.184
107.226
107.191
107.207
107.192
107.241
107.176
107.271
107.113
107.191
107.2
107.21
107.192
107.207
107.218
107.191
107.185
107.206
107.215
107.176
107.226
107.192
107.199
107.199
107.199
107.361
107.015
107.218
107.222
107.177
107.226
107.176
107.192
107.207
107.218
107.184
107.192
107.206
107.192
107.207
107.184
107.226
107.184
107.207
107.184
107.222
107.176
107.226
107.184
107.207
107.192
107.21
107.207
107.192
107.199
107.203
107.207
107.191
107.226
107.173
107.199
107.211
107.184
107.214
107.207
107.184
107.196
107.315
107.324
106.977
107.23
107.161
107.215
107.191
107.177
107.222
107.203
107.199
107.199
107.192
107.226
107.184
107.191
107.2
107.184
107.225
107.207
107.184
107.207
107.203
107.199
107.448
106.928
107.222
107.226
107.304
107.045
107.226
107.226
107.165
107.21
107.2
107.176
107.215
107.214
107.195
107.173
107.218
107.215
107.188
107.222
107.184
107.207
107.184
107.218
107.191
107.207
107.192
107.184
107.207
107.177
107.233
107.207
107.184
107.191
107.218
107.185
107.214
107.207
107.176
107.218
107.2
107.184
107.207
107.191
107.218
107.185
107.206
107.215
107.184
107.21
107.2
107.173
107.218
107.233
107.229
107.12
107.218
107.192
107.199
107.234
107.176
107.215
107.191
107.192
107.21
107.173
107.218
107.207
107.192
107.21
107.414
106.97
107.207
107.184
107.222
107.176
107.218
107.241
107.15
107.218
107.2
107.297
107.101
107.207
107.195
107.173
107.226
107.226
107.165
107.192
107.218
107.184
107.207
107.184
107.225
107.207
107.184
107.192
107.199
107.234
107.184
107.207
107.191
107.211
107.191
107.215
107.184
107.184
107.218
107.23
107.169
107.165
107.237
107.173
107.222
107.188
107.214
107.207
107.184
107.21
107.328
107.09
107.173
107.184
107.207
107.203
107.214
107.207
107.191
107.185
107.21
107.192
107.263
107.162
107.191
107.185
107.206
107.192
107.214
107.219
107.184
107.207
107.191
107.184
107.218
107.173
107.218
107.297
107.102
107.207
107.203
107.176
107.215
107.218
107.188
107.203
107.191
107.2
107.191
107.218
107.2
107.207
107.184
107.233
107.169
107.199
107.199
107.23
107.169
107.195
107.343
107.063
107.211
107.188
107.21
107.207
107.192
107.184
107.207
107.192
107.218
107.263
107.207
107.131
107.199
107.173
107.433
106.985
107.199
107.195
107.215
107.176
107.222
107.177
107.225
107.185
107.206
107.192
107.354
107.079
107.184
107.191
107.207
107.177
107.225
107.173
107.218
107.215
107.184
107.21
107.192
107.222
107.177
107.225
107.177
107.18
107.218
107.234
107.165
107.177
107.233
107.207
107.184
107.184
107.225
107.173
107.226
107.184
107.207
107.218
107.192
107.184
107.383
107.008
107.225
107.192
107.399
107.022
107.169
107.2
107.206
107.196
107.214
107.203
107.199
107.173
107.218
107.222
107.177
107.195
107.207
107.188
107.218
107.177
107.225
107.207
107.184
107.215
107.184
107.184
107.218
107.215
107.184
107.225
107.399
107.007
107.169
107.192
107.218
107.23
107.169
107.199
107.192
107.184
107.225
107.188
107.211
107.233
107.158
107.21
107.192
107.192
107.207
107.44
106.969
107.185
107.206
107.215
107.184
107.21
107.2
107.191
107.2
107.206
107.2
107.188
107.214
107.199
107.199
107.207
107.196
107.199
107.199
107.184
107.211
107.18
107.218
107.222
107.181
107.191
107.215
107.176
107.222
107.177
107.225
107.2
107.199
107.222
107.176
107.203
107.192
107.222
107.177
107.191
107.218
107.185
107.214
107.214
107.177
107.192
107.21
107.181
107.225
107.211
107.192
107.206
107.192
107.184
107.207
107.226
107.184
107.184
107.214
107.226
107.177
107.214
107.184
107.177
107.214
107.199
107.203
107.184
107.222
107.305
107.098
107.184
107.214
107.207
107.184
107.203
107.199
107.192
107.207
107.191
107.219
107.18
107.218
107.207
107.184
107.207
107.203
107.207
107.191
107.184
107.219
107.172
107.218
107.222
107.177
107.226
107.176
107.184
107.222
107.184
107.234
107.157
107.218
107.192
107.463
106.936
107.21
107.184
107.222
107.192
107.207
107.203
107.191
107.207
107.199
107.241
107.15
107.196
107.214
107.211
107.192
107.172
107.226
107.199
107.192
107.226
107.184
107.199
107.199
107.218
107.181
107.21
107.184
107.192
107.207
107.211
107.191
107.192
107.207
107.184
107.222
107.218
107.176
107.192
107.207
107.192
107.21
107.215
107.191
107.192
107.211
107.199
107.199
107.184
107.207
107.203
107.207
107.191
107.2
107.206
107.196
107.192
107.214
107.218
107.173
107.192
107.218
107.207
107.184
107.218
107.192
107.18
107.21
107.215
107.184
107.192
107.21
107.215
107.191
107.192
107.207
107.176
107.218
107.207
107.184
107.2
107.21
107.192
107.207
107.214
107.192
107.218
107.184
107.199
107.192
107.211
107.191
107.406
106.993
107.218
107.192
107.379
107.011
107.192
107.207
107.192
107.218
107.191
107.249
107.184
107.173
107.203
107.191
107.192
107.207
107.218
107.192
107.191
107.2
107.199
107.211
107.206
107.184
107.192
107.207
107.226
107.176
107.215
107.191
107.192
107.211
107.184
107.206
107.192
107.207
107.207
107.203
107.199
107.192
107.199
107.207
107.188
107.206
107.222
107.297
107.075
107.207
107.199
107.207
107.207
107.196
107.191
107.199
107.215
107.184
107.184
107.218
107.199
107.207
107.192
107.192
107.218
107.191
107.192
107.207
107.211
107.199
107.191
107.2
107.199
107.211
107.421
106.969
107.2
107.331
107.079
107.199
107.176
107.215
107.191
107.219
107.199
107.199
107.184
107.207
107.211
107.191
107.199
107.207
107.2
107.417
107
107.176
107.207
107.192
107.226
107.184
107.199
107.199
107.226
107.177
107.199
107.342
107.041
107.211
107.207
107.191
107.199
107.2
107.199
107.211
107.199
107.191
107.215
107.184
107.211
107.191
107.207
107.192
107.191
107.219
107.199
107.191
107.207
107.184
107.192
107.218
107.207
107.192
107.218
107.192
107.229
107.177
107.312
107.071
107.184
107.226
107.199
107.192
107.184
107.425
107.015
107.176
107.2
107.191
107.2
107.218
107.184
107.214
107.192
107.211
107.206
107.248
107.143
107.192
107.211
107.199
107.18
107.211
107.225
107.278
107.087
107.21
107.215
107.176
107.219
107.199
107.184
107.207
107.218
107.184
107.222
107.184
107.222
107.169
107.226
107.184
107.184
107.207
107.218
107.192
107.184
107.206
107.207
107.184
107.234
107.176
107.263
107.136
107.203
107.207
107.206
107.184
107.207
107.192
107.207
107.203
107.199
107.192
107.207
107.203
107.184
107.255
107.143
107.207
107.218
107.192
107.214
107.184
107.211
107.18
107.218
107.184
107.215
107.192
107.218
107.184
107.214
107.32
107.056
107.199
107.184
107.218
107.207
107.192
107.184
107.41
106.992
107.222
107.207
107.188
107.214
107.184
107.207
107.2
107.184
107.218
107.184
107.207
107.218
107.184
107.207
107.199
107.214
107.177
107.199
107.211
107.184
107.207
107.218
107.173
107.233
107.176
107.215
107.184
107.184
107.226
107.176
107.222
107.211
107.188
107.21
107.184
107.226
107.181
107.233
107.169
107.207
107.312
107.056
107.226
107.221
107.169
107.226
107.173
107.211
107.199
107.191
107.2
107.207
107.203
107.184
107.214
107.199
107.418
106.958
107.218
107.207
107.199
107.226
107.177
107.18
107.218
107.192
107.199
107.241
107.319
107.057
107.184
107.289
107.121
107.199
107.191
107.215
107.184
107.207
107.195
107.207
107.192
107.233
107.165
107.226
107.176
107.192
107.207
107.368
107.049
107.207
107.177
107.191
107.219
107.184
107.206
107.192
107.211
107.207
107.191
107.184
107.222
107.2
107.203
107.206
107.192
107.233
107.15
107.234
107.176
107.207
107.192
107.214
107.192
107.195
107.199
107.192
107.207
107.203
107.222
107.176
107.2
107.184
107.226
107.206
107.192
107.218
107.173
107.211
107.191
107.199
107.2
107.207
107.199
107.176
107.459
106.959
107.199
107.192
107.218
107.173
107.225
107.192
107.207
107.195
107.199
107.234
107.165
107.226
107.184
107.173
107.218
107.225
107.185
107.184
107.206
107.207
107.192
107.226
107.176
107.192
107.214
107.192
107.211
107.214
107.176
107.192
107.199
107.192
107.226
107.176
107.222
107.184
107.207
107.196
107.206
107.215
107.176
107.215
107.191
107.188
107.222
107.177
107.226
107.206
107.335
107.064
107.184
107.226
107.176
107.215
107.191
107.211
107.376
107
107.207
107.184
107.206
107.2
107.21
107.192
107.207
107.184
107.207
107.225
107.185
107.191
107.199
107.2
107.218
107.207
107.191
107.192
107.199
107.196
107.214
107.282
107.109
107.184
107.226
107.176
107.215
107.184
107.214
107.184
107.219
107.221
107.185
107.218
107.172
107.219
107.191
107.203
107.192
107.199
107.207
107.199
107.192
107.184
107.226
107.184
107.207
107.218
107.173
107.225
107.185
107.191
107.207
107.195
107.215
107.165
107.459
106.985
107.192
107.18
107.211
107.221
107.177
107.211
107.199
107.184
107.207
107.297
107.113
107.184
107.207
107.225
107.181
107.199
107.203
107.207
107.191
107.177
107.218
107.414
106.992
107.184
107.199
107.234
107.165
107.195
107.222
107.177
107.222
107.195
107.207
107.218
107.177
107.188
107.218
107.184
107.214
107.184
107.219
107.172
107.219
107.214
107.184
107.192
107.21
107.184
107.215
107.207
107.203
107.18
107.218
107.207
107.184
107.207
107.195
107.215
107.191
107.184
107.215
107.188
107.207
107.221
107.177
107.203
107.199
107.184
107.335
107.064
107.222
107.21
107.192
107.199
107.192
107.211
107.191
107.207
107.199
107.192
107.199
107.203
107.207
107.218
107.181
107.203
107.199
107.176
107.222
107.207
107.196
107.184
107.214
107.233
107.158
107.282
107.128
107.214
107.184
107.192
107.211
107.206
107.185
107.206
107.192
107.203
107.207
107.214
107.184
107.177
107.271
107.161
107.192
107.214
107.169
107.2
107.218
107.184
107.214
107.192
107.211
107.165
107.226
107.191
107.207
107.192
107.218
107.327
107.071
107.2
107.203
107.191
107.2
107.206
107.384
107.049
107.169
107.199
107.271
107.12
107.211
107.199
107.192
107.27
107.132
107.207
107.199
107.184
107.214
107.177
107.226
107.206
107.185
107.406
106.992
107.211
107.191
107.207
107.192
107.233
107.177
107.176
107.215
107.214
107.184
107.211
107.199
107.192
107.206
107.177
107.222
107.225
107.17
107.191
107.207
107.226
107.184
107.222
107.176
107.211
107.192
107.206
107.192
107.192
107.199
107.184
107.226
107.207
107.184
107.184
107.222
107.184
107.447
106.978
107.184
107.184
107.226
107.207
107.191
107.184
107.211
107.192
107.207
107.191
107.376
107.015
107.226
107.176
107.222
107.2
107.203
107.191
107.207
107.184
107.199
107.234
107.184
107.207
107.184
107.184
107.226
107.184
107.207
107.184
107.218
107.207
107.199
107.342
107.056
107.211
107.184
107.188
107.218
107.184
107.207
107.199
107.211
107.192
107.199
107.218
107.192
107.18
107.211
107.221
107.185
107.218
107.184
107.184
107.207
107.191
107.219
107.214
107.184
107.192
107.282
107.128
107.191
107.237
107.211
107.158
107.203
107.206
107.185
107.191
107.199
107.192
107.226
107.207
107.191
107.184
107.455
106.94
107.215
107.221
107.177
107.192
107.218
107.184
107.207
107.184
107.214
107.196
107.214
107.184
107.207
107.218
107.192
107.207
107.191
107.211
107.188
107.176
107.226
107.248
107.154
107.173
107.226
107.207
107.191
107.177
107.226
107.172
107.219
107.206
107.256
107.128
107.218
107.176
107.215
107.218
107.188
107.18
107.215
107.214
107.184
107.192
107.218
107.184
107.207
107.184
107.376
107.034
107.214
107.207
107.184
107.199
107.211
107.18
107.218
107.184
107.219
107.184
107.293
107.105
107.207
107.184
107.215
107.218
107.184
107.233
107.177
107.206
107.192
107.177
107.206
107.226
107.192
107.207
107.184
107.191
107.207
107.233
107.17
107.191
107.207
107.211
107.191
107.2
107.199
107.319
107.079
107.184
107.226
107.192
107.207
107.191
107.211
107.192
107.206
107.222
107.316
107.064
107.192
107.214
107.176
107.192
107.218
107.188
107.218
107.2
107.203
107.184
107.207
107.191
107.207
107.218
107.192
107.192
107.206
107.218
107.185
107.199
107.199
107.192
107.203
107.188
107.218
107.173
107.387
107.049
107.192
107.191
107.2
107.214
107.184
107.218
107.184
107.2
107.199
107.24
107.166
107.21
107.192
107.199
107.192
107.226
107.184
107.176
107.222
107.192
107.207
107.21
107.185
107.199
107.191
107.234
107.184
107.207
107.184
107.184
107.226
107.199
107.199
107.184
107.207
107.211
107.199
107.199
107.192
107.199
107.211
107.191
107.2
107.221
107.177
107.203
107.207
107.176
107.215
107.184
107.214
107.211
107.192
107.191
107.215
107.184
107.218
107.176
107.215
107.184
107.226
107.199
107.192
107.184
107.214
107.192
107.21
107.192
107.214
107.218
107.185
107.191
107.2
107.191
107.207
107.199
107.211
107.184
107.214
107.305
107.094
107.195
107.207
107.207
107.192
107.199
107.195
107.192
107.214
107.184
107.219
107.206
107.185
107.191
107.2
107.225
107.192
107.184
107.207
107.192
107.218
107.206
107.185
107.191
107.207
107.226
107.184
107.184
107.207
107.184
107.214
107.218
107.185
107.214
107.184
107.218
107.192
107.176
107.215
107.184
107.222
107.18
107.421
107.019
107.177
107.18
107.226
107.263
107.135
107.185
107.206
107.203
107.207
107.207
107.188
107.18
107.226
107.207
107.184
107.195
107.215
107.184
107.207
107.191
107.2
107.218
107.199
107.184
107.207
107.199
107.207
107.176
107.219
107.18
107.218
107.211
107.184
107.199
107.207
107.218
107.173
107.203
107.207
107.184
107.214
107.192
107.218
107.184
107.214
107.177
107.226
107.176
107.215
107.184
107.214
107.184
107.218
107.181
107.218
107.184
107.462
106.97
107.192
107.207
107.177
107.233
107.165
107.218
107.199
107.177
107.222
107.21
107.192
107.184
107.207
107.192
107.21
107.2
107.206
107.177
107.226
107.206
107.192
107.211
107.173
107.199
107.21
107.2
107.199
107.218
107.192
107.375
107.016
107.229
107.169
107.184
107.226
107.199
107.199
107.192
107.211
107.191
107.2
107.184
107.225
107.173
107.218
107.173
107.226
107.199
107.444
106.958
107.2
107.191
107.207
107.184
107.226
107.192
107.199
107.218
107.184
107.207
107.192
107.229
107.169
107.211
107.199
107.184
107.214
107.192
107.211
107.191
107.2
107.236
107.188
107.185
107.199
107.173
107.225
107.211
107.192
107.372
107.019
107.191
107.207
107.226
107.184
107.207
107.184
107.184
107.214
107.218
107.173
107.203
107.2
107.206
107.2
107.203
107.206
107.192
107.211
107.176
107.222
107.226
107.165
107.192
107.214
107.218
107.184
107.177
107.214
107.188
107.286
107.12
107.211
107.188
107.218
107.176
107.215
107.218
107.192
107.191
107.2
107.184
107.214
107.192
107.218
107.192
107.368
107.056
107.185
107.221
107.177
107.184
107.207
107.226
107.176
107.207
107.199
107.226
107.263
107.094
107.218
107.207
107.184
107.199
107.211
107.184
107.214
107.177
107.226
107.439
106.952
107.191
107.207
107.226
107.184
107.184
107.207
107.218
107.188
107.188
107.214
107.271
107.12
107.226
107.176
107.215
107.191
107.177
107.226
107.18
107.218
107.184
107.215
107.184
107.214
107.18
107.222
107.192
107.211
107.172
107.226
107.207
107.192
107.184
107.21
107.215
107.195
107.222
107.173
107.176
107.219
107.191
107.207
107.226
107.184
107.207
107.233
107.169
107.188
107.184
107.218
107.218
107.173
107.196
107.206
107.192
107.214
107.207
107.196
107.206
107.185
107.191
107.207
107.226
107.184
107.176
107.215
107.199
107.192
107.203
107.207
107.214
107.192
107.176
107.226
107.192
107.206
107.192
107.199
107.192
107.218
107.184
107.215
107.188
107.206
107.207
107.192
107.192
107.214
107.176
107.219
107.191
107.215
107.218
107.184
107.207
107.191
107.177
107.226
107.206
107.192
107.211
107.173
107.191
107.312
107.106
107.206
107.177
107.226
107.172
107.219
107.214
107.323
107.053
107.218
107.207
107.191
107.218
107.181
107.184
107.211
107.206
107.192
107.192
107.218
107.192
107.206
107.192
107.207
107.21
107.185
107.199
107.199
107.218
107.192
107.207
107.184
107.225
107.185
107.206
107.185
107.206
107.192
107.226
107.184
107.184
107.207
107.233
107.177
107.184
107.207
107.218
107.18
107.196
107.278
107.135
107.192
107.218
107.192
107.206
107.192
107.184
107.207
107.192
107.218
107.207
107.184
107.218
107.188
107.176
107.395
107.023
107.199
107.211
107.191
107.207
107.199
107.177
107.226
107.206
107.185
107.233
107.27
107.106
107.199
107.207
107.191
107.192
107.211
107.172
107.219
107.191
107.207
107.459
106.951
107.218
107.18
107.192
107.207
107.188
107.207
107.191
107.215
107.169
107.233
107.184
107.214
107.211
107.192
107.191
107.2
107.206
107.192
107.207
107.195
107.181
107.225
107.233
107.17
107.214
107.177
107.206
107.2
107.199
107.203
107.199
107.192
107.184
107.218
107.207
107.192
107.191
107.207
107.192
107.218
107.177
107.221
107.207
107.192
107.21
107.185
107.191
107.207
107.226
107.184
107.184
107.207
107.24
107.342
107.027
107.192
107.191
107.207
107.211
107.191
107.185
107.221
107.192
107.211
107.221
107.177
107.214
107.177
107.211
107.199
107.192
107.206
107.207
107.196
107.199
107.192
107.191
107.215
107.176
107.226
107.214
107.177
107.214
107.196
107.172
107.226
107.214
107.177
107.192
107.218
107.184
107.447
106.952
107.214
107.184
107.218
107.199
107.192
107.184
107.226
107.184
107.207
107.225
107.271
107.12
107.185
107.191
107.218
107.166
107.214
107.196
107.353
107.045
107.226
107.172
107.226
107.192
107.199
107.196
107.214
107.192
107.199
107.207
107.203
107.199
107.192
107.214
107.192
107.188
107.214
107.184
107.214
107.177
107.226
107.18
107.331
107.079
107.199
107.184
107.226
107.192
107.199
107.199
107.211
107.206
107.185
107.221
107.177
107.192
107.21
107.185
107.221
107.185
107.218
107.173
107.225
107.199
107.203
107.181
107.24
107.203
107.173
107.192
107.203
107.207
107.192
107.214
107.184
107.207
107.368
107.042
107.184
107.203
107.195
107.196
107.207
107.199
107.192
107.199
107.218
107.199
107.192
107.218
107.192
107.199
107.192
107.191
107.2
107.218
107.199
107.248
107.15
107.177
107.342
107.083
107.199
107.192
107.199
107.211
107.18
107.203
107.207
107.199
107.199
107.226
107.177
107.214
107.184
107.207
107.195
107.2
107.206
107.185
107.218
107.191
107.222
107.184
107.192
107.226
107.184
107.207
107.184
107.184
107.226
107.214
107.184
107.214
107.177
107.207
107.195
107.192
107.207
107.184
107.222
107.169
107.233
107.207
107.184
107.203
107.263
107.128
107.214
107.215
107.184
107.203
107.192
107.199
107.199
107.372
107.027
107.281
107.128
107.211
107.192
107.199
107.192
107.199
107.199
107.211
107.191
107.173
107.226
107.184
107.218
107.229
107.177
107.192
107.207
107.203
107.191
107.2
107.199
107.233
107.177
107.413
106.978
107.184
107.207
107.191
107.226
107.207
107.191
107.207
107.196
107.191
107.448
106.966
107.18
107.23
107.18
107.188
107.214
107.211
107.188
107.184
107.211
107.206
107.192
107.196
107.214
107.222
107.169
107.207
107.203
107.191
107.342
107.098
107.158
107.203
107.222
107.184
107.199
107.196
107.47
106.928
107.2
107.221
107.177
107.196
107.206
107.2
107.206
107.211
107.192
107.184
107.207
107.221
107.177
107.331
107.079
107.207
107.184
107.229
107.181
107.199
107.199
107.203
107.188
107.192
107.218
107.184
107.207
107.199
107.203
107.188
107.211
107.184
107.214
107.196
107.214
107.184
107.214
107.211
107.188
107.195
107.2
107.191
107.207
107.192
107.218
107.173
107.218
107.192
107.391
107.161
107.057
107.214
107.192
107.312
107.09
107.207
107.184
107.184
107.226
107.24
107.263
107.177
107.102
107.199
107.218
107.177
107.214
107.184
107.226
107.199
107.192
107.368
107.03
107.192
107.218
107.177
107.221
107.177
107.222
107.402
107
107.207
107.184
107.192
107.218
107.207
107.176
107.192
107.222
107.203
107.199
107.207
107.177
107.218
107.191
107.215
107.191
107.192
107.211
107.184
107.207
107.214
107.192
107.188
107.214
107.177
107.214
107.218
107.192
107.184
107.229
107.177
107.207
107.188
107.206
107.192
107.214
107.211
107.184
107.192
107.214
107.353
107.046
107.184
107.21
107.263
107.328
106.992
107.207
107.225
107.185
107.21
107.188
107.226
107.176
107.215
107.191
107.2
107.191
107.192
107.211
107.191
107.211
107.214
107.184
107.215
107.184
107.199
107.211
107.214
107.177
107.184
107.207
107.199
107.218
107.192
107.206
107.177
107.214
107.185
107.225
107.207
107.184
107.192
107.458
106.967
107.191
107.211
107.192
107.199
107.192
107.214
107.195
107.215
107.176
107.192
107.308
107.098
107.207
107.218
107.177
107.206
107.192
107.207
107.195
107.215
107.191
107.425
107
107.158
107.218
107.192
107.203
107.199
107.199
107.215
107.184
107.218
107.192
107.176
107.222
107.214
107.188
107.252
107.147
107.184
107.207
107.218
107.192
107.173
107.218
107.199
107.199
107.211
107.199
107.255
107.136
107.233
107.177
107.184
107.207
107.206
107.192
107.41
107
107.222
107.255
107.106
107.218
107.206
107.185
107.206
107.192
107.211
107.191
107.192
107.207
107.184
107.226
107.173
107.218
107.214
107.184
107.211
107.199
107.207
107.184
107.214
107.184
107.192
107.211
107.214
107.195
107.215
107.285
107.124
107.173
107.177
107.226
107.199
107.192
107.199
107.199
107.218
107.181
107.203
107.199
107.218
107.192
107.191
107.2
107.191
107.2
107.233
107.184
107.184
107.214
107.207
107.196
107.18
107.218
107.218
107.173
107.192
107.21
107.192
107.207
107.207
107.203
107.184
107.214
107.192
107.207
107.233
107.158
107.233
107.176
107.185
107.218
107.221
107.177
107.184
107.207
107.196
107.206
107.215
107.184
107.192
107.206
107.211
107.192
107.191
107.207
107.241
107.169
107.177
107.214
107.199
107.211
107.173
107.218
107.376
107.022
107.192
107.218
107.207
107.184
107.21
107.2
107.191
107.2
107.191
107.207
107.226
107.176
107.207
107.199
107.177
107.222
107.195
107.2
107.221
107.17
107.199
107.21
107.181
107.218
107.447
106.963
107.18
107.211
107.191
107.215
107.199
107.195
107.181
107.225
107.207
107.44
106.932
107.215
107.214
107.192
107.21
107.192
107.184
107.207
107.218
107.173
107.225
107.185
107.191
107.215
107.21
107.181
107.218
107.191
107.218
107.327
107.057
107.199
107.184
107.207
107.184
107.226
107.177
107.214
107.184
107.218
107.222
107.177
107.191
107.2
107.233
107.184
107.199
107.199
107.263
107.14
107.199
107.192
107.221
107.177
107.177
107.233
107.199
107.192
107.184
107.222
107.177
107.225
107.184
107.218
107.173
107.226
107.207
107.184
107.218
107.184
107.199
107.207
107.184
107.207
107.226
107.173
107.188
107.221
107.185
107.218
107.18
107.211
107.199
107.207
107.203
107.199
107.184
107.399
107.026
107.192
107.18
107.211
107.214
107.184
107.192
107.44
106.962
107.214
107.211
107.192
107.18
107.211
107.233
107.173
107.203
107.199
107.207
107.191
107.218
107.185
107.206
107.185
107.176
107.215
107.199
107.218
107.214
107.184
107.196
107.207
107.214
107.184
107.184
107.207
107.192
107.218
107.192
107.199
107.199
107.211
107.173
107.218
107.206
107.185
107.199
107.218
107.177
107.391
107.007
107.222
107.177
107.218
107.233
107.158
107.199
107.218
107.222
107.176
107.192
107.211
107.191
107.2
107.191
107.207
107.184
107.218
107.207
107.192
107.21
107.2
107.206
107.192
107.184
107.207
107.327
107.083
107.184
107.207
107.184
107.226
107.184
107.207
107.225
107.181
107.176
107.226
107.184
107.207
107.214
107.196
107.184
107.207
107.225
107.173
107.417
106.993
107.184
107.214
107.226
107.177
107.199
107.192
107.191
107.207
107.226
107.184
107.184
107.214
107.177
107.233
107.192
107.192
107.191
107.455
106.963
107.191
107.207
107.192
107.199
107.207
107.195
107.207
107.233
107.166
107.184
107.319
107.113
107.177
107.24
107.166
107.203
107.192
107.191
107.207
107.241
107.161
107.192
107.248
107.143
107.226
107.18
107.218
107.184
107.207
107.327
107.072
107.188
107.214
107.214
107.196
107.173
107.218
107.191
107.215
107.203
107.199
107.334
107.057
107.192
107.218
107.214
107.177
107.214
107.184
107.192
107.218
107.173
107.218
107.184
107.226
107.184
107.214
107.207
107.184
107.226
107.27
107.087
107.218
107.214
107.192
107.218
107.177
107.191
107.207
107.226
107.184
107.207
107.191
107.177
107.226
107.18
107.211
107.221
107.177
107.192
107.218
107.188
107.203
107.184
107.447
106.959
107.218
107.207
107.184
107.211
107.199
107.207
107.184
107.214
107.196
107.18
107.211
107.191
107.207
107.226
107.184
107.184
107.214
107.192
107.207
107.18
107.215
107.191
107.207
107.211
107.191
107.207
107.199
107.177
107.226
107.184
107.207
107.199
107.199
107.203
107.188
107.196
107.214
107.184
107.222
107.177
107.218
107.221
107.196
107.192
107.191
107.185
107.214
107.225
107.181
107.21
107.192
107.214
107.218
107.17
107.191
107.215
107.184
107.184
107.226
107.206
107.256
107.135
107.2
107.218
107.176
107.215
107.184
107.184
107.218
107.214
107.192
107.297
107.087
107.203
107.206
107.207
107.199
107.185
107.218
107.214
107.177
107.191
107.207
107.192
107.218
107.229
107.169
107.233
107.158
107.192
107.211
107.214
107.192
107.218
107.176
107.215
107.184
107.203
107.207
107.173
107.218
107.206
107.215
107.203
107.165
107.218
107.199
107.211
107.184
107.181
107.218
107.199
107.207
107.184
107.21
107.181
107.225
107.177
107.335
107.071
107.211
107.191
107.215
107.188
107.214
107.199
107.192
107.214
107.196
107.221
107.215
107.188
107.158
107.218
107.199
107.207
107.191
107.177
107.226
107.173
107.225
107.199
107.2
107.218
107.184
107.192
107.199
107.184
107.222
107.177
107.218
107.191
107.207
107.211
107.18
107.211
107.206
107.196
107.203
107.188
107.207
107.184
107.214
107.192
107.218
107.199
107.199
107.226
107.173
107.18
107.215
107.233
107.173
107.225
107.177
107.184
107.207
107.184
107.226
107.191
107.2
107.191
107.2
107.199
107.21
107.192
107.214
107.207
107.196
107.173
107.218
107.184
107.455
107
107.169
107.199
107.32
107.056
107.226
107.199
107.192
107.191
107.207
107.466
106.936
107.173
107.226
107.199
107.211
107.285
107.106
107.225
107.173
107.211
107.199
107.207
107.184
107.218
107.192
107.18
107.211
107.206
107.192
107.226
107.184
107.207
107.191
107.177
107.226
107.221
107.177
107.184
107.211
107.207
107.376
107
107.221
107.192
107.207
107.188
107.207
107.199
107.199
107.184
107.226
107.192
107.24
107.173
107.192
107.203
107.192
107.214
107.192
107.218
107.255
107.113
107.207
107.199
107.211
107.199
107.192
107.206
107.192
107.184
107.226
107.199
107.192
107.192
107.206
107.203
107.2
107.199
107.192
107.225
107.192
107.192
107.206
107.203
107.2
107.199
107.192
107.191
107.207
107.199
107.203
107.207
107.203
107.188
107.211
107.214
107.184
107.207
107.184
107.226
107.184
107.207
107.184
107.184
107.226
107.191
107.463
106.936
107.207
107.21
107.184
107.215
107.184
107.184
107.226
107.214
107.184
107.184
107.327
107.072
107.218
107.192
107.21
107.173
107.226
107.173
107.218
107.214
107.184
107.192
107.218
107.214
107.184
107.2
107.203
107.173
107.21
107.222
107.192
107.184
107.218
107.192
107.206
107.177
107.222
107.177
107.225
107.192
107.199
107.196
107.214
107.184
107.207
107.218
107.184
107.214
107.192
107.177
107.214
107.207
107.203
107.184
107.207
107.199
107.207
107.203
107.199
107.199
107.2
107.21
107.181
107.188
107.221
107.211
107.188
107.21
107.185
107.214
107.177
107.233
107.184
107.222
107.176
107.177
107.226
107.206
107.185
107.225
107.184
107.173
107.226
107.207
107.432
106.936
107.222
107.195
107.207
107.211
107.188
107.233
107.304
107.057
107.206
107.192
107.207
107.177
107.225
107.384
107.007
107.199
107.211
107.199
107.199
107.226
107.177
107.173
107.218
107.214
107.184
107.226
107.184
107.225
107.166
107.192
107.214
107.192
107.203
107.191
107.207
107.218
107.192
107.184
107.207
107.214
107.38
107.022
107.185
107.184
107.207
107.218
107.188
107.188
107.214
107.192
107.214
107.177
107.218
107.191
107.207
107.184
107.218
107.2
107.199
107.207
107.282
107.127
107.192
107.207
107.177
107.225
107.184
107.2
107.417
106.974
107.214
107.248
107.147
107.206
107.185
107.199
107.218
107.207
107.191
107.203
107.196
107.225
107.17
107.225
107.173
107.241
107.169
107.207
107.191
107.207
107.196
107.176
107.215
107.233
107.158
107.199
107.207
107.203
107.199
107.177
107.225
107.199
107.2
107.191
107.207
107.226
107.184
107.207
107.184
107.199
107.211
107.206
107.192
107.199
107.192
107.211
107.191
107.2
107.327
107.09
107.192
107.199
107.199
107.199
107.192
107.207
107.203
107.192
107.199
107.199
107.256
107.135
107.211
107.21
107.188
107.218
107.192
107.177
107.214
107.199
107.207
107.203
107.248
107.15
107.192
107.387
107.023
107.214
107.184
107.192
107.211
107.206
107.185
107.191
107.207
107.199
107.211
107.177
107.214
107.184
107.226
107.214
107.184
107.199
107.192
107.192
107.218
107.199
107.199
107.177
107.222
107.203
107.192
107.214
107.184
107.203
107.199
107.215
107.206
107.177
107.211
107.191
107.2
107.199
107.207
107.203
107.199
107.207
107.191
107.192
107.211
107.199
107.192
107.199
107.218
107.188
107.331
107.056
107.214
107.185
107.218
107.214
107.199
107.226
107.15
107.199
107.203
107.192
107.214
107.233
107.162
107.184
107.215
107.214
107.184
107.192
107.218
107.207
107.184
107.225
107.185
107.214
107.184
107.207
107.177
107.233
107.176
107.215
107.191
107.2
107.191
107.218
107.185
107.191
107.399
107.034
107.176
107.185
107.221
107.185
107.218
107.206
107.192
107.207
107.177
107.248
107.21
107.158
107.199
107.192
107.211
107.199
107.192
107.191
107.207
107.203
107.192
107.192
107.214
107.184
107.214
107.226
107.177
107.214
107.184
107.226
107.184
107.199
107.199
107.177
107.226
107.221
107.185
107.199
107.192
107.191
107.211
107.184
107.214
107.177
107.226
107.214
107.184
107.184
107.207
107.192
107.218
107.192
107.199
107.199
107.211
107.191
107.2
107.199
107.199
107.192
107.24
107.155
107.221
107.211
107.192
107.18
107.211
107.191
107.2
107.233
107.184
107.199
107.192
107.214
107.177
107.203
107.207
107.191
107.207
107.214
107.196
107.214
107.184
107.192
107.207
107.21
107.192
107.218
107.237
107.128
107.21
107.192
107.207
107.184
107.226
107.199
107.199
107.218
107.166
107.191
107.226
107.207
107.191
107.185
107.214
107.203
107.192
107.191
107.207
107.226
107.184
107.207
107.191
107.192
107.211
107.173
107.218
107.199
107.199
107.226
107.184
107.192
107.199
107.199
107.211
107.173
107.225
107.192
107.192
107.203
107.214
107.199
107.199
107.207
107.196
107.184
107.207
107.191
107.203
107.215
107.191
107.181
107.218
107.184
107.226
107.184
107.207
107.191
107.207
107.199
107.459
106.959
107.191
107.192
107.203
107.32
107.079
107.21
107.199
107.215
107.165
107.226
107.184
107.192
107.218
107.173
107.225
107.305
107.086
107.211
107.188
107.188
107.214
107.199
107.211
107.206
107.185
107.206
107.192
107.203
107.207
107.368
107.03
107.17
107.221
107.196
107.214
107.184
107.211
107.188
107.218
107.192
107.398
106.993
107.218
107.199
107.192
107.263
107.135
107.211
107.191
107.192
107.207
107.214
107.196
107.184
107.207
107.191
107.2
107.191
107.218
107.2
107.297
107.127
107.185
107.191
107.2
107.206
107.2
107.203
107.413
106.978
107.199
107.199
107.211
107.206
107.185
107.206
107.188
107.188
107.218
107.207
107.199
107.203
107.192
107.199
107.207
107.184
107.207
107.218
107.184
107.192
107.207
107.192
107.218
107.18
107.211
107.184
107.214
107.192
107.218
107.177
107.214
107.203
107.207
107.184
107.214
107.184
107.207
107.184
107.218
107.192
107.214
107.177
107.214
107.185
107.218
107.191
107.207
107.196
107.342
107.079
107.191
107.177
107.218
107.184
107.215
107.206
107.369
107.007
107.222
107.188
107.207
107.199
107.211
107.368
107.023
107.206
107.196
107.188
107.21
107.185
107.221
107.226
107.165
107.196
107.207
107.304
107.102
107.188
107.206
107.181
107.225
107.207
107.192
107.177
107.218
107.221
107.177
107.184
107.207
107.226
107.184
107.214
107.184
107.211
107.192
107.191
107.207
107.184
107.331
107.079
107.207
107.184
107.222
107.21
107.185
107.191
107.207
107.199
107.211
107.192
107.206
107.177
107.226
107.18
107.425
107
107.184
107.199
107.203
107.192
107.207
107.218
107.447
106.91
107.233
107.192
107.199
107.226
107.184
107.248
107.15
107.192
107.211
107.184
107.207
107.191
107.207
107.211
107.199
107.184
107.214
107.185
107.206
107.218
107.185
107.199
107.199
107.211
107.188
107.203
107.206
107.207
107.196
107.18
107.211
107.214
107.184
107.211
107.199
107.184
107.207
107.184
107.207
107.199
107.41
106.992
107.207
107.192
107.214
107.188
107.214
107.233
107.166
107.21
107.185
107.199
107.256
107.169
107.184
107.214
107.177
107.184
107.214
107.226
107.177
107.214
107.184
107.203
107.207
107.184
107.214
107.177
107.447
106.955
107.215
107.214
107.184
107.192
107.21
107.215
107.191
107.177
107.226
107.184
107.214
107.184
107.2
107.218
107.199
107.177
107.214
107.218
107.188
107.188
107.207
107.191
107.215
107.203
107.199
107.18
107.211
107.192
107.21
107.214
107.192
107.177
107.255
107.2
107.184
107.184
107.192
107.218
107.18
107.203
107.2
107.214
107.184
107.184
107.226
107.173
107.218
107.192
107.218
107.206
107.192
107.218
107.173
107.192
107.21
107.207
107.376
107
107.226
107.191
107.2
107.184
107.214
107.226
107.176
107.215
107.184
107.192
107.214
107.188
107.207
107.199
107.21
107.2
107.191
107.301
107.098
107.218
107.192
107.191
107.207
107.184
107.203
107.215
107.199
107.177
107.432
106.974
107.218
107.18
107.211
107.191
107.215
107.176
107.226
107.207
107.191
107.2
107.203
107.176
107.215
107.191
107.2
107.191
107.226
107.184
107.207
107.225
107.185
107.206
107.192
107.199
107.192
107.184
107.226
107.184
107.207
107.218
107.207
107.169
107.214
107.218
107.436
106.929
107.218
107.192
107.199
107.214
107.196
107.191
107.2
107.221
107.177
107.203
107.207
107.199
107.199
107.185
107.206
107.185
107.218
107.206
107.192
107.207
107.203
107.207
107.191
107.177
107.226
107.173
107.218
107.233
107.165
107.184
107.226
107.192
107.199
107.199
107.211
107.176
107.215
107.233
107.158
107.199
107.21
107.2
107.199
107.184
107.214
107.196
107.207
107.221
107.177
107.226
107.184
107.199
107.256
107.135
107.203
107.199
107.2
107.199
107.199
107.184
107.226
107.184
107.207
107.225
107.185
107.221
107.177
107.199
107.425
106.959
107.21
107.192
107.207
107.199
107.211
107.173
107.225
107.192
107.199
107.211
107.199
107.199
107.199
107.177
107.222
107.203
107.199
107.184
107.207
107.192
107.218
107.173
107.218
107.192
107.218
107.173
107.218
107.191
107.207
107.226
107.184
107.207
107.191
107.177
107.214
107.218
107.185
107.214
107.184
107.207
107.195
107.192
107.214
107.192
107.211
107.176
107.222
107.211
107.188
107.184
107.218
107.214
107.177
107.184
107.214
107.211
107.59
106.808
107.2
107.218
107.248
107.128
107.199
107.192
107.218
107.255
107.136
107.206
107.185
107.218
107.191
107.185
107.221
107.2
107.203
107.191
107.2
107.206
107.2
107.176
107.226
107.199
107.192
107.184
107.226
107.173
107.218
107.214
107.195
107.181
107.207
107.195
107.214
107.2
107.203
107.173
107.218
107.184
107.342
107.113
107.161
107.207
107.199
107.177
107.226
107.206
107.192
107.184
107.207
107.226
107.184
107.214
107.184
107.185
107.432
106.992
107.192
107.214
107.211
107.192
107.184
107.177
107.214
107.207
107.191
107.203
107.2
107.214
107.184
107.211
107.191
107.192
107.207
107.207
107.203
107.18
107.218
107.199
107.192
107.192
107.218
107.184
107.214
107.218
107.185
107.206
107.185
107.221
107.211
107.199
107.169
107.207
107.199
107.384
107.019
107.199
107.207
107.176
107.2
107.199
107.218
107.177
107.214
107.214
107.402
106.978
107.207
107.214
107.192
107.195
107.207
107.184
107.214
107.211
107.192
107.18
107.211
107.225
107.173
107.184
107.218
107.207
107.192
107.199
107.211
107.214
107.177
107.191
107.207
107.192
107.218
107.207
107.424
106.944
107.226
107.206
107.185
107.191
107.207
107.211
107.191
107.207
107.192
107.319
107.079
107.185
107.218
107.297
107.101
107.192
107.218
107.192
107.199
107.199
107.211
107.214
107.177
107.191
107.207
107.184
107.211
107.229
107.177
107.199
107.211
107.199
107.192
107.199
107.199
107.218
107.173
107.211
107.199
107.207
107.203
107.214
107.177
107.184
107.214
107.226
107.184
107.18
107.211
107.218
107.192
107.199
107.199
107.184
107.215
107.184
107.402
107
107.214
107.192
107.199
107.226
107.184
107.184
107.207
107.192
107.21
107.185
107.214
107.184
107.226
107.206
107.185
107.191
107.207
107.312
107.09
107.215
107.176
107.384
107.034
107.199
107.199
107.226
107.165
107.211
107.191
107.185
107.221
107.192
107.207
107.195
107.2
107.199
107.199
107.184
107.226
107.207
107.319
107.079
107.196
107.176
107.222
107.184
107.215
107.218
107.184
107.184
107.214
107.185
107.218
107.191
107.2
107.191
107.207
107.203
107.196
107.203
107.229
107.184
107.188
107.222
107.184
107.184
107.207
107.211
107.349
107.034
107.214
107.192
107.211
107.18
107.211
107.199
107.207
107.304
107.098
107.199
107.192
107.207
107.203
107.229
107.162
107.214
107.184
107.192
107.21
107.185
107.221
107.192
107.211
107.206
107.185
107.191
107.218
107.215
107.184
107.177
107.221
107.185
107.402
107.022
107.185
107.206
107.226
107.162
107.214
107.173
107.218
107.225
107.173
107.203
107.2
107.184
107.214
107.196
107.278
107.15
107.177
107.218
107.192
107.176
107.215
107.214
107.177
107.199
107.21
107.2
107.206
107.211
107.192
107.214
107.417
106.974
107.184
107.218
107.192
107.173
107.225
107.207
107.196
107.206
107.185
107.218
107.18
107.192
107.218
107.18
107.211
107.218
107.192
107.184
107.207
107.214
107.184
107.207
107.188
107.199
107.214
107.211
107.192
107.206
107.185
107.214
107.184
107.184
107.226
107.207
107.176
107.192
107.214
107.218
107.185
107.191
107.207
107.226
107.176
107.2
107.206
107.177
107.226
107.214
107.177
107.218
107.18
107.192
107.218
107.207
107.191
107.192
107.211
107.173
107.218
107.225
107.256
107.109
107.225
107.185
107.191
107.215
107.188
107.191
107.222
107.226
107.173
107.203
107.191
107.192
107.214
107.305
107.098
107.199
107.192
107.199
107.199
107.211
107.18
107.211
107.206
107.211
107.18
107.218
107.185
107.191
107.207
107.192
107.21
107.2
107.206
107.448
106.955
107.18
107.346
107.079
107.184
107.211
107.191
107.185
107.221
107.207
107.192
107.233
107.169
107.192
107.207
107.218
107.184
107.184
107.214
107.177
107.218
107.214
107.192
107.184
107.215
107.199
107.203
107.192
107.199
107.192
107.218
107.214
107.177
107.199
107.199
107.211
107.199
107.184
107.199
107.226
107.192
107.184
107.207
107.191
107.215
107.394
107
107.192
107.207
107.199
107.211
107.184
107.214
107.199
107.192
107.207
107.195
107.185
107.214
107.184
107.226
107.199
107.192
107.191
107.207
107.211
107.199
107.199
107.417
106.959
107.248
107.151
107.218
107.191
107.226
107.165
107.218
107.192
107.207
107.218
107.192
107.18
107.218
107.207
107.184
107.192
107.218
107.184
107.214
107.211
107.192
107.214
107.184
107.207
107.177
107.233
107.176
107.215
107.184
107.192
107.206
107.192
107.218
107.184
107.2
107.233
107.176
107.2
107.206
107.192
107.207
107.188
107.207
107.221
107.177
107.233
107.177
107.184
107.207
107.241
107.157
107.203
107.2
107.184
107.214
107.207
107.195
107.185
107.214
107.199
107.211
107.18
107.211
107.233
107.165
107.184
107.226
107.199
107.199
107.192
107.211
107.191
107.192
107.207
107.199
107.199
107.211
107.177
107.214
107.199
107.199
107.196
107.214
107.184
107.617
106.774
107.226
107.184
107.218
107.188
107.211
107.199
107.192
107.218
107.184
107.222
107.184
107.199
107.192
107.184
107.218
107.214
107.192
107.192
107.199
107.226
107.184
107.214
107.177
107.184
107.222
107.195
107.2
107.191
107.207
107.312
107.098
107.177
107.221
107.185
107.206
107.192
107.211
107.447
106.959
107.176
107.361
107.049
107.207
107.192
107.27
107.132
107.207
107.191
107.207
107.207
107.203
107.207
107.191
107.185
107.218
107.18
107.451
106.974
107.184
107.226
107.218
107.173
107.184
107.184
107.214
107.218
107.185
107.214
107.353
107.015
107.226
107.184
107.207
107.199
107.199
107.282
107.121
107.206
107.2
107.203
107.199
107.184
107.207
107.199
107.211
107.176
107.215
107.214
107.192
107.195
107.199
107.207
107.199
107.177
107.226
107.191
107.2
107.225
107.173
107.226
107.184
107.184
107.207
107.218
107.18
107.192
107.211
107.191
107.207
107.192
107.218
107.184
107.207
107.199
107.207
107.188
107.207
107.191
107.29
107.113
107.214
107.184
107.207
107.184
107.214
107.188
107.335
107.094
107.218
107.192
107.199
107.207
107.176
107.312
107.121
107.184
107.177
107.221
107.181
107.207
107.199
107.256
107.142
107.185
107.206
107.203
107.2
107.191
107.207
107.211
107.191
107.192
107.207
107.192
107.218
107.206
107.185
107.214
107.184
107.207
107.184
107.218
107.192
107.218
107.192
107.214
107.177
107.312
107.15
107.147
107.199
107.184
107.207
107.214
107.196
107.18
107.218
107.207
107.184
107.218
107.192
107.192
107.191
107.215
107.353
107.049
107.192
107.206
107.192
107.184
107.218
107.215
107.394
107.102
107.098
107.191
107.207
107.207
107.184
107.196
107.206
107.192
107.214
107.192
107.203
107.181
107.218
107.206
107.192
107.192
107.218
107.184
107.199
107.222
107.196
107.184
107.207
107.191
107.207
107.203
107.207
107.207
107.191
107.192
107.241
107.169
107.222
107.263
108.395
105.943
107.184
107.177
107.463
106.966
107.353
107.068
107.173
107.218
107.165
107.233
107.184
107.185
107.206
107.226
107.165
107.185
107.225
107.222
107.177
107.191
107.211
107.413
106.985
107.207
107.196
107.206
107.185
107.191
107.215
107.218
107.184
107.207
107.361
107.037
107.196
107.188
107.203
107.191
107.207
107.211
107.199
107.184
107.207
107.184
107.226
107.18
107.218
107.218
107.173
107.207
107.203
107.199
107.192
107.199
107.199
107.196
107.214
107.248
107.143
107.192
107.218
107.207
107.195
107.335
107.06
107.225
107.17
107.206
107.192
107.203
107.207
107.222
107.169
107.192
107.218
107.173
107.225
107.184
107.207
107.184
107.226
107.192
107.199
107.218
107.192
107.191
107.2
107.221
107.177
107.203
107.207
107.184
107.207
107.199
107.211
107.221
107.177
107.192
107.199
107.203
107.207
107.199
107.192
107.184
107.222
107.203
107.199
107.184
107.2
107.21
107.207
107.207
107.184
107.218
107.192
107.199
107.192
107.199
107.199
107.192
107.21
107.192
107.214
107.2
107.195
107.184
107.215
107.206
107.192
107.218
107.192
107.207
107.191
107.177
107.226
107.199
107.192
107.214
107.184
107.226
107.169
107.229
107.192
107.192
107.203
107.206
107.185
107.199
107.199
107.346
107.056
107.207
107.192
107.184
107.226
107.206
107.391
106.985
107.218
107.2
107.199
107.263
107.128
107.214
107.196
107.263
107.128
107.206
107.192
107.192
107.218
107.184
107.214
107.256
107.143
107.323
107.072
107.24
107.166
107.203
107.199
107.184
107.207
107.184
107.226
107.199
107.192
107.199
107.199
107.192
107.218
107.207
107.184
107.207
107.203
107.221
107.17
107.199
107.199
107.226
107.184
107.192
107.199
107.184
107.226
107.206
107.185
107.214
107.177
107.233
107.184
107.184
107.207
107.21
107.2
107.176
107.215
107.199
107.199
107.184
107.226
107.192
107.199
107.214
107.196
107.176
107.391
107.038
107.192
107.176
107.226
107.192
107.206
107.192
107.211
107.184
107.214
107.214
107.177
107.233
107.177
107.165
107.226
107.199
107.211
107.184
107.207
107.199
107.199
107.207
107.195
107.2
107.199
107.184
107.222
107.259
107.143
107.222
107.169
107.211
107.199
107.184
107.214
107.192
107.432
106.978
107.192
107.206
107.192
107.32
107.09
107.199
107.192
107.214
107.196
107.199
107.192
107.191
107.207
107.203
107.207
107.192
107.206
107.192
107.339
107.101
107.169
107.233
107.177
107.192
107.199
107.199
107.455
106.936
107.211
107.206
107.192
107.207
107.184
107.192
107.218
107.207
107.191
107.177
107.226
107.199
107.192
107.199
107.199
107.211
107.191
107.177
107.222
107.207
107.203
107.173
107.218
107.199
107.207
107.218
107.173
107.203
107.199
107.184
107.226
107.191
107.271
107.135
107.192
107.184
107.218
107.188
107.218
107.196
107.195
107.185
107.218
107.206
107.192
107.184
107.226
107.192
107.376
107.169
107.06
107.21
107.185
107.199
107.199
107.211
107.406
106.966
107.225
107.177
107.226
107.206
107.192
107.199
107.192
107.211
107.184
107.207
107.199
107.199
107.211
107.18
107.211
107.206
107.2
107.199
107.203
107.192
107.199
107.192
107.218
107.199
107.199
107.192
107.207
107.203
107.191
107.2
107.199
107.199
107.207
107.177
107.218
107.206
107.192
107.184
107.226
107.192
107.361
107.052
107.196
107.184
107.214
107.184
107.207
107.211
107.191
107.215
107.184
107.214
107.203
107.199
107.185
107.206
107.192
107.184
107.226
107.192
107.199
107.225
107.173
107.211
107.192
107.206
107.192
107.211
107.372
107.049
107.169
107.218
107.188
107.188
107.207
107.191
107.376
107.064
107.169
107.215
107.184
107.184
107.222
107.21
107.185
107.191
107.207
107.211
107.199
107.214
107.184
107.177
107.222
107.184
107.211
107.206
107.192
107.199
107.2
107.184
107.218
107.207
107.199
107.177
107.218
107.199
107.44
106.951
107.218
107.207
107.184
107.214
107.196
107.18
107.211
107.24
107.166
107.188
107.214
107.207
107.191
107.2
107.195
107.207
107.192
107.191
107.343
107.082
107.184
107.185
107.214
107.218
107.188
107.188
107.207
107.199
107.199
107.226
107.176
107.192
107.207
107.278
107.128
107.184
107.211
107.255
107.139
107.196
107.218
107.184
107.207
107.199
107.207
107.21
107.192
107.207
107.188
107.244
107.151
107.188
107.357
107.09
107.192
107.158
107.338
107.086
107.192
107.226
107.255
107.136
107.184
107.184
107.218
107.199
107.2
107.225
107.173
107.199
107.2
107.184
107.225
107.196
107.207
107.176
107.215
107.191
107.207
107.184
107.222
107.211
107.184
107.233
107.177
107.199
107.192
107.191
107.312
107.091
107.214
107.199
107.199
107.185
107.21
107.222
107.177
107.199
107.199
107.226
107.184
107.222
107.169
107.225
107.185
107.222
107.176
107.192
107.199
107.226
107.184
107.18
107.218
107.211
107.173
107.203
107.214
107.207
107.184
107.211
107.199
107.18
107.222
107.214
107.185
107.214
107.177
107.218
107.18
107.207
107.203
107.177
107.221
107.2
107.203
107.18
107.218
107.184
107.226
107.207
107.184
107.214
107.184
107.177
107.222
107.21
107.249
107.127
107.207
107.226
107.184
107.207
107.191
107.211
107.365
107.011
107.207
107.278
107.131
107.173
107.215
107.218
107.176
107.226
107.192
107.184
107.214
107.207
107.184
107.226
107.184
107.199
107.192
107.199
107.203
107.188
107.211
107.191
107.207
107.218
107.184
107.215
107.184
107.225
107.181
107.21
107.185
107.206
107.192
107.192
107.214
107.177
107.459
106.977
107.18
107.196
107.207
107.214
107.184
107.211
107.18
107.203
107.218
107.207
107.188
107.226
107.169
107.206
107.203
107.181
107.207
107.195
107.214
107.234
107.169
107.206
107.207
107.169
107.207
107.211
107.199
107.207
107.191
107.185
107.218
107.206
107.192
107.278
107.121
107.203
107.199
107.192
107.199
107.192
107.218
107.173
107.225
107.177
107.214
107.196
107.214
107.184
107.207
107.218
107.192
107.173
107.225
107.211
107.18
107.203
107.207
107.207
107.191
107.185
107.214
107.203
107.192
107.191
107.207
107.184
107.218
107.222
107.177
107.233
107.169
107.192
107.207
107.199
107.192
107.218
107.376
107.015
107.206
107.185
107.214
107.177
107.218
107.191
107.215
107.203
107.199
107.192
107.206
107.226
107.177
107.206
107.185
107.221
107.181
107.222
107.184
107.192
107.203
107.229
107.177
107.199
107.192
107.191
107.207
107.226
107.184
107.207
107.184
107.226
107.172
107.218
107.192
107.199
107.192
107.199
107.203
107.192
107.214
107.192
107.211
107.173
107.218
107.191
107.207
107.192
107.376
107.015
107.225
107.185
107.218
107.176
107.215
107.214
107.177
107.214
107.203
107.184
107.214
107.192
107.211
107.176
107.222
107.184
107.207
107.192
107.21
107.215
107.191
107.211
107.192
107.206
107.192
107.177
107.214
107.192
107.203
107.192
107.218
107.18
107.226
107.184
107.207
107.24
107.158
107.226
107.191
107.17
107.221
107.185
107.214
107.218
107.177
107.214
107.184
107.241
107.161
107.463
106.936
107.226
107.184
107.191
107.2
107.191
107.222
107.226
107.169
107.184
107.214
107.2
107.199
107.188
107.455
106.943
107.207
107.192
107.214
107.196
107.206
107.192
107.199
107.185
107.225
107.184
107.2
107.191
107.218
107.215
107.191
107.177
107.226
107.173
107.361
107.071
107.192
107.218
107.176
107.215
107.184
107.184
107.489
106.913
107.222
107.177
107.214
107.226
107.184
107.184
107.207
107.218
107.188
107.259
107.143
107.184
107.256
107.271
107.105
107.192
107.184
107.226
107.199
107.199
107.177
107.278
107.12
107.211
107.206
107.433
106.958
107.177
107.241
107.199
107.184
107.207
107.211
107.383
107
107.214
107.184
107.185
107.21
107.207
107.192
107.191
107.215
107.218
107.199
107.169
107.207
107.192
107.218
107.206
107.185
107.214
107.184
107.199
107.203
107.192
107.44
106.966
107.211
107.184
107.319
107.215
107.071
107.211
107.188
107.308
107.101
107.207
107.192
107.184
107.211
107.214
107.184
107.226
107.176
107.215
107.191
107.192
107.211
107.173
107.225
107.215
107.169
107.225
107.192
107.199
107.192
107.184
107.226
107.206
107.192
107.184
107.207
107.248
107.162
107.184
107.214
107.185
107.206
107.196
107.214
107.218
107.181
107.203
107.191
107.192
107.207
107.233
107.177
107.173
107.24
107.192
107.177
107.218
107.199
107.214
107.184
107.219
107.248
107.158
107.169
107.206
107.192
107.192
107.218
107.207
107.376
106.992
107.226
107.229
107.162
107.214
107.192
107.176
107.226
107.184
107.214
107.192
107.199
107.211
107.199
107.233
107.158
107.192
107.218
107.177
107.214
107.218
107.184
107.181
107.218
107.214
107.184
107.218
107.192
107.207
107.191
107.185
107.218
107.206
107.192
107.184
107.207
107.226
107.432
106.959
107.184
107.192
107.21
107.222
107.177
107.191
107.207
107.192
107.21
107.192
107.32
107.113
107.18
107.203
107.192
107.191
107.207
107.192
107.361
107.056
107.199
107.177
107.222
107.226
107.169
107.191
107.215
107.218
107.176
107.215
107.207
107.195
107.214
107.169
107.207
107.184
107.215
107.184
107.218
107.207
107.191
107.185
107.214
107.18
107.215
107.24
107.166
107.184
107.218
107.207
107.191
107.2
107.203
107.18
107.218
107.184
107.207
107.192
107.214
107.188
107.305
107.101
107.211
107.199
107.199
107.184
107.207
107.241
107.161
107.222
107.184
107.2
107.203
107.176
107.215
107.206
107.192
107.226
107.176
107.192
107.207
107.218
107.192
107.173
107.218
107.191
107.207
107.184
107.339
107.064
107.221
107.418
106.985
107.173
107.225
107.391
107
107.211
107.191
107.192
107.207
107.184
107.218
107.214
107.185
107.191
107.207
107.192
107.21
107.215
107.184
107.207
107.191
107.211
107.192
107.206
107.192
107.192
107.218
107.214
107.184
107.185
107.199
107.203
107.207
107.214
107.184
107.196
107.214
107.184
107.214
107.177
107.226
107.184
107.207
107.191
107.2
107.203
107.206
107.215
107.191
107.219
107.184
107.184
107.207
107.199
107.271
107.124
107.206
107.207
107.199
107.185
107.218
107.18
107.211
107.206
107.192
107.218
107.184
107.185
107.221
107.219
107.165
107.203
107.207
107.199
107.199
107.211
107.199
107.207
107.184
107.177
107.233
107.184
107.222
107.158
107.229
107.222
107.184
107.199
107.192
107.169
107.241
107.173
107.218
107.184
107.207
107.199
107.218
107.207
107.184
107.226
107.428
106.963
107.184
107.191
107.207
107.226
107.165
107.226
107.184
107.192
107.206
107.241
107.162
107.184
107.222
107.176
107.218
107.192
107.207
107.184
107.384
107.041
107.192
107.206
107.192
107.196
107.206
107.215
107.176
107.234
107.172
107.185
107.218
107.214
107.184
107.211
107.191
107.207
107.192
107.184
107.226
107.184
107.207
107.342
107.056
107.177
107.225
107.185
107.214
107.226
107.18
107.282
107.113
107.199
107.207
107.203
107.199
107.214
107.184
107.207
107.177
107.203
107.207
107.214
107.184
107.211
107.199
107.184
107.207
107.218
107.192
107.207
107.184
107.191
107.207
107.226
107.184
107.177
107.221
107.207
107.188
107.215
107.184
107.184
107.214
107.226
107.184
107.207
107.191
107.177
107.339
107.094
107.191
107.177
107.225
107.192
107.207
107.177
107.221
107.185
107.218
107.184
107.207
107.222
107.176
107.184
107.218
107.215
107.191
107.177
107.214
107.185
107.225
107.184
107.207
107.184
107.226
107.184
107.207
107.184
107.256
107.161
107.2
107.199
107.199
107.226
107.184
107.199
107.199
107.234
107.169
107.165
107.327
107.105
107.192
107.192
107.218
107.229
107.162
107.218
107.18
107.185
107.218
107.24
107.166
107.218
107.184
107.184
107.286
107.131
107.2
107.222
107.169
107.191
107.215
107.267
107.334
107
107.192
107.192
107.218
107.207
107.184
107.191
107.207
107.226
107.176
107.207
107.199
107.177
107.226
107.207
107.191
107.215
107.184
107.203
107.199
107.173
107.225
107.185
107.218
107.184
107.207
107.222
107.184
107.195
107.207
107.184
107.207
107.184
107.241
107.158
107.218
107.225
107.166
107.199
107.21
107.215
107.191
107.192
107.211
107.176
107.215
107.222
107.184
107.218
107.293
107.075
107.207
107.207
107.203
107.173
107.218
107.199
107.361
107.03
107.21
107.192
107.207
107.226
107.172
107.211
107.199
107.192
107.199
107.207
107.203
107.184
107.214
107.185
107.218
107.199
107.199
107.184
107.207
107.226
107.184
107.165
107.226
107.199
107.211
107.191
107.207
107.184
107.215
107.274
107.128
107.207
107.191
107.177
107.226
107.207
107.184
107.191
107.207
107.211
107.285
107.106
107.206
107.192
107.207
107.177
107.218
107.191
107.211
107.18
107.226
107.192
107.199
107.218
107.192
107.199
107.391
107.015
107.195
107.196
107.195
107.215
107.191
107.192
107.444
106.958
107.2
107.206
107.32
107.098
107.184
107.199
107.192
107.192
107.218
107.455
106.936
107.199
107.199
107.199
107.203
107.2
107.206
107.192
107.211
107.263
107.12
107.23
107.18
107.188
107.218
107.177
107.214
107.192
107.214
107.195
107.2
107.214
107.177
107.233
107.176
107.192
107.207
107.241
107.169
107.184
107.391
107.007
107.207
107.226
107.184
107.218
107.173
107.203
107.207
107.222
107.169
107.191
107.218
107.181
107.21
107.2
107.191
107.207
107.211
107.176
107.286
107.154
107.173
107.184
107.226
107.207
107.184
107.184
107.481
106.952
107.184
107.191
107.2
107.191
107.218
107.192
107.207
107.192
107.206
107.211
107.192
107.191
107.207
107.218
107.184
107.188
107.211
107.199
107.211
107.207
107.184
107.206
107.192
107.184
107.226
107.447
106.944
107.192
107.218
107.176
107.222
107.207
107.199
107.169
107.218
107.192
107.47
106.929
107.21
107.215
107.184
107.191
107.207
107.218
107.192
107.177
107.221
107.211
107.32
107.086
107.177
107.206
107.192
107.226
107.184
107.214
107.184
107.267
107.132
107.218
107.226
107.157
107.192
107.207
107.192
107.21
107.192
107.383
107.049
107.162
107.207
107.206
107.192
107.184
107.218
107.2
107.199
107.226
107.184
107.191
107.207
107.184
107.207
107.211
107.191
107.207
107.199
107.192
107.211
107.184
107.214
107.184
107.207
107.226
107.184
107.184
107.214
107.204
107.199
107.207
107.184
107.206
107.192
107.177
107.233
107.199
107.192
107.192
107.206
107.203
107.207
107.211
107.18
107.199
107.211
107.173
107.225
107.192
107.207
107.188
107.214
107.184
107.207
107.218
107.184
107.2
107.327
107.056
107.226
107.214
107.177
107.191
107.207
107.241
107.161
107.215
107.191
107.192
107.199
107.211
107.192
107.233
107.169
107.188
107.207
107.218
107.184
107.184
107.226
107.173
107.218
107.199
107.203
107.188
107.218
107.207
107.184
107.214
107.188
107.181
107.218
107.225
107.173
107.184
107.218
107.215
107.191
107.204
107.199
107.18
107.211
107.191
107.219
107.172
107.226
107.184
107.214
107.211
107.184
107.215
107.184
107.214
107.192
107.184
107.218
107.207
107.199
107.184
107.226
107.169
107.214
107.271
107.12
107.192
107.218
107.184
107.215
107.21
107.188
107.211
107.184
107.191
107.207
107.226
107.184
107.207
107.192
107.191
107.207
107.188
107.214
107.192
107.199
107.184
107.226
107.207
107.184
107.184
107.226
107.229
107.169
107.2
107.199
107.218
107.184
107.192
107.229
107.154
107.226
107.184
107.214
107.184
107.207
107.196
107.206
107.2
107.207
107.184
107.218
107.173
107.225
107.2
107.319
107.064
107.21
107.192
107.207
107.207
107.191
107.211
107.192
107.24
107.166
107.169
107.225
107.185
107.222
107.21
107.192
107.207
107.184
107.191
107.207
107.226
107.176
107.215
107.184
107.218
107.18
107.219
107.176
107.233
107.173
107.192
107.218
107.184
107.207
107.218
107.192
107.207
107.184
107.191
107.207
107.211
107.191
107.185
107.222
107.206
107.196
107.184
107.214
107.184
107.32
107.079
107.218
107.177
107.214
107.177
107.233
107.214
107.177
107.222
107.169
107.206
107.211
107.199
107.2
107.184
107.218
107.173
107.218
107.191
107.207
107.192
107.21
107.215
107.184
107.214
107.196
107.173
107.218
107.222
107.169
107.218
107.191
107.2
107.199
107.417
106.989
107.18
107.215
107.214
107.188
107.237
107.169
107.184
107.215
107.214
107.184
107.218
107.177
107.207
107.203
107.406
106.992
107.226
107.173
107.184
107.218
107.184
107.214
107.184
107.2
107.233
107.176
107.192
107.215
107.21
107.372
107.004
107.214
107.192
107.312
107.071
107.226
107.184
107.207
107.184
107.226
107.184
107.207
107.191
107.207
107.184
107.218
107.192
107.207
107.192
107.297
107.135
107.177
107.218
107.173
107.199
107.218
107.278
107.327
106.97
107.226
107.176
107.222
107.2
107.191
107.192
107.218
107.199
107.2
107.206
107.196
107.184
107.207
107.214
107.196
107.187
107.211
107.214
107.185
107.199
107.191
107.185
107.218
107.191
107.207
107.226
107.184
107.184
107.207
107.192
107.218
107.207
107.214
107.161
107.215
107.184
107.218
107.184
107.215
107.184
107.218
107.18
107.218
107.192
107.199
107.211
107.191
107.192
107.342
107.091
107.18
107.211
107.191
107.218
107.173
107.218
107.35
107.041
107.2
107.176
107.271
107.162
107.184
107.191
107.207
107.184
107.218
107.215
107.192
107.191
107.211
107.222
107.169
107.214
107.192
107.203
107.199
107.184
107.207
107.199
107.211
107.18
107.218
107.215
107.169
107.191
107.226
107.173
107.218
107.199
107.199
107.185
107.225
107.192
107.199
107.218
107.192
107.184
107.215
107.191
107.211
107.199
107.192
107.191
107.207
107.192
107.21
107.192
107.207
107.184
107.226
107.207
107.191
107.184
107.207
107.188
107.214
107.215
107.199
107.203
107.192
107.173
107.473
106.936
107.215
107.176
107.241
107.169
107.207
107.214
107.192
107.211
107.191
107.207
107.184
107.226
107.184
107.192
107.199
107.199
107.211
107.199
107.192
107.191
107.215
107.184
107.218
107.207
107.192
107.176
107.226
107.173
107.225
107.215
107.176
107.192
107.218
107.184
107.207
107.211
107.199
107.173
107.218
107.218
107.383
106.989
107.218
107.184
107.215
107.21
107.188
107.177
107.225
107.207
107.184
107.226
107.233
107.173
107.169
107.199
107.192
107.218
107.199
107.184
107.305
107.128
107.184
107.184
107.215
107.206
107.184
107.196
107.429
106.969
107.215
107.184
107.211
107.214
107.192
107.233
107.169
107.18
107.218
107.184
107.207
107.196
107.214
107.165
107.234
107.184
107.218
107.233
107.165
107.218
107.173
107.184
107.226
107.207
107.184
107.184
107.218
107.188
107.207
107.203
107.199
107.184
107.249
107.154
107.222
107.184
107.214
107.203
107.192
107.214
107.184
107.207
107.196
107.199
107.207
107.191
107.207
107.177
107.218
107.222
107.176
107.177
107.233
107.211
107.18
107.184
107.226
107.173
107.218
107.214
107.248
107.177
107.162
107.214
107.192
107.203
107.199
107.184
107.207
107.225
107.173
107.32
107.083
107.18
107.218
107.214
107.196
107.184
107.207
107.199
107.211
107.18
107.218
107.207
107.184
107.199
107.203
107.188
107.211
107.184
107.214
107.192
107.218
107.184
107.207
107.184
107.226
107.199
107.192
107.207
107.203
107.214
107.177
107.214
107.184
107.233
107.177
107.173
107.218
107.191
107.207
107.226
107.165
107.233
107.395
106.966
107.226
107.207
107.184
107.191
107.207
107.211
107.455
106.921
107.214
107.192
107.218
107.176
107.215
107.199
107.207
107.176
107.226
107.192
107.199
107.184
107.226
107.192
107.199
107.225
107.181
107.191
107.211
107.199
107.2
107.191
107.211
107.207
107.184
107.191
107.207
107.177
107.233
107.192
107.199
107.207
107.203
107.173
107.225
107.2
107.184
107.203
107.214
107.207
107.376
107.022
107.196
107.192
107.199
107.214
107.184
107.211
107.192
107.191
107.215
107.191
107.211
107.184
107.207
107.218
107.18
107.226
107.177
107.214
107.289
107.113
107.181
107.203
107.199
107.199
107.199
107.207
107.196
107.214
107.184
107.184
107.215
107.218
107.184
107.191
107.207
107.192
107.218
107.192
107.207
107.191
107.211
107.199
107.192
107.207
107.191
107.177
107.248
107.177
107.207
107.21
107.192
107.18
107.211
107.462
106.936
107.218
107.215
107.327
107.067
107.177
107.455
106.936
107.207
107.191
107.207
107.188
107.215
107.191
107.215
107.206
107.196
107.195
107.203
107.177
107.214
107.184
107.226
107.207
107.184
107.214
107.32
107.075
107.192
107.214
107.184
107.192
107.211
107.199
107.199
107.199
107.207
107.177
107.218
107.191
107.207
107.226
107.184
107.207
107.192
107.184
107.218
107.207
107.191
107.184
107.215
107.176
107.219
107.184
107.222
107.176
107.218
107.181
107.225
107.184
107.211
107.207
107.192
107.191
107.207
107.199
107.207
107.184
107.211
107.24
107.158
107.211
107.308
107.098
107.184
107.192
107.218
107.184
107.214
107.2
107.195
107.237
107.169
107.222
107.169
107.241
107.161
107.181
107.458
106.974
107.177
107.248
107.184
107.169
107.215
107.21
107.192
107.18
107.218
107.207
107.338
107.03
107.219
107.184
107.222
107.191
107.211
107.173
107.218
107.218
107.188
107.203
107.192
107.206
107.2
107.218
107.18
107.211
107.191
107.184
107.207
107.218
107.185
107.421
106.977
107.214
107.196
107.376
107.015
107.191
107.211
107.271
107.135
107.173
107.226
107.176
107.226
107.214
107.184
107.184
107.207
107.211
107.199
107.211
107.188
107.184
107.218
107.18
107.218
107.222
107.233
107.128
107.218
107.207
107.192
107.176
107.226
107.184
107.308
107.09
107.207
107.192
107.218
107.199
107.192
107.184
107.448
106.985
107.184
107.191
107.207
107.177
107.233
107.184
107.207
107.184
107.226
107.184
107.207
107.199
107.199
107.192
107.218
107.177
107.222
107.21
107.192
107.173
107.225
107.218
107.173
107.203
107.2
107.462
106.944
107.214
107.188
107.342
107.049
107.218
107.229
107.139
107.222
107.199
107.2
107.21
107.184
107.215
107.184
107.191
107.215
107.184
107.218
107.199
107.192
107.192
107.353
107.072
107.184
107.191
107.207
107.196
107.207
107.214
107.368
107.023
107.184
107.211
107.27
107.147
107.18
107.196
107.214
107.199
107.2
107.176
107.226
107.176
107.222
107.218
107.166
107.191
107.226
107.207
107.184
107.184
107.222
107.211
107.191
107.207
107.177
107.214
107.196
107.191
107.207
107.192
107.214
107.211
107.184
107.207
107.195
107.207
107.199
107.207
107.184
107.184
107.346
107.056
107.222
107.218
107.173
107.2
107.21
107.192
107.199
107.218
107.188
107.177
107.225
107.207
107.177
107.233
107.398
106.97
107.207
107.218
107.214
107.192
107.177
107.191
107.482
106.943
107.181
107.188
107.225
107.181
107.214
107.211
107.191
107.177
107.214
107.2
107.195
107.207
107.199
107.199
107.211
107.199
107.192
107.383
107.015
107.211
107.199
107.207
107.192
107.206
107.196
107.192
107.206
107.241
107.154
107.222
107.184
107.184
107.215
107.184
107.218
107.173
107.225
107.218
107.173
107.218
107.391
106.981
107.219
107.21
107.192
107.286
107.112
107.185
107.206
107.192
107.218
107.214
107.185
107.225
107.177
107.184
107.207
107.214
107.184
107.192
107.218
107.199
107.2
107.199
107.203
107.199
107.192
107.225
107.414
106.985
107.184
107.184
107.215
107.206
107.196
107.207
107.184
107.207
107.184
107.233
107.184
107.214
107.177
107.184
107.226
107.173
107.218
107.214
107.188
107.18
107.226
107.192
107.199
107.184
107.226
107.391
107.007
107.215
107.176
107.196
107.203
107.218
107.184
107.214
107.211
107.184
107.192
107.207
107.191
107.184
107.219
107.191
107.215
107.199
107.203
107.173
107.218
107.192
107.206
107.196
107.207
107.221
107.185
107.191
107.211
107.214
107.192
107.177
107.206
107.177
107.304
107.113
107.215
107.447
106.944
107.195
107.214
107.218
107.166
107.233
107.177
107.187
107.211
107.211
107.18
107.211
107.199
107.192
107.199
107.297
107.12
107.207
107.195
107.173
107.226
107.207
107.184
107.312
107.086
107.226
107.177
107.214
107.184
107.199
107.207
107.211
107.191
107.185
107.214
107.203
107.199
107.192
107.199
107.199
107.211
107.192
107.233
107.154
107.21
107.196
107.214
107.207
107.192
107.218
107.18
107.203
107.192
107.218
107.184
107.18
107.219
107.214
107.192
107.176
107.215
107.225
107.184
107.207
107.184
107.215
107.195
107.199
107.192
107.184
107.207
107.241
107.176

------------------------------------------------------------------------------------------------------------------------------------------------
max val(#7111) = 108.39us
min val(#7112) = 105.94us
peak-to-peak = 2.45us
mean +- RMS = 107.20 +- 0.06 us

packet size: 516
number of packets: 10000
RATE = 38507.46kbps, PPS = 9328.4
