Destination address set to 01:1B:19:00:00:00
Defaults: 01:1B:19:00:00:00 or 01:80:C2:00:00:0E
SIOCSHWTSTAMP: tx_type 1 requested, got 1; rx_filter 0 requested, got 0
setting ts_flags: 0x53
new ts_flags: 0x53


gap of hw tx time, us: packets 10000:
------------------------------------------------------------------------------------------------------------------------------------------------
0
95.158
104.361
104.68
98.895
101.177
100.113
98.327
98.864
95.711
101.319
99.177
97.729
99.782
95.587
97.816
100.676
95.139
105.534
98.305
104.56
98.992
100.91
98.252
100.184
99.82
101.571
107.399
89.154
98.605
101.575
102.482
95.624
100.44
99.518
101.354
97.391
103.368
100.504
101.568
99.36
98.76
98.808
98.681
101.639
101.887
98.921
97
100.199
101.677
98.549
100.849
99.534
101.895
101.628
104.094
96.537
102.591
100.312
98.368
100.914
98.582
100.609
100.158
99.793
99.519
100.681
99.733
100.019
99.778
99.861
100.312
100.075
99.646
100.151
99.936
95.695
101.865
98.906
102.064
99.135
98.914
98.447
101.391
98.936
101.737
98.816
100.902
100.835
98.613
99.146
100.493
99.466
99.778
99.455
101.165
101.624
100.027
99.112
98.703
101.824
99.985
100.417
96.071
103.952
99.221
100.805
98.173
100.703
98.395
101.045
100.985
98.21
97.406
102.752
101.072
98.127
102.027
102.605
98.011
100.824
99
98.048
100.643
100.778
101.072
96.823
103.651
102.24
98.88
97.752
99.447
98.282
102.102
98.721
100.775
98.312
102.53
99.549
98.97
98.206
101.617
100.41
101.654
100.147
96.511
103.064
99.304
102.237
101.876
98.932
97.418
101.022
98.778
100.824
99.037
100.436
99.846
99.639
100.121
100.218
99.917
100.432
99.459
95.598
98.872
99.022
99.38
98.895
99.519
100.24
99.831
98.899
100.556
99.147
100.936
99.71
99.921
101
98.481
97.568
99.718
93.199
97.94
97.959
98.447
97.087
98.673
97.808
98.199
97.651
98.454
97.929
97.342
97.786
97.895
98.199
98.707
99.158
96.778
97.676
99.444
99.165
98.929
99.538
100.327
100.462
99.147
100.406
99.082
100.606
99.402
99.831
105.293
98.53
99.214
99.012
99.342
100.154
99.71
99.993
100.128
99.545
99.733
104.722
93.639
94.793
102.895
91.97
99.695
97.087
102.537
94.297
98.669
103.185
98.056
97.793
96.718
97.184
98.234
97.469
98.41
97.703
98.587
97.823
98.079
97.56
98.662
98.77
100.305
95.271
98.921
99.022
99.192
98.977
98
94.696
98.425
97.575
98.342
98.004
97.782
98.462
98.004
97.519
98.398
98.955
97.173
97.808
98.098
100.376
95.541
98.771
97.293
100.444
99.109
95.297
99.319
99.745
97.582
100.072
97.105
95.466
97.264
98.304
97.688
98.015
98.135
98.433
97.488
98.44
98.128
97.936
97.929
98.12
97.624
98.297
97.639
98.463
97.432
100.192
99.778
94.966
99.538
98.357
100.259
98.414
94.342
98.5
97.477
98.512
97.481
98.079
100.056
96.113
98.098
97.782
98.383
97.474
98.47
97.68
98.432
97.497
98.361
97.857
98.342
98.921
100.425
95.327
99.191
98.858
99.27
98.023
95.447
97.748
97.557
98.289
97.391
97.384
98.864
97.696
98.267
97.703
97.958
98.113
97.425
98.624
97.68
98.031
98.078
98.042
98.977
99.718
95.459
104.278
93.271
99.628
99.214
98.929
100.312
91.646
109.778
96.534
95.56
101.207
94.729
100.703
96.959
101.955
95.887
97.639
97.809
98.097
97.865
97.895
98.071
98.162
98.319
97.918
97.778
98.135
98.169
97.88
100.177
95.639
98.966
98.774
99.132
99.353
98.124
94.531
97.973
97.346
99.368
96.568
99.681
96.729
98.492
97.098
98.944
97.248
98.778
96.91
98.218
97.951
98.12
98.087
97.658
100.184
95.541
99.184
98.801
98.56
99.831
98.515
94.448
97.688
99.368
97.256
97.838
97.801
98.007
98.455
98.12
97.249
98.545
98.022
97.737
98.639
97.602
98.12
98.041
97.959
99.233
100.335
94.83
103.41
104.56
92.527
104.289
98.008
103.793
97.135
98.128
100.278
98.226
99.481
100.087
99.345
101.015
98.895
98
98.823
93.369
98.007
98.403
97.485
98.913
97.673
97.944
99.518
97.568
97.568
97.688
98.21
101.151
95.233
97.928
102.279
97.928
97.744
100.241
98.241
96.308
97.635
100.151
98.417
98.951
99.297
99.782
99.884
99.676
99.651
100.68
100.015
101.023
98.56
97.838
94.489
97.921
98.034
100.086
97.384
97.624
98.233
97.526
98.545
97.703
98.681
97.233
97.966
102.327
97.609
97.226
99.71
96.267
99.632
98.199
101.222
98.68
99.887
100.136
100.161
99.722
100.023
99.654
100.218
100.184
102.978
102.285
96.763
98.576
97.15
105.759
95.042
96.567
99.809
98.15
98.383
100.673
99.282
100.335
99.376
99.631
99.32
99.737
101.376
98.199
98.177
94.361
97.353
98.143
97.398
98.32
97.737
97.639
98.545
97.898
97.865
98.038
97.519
97.695
98.233
98.248
101.248
97.583
98.778
100
100.166
101.24
98.906
99.519
98.951
101.339
100.27
101.248
98.361
99.568
100.237
100.195
100.425
99.868
99.756
101.485
99.466
100.647
97.022
101.32
95.65
98.673
98.357
103.042
100.289
97.169
99.542
100.03
98.425
101.082
98.865
99.718
99.455
99.432
101.248
97.715
98.894
93.737
97.613
98.692
98.049
97.398
102.872
157.038
107.034
97.473
93.767
97.568
98.703
97.598
98.316
97.736
97.429
97.688
98.12
97.688
97.466
98.361
97.982
97.488
98.44
98.609
97.853
99.756
95.229
99.858
99.255
98.538
99.349
100.019
100.038
100.098
99.176
101.391
99.433
99.214
99.729
101.895
97.673
98.304
94.023
98.545
97.624
97.703
97.88
97.594
98.496
97.372
97.842
98.098
97.312
99.053
104.064
96.955
100.454
96.64
100.184
97.278
99.252
96.534
102.255
101.944
97.011
96.854
96.65
99.654
95.944
99.255
99.504
99.139
99.06
93.771
98.455
96.801
98.759
96.914
99
97.375
98.399
97.489
97.943
97.786
97.989
98.255
97.865
97.688
98.056
98.233
97.858
97.639
100.113
96.838
98.759
99.211
99.24
98.542
94.432
97.906
97.414
97.639
98.255
97.786
98.192
98
97.958
98.346
99.128
96.673
97.549
98.616
97.745
98.368
97.233
101.327
95.192
101.361
95.075
100.124
97.97
100.429
97.161
95.41
108.568
88.368
96.03
97.993
98.184
97.951
97.579
97.895
97.944
98.545
97.8
98.076
97.996
98.165
98.042
98
97.83
98.354
99.432
96.271
99.015
98.801
98.985
99.413
98.372
94.711
97.541
98.026
97.497
98.304
98.094
97.496
99.651
96.131
98.989
97.485
98.417
97.745
98.831
97.289
99.511
97.455
98.609
96.527
98.169
102.56
99.985
96.192
98.838
99.346
99.447
98.177
95.248
97.169
97.605
98.042
97.695
98.32
98.082
98.32
97.455
98.24
97.512
98.44
97.233
98.037
98.376
98.034
98.094
100.466
94.775
100.767
95.736
100.331
98.327
100.91
96.673
99.801
93.879
97.121
97.616
97.846
98.113
98.32
97.39
98.324
97.902
97.786
98.357
97.688
97.943
98.091
98.233
98.222
97.586
98.143
99.135
96.673
99.444
98.755
99.297
99.624
107.67
96.049
98.706
98.301
99.801
94.737
102.086
95.263
98.233
97.673
98.098
97.053
99.154
96.913
98.606
97.71
97.169
98.489
98.32
97.695
97.962
98.433
97.718
97.545
98.286
99.011
96.534
99.21
99.181
99.21
99.553
97.767
95.056
96.936
98.079
97.824
98.225
97.662
97.77
98.399
98.688
101.504
97.658
97.327
97.176
103.121
96.135
97.071
97.23
99.052
98.26
99.932
94.797
100.447
98.801
99.098
99.158
99.496
99.624
101.162
97.673
98.804
93.681
98.443
97.94
98.369
97.785
97.414
98.579
97.056
98.609
97.733
97.865
97.575
97.681
98.21
97.917
98.008
98.68
99.027
99.47
95.842
102.925
95.834
98.985
99.207
100.609
98.733
100.312
98.898
101.809
97.428
99.44
93.579
98.312
97.526
98.128
98.538
96.801
98.086
97.722
98.03
98.327
97.075
98.925
97.417
98.32
97.955
98.094
98.101
98.827
96.342
99.794
99.007
98.305
100.206
99.275
100.959
98.616
100.072
100.718
99.139
97.248
94.966
97.44
98.199
97.808
97.865
98.094
97.921
97.056
98.147
97.406
98.466
97.557
98.259
98.079
97.838
98.087
97.921
99.891
95.207
99.176
99.921
98.591
99.349
100.064
99.297
99.752
101.331
102.519
94.781
96.594
95.226
97.654
97.647
99.049
96.721
98.782
96.76
98.928
97.079
98.933
96.861
98.695
97.65
98.688
97.121
98.383
98.624
100.369
95.541
99.026
99.782
99.241
99.361
99.774
99.41
99.838
99.617
101.007
99.049
97.906
93.271
98.398
98.076
97.537
98.594
96.891
101.857
95.861
96.872
98.553
97.639
97.504
98.323
96.854
100.398
96.387
99.681
97.56
100.319
95.91
98.756
98.237
100.601
98.974
99.977
98.606
101.684
98.47
97.785
94.151
97.786
97.695
98.256
97.582
98.327
97.617
97.361
98.086
98.688
97.132
98.662
97.191
98.376
97.921
98.455
100.098
98.263
100.248
98.297
96.305
99.071
100.545
99.064
98.782
99.504
100
98.88
101.368
97.831
98.609
93.88
98.297
97.552
98.222
97.586
98.542
97.793
96.673
98.726
97.131
98.214
100.583
95.944
98.319
97.545
97.865
98.199
99.497
95.714
99.676
101.741
96.414
100.473
99.215
100.552
98.974
100.522
99.256
99.478
99.496
101.601
97.647
98.823
93.921
98.575
97.474
97.906
97.485
98.395
97.808
97.35
98.071
97.778
97.97
98.444
97.515
97.989
98.56
97.771
97.981
99.064
95.736
99.455
99.997
98.699
100.41
99.319
100.587
99.135
100.695
99.335
100.545
106.207
96.643
98.349
100.057
98.695
99.651
100.052
99.73
99.432
99.526
101.248
98.297
101.873
97.225
98.605
94.331
98.094
97.929
99.376
96.951
98.481
97.079
98.162
97.793
99.447
96.008
98.646
97.504
98.075
97.846
98.463
97.962
100.361
99.297
100.477
100.03
99.624
100.249
100.304
99.744
99.448
100.793
99.526
100.008
96.312
97.797
99.613
99.233
98.297
100.477
98.737
102.361
97.462
99.512
92.883
98.632
97.56
98.865
96.548
98.049
97.809
98.191
97.906
98.143
97.767
98.056
97.921
97.974
97.575
98.012
98.733
99.857
99.865
99.469
100.737
99.425
100.384
96.319
98.226
98.936
99.079
99.481
102.624
96.68
100.35
99.049
100.383
99.233
100.482
100.612
99.331
97.872
94
97.568
98.496
97.76
98
97.504
98.751
97.072
98.522
97.692
104.677
97.831
98.236
97.064
99.786
96.192
98.496
97.775
101.864
98.651
100.391
96.951
99.424
99.858
103.199
98.278
97.665
101.752
98.418
101.424
98.343
101.289
100.143
97.417
101.256
101.583
98.913
100.222
99.609
103.248
96.47
101.312
98.68
100.395
100.406
95.895
97.601
99.978
99.052
96.155
101.007
95.583
104.004
92.748
99.12
96.707
99.308
102.188
97.748
98.26
97.966
97.319
98.177
97.282
98.846
97.872
98.462
97.139
98.391
97.921
98.215
96.936
99.496
99.944
100.409
100.038
99.169
101.199
99.241
101.425
100.038
99.116
101.861
98.218
100.056
100.391
95.335
97.808
101.808
97.361
99.102
101.282
97.966
99.88
99.763
99.616
99.399
100.177
99.432
101.553
97.766
98.568
93.944
98.169
98.064
97.808
97.861
98.887
96.809
98.139
97.838
97.857
97.831
97.793
97.496
101.128
97.03
99.403
96.169
99.782
101.864
98.222
100.105
99.681
101.462
98.154
98.094
96.064
99.545
98.711
99.947
99.38
100.06
99.072
99.462
101.688
98.289
97.79
93.928
98.012
97.661
98.2
97.545
98.176
97.519
97.921
98.079
97.97
97.974
97.951
97.865
98.018
97.831
98.015
99.2
100.872
99.289
100.433
99.853
98.744
101
95.32
99.248
99.353
102.936
154.937
96.142
102.32
101.56
98.489
98.098
95.413
99.688
99.553
98.518
99.482
99.128
101.289
98.406
98.139
94.064
98.008
98.432
98.319
97.489
97.688
97.902
98.087
98
98.064
97.466
98.432
97.207
98.489
98.552
97.433
100.079
98.233
99.725
100.632
95.12
98.865
98.56
100.207
98.752
100.267
99.383
99.91
99.011
99.887
100.575
114.072
104.022
97.546
98.338
99.59
97.496
98.143
101.376
97.346
106.289
93.655
97.278
99.849
97.937
98.605
100.361
99.139
100.797
98.827
99.748
99.564
101.327
98.286
98.033
93.775
98.256
97.673
98.567
97.951
97.94
98.109
97.801
98.135
97.688
98.128
98.09
97.553
98.492
98.113
99.681
99.206
97.97
98.824
100.522
99.684
101.722
99.587
98.612
102.651
97.244
102.433
98.018
99.846
99.763
100.463
99.44
100.289
99.79
100.688
96.808
102.519
100.289
97.034
96.782
99.583
99.417
98.752
103.665
98.793
98.79
98.425
100.353
98.831
100.846
99.225
100.41
99.102
100.041
99.526
102.203
97.357
98.267
93.959
98.056
97.895
97.823
98.192
97.729
98.072
97.906
98.173
97.639
97.977
96.482
98.488
98.568
100.545
96.511
98.399
100.233
100.079
105.943
96.929
98.496
98.128
97.369
99.447
94.368
111.2
96.808
100.312
98.673
95.992
98.575
100.143
98.914
99.59
99.072
100
101.048
98.673
97.824
103.522
104.256
98.12
99.087
98.59
100.184
99.707
99.936
99.199
100.327
99.286
101.105
98.09
97.967
94.266
98.245
97.898
98.44
97.199
98.632
98.297
97.361
98.071
97
98.23
98.24
97.282
98.726
98.019
100.135
98.601
100.365
97.921
100.094
99.978
102.304
97.632
99.842
101.327
98.24
96.064
97.959
99.086
99.467
98.665
100.135
99.903
99.274
99.575
99.797
101.339
98.345
98.166
99.646
93.418
98.113
98.214
98.064
97.695
98.188
97.557
98.007
98.564
101.823
140.384
95.936
97.086
98.064
100.027
95.428
99.936
98.707
98.327
99.353
100.177
99.647
99.872
102.094
97.353
98.512
94.567
97.523
97.936
98.504
100.541
95.312
97.97
98.241
96.973
98.538
97.992
97.463
99.631
96.32
99.68
96.391
98.361
98.658
99.838
95.666
99.455
99.673
98.455
99.454
99.955
99.576
99.616
101.504
97.831
97.928
94.034
97.647
98.176
98.561
97.624
97.928
97.677
98.752
97.259
97.79
98.048
97.775
97.744
98.433
97.77
98.733
97.673
99.384
99.752
96.838
97.68
100.621
97.91
100.53
98.951
99.447
99.56
101.598
97.658
98.616
94.406
98
97.391
98.538
97.992
98.016
97.751
97.497
97.8
98.906
99.256
98.583
96.725
98.346
98.042
97.439
101.087
94.722
103.943
99.918
95.432
96.759
96.497
99.353
98.97
98.789
99.384
98.218
94.831
97.394
97.485
98.673
97.647
97.722
98.049
97.766
98.61
97.469
98.579
97.433
102.782
94.703
99.27
96.557
99.428
97.395
98.485
99.041
96.545
98.985
98.557
99.947
98.045
94.489
97.865
97.864
98.391
97.85
97.568
98.064
98.36
97.997
97.458
99.102
97.353
98.143
98.019
98.62
97.538
98.098
98.052
98.147
98.872
96.677
98.635
99.353
98.895
99.79
97.928
95.192
97.673
97.737
97.992
98.214
97.282
100.064
95.512
99.157
97.155
98.312
97.943
98.538
96.767
98.8
97.222
98.786
97.703
98.511
96.963
98.774
99.327
98.985
99.151
98.402
95.312
97.368
97.433
97.808
98.319
97.688
98.023
97.985
97.583
98.033
98.241
97.865
98.639
97.252
98.315
97.79
100.872
95.432
98.226
100.35
95.8
99.218
99.801
99.32
98.797
93.752
97.872
97.522
98.215
97.609
98.206
97.297
98.512
97.887
97.68
98.459
98.32
97.736
97.542
98.161
98.365
97.402
98.32
98.098
96.432
99.511
99.263
98.831
99.624
98.403
94.872
97.229
98.665
97.346
97.981
98.049
97.576
98.522
98.087
99.221
96.602
98.338
97.782
98.346
97.568
99.037
96.921
99.448
97.537
99.966
95.264
99.763
98.398
99.042
99.767
99.086
93.759
97.203
97.455
98.32
98.041
98.072
97.887
98.218
98.053
98.048
98.121
97.68
98.207
97.44
98.417
97.575
98.241
98.015
98.737
100.128
157.815
99.211
94.703
97.56
100.271
96.65
98.981
99.132
99.207
98.15
94.857
97.297
98.278
97.85
98.327
98.038
97.842
97.894
98.042
97.887
97.711
98.721
113.775
90.771
96.68
100.192
96.037
98.842
102.271
95.887
97.809
98.827
97.462
101.128
95.041
99.308
99.899
98.256
100.105
100.007
99.414
100
99.135
100.827
98.23
92.785
99.271
97.977
97.632
98.906
96.989
98.992
97.624
97.027
99.759
97.29
97.172
97.978
99.128
97.135
98.12
98.215
99.736
97.651
97.101
97.978
99.801
98.857
99.703
99.797
99.891
99.752
99.879
99.327
100.418
98.428
98.496
94.203
98.042
97.925
97.842
97.868
98.132
98.248
98.237
96.936
97.09
98.695
97.737
102.478
95.368
96.786
97.432
98.846
98.481
96.76
98.319
100.816
98.511
99.425
99.297
100.248
99.094
99.936
99.489
101.32
98.394
98.192
94.384
97.537
98.094
98.09
98.102
97.887
97.632
97.522
97.865
97.583
98.454
99
96.828
98.421
97.545
97.774
98.568
99.259
99.166
96.639
99.714
98.278
99.042
99.601
101.477
98.88
100.211
99.045
99.936
101.135
98.481
98.354
94.353
97.35
98.007
98.042
98.03
98.511
97.353
98.624
97.632
97.978
97.639
97.751
97.467
98.184
98.071
97.903
98.161
99.038
95.692
100.244
98.496
99.177
99.466
100.711
98.725
101.105
99.106
99.928
99.542
99.36
101.384
97.898
98.064
94.56
97.64
98.887
97.703
97.673
97.191
98.553
97
98.368
98.031
98.041
97.816
97.906
98.376
97.549
98.112
98.779
99.334
95.519
98.891
100.071
99.038
98.801
99.898
99.271
102.199
97.44
98.192
93.176
99.384
96.97
98.534
97.097
99.207
97.417
97.775
97.447
98.444
97.5
98.323
97.718
98.681
97.165
98.756
97.676
99.203
99.327
96.538
98.613
99.176
98.681
99.778
99.91
99.594
100.406
99.312
100.707
99.007
101.951
97.624
99.921
92.328
99.496
97.109
99.113
96.368
98.383
97.737
98.395
97.726
97.624
97.59
98.744
97.53
98.136
103.511
96.335
98.127
97.515
99.286
99.331
100.568
99.285
100.523
100.357
99.955
99.252
104.428
95.824
100.616
95.684
98.523
98.47
101.594
98.534
98.921
99.616
99.602
99.037
99.809
100.943
98.681
97.962
93.974
98.722
97.815
98.087
98.346
97.718
97.128
98.026
98.319
97.937
97.142
98.369
97.207
98.368
99.278
97.113
98.808
99.474
100
100.669
99.812
100.44
99.207
101.752
98.334
101.064
98.511
100.865
99.658
99.782
100.177
99.864
100.128
100.041
99.873
99.846
100.338
95.432
98.959
98.823
98.978
99.086
99.929
99.793
100.56
98.805
100.593
99.561
100.902
98.985
101.744
97.312
98.801
93.342
98.666
97.83
97.73
98.342
97.609
97.496
98.008
97.376
98.375
98.057
98.462
97.722
97.68
98.177
98.312
99.207
99.248
96.312
97.978
108.646
102.455
98.722
102.759
97.959
96.793
100.496
98.681
100.455
99.097
100.621
99.259
100.12
100.106
100.244
99.459
100.327
100.271
99.71
100.361
96.391
97.474
98.496
100.248
98.722
104.199
98.925
98.985
97.921
99.703
99.665
100.85
99.917
99.737
99.034
100.477
98.97
100.06
99.82
101.094
98.504
97.898
93.526
98.177
97.786
98.391
98.304
97.918
97.872
97.289
98.809
101.977
96.91
97.962
97.654
97.361
98.793
97.245
98.643
102.808
97.32
98.101
100.793
98.809
98.872
94.887
99.496
99.41
98.616
99.974
99.673
99.726
99.891
99.661
100.192
99.571
101.109
98.361
98.072
93.977
97.839
97.879
100.632
97.553
97.481
98.278
97.97
98.271
97.936
99.454
98.621
97.534
97.857
98.59
97.617
98.15
96.744
102.057
98.466
100.782
98.658
100.654
98.962
100.342
100.034
100.47
99.192
99.891
100.605
99.402
100.256
99.173
100.135
100.699
100.215
99.864
100.433
99.582
100.906
98.534
101.921
98.32
100.425
99.24
100.542
100.24
99.583
99.756
100.413
99.745
100.199
99.936
99.425
100.793
95.199
99.169
98.519
99.282
99.56
100.951
98.03
100.042
100.782
98.601
97.959
94.68
96.85
99.128
99.654
96.09
96.425
100.496
95.669
97.632
98.771
97.62
98.786
97.898
97.823
97.854
98.41
97.785
99.944
99.872
100.447
99.985
99.76
99.737
95.308
99.865
98.368
96.553
106.27
94.899
100.022
99.632
101.722
96.988
99.801
93.211
98.797
97.552
98.042
98.056
97.681
99.094
96.898
97.305
98.567
97.199
98.376
98.328
97.894
98.064
97.602
98.221
99.29
100.12
100.297
100.32
99.669
100.756
105.255
103.752
100.327
96.801
98.41
97.789
97.59
102.049
97.978
100.909
99.452
99.845
100.64
99.594
99.481
100.064
99.789
100.354
96.24
97.504
99.015
99.519
98.503
99.873
99.744
100.594
99.654
99.402
101.929
98.902
98.098
97.853
94.497
97.191
99.312
96.809
99.079
97.063
98.508
97.929
98.101
98.714
197.982
104.943
96.681
97.511
97.481
98.192
98.083
98.244
97.688
99.256
99.819
99.902
100.049
102.782
97.177
99.928
100.384
101.207
98.665
99.504
101.849
97.79
95.376
98.913
99.696
98.985
99.304
98.967
100.169
99.383
99.816
101.545
97.985
98.774
93.831
97.538
98.286
98.176
97.459
98.477
97.572
98.575
97.504
98.064
98.327
97.327
97.872
97.887
98
100.658
95.681
101.229
94.609
99.872
97.474
100.44
101.605
98.673
99.688
96.65
101.045
100.154
99.087
101.334
97.858
100.169
97.97
94.62
95.793
96.128
98.199
98.169
97.399
98.282
97.921
97.989
98.169
97.865
97.8
97.805
98.428
97.557
98.274
97.448
104.439
91.376
100.512
96.199
106.041
95.463
100.315
98.726
98.778
94.173
97.583
97.955
97.71
97.696
98.274
97.808
98.094
97.835
98.079
97.759
97.779
98.052
98.083
98.301
97.842
98.128
98.391
98.609
100.071
95.793
98.711
98.567
99.388
98.924
98.978
94.199
97.801
97.846
97.8
97.978
97.59
101.778
94.342
99.185
97.703
97.368
97.699
98.918
97.142
99.771
96.478
98.616
97.602
100.654
94.665
99.391
98.737
99.545
99.049
98.32
94.879
100.887
109.215
98.752
97.007
95.226
97.015
97.65
97.985
98
98.166
98.063
98.376
97.73
97.176
98.294
98.297
98.082
98.087
97.703
98.793
97.575
97.88
98.334
100.267
95.775
100.609
96.654
99.793
99.143
98.466
94.241
97.342
98.034
98.128
97.342
98.481
97.725
98.019
98.015
97.703
98.263
98.17
98.282
97.676
98.226
97.936
97.312
98.391
99.41
96.425
99.334
98.624
99.369
99.462
98.248
94.85
96.864
98.177
98.117
97.424
100.425
95.553
99.695
96.455
98.106
98.278
98.665
97.072
99.255
96.617
98.383
97.978
98.616
97.816
100.233
96.357
99.113
98.233
99.917
97.5
94.918
98.007
97.248
98.2
98.097
98.008
97.951
97.929
97.714
97.831
97.894
98.561
97.985
97.909
97.865
97.891
98.319
97.839
98.801
99.56
96.774
101.737
92.838
102.369
98.195
94.94
97.996
97.335
97.944
98.966
96.609
98.665
97.192
98.462
98.008
98.466
97.624
99.173
97.124
97.632
97.958
98.327
97.929
115.282
88.24
97.301
98.305
97.864
97.88
98.391
97.361
98.432
98.639
96.715
98.022
98.639
99.951
97.97
97.786
98.15
97.824
97.402
98.214
98.602
97.192
97.973
97.312
98.034
97.666
98.349
101.714
97.207
96.102
98.071
101.181
97.819
101.124
98.583
100.079
99.128
100.439
99.128
99.97
99.455
101.609
98.177
97.342
94.504
98.139
97.759
97.951
97.406
97.801
98.575
97.248
97.888
97.8
97.899
97.943
98.527
98
98.079
97.417
98.816
99.511
95.865
98.887
100.056
98.545
100.482
99.15
101.639
98.064
100.816
99.267
99.71
99.666
99.853
101.09
98.038
98.154
94.015
98.026
97.508
98.132
97.759
98.158
98.515
97.406
97.199
98.282
97.229
98.497
98.409
97.297
98.384
97.767
98.075
103.421
93.282
98.327
99.207
99.688
99.567
100.673
98.47
100.147
99.304
100.136
99.297
101.669
97.616
98.617
93.895
97.992
98.568
97.703
97.481
98.113
99.609
97.376
97.974
97.691
97.951
97.327
98.2
97.928
97.824
97.992
98.29
99.172
99.643
95.673
103.59
95.602
99.342
99.455
100
99.898
100.094
99.256
100.508
99.165
99.744
99.546
99.744
100.045
101
98.387
92.184
288.959
98.293
95.756
97.774
99.824
96.312
97.425
98.383
98.128
98.135
98.256
100.522
99.271
95.32
99.048
99.658
99.143
99.617
101.007
98.049
101.76
98.924
99.651
98.936
101.447
98.354
98.695
93.726
97.951
98.067
98.151
97.44
98.161
97.662
97.955
98.364
97.489
97.707
97.895
98.349
97.53
98.512
97.864
98.418
98.541
96.105
99.448
99.176
106.76
100.928
98.207
96.545
98.478
101.274
97.895
99.722
99.206
99.545
99.568
100.105
99.414
99.545
101.361
97.872
93.406
99.872
96.154
98.662
97.459
98.853
96.808
99.361
98.162
96.797
99.267
98.477
100.233
95.576
98.579
98.206
98.079
97.553
97.913
98.03
98.32
99.59
96.466
98.921
99.485
98.85
101.744
90.568
100.76
95.706
98.301
98.226
97.304
97.775
98.921
97.376
99.552
97.293
97.715
98.158
98.338
97.545
98.774
97.433
98.349
97.312
99.091
96.894
98.673
99.35
98.804
99.504
98.376
94.654
98.169
97.967
97.409
98.47
98.015
97.993
97.823
97.609
98.184
98.211
98.079
98.278
97.602
98.27
97.752
101.56
94.553
98.169
97.361
103.662
93.97
101.327
97.368
99.41
99.124
98.801
94
97.481
97.71
98.249
97.8
98.474
100.237
95.928
97.587
98.24
97.67
97.616
98.895
97.673
97.583
98.097
97.857
98.121
99.049
96.612
99.312
98.745
100.391
98.203
98.064
94.958
97.305
97.951
97.519
97.327
103.203
93.184
98.049
97.669
99.218
97.278
98.737
96.823
99.985
96.418
98.857
97.507
98.459
98.718
96.553
98.921
99.248
98.376
99.759
97.778
94.733
98.064
97.361
98.41
97.526
98.113
98.102
97.962
98.087
97.808
97.985
98.263
97.808
98.241
97.383
98.711
97.451
97.895
99.033
96.854
99.113
99.255
98.831
100.113
98.071
94.906
98.079
97.583
97.282
98.526
97.425
99.184
96.771
98.406
97.669
98.459
97.838
98.602
97.481
98.398
97.752
98.184
97.858
97.902
99.786
96.447
99.56
98.271
98.68
99.73
97.902
94.729
97.865
97.301
98.007
98.211
97.601
98.207
98.793
97.342
97.745
97.921
98.248
98.022
98.079
97.816
98.756
97.086
101.15
97.361
96.094
98.666
100.744
97.673
100.511
97.03
95.17
98.142
96.843
98.319
97.823
97.97
97.959
97.85
115.703
88.361
103.071
99.823
100.169
101.406
94.064
102.327
98.312
101.737
98.418
94.041
95.135
98.669
98.658
100.489
99.015
97.233
96.816
100.609
98.966
98.993
96.071
99.568
99.022
99.324
99.669
99.402
99.665
99.583
99.816
99.32
101.462
97.944
98.635
94.045
98.011
97.733
98.512
97.515
98.605
97.538
97.793
98.113
97.24
99.109
97.057
98.142
102.121
93.8
98.895
97.636
101.229
99.338
101.214
98.688
100.88
99.169
100.192
99.447
100.504
100
99.737
99.632
100.184
100.383
99.56
100.162
94.741
99.68
98.835
98.797
99.808
99.538
99.665
112.59
100.226
97.631
99.489
99.696
99.789
100.135
99.651
101.03
98.913
100.482
99.797
99.067
101.158
100.353
98.967
95.353
99.094
98.459
100.064
98.59
102.026
98.816
99.105
99.214
101.031
99.176
100.831
99.688
99.432
99.403
101.293
97.831
98.545
93.304
98.512
97.68
97.936
98.105
98.271
97.97
97.91
98.24
97.681
98.511
97.338
98.173
97.305
98.68
102.482
96.511
98.609
99.007
100.624
100.376
100.414
99.97
98.545
98.598
95.169
100.026
99.207
99.286
98.744
100.263
99.316
99.816
99.519
100.041
101.293
97.801
98.368
93.903
98.53
97.921
97.695
97.831
98.391
100.947
97.365
98.56
97.369
98.458
97.805
97.8
100.034
97.512
97.255
100.455
97.451
98.654
100.583
98.32
98.082
95.737
99.662
99.338
98.647
99.639
99.338
99.463
104.022
97.342
99.733
99.959
99.549
100.026
99.519
99.692
100.094
100.894
99.016
100.875
90.997
99.737
96.078
99.177
97.312
98.384
97.778
98.44
96.519
99.879
96.312
97.857
97.929
97.944
98.097
98.357
98.027
100.447
99.624
100.478
99.248
100.346
100.206
99.794
100.473
100.572
99.394
100.978
98.917
96.391
97.004
99.887
99.327
99.715
98.797
100.375
112.403
86.612
99.177
98.891
98.902
99.88
98.169
94.271
97.233
98.056
97.809
98.349
97.936
97.688
98.312
97.993
100.616
95.087
99.992
96.012
98.812
97.977
98.959
96.883
99.143
98.647
96.432
98.169
99.342
98.873
99.969
97.846
94.696
97.274
98.632
97.853
97.73
97.906
98.086
97.872
97.808
98.057
97.943
98.042
97.545
98.173
98.169
97.541
98.211
98.086
99.906
95.639
98.846
99.331
99.463
98.898
98.229
98.906
92.312
99.192
96.545
99.286
96.895
98.913
97.072
98.737
97.729
98.846
97.007
97.914
97.831
98.53
97.616
98.448
98.368
99.598
100.041
95.207
99.135
98.865
99.85
98.334
94.658
98.008
98.447
97.286
98.112
98.034
97.534
98.297
97.759
98.034
98.03
98.361
97.745
98
98.184
97.27
98.335
98.026
99.091
96.782
102.424
95.207
99.944
97.97
100.879
96.767
95.327
97.282
98.376
97.718
97.857
97.839
98.098
97.319
98.271
97.936
98.169
97.97
97.974
98.368
97.895
97.801
98.063
97.891
99.252
99.921
95.275
99.432
98.677
98.447
99.876
97.854
94.496
97.872
98.071
98.17
97.879
98.673
97.654
99.779
96.15
98.011
97.812
98.361
97.474
99.59
96.545
99.135
97.042
99.229
98.673
100.496
94.44
99.752
99.248
98.97
99.696
97.838
95.207
97.609
98.12
98.041
98.038
97.801
97.737
97.68
98.222
97.481
98.643
97.966
98.165
98.034
98.226
97.661
98.354
97.789
98.538
100.128
95.504
98.785
99.342
95.978
106.654
93.771
95.278
97.218
99.511
95.91
98.985
97.071
98.218
97.726
98.312
97.865
97.906
97.631
98.102
97.992
97.632
98.361
115.439
94.019
97.294
101.481
100.176
98.448
97.665
102.805
96.24
99.057
100.169
97.872
96.729
102.421
94.256
100.267
99.229
100.41
98.384
99.56
99.861
100.673
98.962
100.226
99.533
99.215
101.77
97.936
98.583
93.899
97.924
98.256
97.816
97.955
98.237
98.131
97.76
98.477
97.304
101.914
96.895
99.879
104.433
128.44
108.274
95.207
99.774
95.226
100.214
98.914
98.518
99.384
98.906
99.71
100.057
98.639
102.256
99.721
98.888
102.586
97.342
98.568
93.943
98.497
97.353
98.985
97.102
99.545
96.575
99.034
96.349
98.594
97.767
97.775
98.075
98.18
97.489
98.481
97.951
98.812
99.636
96.361
98.481
100.034
99.229
99.274
99.478
99.519
99.432
101.44
97.921
98.319
94.143
97.722
97.891
98.335
101.18
95.053
98.379
97.203
98.993
96.447
98.32
97.327
99.184
97.079
99.128
96.444
99.484
98.083
96.301
98.786
100.206
98.561
100.154
99.511
100.177
99.297
99.612
100.079
99.361
101.53
97.974
98.635
93.677
97.744
98.177
98.147
97.853
97.688
97.568
102.455
93.876
97.533
98.113
98.278
97.576
98.913
96.703
99.459
96.631
101.797
98.418
95.673
100.12
98.616
98.967
100.056
99.68
100.102
99.162
99.567
100.297
99.128
101.759
97.944
106.312
97.256
99.451
98.334
102.143
97.722
99.504
100.184
100.541
99.147
100.752
99.297
100.143
100.654
99.289
99.463
101.466
97.711
99.007
93.707
98.143
98.101
98.417
97.658
97.391
98.73
98.135
97.128
97.601
97.959
99.158
97.282
97.263
99.015
97.876
97.271
99.334
100.985
95.32
99.879
98.305
99.504
99.064
100.951
99.191
100.331
99.053
100.274
99.305
99.631
101.222
98.263
98.779
93.725
98.211
97.391
102.488
97.264
97.169
102.552
98.181
97.169
101.56
97.887
96.865
98.737
98
96.161
100.831
95.342
98.474
97.135
99.162
97.233
99.286
96.665
99.072
99.477
96.361
99.346
98.872
99.414
98.131
94.936
97.493
97.387
98.711
97.488
97.703
98.049
97.895
98.256
97.616
98.248
98.162
98.056
97.327
98.192
97.977
98.188
97.715
98.646
103.978
96.447
96.504
98.88
99.135
99.184
99.192
98.707
94.361
97.718
97.631
99.568
96.65
99.335
96.575
98.496
97.504
98.816
96.97
98.567
97.448
98.282
98.116
97.545
98.034
98.094
98.538
100.492
95.572
99.534
98.409
100.166
97.985
94.778
97.654
97.568
97.688
97.721
97.839
98.064
98.154
97.628
98.364
98.094
98.094
97.692
98.143
98.079
98.801
96.736
101.312
95.312
100.32
95.887
100.839
97.609
98.432
102.383
124.207
96.226
96.402
97.823
97.929
98.214
98.143
97.729
98.098
99.177
96.692
99.545
98.233
100.654
97.695
98.027
94.184
97.342
98.496
99.105
95.688
100.057
97.334
98.143
97.53
98.376
97.35
99.571
96.944
98.282
97.767
98.312
97.598
98.105
98.951
96.865
99.312
99.049
98.36
99.982
97.282
94.616
97.158
98.297
102.624
95.143
98.368
97.177
97.993
97.838
98.88
97.657
98.016
97.68
96.793
96.854
98.616
102.199
93.752
99.872
99.312
100.482
99.368
101.293
99.369
96.12
99.079
99.808
98.809
98.744
94.88
97.759
97.297
98.154
97.823
98.384
97.654
97.899
98.086
97.53
98.688
97.143
98.466
97.654
98.098
98.192
97.973
98.346
98
99.673
96.504
98.868
99.737
99.459
99.462
93.496
98.151
97.722
98.015
97.695
98.241
97.398
99.091
97.413
98.459
97.534
97.898
97.838
98.211
113.192
90.206
98.222
96.722
99.865
97.158
99.451
102.428
97.188
98.966
99.703
97.643
98.087
96.425
106.36
96.632
99.184
99.038
99.718
99.12
99.545
99.369
103.432
96.887
97.82
93.782
98.304
96.654
99.211
97.365
97.635
97.504
99.541
96.44
99.68
96.703
104.609
104.891
99.421
97.827
99.125
94.353
104.199
99.94
93.391
97.846
98.568
98.071
97.906
98.511
98.718
99.993
95.394
99.35
99.929
98.56
100.135
99.955
99.222
100.631
98.467
101.447
99.44
99.661
100.756
98.985
97.805
98.751
93.211
98.853
97.865
98.184
97.218
98.542
97.225
98.624
97.925
97.188
98.312
97.342
98.354
97.503
97.918
98.097
99.177
99.959
95.864
98.745
99.725
98.132
101.654
97.887
100.387
100.741
99.331
96.925
94.962
97.109
98.827
96.974
98.692
97.255
97.613
97.936
98.113
97.737
98.368
97.361
98.165
98.042
98.41
97.917
97.842
99.541
95.395
99.974
98.887
99.083
99.567
99.591
99.361
99.902
101.004
97.823
98.56
94
97.925
100.225
95.455
98.929
97.199
98.752
96.827
98.639
96.985
99.173
96.801
99.327
102.992
97.451
96.839
98.128
97.789
99.241
100.195
99.391
99.669
100.139
100.079
100.03
99.658
100.339
99.981
95.383
98.906
99.361
98.797
99.564
101.196
98.319
100.387
99.335
100.395
99.3
100.688
98.929
100.049
100.718
98.56
98.481
93.745
97.985
98.142
98.17
98.575
97.094
98.53
96.616
98.294
98.112
97.858
98.616
98.038
97.755
98.252
98.177
98.402
98.673
100.974
99.703
99.872
99.602
95.36
99.677
98.707
100.646
97.632
100.368
99.696
99.289
99.843
99.86
99.632
100.211
100.718
98.282
97.992
94.391
98.143
97.801
98
98.206
97.858
98.887
98.09
100.511
100.688
100.335
99.338
98.478
102.872
95.15
98.162
97.128
97.518
95.715
98.909
96.794
98.891
97.293
100
99.128
95.823
98.729
99.083
98.932
99.068
99.158
94.056
103.568
95.59
98.29
97.879
97.113
98.038
97.819
98.294
97.872
97.665
98.35
97.97
98.158
98.082
98.072
98.086
98.177
98.056
98.519
99.944
98.44
95.402
103.936
96.481
99.974
98.688
99.09
97.639
94.887
97.497
97.879
97.842
97.846
98.512
97.274
98.271
98.086
97.85
98.097
97.903
98.522
98.132
97.425
98.424
98.079
97.873
99.985
94.985
99.86
98.737
98.361
99.85
97.88
94.68
97.951
97.511
98.568
97.586
97.903
98.601
97.102
101.44
94.064
103.184
95.744
97.594
98.511
98.624
96.993
99.094
97.218
99.312
98.887
99.519
95.391
99.195
99.008
99.929
98.214
98.473
94.534
97.583
98.368
97.403
98.661
97.658
98.042
98.188
97.891
97.838
98.192
97.594
98.109
97.936
97.898
98.049
98.015
97.951
99.906
95.064
99.647
98.88
100.263
94.778
106.064
94.782
94.928
97.888
98.048
97.312
99.256
96.143
98.417
97.842
98
98.549
98.034
97.88
98.447
98.015
97.978
97.849
98.342
97.918
99.496
95.812
98.951
98.759
99.106
99.71
98.489
94.605
97.564
97.887
97.775
97.879
98.113
98.023
98.255
97.7
98
97.767
97.879
100.959
94.977
99.023
97.763
98.511
97.143
100.658
98.775
97.56
96.887
99.241
99.672
98.854
97.864
94.73
97.383
98.079
97.617
100.831
95.515
99.255
97.109
97.425
98.105
97.594
98.696
97.71
98.064
97.654
97.809
98.297
97.849
100.173
95.538
98.68
99.248
100
97.858
94.951
97.616
97.951
97.842
98.087
99.248
114.929
88.518
98.185
100.533
97.324
98.661
96.993
98.474
96.819
98.989
97.413
101.711
96.865
97.714
97.872
98.669
97.594
107.88
101.319
97.899
98.925
97.289
97.376
99.617
99.425
100.793
99.613
99.695
100.673
100.97
98.857
100.075
100.042
97.714
96.071
98.801
100.598
98.086
101.339
98.112
100.049
99.004
101.53
97.808
98.591
93.928
97.827
98.158
98.199
97.929
98.297
97.056
98.542
97.714
97.992
97.76
97.887
98.135
97.673
97.993
98.47
98.921
97.793
101.312
100.703
100.056
99.418
101.767
100.703
98
99.744
100.15
102.139
98.576
99.346
101.349
98.902
100.94
98.433
100.398
100
99.936
99.966
100.106
100.015
99.906
100.368
99.861
100.177
97.906
96.304
99.696
99.128
98.176
99.628
99.643
99.985
99.297
99.868
100.41
100.447
96.696
99.24
93.32
98.083
98.222
98.289
97.293
98.098
97.56
98.823
97.534
97.572
97.62
98.162
97.71
98.034
98.098
101.541
100.331
99.086
97.666
99.718
95.586
99.072
98.567
99.215
99.624
99.71
99.865
100.387
100.79
98.601
101.286
99.312
100.297
98.865
99.849
99.433
100.845
98.32
98.135
94.297
97.688
98
98.496
97.831
97.873
98.112
97.32
98.135
98.015
97.41
98.192
98.319
98.857
97.264
101.015
96.906
101.639
100.8
98.343
98.345
100.952
99.68
99.47
98.105
101.275
100.364
99.748
100.391
99.647
100.305
99.8
100.534
99.496
100.027
101.597
98
100.888
102.161
97.519
100.169
100.121
95.112
98.654
99.016
100.075
97.966
101.319
98.275
101.184
99.35
100.312
99.646
99.29
99.906
99.567
99.895
101.263
97.835
98.128
93.966
97.835
97.74
98.369
98.417
97.568
108.184
97.064
95.191
99.271
101.297
94.88
98.225
96.966
99.282
100.128
103.03
97.794
96.985
97.36
98.959
96.929
96.71
100.327
95.312
99.361
96.263
99.448
99.015
98.684
100.256
98.71
94.008
97.767
97.353
98.071
97.602
98.094
98.425
97.703
98.041
98.169
97.688
98.463
97.545
98.225
98.222
101.887
94.098
98.12
97.76
101.135
95.504
100.489
98.007
99.496
100.023
97.865
95.026
97.59
97.504
98.176
97.73
98.477
97.545
97.906
98.358
97.545
97.985
97.966
98.064
98.12
97.767
97.891
98.391
97.624
98.583
99.511
96.515
99.143
98.71
99.929
98
94.462
98.091
98.391
97.353
98.485
97.218
98.774
97.748
97.91
98.248
97.624
98.376
97.617
99.425
97.045
98.65
97.136
98.199
97.801
99.312
96.233
99.68
98.03
99.297
99.478
94.793
98.368
96.519
98.068
98.549
98.056
98.041
98.831
97.162
97.812
98.098
98.894
97.681
97.616
98.339
97.782
98.056
98.192
97.616
98.594
99.775
97.15
98.778
98.767
95.241
102.184
95.023
99.007
96.402
98.745
97.248
99.406
96.752
97.943
97.865
98.297
98.335
97.969
97.704
97.943
98.504
97.977
98.256
97.462
98.015
99.354
96.887
98.771
99.037
98.884
100.3
97.587
94.951
97.335
97.65
97.575
98.215
97.834
97.981
98.263
98.275
97.545
98.293
97.963
100.229
95.898
98.121
97.902
98.786
97
99.447
99.064
97.15
98.467
98.902
100.034
97.376
95.285
97.361
97.192
98.71
97.666
97.737
98.27
97.553
98.447
97.914
97.951
97.865
98.432
98.278
97.248
97.944
98.417
97.497
98.567
99.978
96.455
99.191
98.553
99.297
98.03
94.883
97.749
97.943
98.041
115.594
89.688
97.812
98.985
96.297
99.305
96.902
103.993
102.752
97.218
98.349
97.767
96.617
101.195
97.053
98.146
97.433
97.943
97.88
98.184
97.696
97.831
99.12
95.974
100.09
99.331
99.158
98.12
100.278
99.778
100.038
99.579
99.988
99.019
100.872
99.185
101.808
99.534
100.022
99.418
100.018
99.053
102.184
97.936
97.963
94.135
98.015
98.041
98.121
97.357
98.135
97.876
98.854
97.007
97.361
98.305
97.766
102.151
243.722
95.849
98.215
100.466
99.406
95.203
99.947
99.075
98.887
99.369
98.823
101.662
97.658
98.545
99.838
93.85
97.921
98.207
98.27
98.064
97.715
97.59
97.191
98.993
98.632
96.552
98.169
97.936
97.527
99.639
96.316
99.958
97.782
96.872
98.594
99.895
98.816
100.026
98.974
99.752
99.105
101.056
98.606
98.026
93.936
98.256
97.665
98.463
97.864
99
97.455
97.338
98.064
98.576
96.853
98.481
97.575
98
97.594
98.17
99.612
99.575
100.354
99.098
101.872
98.752
100.534
98.759
100.568
99.657
100.143
100.154
100
99.591
99.936
100.064
100.432
99.835
100.236
99.384
99.936
100.274
100.384
100.214
101.184
99.771
98.797
98.218
95.673
100.207
98.68
98.79
99.628
99.605
99.575
99.688
101.041
97.888
98.721
93.959
98.632
97.857
98.263
97.496
98.463
97.834
97.711
97.319
98.282
98.602
97.15
97.519
97.801
98.646
97.636
98.823
101.661
94.346
98.873
98.477
99.763
98.944
100.988
98.843
99.928
99.12
99.985
100.583
98.775
97.778
94.071
98.271
97.146
98.309
98.274
97.335
98.962
97.079
97.44
98.831
97.041
98.448
97.928
97.737
98.56
97.399
100.033
98.606
100.143
100.345
96.993
99.774
96.715
101.992
98.327
98.733
98.872
100.764
98.733
100.195
99.365
100.977
98.192
98.56
94.098
97.526
98.019
98.139
97.94
98.071
97.425
98.519
97.128
97.928
98.248
97.343
98.184
97.786
98.406
98.184
99.601
97.03
96.609
100.418
98.184
98.455
100
99.128
100.086
100.85
99.221
97.538
93.929
97.481
99.737
97.086
98.417
97.109
99.546
97.297
98.24
97.613
97.737
97.586
98.312
98.222
97.759
97.512
98.432
99.632
100.289
100.207
99.688
100.177
97.105
96.887
99.12
100.015
98.057
100.214
99.493
99.229
100.519
99.071
99.474
102.282
97.831
98.815
99.143
93.857
97.767
98.339
97.214
99.568
97.657
97.655
96.673
98.864
96.966
98.715
97.68
97.759
98.079
98.2
98.184
100.064
100.049
99.71
100.387
99.192
100.613
101.571
97.967
96.966
97.018
99.143
99.775
96.041
101.632
99.872
99.714
101.301
98.729
98.049
93.902
97.433
99.624
97.184
98.85
97.368
98.944
97.83
97.888
97.143
97.962
98.056
98.121
97.718
98.12
98.094
97.444
100.165
99.643
99.895
100.105
99.985
99.549
100
100.289
100.35
99.928
99.963
95.981
97.992
99.211
100.605
97.636
101.624
98.774
99.895
99.744
100.432
99.328
100.184
99.135
99.914
100.056
99.391
101.714
98.109
98.425
94.575
97.816
97.872
98.433
97.624
98.218
97.47
97.65
98.165
97.579
97.568
98.741
97.33
98.519
97.609
99.215
97.248
102.631
97.767
95.899
98.545
99.169
98.966
98.711
99.394
99.775
100.071
99.154
101.455
98.335
97.977
94.485
98.012
97.909
98.185
97.77
98.335
98.248
97.015
98.88
98.049
97.417
98.391
100.255
96.703
97.865
100.955
94.271
101.237
100.8
98.944
98.816
101.473
98.839
96.44
97.736
98.873
99.154
98.646
99.666
100.101
99.651
99.526
101.801
97.601
98.808
93.625
97.902
98.59
97.68
98.688
97.395
100.35
97.816
98
97.962
97.688
97.158
98
100.583
98.793
97.838
96.62
99.831
97.944
97.902
95.97
99.541
99.061
99.541
99.12
100.072
99.383
100.011
99.647
99.226
100.15
101.289
97.967
98.526
94.24
98.064
98.049
97.767
98.496
97.015
98.7
99.861
97.451
97.943
97.88
97.823
100.993
99.718
98.139
97.263
98.414
99.353
99.831
96.466
100.598
98.195
100.925
99.572
99.751
99.327
100.497
100.064
99.872
99.853
100.481
96.602
96.774
99.361
99.575
98.737
99.73
99.981
99.801
100.375
101.064
100.737
98.113
100.399
99.229
100.346
99.383
99.76
100.665
98.906
98.414
93.83
98.29
98.056
98.105
97.839
97.631
98.448
97.161
98.264
98.142
97.14
98.447
97.688
97.774
99.609
96.17
100.293
95.737
98.83
97.985
99.256
99.248
98.88
99.992
99.312
100.624
98.771
101.496
99.88
100.199
99.639
99.602
99.18
99.673
101.282
98.158
97.993
94.154
97.646
98.41
97.974
97.849
97.974
98.361
97.466
101.726
285.026
98.56
96.072
97.767
99.469
96.403
107.015
103.778
98.094
98.895
99.097
101.034
100.933
98.834
100.105
100.151
100.474
99.413
100.944
99.09
100.301
99.891
100.12
101.128
97.958
100.587
95.383
98.677
99.184
102.184
95.921
100.673
99.094
100.113
98.872
100.497
99.774
99.977
100.895
98.56
97.737
94.511
97.538
98.15
97.906
102.35
97.305
98.056
97.481
98.079
97.778
98.023
97.688
97.583
98.063
97.963
98.541
97.681
98.65
100.782
98.823
99.56
100.467
102.109
99.011
98.038
101.631
97.184
97.489
98.12
98.354
103.071
102.538
96.71
102.433
101.142
97.143
98.113
97.241
98.406
100.056
97.658
98.789
94.034
97.177
98.744
97.76
98.015
98.154
97.391
98.504
97.849
97.966
98.361
97.342
100.602
95.32
98.597
98.034
97.959
98.346
101.12
98.733
96.714
97.32
99.985
98.511
99.575
98.312
94.722
97.406
97.786
97.958
98.489
97.417
98.046
98.188
97.71
98.624
97.609
97.726
98.154
97.718
98.289
97.662
98.459
97.567
99.662
100.154
97.102
97.552
98.688
99.745
98.255
94.688
97.707
99.229
97.072
98.139
97.853
98.083
97.59
98.402
98.061
98.394
96.846
98.553
97.319
98.76
97.658
98.545
97.853
98.41
99.951
95.271
98.793
99.786
98.229
99.609
98.297
95.15
97.264
97.624
98.323
97.831
97.816
98.184
98.064
97.718
98.552
97.395
98.229
98.85
96.759
98.256
97.635
98.455
100.384
95.808
101.015
95.752
99.759
98.2
100.345
97.549
98.906
93.448
98.391
97.635
98.553
97.334
98.481
97.624
97.775
98.297
97.88
97.951
98.391
97.744
98.248
97.737
98.233
98.327
97.733
100.019
95.199
99.399
98.906
99.079
99.447
97.929
94.458
97.944
98.094
97.579
98.188
97.842
98.703
101.538
93.917
98.011
97.677
98.071
97.794
97.894
98.305
98.793
97.274
99.606
98.27
95.658
99.008
99.312
98.504
99.808
97.752
94.737
97.552
97.944
100.902
113.361
99.489
96.473
95.429
97.026
97.639
98
97.794
98.688
99.236
96.139
98.215
97.646
98.553
97.459
98.981
96.786
98.161
97.557
98.665
97.688
99.887
95
100.857
97.914
98.759
99.271
98.327
94.274
98.049
97.974
98.113
97.977
97.485
98.256
97.545
98.241
97.278
98.312
98.128
98.376
113.424
90.29
96.921
100.662
95.56
99.391
96.729
98.583
97.8
100.632
95.993
106.785
94.158
101.09
98.049
100.399
99.455
100.793
99.278
99.97
99.474
100.015
99.383
100.56
98.335
98.346
94.101
97.88
98.083
97.823
98.44
97.263
99.09
97.079
97.917
97.666
97.729
97.831
98.113
99.03
97.816
97.53
97.823
99.489
95.958
99.106
99.744
98.305
100.815
99.192
99.902
99.519
100.545
99.56
99.305
99.801
101
98.312
98.815
93.609
97.982
98.259
97.752
98.357
98
98.38
96.624
97.74
97.64
98.488
97.53
98.256
97.541
98.162
98.575
97.331
99.846
95.857
99.094
101.696
96.665
100.951
98.985
101.335
98.545
100.695
99.474
100.086
99.403
100.064
99.206
99.617
101.169
98.252
98.601
93.617
98.402
97.974
97.872
98.226
98.639
97.71
98.034
96.752
98.192
98.898
98.053
96.962
97.613
98.233
97.759
98.282
100.335
98.816
96.752
99.248
99.864
98.034
100.015
101.598
96.192
100.88
100.266
98.072
98.767
93.395
98.229
98.695
97.594
97.801
97.632
97.364
97.617
98.098
97.992
98.214
98.098
97.47
98.602
97.567
98.271
97.744
98.97
100.463
95.68
99.263
99.587
98.477
99.41
100.192
98.703
103.184
96.312
99.586
92.91
99.064
98.041
97.959
97.59
99.068
97.541
97.651
97
98.173
98.282
98.022
97.744
98.282
98.233
98.136
97.71
99.327
99.249
95.913
98.977
99.519
98.463
99.515
99.252
99.913
99.985
101.023
99.112
99.328
98.353
93.662
98.507
97.696
99.071
96.545
100.049
96.109
99.143
97.146
97.301
97.899
98.255
97.873
98.007
97.496
98.696
98.015
99.458
99.609
95.797
98.681
100.162
98.165
99.504
99.714
99.711
100.079
102.289
99.271
98.962
104.12
95.384
100.064
100.973
99.692
96.88
99.03
93.425
99.007
97.271
98.346
97.951
98.432
96.647
98.872
97.154
98.575
97.2
97.913
98.241
97.74
98.061
98.86
98.057
99.977
96.064
98.56
99.794
98.255
100.342
99.512
99.703
99.127
101.339
98.473
100.944
91.996
99.181
96.74
97.794
98.033
98.215
98.161
98.264
96.206
99.346
96.365
98.458
97.839
98.41
97.981
98.082
97.391
99.391
100.192
99.929
95.383
105.26
99.612
95.279
99.417
99.763
98.534
100.233
98.992
99.335
99.959
100.872
98.688
98.41
96.906
94.936
98.327
97.349
99.282
97.023
99.049
96.289
98.801
96.846
98.823
96.466
98.421
98.155
98.037
97.56
98.481
99.215
95.688
99.921
99.447
99
99.722
99.789
99.737
99.466
99.399
100.019
99.455
100.086
101.511
97.963
97.951
94.105
97.782
99.481
94.711
98.635
99.493
97.466
97.831
97.928
97.647
99.218
96.654
99.169
96.463
98.409
97.399
98.823
100
95.835
98.673
100.086
98.286
100.011
99.184
99.264
101.349
98.057
98.259
94.011
97.613
98.462
97.617
98.477
97.827
97.782
97.591
98.714
97.015
98.071
98.049
97.587
100.59
98.278
96.744
98.888
98.432
98.835
96.376
99.022
100.057
98.27
99.128
98.842
100.162
99.703
101.304
93.549
103.008
94.026
97.617
98.774
97.391
98.801
97.331
97.695
98.504
98.03
97.552
97.625
97.872
97.248
100.496
96.15
98.452
97.823
99.477
95.929
99.545
100.647
97.729
99.647
98.8
100.598
99.459
101.079
98.849
99.809
99.327
102.064
97.601
98.113
93.511
98.696
97.368
98.583
97.703
97.958
98.489
96.944
98.267
97.165
98.177
97.714
97.752
97.951
98.47
98.82
97.503
98.59
96.903
98.872
99.496
98.075
101.03
98.873
100.53
98.44
101.59
99.921
99.808
99
101.485
97.842
99.12
93.865
97.767
98.045
97.97
98.098
98.304
97.316
97.474
97.135
98.098
98.128
97.338
98.44
98.068
98.537
97.489
98.737
100.526
98.88
95.658
99.752
98.951
100.879
93.767
102.737
98.617
100.176
92.801
98.696
97.206
99.207
97.312
98.729
96.73
99.661
96.967
97.898
97.782
97.868
97.625
98.428
97.508
98.661
97.936
99.609
100.335
99.639
99.872
100.211
99.887
100.496
99.361
96.669
98.482
98.214
99.68
99.184
99.64
99.947
100.421
98.635
101.421
99.561
99.872
99.135
101.128
97.891
98.88
93.169
98.519
97.766
97.824
97.913
97.666
98.635
97.545
97.624
97.948
97.782
97.992
97.936
97.639
98.463
97.793
99.688
95.759
98.282
98.696
99.985
98.462
101.368
98.681
101.015
98.616
101.433
99.319
99.335
99.722
100.353
99.207
99.774
101.282
98.342
97.801
94.327
97.842
98.128
98.015
97.857
98.185
97.68
98.639
96.801
98.342
97.319
97.858
100.022
96.425
98.218
97.974
98.8
103.121
98.895
98.312
100
101.09
98.285
96.196
97.91
99.128
98.857
99
99.861
99.609
101.33
93.222
102.496
94.519
98.008
98.353
98.211
97.861
98.24
97.696
97.793
98.312
97.391
97.793
98.305
98.263
97.88
101.12
96.823
98.339
98.18
100.496
99.448
102.68
97.32
99.996
100.936
98.718
101.199
99.113
99.887
100.402
99.989
99.56
100.448
99.913
99.455
100.658
99.383
96.873
97.368
99.143
100.417
98.673
98.79
100.218
100.056
99.759
99.865
100.869
98.657
100.455
99.523
100.263
99.793
99.568
99.782
101.647
97.488
98.602
93.958
98.331
99.639
97.256
98.15
97.801
98.474
97.846
98.714
97.583
97.56
101.24
98.023
101.184
97.448
97.962
99.695
97.2
96.977
101.869
97.77
97.793
101.933
97.522
101.271
99.594
96.165
97.779
98.56
100.064
98.917
99.538
99.454
99.839
99.586
100.241
99.695
99.737
101.158
98.673
97.647
93.939
96.846
99.079
98.466
97.903
96.8
100.106
97.582
97.207
98.459
98.293
97.402
98.271
97.304
99.185
96.537
97.974
100.481
100.414
99.643
100.966
99.406
100.154
99.647
100.36
99.794
99.673
100.349
100.312
99.56
99.771
99.974
100.233
100.169
95.718
98.425
98.872
99.406
98.305
100.898
99.519
99.214
99.609
103.023
95.906
99.41
93.503
98.741
97.331
98.094
97.921
98.233
97.116
98.361
96.745
98.774
97.29
98.281
98.113
97.278
98.264
98.455
99.233
104.097
153.008
96.056
98.32
98.864
99.576
99.022
100.714
99.76
100.368
99.993
99.936
100.376
99.364
100.027
96.432
98.143
98.722
99.199
99.737
101.662
97.466
99.887
100
101.128
98.91
100.522
99.56
99.918
99.89
99.801
99.248
102.181
96.834
98.752
94.057
97.966
98.214
97.993
97.424
98.147
98.271
97.68
97.944
97.71
98.707
101.44
99.631
96.685
98.173
97.357
100.098
96.439
98.936
96.959
97.511
98.143
101.609
98.147
99.534
99.519
100.112
99.594
99.545
99.752
99.504
101.519
98.056
97.846
94.353
98.346
97.534
97.88
98.353
97.951
97.312
98.448
97.801
98.481
100.135
99.105
97.598
97.462
97.61
103.033
96.455
97.481
101.895
96.944
96.808
103.459
98.173
101.582
100.985
97.872
99.978
100.695
98.97
100.079
100.263
99.546
100.601
98.853
101.023
96.665
97.264
100.586
97.688
99.008
99.8
97.079
98.105
97.264
102.477
93.496
98.85
98.086
102.121
95.778
99.789
96.681
97.906
99.037
96.504
99.489
97.263
97.696
97.834
97.966
97.978
98.519
97.447
98.252
98.5
100.297
94.515
99.887
98.534
98.827
99.876
97.936
96.297
96.263
97.376
97.936
98.609
97.391
98.282
97.816
97.808
98.015
97.88
98.737
97.44
98.391
97.466
98.846
97.161
99.32
98.91
96.53
97.774
99.978
98.391
99.454
98.196
94.703
97.56
97.752
98.049
97.861
97.955
98.447
97.368
98.312
97.88
97.959
98.135
98.256
97.928
97.884
97.782
98.673
97.605
99.586
100.162
94.654
99.816
98.169
99.293
99.211
98.823
93.53
99.109
96.587
99.436
97.346
98.327
97.53
98.823
97.23
98.488
97.842
98.357
97.452
98.173
97.68
98.297
98.135
97.794
99.496
100.263
95.263
99.019
98.71
99.264
99.184
97.729
95.511
97.914
97.677
97.928
98.015
97.628
97.462
98.328
97.969
98.023
98.008
97.857
98.361
97.936
101.101
95.049
102.297
101.417
98.207
93.936
100.47
98.26
96.372
99.522
101.56
97.008
100.695
97.32
95.105
97.038
98.383
97.786
98.041
97.929
97.583
98.135
98.199
97.97
98.177
98.071
98.072
98.455
97.319
98.128
97.906
98.128
97.857
98.917
97.072
98.744
99.297
99.071
99.455
98.444
94.229
97.297
98.778
97.655
97.849
97.944
97.357
98.929
97.319
98.872
97.064
98.745
97.503
98.162
97.504
98.086
98.248
98.192
98.842
96.553
99.116
98.978
99.135
99.658
97.951
94.226
97.789
98.248
98.079
97.643
98.192
97.575
97.823
97.865
97.808
98.511
97.576
98.169
98.192
97.33
98.752
97.654
101.218
95.974
96.56
98.459
103.684
95.835
98.71
100.064
99.098
94.278
114.673
94.545
101.839
99.398
100.568
99.627
103.512
97.737
97.894
99.512
101.097
99.895
95.654
112.339
90.68
99.774
97.583
94.425
97.346
98.383
100.064
97.654
97.767
99.098
96.97
99.718
96.496
98.098
97.68
97.861
98.339
97.744
97.696
98.319
98.271
99.184
99.398
96.576
98.53
99.184
98.921
99.44
99.752
100.12
100.135
99.335
99.744
101.489
101.872
93.76
97.282
95.462
98.417
97.575
98.929
97.312
98.368
97.151
99.383
95.779
99.015
97.342
98.195
97.448
98.199
97.958
98.403
99.631
95.433
99.688
99.233
98.045
100.274
99.429
100.004
99.924
99.459
100.094
99.616
101.41
97.745
98.748
93.763
98.575
98.346
98.038
97.582
98.579
97.511
99.072
97.808
98.384
96.319
98.955
96.718
99.361
96.744
98.47
98.008
99.034
99.206
96.034
98.542
99.992
98.353
99.617
100.301
99.763
99.767
99.917
99.812
99.677
101.312
98.169
98.312
94.143
97.97
98.03
97.906
97.816
98.646
101.083
95.966
97.673
97.192
104.184
101.278
95.636
96.383
99.278
97.162
97.808
97.79
97.737
98.353
98.177
97.142
99.433
99.184
98.399
99.71
98.842
100.545
99.256
99.808
99.88
99.553
100.101
101.786
97.624
98.631
93.895
98.568
97.77
97.752
97.598
98.519
97.331
99
96.349
98.609
97.722
97.62
97.914
98.226
98.165
98.071
97.38
100.109
95.267
100.312
98.759
98.703
100
99.546
99.864
99.989
99.571
99.824
99.47
101.624
97.191
98.809
93.695
98.177
98.263
99.635
94.512
103.334
94.857
100.094
96.624
98.162
97.59
98.609
97.602
98.071
98.384
97.511
98.391
97.744
99.29
95.673
99.293
99.744
98.891
98.56
99.79
101.03
97.85
98.154
94.128
97.646
97.842
102.478
98.575
97.763
98.421
98.993
98.112
97.632
98.207
99.872
102.489
91.8
96.553
97.974
97.56
97.387
98.008
97.917
97.962
99.737
96.557
99.657
98.463
99.872
98.346
98.192
94.454
97.425
98.384
97.594
98.263
97.511
98.256
98
97.936
98.192
97.567
98.185
97.778
100.278
96.022
98.433
97.864
98.226
98.808
97.222
98.297
99.978
98.157
99.643
98.335
94.575
97.241
98.409
97.632
97.62
97.97
98.346
97.91
97.887
98.312
97.602
98.233
98.312
97.759
98
97.978
97.988
97.794
98.575
100.44
96.289
98.752
99.071
99.256
97.767
95.083
97.718
97.368
97.899
99.116
97.504
97.97
97.583
99.409
97.015
99.29
96.477
98.331
97.568
98.094
98.184
97.985
98.12
98.03
99.824
96.819
98.993
98.861
99.744
97.729
95.177
97.229
98.26
98.064
97.688
98.236
97.936
98.008
97.962
97.688
98.534
98.026
97.959
98.455
97.985
98.094
97.985
97.793
98.218
99.549
98.132
96.511
99.391
98.944
100.582
96.872
99.602
93.534
98.338
96.775
98.481
97.928
97.872
98.072
98.184
97.921
98.053
97.842
98.496
97.448
97.958
98.105
97.85
97.902
99.057
100.575
95
99.21
99.173
98.504
99.538
98.161
95.166
97.496
97.778
98.136
98.766
97.632
97.568
98.289
97.703
101.41
94.47
99.553
97.127
97.985
98.072
98.447
97.643
98.662
97.823
101.331
98.782
95.793
99.669
98.064
100.098
98.064
94.511
97.801
98.537
97.278
98.249
97.439
98.256
97.519
98.21
98
97.967
97.958
97.778
98.031
98.515
97.639
98.304
97.966
98.564
100.327
95.421
99.218
99.072
99.575
98.752
97.744
95.087
97.849
97.76
97.425
98.823
97.338
98.861
96.936
116.681
88.139
97.116
98.072
98.511
104.368
98.188
97.237
104.88
97.872
103.884
97.86
96.948
100.654
98.101
97.673
97.256
98.82
96.564
99.266
98.801
97.767
96.974
96.808
99.53
99.327
98.594
99.94
99.921
100.417
98.538
101.086
99.673
99.655
101.191
97.658
97.944
94.342
98.083
97.661
98.459
97.801
98.605
96.921
98.925
97.763
97.477
97.963
98.47
97.481
98.079
98.169
97.617
100.672
98.079
102.448
97.567
99.538
103.831
94.24
97.587
99.583
98.676
97.921
100.85
98.944
100.575
99.447
100.026
99.519
99.489
101.12
98.241
98.447
94.094
97.88
97.601
98.297
98.136
97.782
97.522
98.869
97.628
98.469
97.034
101.263
99.895
100.387
98.252
97.113
97.312
101.545
95.418
98.112
100.888
99.278
99.191
100.546
99.086
101.41
98.049
101.334
99.966
100
98.835
100.872
99.023
100.368
99.902
99.948
100.278
99.808
99.801
100.056
100.474
98.951
101.192
97.173
97.353
98.872
99.504
98.09
101.117
98.729
100.888
99.063
99.256
101.353
97.895
98.609
93.417
98.008
97.936
97.902
98.403
97.879
97.489
97.895
97.793
97.583
98.007
97.282
97.925
98.658
100.85
96.447
99.192
99.582
99.263
100.858
96.022
98.034
98.737
99.838
98.906
100.944
98.68
99.831
99.301
100.011
100.729
98.478
97.985
94.271
97.496
97.778
98.511
97.793
98.117
97.692
98.526
97.335
98.056
98.466
96.944
97.71
98.839
97.624
97.834
98.711
99.767
100.827
99.925
99.466
100.304
99.88
100.248
99.463
101.263
98.699
102.365
98.289
100.263
99.267
100.278
100.121
99.992
99.534
100.466
99.718
100.064
100.275
100.936
97.376
96.902
99.233
98.455
99.218
99.838
102.335
98.019
101.447
97.951
101.015
96.226
99.928
97.512
95.24
97.489
98.372
97.737
98.12
97.489
98.192
98.304
97.914
97.894
98.647
97.425
97.737
98.15
98.226
98.161
97.782
97.985
98.775
99.56
95.703
99
98.827
98.887
99.113
98.646
94.719
98.251
97.534
100.481
95.583
98.128
97.714
98.342
97.17
99.334
96.936
99.53
96.549
97.857
97.899
98.207
97.744
99.789
96.809
97.654
98.676
97.903
98.725
97.628
96.463
99.522
96.718
98.087
100.744
98.977
95.534
98.53
98.654
97.072
98.041
98.455
97.85
98.312
98.064
97.815
97.959
98.075
98.463
97.511
100.673
95.744
101.974
95.97
99.729
99.215
99.312
96.936
95.894
96.482
97.703
98.142
98.2
97.451
98.368
97.647
98.135
98.346
97.816
98.135
97.978
97.902
98.007
97.673
98.079
98.218
100.263
95.215
98.985
99.233
98.88
99.808
97.759
94.944
97.537
97.391
98.835
97.748
97.778
98.688
97.944
99.759
95.376
99.214
96.884
99.143
96.872
98.944
97.056
98.718
97.316
101.804
98.32
95.857
98.553
99.022
98.617
99.425
94.642
97.918
97.966
97.688
98.154
97.583
98.056
98.09
97.824
98.601
97.628
98.628
97.669
97.538
98.406
98.131
97.598
98.474
97.988
100.121
99.383
95.481
99.263
98.361
100.44
98.087
94.714
97.759
97.895
97.842
98.951
96.632
99.334
96.673
98.346
97.752
97.944
98.383
98.338
97.824
98.383
97.455
98.008
98.064
98.657
100.136
94.887
99.199
98.936
98.906
99.162
98.598
94.489
97.537
97.583
98.421
97.913
98.143
97.891
98.023
97.895
98.191
97.809
98.259
97.519
100.511
95.782
98.218
97.718
98.402
116.305
86.583
102.744
99.609
102.293
99.369
98.015
99.184
102.218
100.304
101.76
99.022
101.196
95.861
99.722
100
99.093
100.587
99.71
96.681
98.143
98.41
99
99.293
102.387
97.406
100.184
98.504
103.019
96.748
99.297
93.049
98.951
97.583
98.594
97.312
97.823
98.064
98.263
97.594
97.865
97.894
97.602
98.838
97.177
98.233
98.015
98.169
99.745
100.548
99.632
100.94
100.316
99.082
99.993
100.128
99.477
100.29
96.894
97.177
98.914
100.439
98.256
100.85
98.94
99.906
99.225
100.015
99.327
101.538
98.357
97.88
94.545
98.056
97.823
97.963
98.398
97.218
98.557
98.06
98.109
96.823
97.767
98.162
97.943
100.76
100.218
128.688
110.353
91.519
93.902
97.921
114.651
81.237
98.338
98.229
98.154
97.888
97.488
97.88
98.192
97.079
98.383
98.057
98.24
98.072
97.985
98.545
99.285
96.139
98.903
99.665
98.557
99.736
99.256
100.019
101.511
98.718
97.248
94.827
97.455
98.56
97.158
98.884
96.612
98.497
96.928
98.76
98.545
97.049
97.973
98.019
97.613
98.346
97.71
98.354
99.534
95.315
99
99.632
99.263
99.447
99.489
99.688
100.854
98.21
98.696
93.657
98.406
98.128
98.072
97.849
99.76
96.191
98.064
97.888
97.785
97.222
98.737
97.395
99.293
96.402
99.053
96.947
99.925
99.417
95.545
98.809
100.319
98.406
99.53
99.921
99.237
99.361
101.29
98.015
98.721
93.805
97.883
98.053
98.034
98.255
97.907
96.951
98.823
96.15
98.85
97.857
97.662
101.767
94.601
98.192
97.643
98.838
99.846
101.616
98.32
97.12
97.553
100.361
98.289
99.512
99.496
100.485
99.056
99.538
101.022
98.312
98.452
93.503
98.278
98.448
98.199
97.617
97.127
100.316
96.748
99.929
96.545
99.455
97.007
99.467
95.909
103.29
96.135
98.042
95.086
97.729
98.752
98.752
96.966
99.211
98.361
99.996
97.759
94.948
98.191
97.463
97.688
98.255
97.801
98.09
97.688
98.136
101.951
94.214
98.136
97.537
98.76
97.778
98.857
97.74
99.076
96.293
100.568
95.319
99.169
98.921
98.76
99.545
98.27
94.993
97.368
97.865
98.421
97.681
98.112
98.29
97.383
98.342
97.666
98.368
98.286
97.778
97.959
98.319
97.376
98.177
98.203
98.632
99.172
96.745
99.007
98.44
99.56
100.715
90.909
101.098
95.647
98.27
98.192
97.714
97.929
98.143
97.767
99.225
97.376
97.767
97.778
98.305
98.109
98.256
97.985
97.778
97.868
99.985
96.015
99.218
98.609
99.207
99.872
97.538
95.59
96.602
97.902
97.977
97.88
97.895
98.09
97.974
98.135
97.586
98.177
97.895
97.631
98.215
97.921
98.248
101.12
94.455
100.169
96.184
99.688
98.786
99.816
98.68
99.335
94.143
97.567
97.32
98.12
97.73
97.879
98.312
97.944
97.842
98.053
97.857
98.346
98.237
97.375
98.155
97.782
98.266
97.151
99
100.289
95.654
99.538
98.737
99.428
98.091
94.872
97.88
98.304
97.624
97.88
97.703
98.297
97.703
98.274
98.639
97.418
98.094
97.815
98.399
97.673
99.056
97.121
98.977
97.128
100.421
95.88
99.736
97.914
99.985
98.207
94.432
97.526
97.489
98.192
97.921
97.838
98.707
97.617
97.669
98.233
97.729
99.733
97.241
97.425
98.135
98.207
98.146
98.094
98.297
100.015
95.56
98.865
99.275
103.112
94.087
97.222
94.552
99.41
97.669
97.963
97.917
99.579
96.921
98.981
96.143
98.241
97.751
98.369
97.466
98.549
106.026
95.121
98.432
98.255
98.726
100.699
98.951
101.121
99.094
96.744
97.177
100.128
98.142
100.561
99.312
99.992
99.714
99.215
99.639
100.161
100.937
98.447
99.15
98.553
94.12
97.015
98.715
97.109
99.082
96.887
98.801
96.839
98.887
97.007
98.106
97.327
98.943
97.09
98.594
98.053
99.56
100.32
99.77
100.113
100.718
99.545
100.042
100.582
99.207
100.335
95.586
97.966
99.553
99.41
98.485
102.139
97.327
100.425
98.91
102.263
98.12
98.786
93.045
99.244
96.542
98.609
97.703
98.721
97.391
98.47
97.756
98.165
97.354
105.368
97.767
97.008
98.105
97.545
99.47
96.673
98.695
98.651
96.428
102.906
99.32
96.977
97.015
98.583
103.778
99.839
97.368
98.917
99.921
99.376
100.09
99.279
99.601
99.342
101.305
97.688
98.823
93.346
98.553
97.417
98.068
98.007
97.891
97.703
97.88
98.425
97.376
98.007
98.289
97.839
98.41
97.872
99.015
96.552
102.974
99.369
99.007
100.323
95.358
98.729
98.977
100.151
97.24
101.35
99.786
100.263
99.274
100.057
99.462
100.143
99.631
99.786
99.29
101.966
98.135
97.857
93.831
98.169
97.504
98.278
98.297
98.034
97.816
99.44
97.47
97.759
97.778
97.808
102.264
98.767
98.218
97.951
97.838
97.609
99.275
98.206
98.617
95.398
99.624
99.546
99.293
98.707
99.853
99.432
99.722
99.88
101.511
97.857
98.166
94.191
97.132
99.293
97.865
97.609
97.958
98.012
100.131
96.929
97.722
97.823
97.703
98.297
97.801
100.56
98.015
96.97
98.556
100.042
99.496
101.376
98.774
100.493
99.383
100.102
100.289
99.703
99.56
100.722
99.135
100.264
101.048
99.016
99.774
96.786
97.808
98.917
99.068
98.91
103.721
98.782
98.523
99.383
100.647
99.985
99.865
99.176
100.094
99.433
99.973
99.628
99.974
101.064
98.128
98.274
93.662
98.135
97.793
98.489
97.398
98.715
98.128
97.552
98.117
97.049
98.849
96.944
98.022
98.241
97.32
98.53
99.462
99.387
96.124
98.745
98.898
100.015
97.872
101.527
99.184
99.707
99.391
100.03
98.872
101.383
97.681
98.737
93.879
97.895
98.267
97.91
98.319
97.816
98.09
97.854
97.361
98.282
97.782
97.793
98.413
101.218
96.143
104.034
103.568
96.218
97.564
96.834
99.312
96.936
98.425
96.669
101.339
97.797
98.992
99.515
99.583
99.977
99.79
99.665
99.921
99.903
99.71
101.252
98.647
97.909
94.275
98.406
97.304
97.921
98.087
97.977
100.35
97.481
97.823
98.083
97.767
98.256
97.214
98.842
97.519
99
98.583
98.176
99.354
98.274
95.504
99.996
98.891
98.376
99.959
98.879
99.688
101.921
97.794
98.47
93.744
98.034
97.797
97.624
98.579
97.357
98.083
98.158
97.078
98.504
97.564
98.44
97.91
100.225
98.245
99.049
97.063
99.786
102.478
97.992
99.353
96.016
97.744
99.056
100.816
98.15
99.042
99.579
100.086
99.568
99.616
100.023
99.729
100.015
99.73
99.924
99.666
99.88
100.131
101.429
100.071
100.169
99.56
100.839
102.011
99.932
97.756
101.598
101.064
98.962
98.895
98.624
100.064
99.68
99.527
100.12
99.714
99.741
101.432
98
98.673
93.647
97.819
98.583
98.135
98.169
98.113
97.726
97.97
97.312
98.582
96.978
102.022
94.098
98.03
100.297
97.598
99.714
98.44
98.639
101.241
99.037
100.034
99.959
100.131
99.839
99.56
100.32
99.977
100.056
99.519
100.015
100.418
99.8
97.072
97.368
98.782
99.767
98.891
101.079
98.162
99.823
99.447
101.094
98.929
100.169
99.568
101.943
97.745
98.094
94.154
97.966
97.842
98.297
97.609
97.902
97.839
98.12
97.496
98.162
97.718
98.079
97.579
98.357
97.928
97.482
102.221
100.82
96.335
100.199
100.88
99.154
100.071
99.214
101.339
99.488
98.861
95.369
98.97
99.921
99.684
98.195
100.192
99.598
99.248
100.579
99.139
101.538
98.015
133.282
100.022
98.083
96.733
97.906
97.752
99.286
96.225
98.73
97.481
98.406
97.759
98.034
99.038
96.353
99.391
99.71
97.993
100.098
99.879
99.448
99.97
99.312
100.056
99.929
100.071
101.478
97.815
98.211
94.334
97.794
98.094
98.263
98.105
97.658
99.335
96.872
98.752
96.639
98.545
96.966
99.508
96.725
98.143
98.128
97.962
98.854
100.729
95.064
100.248
98.962
98.478
100.225
99.888
100.078
99.185
99.417
100.15
99.963
99.165
99.906
101.575
97.963
98.519
97.327
94.278
98.459
97.887
98.545
97.135
98.895
96.744
97.993
97.44
98.462
97.049
98.368
97.482
99.03
97.297
98.496
99.857
95.669
99.85
98.526
98.568
100.113
99.334
100.369
99.849
99.331
100.15
101.342
97.906
98.343
93.793
98.278
98.338
97.816
98.207
97.722
100.425
95.879
97.008
97.485
98.763
97.286
98.936
97.601
99.038
96.778
99.226
98.071
100.838
99.169
95.448
98.703
100.887
97.985
100.135
99.899
99.703
100.24
99.617
100.237
100.139
99.917
99.425
100.241
99.537
103.278
96.978
100.519
99.68
101.248
99.109
100.722
99.199
100.083
100.102
99.857
100.071
99.511
99.85
100.094
100.034
99.022
100.297
99.722
100.136
100.469
191.64
108.379
97.624
94.23
97.511
98.147
97.398
99.214
96.948
98.616
96.485
99.523
96.582
98.527
97.68
97.88
97.898
98.087
98.135
98.196
98.526
100.222
95.883
98.936
99.944
98.853
99.914
99.391
99.361
99.383
101.305
98.447
98.105
93.485
98.211
98.184
97.823
98.072
98.233
97.222
98.755
97.685
98.857
96.665
97.936
97.199
104.241
120.921
106.365
93.007
112.85
85.312
97.361
97.406
97.586
98.512
97.639
97.827
98.079
98.237
98.751
97.117
97.966
97.32
98.368
98.154
98.974
100.034
95.816
99.932
98.496
99.553
99.282
100.838
99.44
100.026
98.647
99.786
100.879
98.094
98.718
93.771
98.056
97.76
98.473
98.136
96.489
98.327
97.206
98.44
97.44
97.447
98.921
97.681
98.304
97.873
98.015
99.488
98.67
96.21
98.545
99.816
100.872
97.568
100.406
99.21
102.008
99.229
100.019
98.793
100.444
99.128
99.496
99.816
101.473
97.76
98.722
93.36
98.677
97.808
97.707
98.181
96.857
99.146
97.44
97.966
97.745
98.034
98.924
96.632
100.752
97.56
96.387
98.485
99.034
100.406
95.218
100.151
98.729
99.718
98.816
100.714
99.289
99.982
99.184
99.936
99.274
101.654
97.914
98.199
94.207
97.801
98.511
97.575
97.211
98.582
98.519
97.29
98.165
97.97
97.88
97.601
97.974
99.105
96.85
97.943
98.158
99.809
95.225
100.162
99.541
98.575
100.185
99.297
100.906
98.255
100.038
99.402
100.072
105.191
95.583
100.177
97.639
98.737
93.391
98.169
97.977
97.944
98.064
97.879
97.399
98.361
97.398
98.568
97.338
98.2
97.928
98.169
98.128
97.88
97.816
99.872
95.974
103.312
95.304
98.538
99.71
99.865
98.661
101.955
99.609
100.312
99.564
100.049
99.451
100.038
99.184
99.959
101.425
97.759
98.85
93.424
98.234
98.229
97.71
98.587
97.744
98.207
98.496
97.32
97.473
98.433
97.327
98.169
102.184
93.816
98.286
98.778
98.944
94.815
100.895
97.993
99.894
99.29
99.44
100.079
100
99.473
99.271
99.466
101.169
98.35
98.105
108.256
91.782
93.274
98.229
97.651
98.128
98.184
97.831
98.312
98.071
96.823
98.072
97.225
98.034
98.064
97.989
100.872
96.011
98.76
99.789
95.88
98.609
101.233
97.959
99.368
99.162
99.879
99.399
100.977
98.057
98.549
94.034
98.135
97.451
98.797
97.835
97.932
97.665
97.85
97.846
97.962
98.414
98.082
97.429
98.248
97.801
97.955
98.124
99.586
95.327
99.136
99.409
99.11
100.586
99.214
100.106
99.255
101.136
99
99.36
99.73
100.902
97.929
99.206
92.722
99.256
97.184
98.545
97.421
98.305
97.624
97.97
97.304
97.895
98.41
98.06
97.361
98.143
97.954
97.752
98.448
99.455
95.954
99.422
99.594
99.037
103.226
96.071
101.008
98.424
100.512
98.785
100.256
99.421
101.827
97.335
98.913
93.271
98.466
97.91
97.887
97.354
98.225
101.263
96.421
97.921
97.955
98.192
97.492
98.568
97.714
98.211
98.124
97.883
98.279
99.297
97.383
97.801
99.357
99.098
99.688
99.894
99.384
99.688
99.304
101.425
99.154
100.294
99.665
100.944
98.071
98.184
93.688
98.335
97.737
98.721
97.128
98.342
97.2
98.112
98.779
96.688
98.101
98.177
97.808
98.338
97.421
97.895
98.451
99.617
95.974
99.041
99.68
98.497
102.59
96.823
100.451
99.079
102.015
99.44
100.143
99.195
99.373
99.387
101.646
97.673
99.2
93.838
97.842
100.342
97.53
97.887
97.673
98.553
97.214
97.711
98.203
97.477
98.008
97.992
98.594
96.993
98.477
97.948
98.315
99.7
95.47
100.304
98.455
98.545
100.184
99.32
99.594
100.15
99.128
101.872
97.993
99.488
92.741
99.372
97.519
98.192
97.639
98.631
100.256
96.553
98
98.041
96.519
97.977
98.327
97.481
98.079
97.647
97.936
97.553
98.68
95.951
99.816
97.955
105.549
101.282
101.541
100.906
99.128
100.97
100.605
98.914
95.079
100.233
98.895
98.906
99.8
99.094
100.519
99.899
99.488
99.839
99.319
101.218
97.647
98.594
99.94
93.737
97.586
98.951
97.538
98.206
98.031
97.304
97.519
99.402
97.88
96.545
98.639
99.015
96.887
98.703
97.594
99.418
98.319
95.808
99.553
99.733
97.88
100.5
99.782
99.639
99.68
99.305
99.383
101.711
97.936
98.707
93.631
97.809
98.312
97.597
97.763
98.421
98.41
98.192
97.511
97.993
97.801
96.992
98.079
97.801
98.383
97.921
98.237
99.65
95.809
99.541
100.338
98.113
99.342
99.594
99.944
99.669
99.68
98.963
100.293
101.177
98.113
93.864
98.929
97.816
98.101
97.635
98.008
97.229
98.73
97.064
97.894
98.083
98.647
97.383
98.256
97.338
98.045
97.714
98.44
99.568
95.902
99.985
98.545
99.023
99.68
100.936
99.617
99.718
99.624
99.602
99.233
100.229
99.714
101.207
98.481
98.057
93.981
97.748
98.131
97.651
98.504
98.176
97.895
97.087
97.891
98.736
97.925
96.906
97.944
98.255
97.899
97.951
100.165
94.963
99.244
98.275
100.872
97.47
100.883
99.166
99.759
98.993
100.071
100.921
98.12
98.73
94.304
97.534
98.65
97.489
98.158
97.538
97.447
97.838
98.072
97.815
97.88
98.369
103.105
96.402
98.436
97.53
97.782
98.515
97.628
100.233
95.391
102.474
96.395
98.379
99.297
99.944
99.267
101.477
99.673
99.823
99.249
99.736
101.2
98.891
97.876
94.048
110.643
86.534
96.887
97.978
98.432
97.271
98.432
97.504
98.97
96.665
98.763
97.305
98.586
97.249
98.206
100.29
98.03
100.849
99.824
99.823
101.369
98.184
101.793
97.868
96.26
98.47
99.722
97.695
100.177
99.368
99
100.038
100.928
98.545
97.952
93.793
97.928
97.831
97.981
98.29
97.658
98.376
97.62
97.113
98.323
97.816
98.789
97.267
97.925
98.041
98.568
102.978
92.278
99.616
97.305
100.233
98.428
101.019
98.936
99.91
99.241
99.537
100.312
99.737
101.166
98.048
98.519
93.745
98.218
97.887
98.289
97.489
98.575
97.215
98.687
97.087
98.466
97.583
97.752
98.135
98.568
97.955
98
98.616
99.47
100.44
99.71
100.091
100.105
100.056
101.357
98.568
100.361
99.32
100.184
99.575
100.872
99.079
100.226
99.985
99.951
100.601
97.534
97.346
98.447
100.2
101.297
98.015
98.921
99.902
100.128
99.323
99.647
100.462
99.177
101.019
99.868
99.56
99.56
99.147
101.68
97.959
98.609
93.617
98.172
97.576
98.146
98.03
97.497
97.921
98.015
97.763
97.477
98.354
97.477
97.85
99.928
101.113
97.399
99.094
96.785
100.327
101.545
94.737
98.256
99.752
98.665
97.677
101.771
98.654
100.071
99.188
100.207
99.071
101.44
98.023
98.199
94.489
97.297
98.417
98.534
97.47
98.098
98.056
101.601
1103.96
94.978
98.924
96.899
98.624
96.662
99.409
96.775
102.191
96.305
97.571
97.512
103.733
96.601
96.921
100.711
99.53
99.639
100.305
95.15
99.383
99.369
96.015
97.353
102.598
96.297
95.154
97.29
98.582
101.951
93.087
98.282
97.567
97.865
98.32
98.327
97.432
99.199
96.632
98.665
97.816
97.929
97.879
98.17
99.142
96.531
99
99.797
98.056
99.338
98.534
94.703
97.85
97.831
98.071
97.752
97.977
98.241
97.695
98.482
98.063
97.782
98.391
97.929
97.842
98.177
97.759
98.015
98.199
97.85
100.944
95.639
99.609
98.447
100.057
97.473
96.015
96.279
99.139
96.364
99.282
96.782
98.553
97.695
97.872
98.282
97.752
98.094
98.162
97.902
98.402
97.839
98.447
97.729
97.914
99.575
96.767
98.673
99.44
98.425
99.255
98.35
94.996
97.805
97.12
98.218
99.094
97.346
98.342
97.936
97.816
97.928
97.929
99.12
96.613
98.466
97.906
98.271
97.974
98.721
96.907
98.853
97.759
99.715
98.278
99.808
97.914
94.751
97.512
98.022
99.147
97.357
97.323
97.91
98.034
97.902
98.233
97.527
98.248
97.831
97.834
97.985
98.072
97.887
98.395
97.789
100.489
96.327
98.801
98.857
98.83
98.489
95.102
97.056
97.643
97.974
98.609
97.334
97.809
98.142
98.027
97.71
98.767
96.921
99.241
96.985
97.861
98.049
98.063
97.384
99.793
96.568
99.27
98.241
100.729
97.583
94.906
97.673
97.481
98.151
97.894
97.858
98.398
97.951
98.034
98.079
98.098
98.086
97.696
98.146
97.613
97.891
98.286
97.665
98.199
99.32
96.545
102.59
95.29
100.349
98.282
99.049
94.263
97.696
96.865
99.39
96.737
98.384
97.951
97.977
97.809
98.105
97.91
98.169
97.545
98.15
98.143
98.305
111.8
92.688
96.162
99.598
99.12
97.714
97.271
99.639
98.305
100.263
99.346
104.68
133.677
96.417
101.519
97.049
98.071
97.594
97.669
97.482
99.77
95.527
99.928
96.102
98.643
97.823
98.015
97.887
99.113
99.834
95.846
98.515
100.203
98.666
100.056
99.666
99.808
99.541
99.579
99.816
99.977
99.959
99.752
100.086
100.771
98.485
97.872
94.865
97.162
98.421
97.695
99.259
96.166
99.169
96.985
97.959
97.455
98.255
97.699
98.79
97.398
97.989
98.267
98.346
99.729
95.613
99.09
99.857
97.967
100.36
98.952
100.041
100.184
99.128
101.838
97.162
98.782
94.376
97.936
98.44
97.368
97.617
100.864
96.29
97.989
98.127
97.681
96.985
99.015
97.049
100.082
95.91
98.745
97.082
100.117
99.128
95.68
98.906
99.496
98.831
100.038
100.12
100.019
100.214
99.53
99.989
99.316
99.131
100.38
101.184
98.245
98.082
94.568
98.233
101.406
101.072
96.631
98.793
97.568
99.09
96.414
98.146
96.775
99.12
97.169
98.312
97.564
98.361
97.53
97.801
97.925
98.616
100.091
95.255
100.511
98.271
99.256
99.353
99.729
99.839
99.489
99.454
101.745
97.383
94.914
97.161
97.831
97.647
97.928
97.504
102.147
93.876
98.098
97.518
98.602
101.902
333.199
98.794
95.985
97.169
98.173
97.928
98.177
98.064
98.034
97.838
97.887
98.361
97.786
98.12
97.981
97.651
97.752
98.838
96.906
98.455
97.616
98.391
97.339
99.124
97.011
99.165
96.474
98.609
97.12
98.895
97.256
98.413
97.515
97.839
97.879
98.027
97.68
98.087
97.417
98.184
97.534
98.064
98.056
97.88
98.218
97.485
98.545
97.56
98.049
98.094
98.041
97.527
97.522
99.049
97.35
97.898
97.989
97.759
102.459
94.511
97.448
97.673
98.759
97.511
97.944
96.97
99.887
96.474
99.255
96.094
98.467
97.59
98.255
97.937
98.184
97.951
97.466
97.786
97.936
98.406
98.007
97.512
97.951
97.616
98.098
98.023
97.721
98.455
97.263
98.211
97.853
97.929
97.786
98.045
97.552
97.963
97.654
98.218
97.489
98.165
98.034
97.647
98.304
97.936
97.839
101.567
94.079
98.466
97.312
98.73
97.518
98.215
97.12
99.154
96.47
98.963
96.853
98.635
97.222
98.594
97.278
97.936
98.256
97.936

------------------------------------------------------------------------------------------------------------------------------------------------
max val(#9502) = 1103.96us
min val(#7716) = 81.24us
peak-to-peak = 1022.72us
mean +- RMS = 98.77 +- 11.10 us

packet size: 516
number of packets: 10000
RATE = 41794.97kbps, PPS = 10124.8
