Destination address set to 01:1B:19:00:00:00
Defaults: 01:1B:19:00:00:00 or 01:80:C2:00:00:0E
SIOCSHWTSTAMP: tx_type 1 requested, got 1; rx_filter 0 requested, got 0
setting ts_flags: 0x53
new ts_flags: 0x53


gap of hw tx time, us: packets 10000:
------------------------------------------------------------------------------------------------------------------------------------------------
0
174.08
235.444
192.399
218.958
235.198
188.881
222.402
236.24
184.561
226.478
235.281
181.681
230.398
237.12
175.839
234.402
234.24
178.08
235.281
189.599
222
234.559
216
259.199
172.801
216
216.001
215.999
216
216
216
216
216
172.802
216
216
259.198
216
216
172.802
216
216
259.198
216
216
216
216
216
216
216
216
216
216
216
216
216
216
216
216
172.801
172.801
216
216
216
216
215.997
216.003
259.199
172.798
216.003
216
215.997
216.003
216
215.996
259.204
215.999
216
216
216
172.8
216
216
259.2
216
216
216
129.598
259.199
172.805
215.996
216
216.004
259.198
215.997
216
172.801
216
216.004
259.195
216.003
215.997
172.804
215.996
259.203
216
216
216
172.798
216
216.004
215.999
215.996
216.001
215.999
216
172.802
216
216
216
216
216
216
216
216
215.999
216.001
216
216
216
216
216
215.999
216
216.001
216
216
216.004
215.996
216
216
172.801
216
216
216
216
216
216
216
215.999
216.001
216
216
216
216
216
216
216
216
216
216
216
216
216
216
216
215.999
216
172.802
216
216
216
216
216
216
216
216
216
216
216
215.999
216.001
216
216
216
216
216
216
216
216
216
216
216
216
216
172.8
216
216
216
216
234.237
216
216
216.004
215.996
216
216.004
215.996
216
201.921
216
216
216
216
216
216
216
216
216
172.801
216
216
216
216
216
216
216
216
216
215.999
216
216.001
215.999
216.001
215.999
216.001
216
216
216
216
215.999
216.001
216
216
216
216
172.801
216
216
216
216
216
216
216
216
215.999
216
216.001
215.999
216
216.001
216
216
216
215.996
216.004
216
216
216
216
216
216
216
172.8
215.997
216.003
215.997
216.003
216
216
216
216
216
215.996
216.003
216
216.001
216
216
215.997
216.003
216
216
215.997
216
216.003
215.997
216
216.003
216
172.797
216
216
216
216
216.004
215.996
215.999
216.001
215.999
216.001
216.004
215.996
216
216
216
216
216
216.004
215.996
216
216
216
216
216
216
216
172.801
216
216
216
216
216
216
216
215.999
216
216.001
216
216
215.999
216.001
216
216
216
216
216
216
216
216
216
216
216
216
172.801
216
216
216
216
216
216
216
215.999
216
216
216
216
216.001
215.999
216
216.001
216
216
215.999
216.001
216
216
216
216
216
216
172.801
216
215.996
216.004
216
216
216
216
215.999
216
216.001
216
216
215.999
216.001
216
216
216
216
216
216
216
216
216
216
216
216
172.797
216.003
215.997
216
216
216.003
216
215.996
216.001
216
216
216
216.002
215.997
216.004
216
216
215.997
216.003
216
216
215.997
216.003
216
215.997
216.003
216
172.797
216
216
216
216
216
216
216
216
216.004
215.996
216.004
215.995
216
216.001
216
216
216
216
216
216
216
216
216
216
216
216
172.801
216
216
216
216
216
216
216
216
216
216
216
216
216
216
216
216
216
216
216
216
216
216
216
216
216
216
172.801
216
216
216
216
216
216
216
215.999
216
216.001
216
216
215.999
216.001
215.999
216.001
216
216
216
216
216
216
216
216
216
216
172.801
216
216
216
216
216
216
216
216
216
216
215.996
216.004
216
216
216
215.999
216.001
216
216
216
216
216
216
216
216
216
172.8
216
215.997
216.003
215.997
216.003
215.997
216.003
216
215.999
215.997
216.003
216.001
215.999
216.001
216
216
216
216
215.997
216
216
216
216.003
215.997
216.003
215.997
172.8
216
216
216
216
216
216
216
215.999
216
216.004
215.997
216
216
216
216
216
216.004
215.996
216
216
216
216
216.004
215.996
216.004
215.996
172.801
216
216
216
216
216
216
216
216
216
215.999
216
216.001
216
215.999
216.001
216
216
216
216
216
216
216
216
216
216
216
172.801
216
216
216
216
216
216
216
216
215.999
216.001
215.999
216
216.001
216
216
216
216
216
216
216
216
216
216
216
216
216
172.801
215.999
216.001
216
216
216
216
215.999
216
216
216
216.001
216
215.999
216.001
216
216
215.996
216.004
216
216
216
216
216
216
216
216
172.8
216
216
216
216
216
216
215.997
216
216.002
215.998
216
215.999
216.001
216.003
216
216
216
215.997
216.002
215.998
216.003
216
216
215.997
216.003
216
172.797
216.004
216
215.996
216
216.004
215.996
215.999
216
216.001
215.999
216.001
216
215.999
216.005
215.996
216
216
216
216
216
216
216
216
216
216
216
172.801
216
216
216
216
216
216
215.999
216
216
216.001
216
216
216
215.999
216.001
216
216
216
216
216
216
216
216
216
216
216
172.801
216
216
216
216
216
216
216
215.999
216
216
216.001
215.999
216
216.001
216
216
216
216
216
216
216
216
216
216
216
216
172.801
216
216
216
216
216
216
215.999
216.001
215.999
216.001
215.999
216.001
216
216
216
216
216
216
216
216
216
216
216
216
216
216
172.797
216.003
215.997
216.003
215.997
216.003
215.997
216.002
216.001
215.999
216.001
215.997
216.003
215.997
216
215.999
216.001
216
216.003
215.997
216
216.003
216
215.997
216
216
216.003
172.797
216
216
216
216
216
216
216
216
216
215.999
216.001
215.999
216
216.001
216
215.999
216.005
215.996
216
216
216.004
215.996
216
216
216
216
172.801
216
215.999
216.001
216
216
216
216
215.999
216
216
216
216.001
215.999
216.001
216
216
216
216
216
216
216
216
216
216
216
216
172.801
216
216
216
216
216
216
216
215.999
216.001
215.999
216
216
216
216.001
216
216
216
216
216
216
216
216
216
216
216
216
172.801
216
216
216
216
216
216
216
216
216
215.999
216
216.001
215.999
216
216.001
216
216
216
216
216
216
215.996
216.004
216
216
216
172.8
215.997
216.003
216
215.997
216.003
216
216
215.999
215.998
216
216.003
215.996
216.003
215.998
216.002
215.998
216
216
216
216.003
215.997
216.003
216
215.997
216.003
216
172.797
216
216
216.004
215.996
216.004
215.996
216
216
216
216.004
215.996
215.999
216
216.001
216
215.999
216.005
215.996
216
216
216
216
216
216
216.004
216
172.797
216
216
216
216
216
216
216
215.999
216
216
216.001
215.999
216.001
216
216
216
216
216
216
216
216
216
216
216
216
216
172.801
216
216
216
216
216
216
216
216
216
216
215.999
216.001
215.999
216.001
215.999
216.001
216
216
216
216
216
216
216
216
216
216
172.801
216
216
216
216
215.996
216.004
216
215.999
216.001
216
215.999
216.001
216
216
215.996
216.004
216
215.999
216.001
216
216
216
216
216
216
216
172.801
215.996
216.004
216
216
215.996
216
216.004
216
215.999
216
216.001
215.999
216
216.001
216
216
216
216
216
215.996
215.999
216.004
215.996
216.004
216
216.001
172.795
216.002
216
216
216
216
216
216
216.003
215.996
216.001
215.999
216
216.001
216
216
216.003
216
215.997
216
216
216
216
216
216.003
215.997
216
259.198
129.602
216
216
216
216
216
215.999
216.001
215.999
216.001
215.999
216.001
216
216
216
216
216
216
216
216
216
216
216
216
216
216
172.801
216
216
216
216
216
216
216
216
215.999
216
216.001
215.999
216
216.001
215.999
216.001
216
216
216
216
216
216
216
216
216
216
172.801
216
216
216
216
216
216
216
216
216
215.999
216.001
216
216
216
216
216
216
216
216
216
216
216
215.996
216.004
216
216
172.797
216.004
216
216
215.996
216
216.004
215.999
216
215.996
216.001
215.999
216.005
215.996
216
216
216
216
216
216
216.004
216
216
215.996
216.004
215.996
216.004
172.797
216
216
216
216
216
216.003
215.997
215.999
216
216.001
216
216
216
216
216
216
216
216
216
216
216
216.003
215.997
216.003
215.997
216
172.8
216
216
216
216
216
216
216
216
215.999
216.001
215.999
216.001
216
216
216
216
216
216
216
216.004
215.996
216
216
216
216
216
259.199
129.602
216
216
216
216
216
215.999
216
216.001
215.999
216.001
216
216
216
216
216
216
215.999
216.001
216
216
216
216
216
216
216
172.801
216
216
216
216
216
216
215.999
216
216.001
215.999
216
216.001
216
216
216
216
215.999
216.001
216
216
216
216
216
216
216
216
172.801
216
215.996
216
216.004
216
216
215.996
216.003
216
215.997
216.003
216.001
215.995
216.005
216
216
216
216
215.996
216
216
216
216.004
216
216
215.996
172.801
216
216
216
216
216
245.12
216
216
172.801
216
216
216
216
216
216
216
216
216
216
215.999
216
216
216
216.001
215.999
216.001
216
216
216
216
216
216
216
216
216
172.8
216
216
216
216
216
216
216
216
215.999
216.001
215.999
216
216
216.001
216
216
216
216
216
216
216
216
216
216
216
216
172.801
216
216
216
216
216
216
216
215.999
216
216
215.997
216.003
215.997
216.004
216
216
216
216
216
216
216
216
216
216
216
216
172.797
216
216
216
216
216.004
216
215.996
216.004
215.996
216.004
216
215.995
216.005
215.996
216
216.003
216.001
215.996
216.004
215.996
216.004
215.996
216
216
216
216
172.801
216
216
216.004
215.996
216
216
216
216
216
215.999
216.001
215.999
216
216.001
215.999
216.001
216
216
216
216
216
216
216
216
216
216
172.801
216
216
216
216
216
216
216
215.999
216
216
216.001
215.999
216.001
216
215.999
216.001
216
216
216
216
216
216
216
216
216
216
172.8
216
216
216
216
216
216
216
216
216
216
216
215.999
216
216.001
216
216
216
216
216
216
216
216
216
216
216
216
172.801
216
216
216
216
216
216
216
215.999
216.001
215.999
216
216.001
215.995
216.005
216
215.999
216.001
216
216
216
216
216
215.996
216.004
216
216
172.801
216
215.996
216
216
216
216
216.003
215.996
216
216.005
215.999
216.001
216
215.996
215.999
216.005
215.996
216.004
215.996
216
216
216.004
216
215.996
216.004
216
172.797
216
216
216
216
216
216
215.999
216.001
216
216.003
215.997
215.999
216
216.001
215.999
216.001
216
216
216
216
216
216
216
216
216
216
172.801
216
216
216
216
216
216
216
215.999
216
216.001
216
216
216
216
216
216
216
216
216
216
216
216
216
216
216
216
172.8
216
216
216
216
216
216
216
215.999
216
216.001
215.999
216.001
216
216
216
216
216
216
216
216
216
216
216
216
216
216
259.199
129.602
216
216
216
216
216
216
216
215.995
216
216.004
216
215.996
216.005
216
215.999
216.001
216
216
216
216
216
215.996
216.004
216
216
172.797
216.004
215.996
216
216
216.004
216
215.996
215.999
216
216.005
215.996
216.004
201.755
216.004
216
216
215.999
216
216.001
216
216
215.999
216.001
215.996
216
216.004
215.996
216.004
216
216
215.997
216
216.003
216
216
172.797
216
216
216
216
216
216
216.004
215.996
216
216
215.999
216.001
216
216
216
216
216
216.004
215.996
216
216.004
215.996
216
216
216
216
172.801
216
216
216
216
216
216
216
216
216
216
216
215.999
216
216.001
216
216
216
216
216
216
216
216
216
216
216
216
172.801
216
216
216
216
216
216
216
215.999
216.001
215.999
216
216.001
215.999
216.001
216
216
216
216
216
216
216
216
216
216
216
216
172.801
216
216
216
216
216
216
216
216
216
215.999
216
216.001
215.999
216.001
216
216
216
216
216
216
216
216
216
216
216
216
172.8
215.997
216
216.003
216
215.997
216.003
215.997
216.003
216
216
216
215.999
215.998
216.002
216.001
216
216
216
215.997
216.003
215.997
216.003
216
216
215.997
216.003
172.797
216
216
216.004
216
215.996
216
216.004
215.996
215.999
216.001
216
215.999
216.001
216
216.003
215.997
216
216
216
216
216
216
216.004
216
215.996
216
172.801
216
216
216
216
216
216
216
216
216
215.999
216
216.001
216
216
216
216
216
216
216
216.004
215.996
216
216
216
216
216
172.801
216
216
216
216
216
216
216
216
216
216
216
216
216
216
216
216
216
216
215.999
216.001
216
216
216
216
216
216
172.801
216
216
216
216
216
216
216
216
216
215.999
216.001
216
216
216
216
216
216
216
216
216
216
216
216
216
216
216
172.8
216
216
216
216
215.997
216.003
216
215.999
216
216
216.001
215.997
216.003
215.999
216.001
216
215.997
216.003
216
215.997
216.003
216
216
216
216
216
172.797
216
216
216
216
216
216
215.999
216.001
216.003
215.996
216.001
216.003
215.996
216.001
215.999
216.005
215.996
216
216
216
216.004
216
215.996
216
216
215.999
172.802
216
216
216
216
216
216
215.999
216
216.005
215.996
215.999
216.001
216
216
216
216
216
216
216
216
216
216
216
216
216
216
172.801
216
216
216
216
216
216
215.999
216
216
216.001
215.999
216.001
216
216
216
216
216
216
216
216
216
216
216
216
216
216
172.801
216
215.996
216.004
216
216
216
216
216
216
215.999
216.001
216
215.999
216
216.001
216
215.996
216.004
216
216
216
216
216
216
216
216
172.8
216
215.997
216.003
215.997
216
216.003
216
216
215.997
216.002
216
215.998
216.003
216
216
215.997
216.003
216
216
216
216
216
216
216
216
216
172.801
216
215.996
216.004
215.996
216
216
215.999
216
216.005
215.995
216.001
216
216
216
216
216.004
216
215.996
216
216
216
216
216
216.004
216
215.996
172.801
216
216
216
216
216
216
215.999
216.001
215.999
216
216.001
216
215.999
216.001
216
216
216
216
215.999
216.005
215.996
216
216
216
216
216
172.801
216
216
216
216
216
216
216
215.999
216
216.001
215.999
216
216
216.001
216
216
216.004
215.996
216
216
216
216
216
216
216
216
172.801
216
216
215.999
216.001
216
216
216
215.999
216.001
216
215.999
216.001
216
216
216
216
216
216
216
216
216
216
216
216
216
216
259.198
129.602
216
216
215.997
216
216.003
215.997
216.002
216.001
216
216
215.997
216.002
216.001
216
216
216
216
216
216
216
216
216
216
216
215.997
172.8
216
216.004
215.996
216
216
216
216.004
216
216
215.996
215.999
216.001
215.999
216.001
216
216
216
215.999
216.001
216
216
216
216
216
216
216
172.801
216
216
216
216
216
216
216
215.999
216
216
216.001
215.999
216.001
216
216
216
216
216
216
216
216.004
215.996
216
216
216
216
172.801
216
216
216
216
216
216
216
216
215.999
216.001
216
215.999
216.001
215.999
216.001
216
215.999
216.001
216
216
216
216
216
216
216
216
172.801
216
216
216
216
216
216
216
216
216
215.999
216.001
215.999
216
216.001
216
215.999
216.001
216
216
216
216
216
216
216
216
216
172.8
216
216
216
216
216
216
216
215.999
216.001
215.999
216
216.001
216
216
216
216
216
216
216
216
216
216
215.997
216.003
216
215.997
259.202
129.598
216
216
216
216
216.004
215.996
216.003
216
216
215.996
216.004
215.997
216
216
216
216
216
216
216
216
216
216
216
216.004
216
172.797
216
216
216
216
216
216
216
215.999
216.001
216
215.999
216.001
215.999
216.001
215.999
216.001
216
216
216
215.999
216.001
216.003
215.996
216.001
216
216
172.801
216
216
216
216
216
216
216
216
215.999
216
216
216.001
215.999
216.001
215.999
216.001
216
216
216
216
216
216
216
216
216
216
172.801
216
216
216
216
216
216
216
215.999
216
216.001
216
216
216
215.999
215.997
216.004
216
215.999
216.001
216
216
216
216
216
216
216
172.8
216
215.997
216.003
215.997
216
216
216.003
216
215.997
216.002
216.001
201.918
216
216
216
216
215.999
216
216
216
216.001
216
216
216
216
216
216
216
216
216.003
215.997
216
216
216
216
172.8
216
216
216
216
216
215.999
216
216.001
215.999
216.001
216
216.003
215.997
216
216
216
216
216
216
216
216
216
216
216
216
216
172.801
216
216
216
216
216
216
216
216
215.999
216
216.001
215.999
216.001
216
216
215.999
216.001
216
215.999
216.001
216
216
216
216
216
216
172.801
216
216
216
216
216
216
216
215.999
216
215.996
216.005
216
215.999
216.001
216
216
216
216
216
216
216
216
216
216
216
216
172.801
216
215.996
216
216.004
215.996
216
216.004
215.999
215.996
216.005
216
215.999
215.997
216
216.004
216
216
216
215.996
216
216
216
216
216
216.004
216
172.8
215.997
216
216
216
216
216
216
216
215.999
216
216.001
215.999
216.003
215.997
216.001
216.003
215.997
216
216
216
216
216.003
215.997
216
216
216
172.8
216
216
216
216
216
216
216
216
215.999
216
216
216.001
216
216
216
216
216
216
216
216
216
216
216
216
216
216
172.801
216
216
216
216
216
216
216
215.999
216.001
216
215.999
216.001
215.999
216.001
216
216
216
216
216
216
216
216
216
216
216
216
172.801
216
216
216
216
216
215.999
216.001
215.999
216.001
216
216
216
215.999
216
215.996
216.005
216
216
216
216
216
216
216
216
216
216
172.801
216
215.996
216.004
216
215.996
216
216
216.004
216
215.995
216.005
216
215.999
215.997
216.003
216.001
215.999
216.001
215.996
216
216.004
215.996
216.004
215.996
216.004
216
172.797
216
216.003
215.997
216
216
216
216
216
216
215.999
216.001
215.999
216.001
215.999
216.001
216.003
215.997
216
216
216
216
216
216
216
216
216.003
259.199
129.598
216
216
216
216
216
215.999
216
216.001
216
216
215.999
216.001
216
215.999
216.001
216
216
216
216
216
216
216
216
216
216
172.801
216
216
216
216
216
216
216
216
216
216
215.999
216.001
215.999
216.001
216
215.999
216.001
216
216
216
216
216
216
216
216
216
172.801
215.996
216.004
216
216
216
216
216
215.999
216
216
216.001
215.999
216.001
215.999
216.001
216
216
216
216
216
215.996
216.004
216
216
216
216
172.797
216
216.004
215.996
216.004
216
216
216
215.995
216.001
215.999
216.001
216.003
216.001
215.996
216.004
216
215.996
216.004
216
216
215.996
216.004
216
216
216
216
172.797
216
216
216
216
216
216
216
216.003
215.996
216.001
215.999
216.001
216.002
215.997
216.001
216
216
216
216
216
216.003
215.997
216
216
216
216
172.8
216
216
216
216
216
216
216
215.999
216.001
216
216
215.999
216.001
216
216
216
216
216
216
216
216
216
216
216
216
216
259.199
216
129.602
216
228.639
216
216
216
215.999
216.001
216
216
216
216
216
216
216
216
216
172.801
216
216
216
216
216
216
216
216
215.999
216.001
216
216
215.999
216.001
216
216
216
216
216
216
216
216
216
216
216
216
172.801
216
216
216
216
216
216
215.999
216
216.001
216
215.999
216.001
215.999
216.001
216
216
216
216
215.996
216.004
216
216
216
216
216
216
172.801
216
215.996
216.004
216
215.996
216.004
215.999
216
215.996
216.001
216.003
216.001
215.999
216.001
216
216
215.996
216.004
216
216
216
215.996
216.004
215.996
216.004
216
172.797
216
216
216
216
216
216
216
216
215.999
216.001
216.003
215.996
216
216
216.001
216
216.003
215.996
216.004
215.997
216
216
216.003
215.997
216
216.003
172.797
216
216
216
216
216
216
215.999
216.001
215.999
216
216.001
216
215.999
216.001
216
216
216
215.999
216.001
216
216
216
216
216
216
216
172.801
216
216
216
216
216
216
215.999
216.001
216
216
216
215.999
216.001
216
216
215.999
216.001
216
216
216
216
216
216
216
216
216
172.801
216
216
216
216
216
216
216
216
215.999
216.001
216
215.999
216
216
216.001
216
216
216
216
216
216
216
216
216
216
216
172.797
216.004
215.996
216.003
215.997
216.004
216
216
216
215.996
215.999
216.005
216
215.999
215.997
216.004
216
216
216
216
216
216
216
216
215.996
216
216
172.801
216.003
215.997
216
216
216
216
216
216
216
216
215.999
216.004
215.996
216.001
216
216
216
215.999
216.001
216.003
215.997
216
216.003
215.997
216
216
172.8
216
216
216
216
216
216
216
216
216
215.999
216
216.001
215.999
216
216
216.001
216
216
216
216
216
216
216
216
216
216
172.801
216
216
216
216
216
216
216
216
215.999
216
216.001
215.999
216.001
216
215.999
216.001
216
216
216
216
216
216
216
216
216
216
172.801
216
216
216
216
216
216
216
216
216
216
216
215.995
216.004
216.001
216
216
216
216
216
216
216
216
216
216
216
216
172.797
216.004
216
216
216
216
216
216
215.995
216
216
216.005
216
215.996
216
216.004
216
215.996
216.004
215.996
216.004
216
216
216
216
216
216
172.797
216
216
216
216
216
216.003
215.997
216
216
215.999
216
216.001
216.002
215.998
216.003
215.997
216
216.003
215.997
216
216
216
216
216
216
216.003
172.797
216
216
216
216
216
216
216
215.999
216.004
215.997
215.999
216.001
216
216
215.999
216.001
216
216
216
216
216
216
216
216
216
216
172.801
216
216
216
216
216
216
216
215.999
216
216.001
215.999
216
216.001
216
215.999
216.001
216
216
216
216
216
216
190.88
215.999
216.001
215.999
216
216.001
216
215.999
216.001
216
216
216
191.361
216
216
215.999
216
216
216.001
215.999
216.001
215.999
216.001
216
216
216
216
216
216
216
216
216
216
216
216
172.8
216
216
216
216
215.997
216.002
216.001
215.999
216
216.001
216
216
216
216
216
216
216
216
216
216
216
215.997
216.003
216
215.997
216.003
172.801
302.398
129.602
216
215.996
216.004
215.996
216
216.004
215.995
216
216.001
216.004
215.995
216.005
215.996
216.004
216
215.996
216.004
215.996
216.004
215.996
216
216
216
216.004
172.797
216
216
216
216
216
216
216
215.999
216
216
216.001
216
216
215.999
216.001
216
216
216
216
216
216
216
216
216
216
216
172.801
216
216
216
216
216
216
215.999
216
216.001
215.999
216
216.001
216
216
216
216
216
216
216
216
216
216
216
216
216
216
172.801
216
215.996
216.004
216
216
216
216
216
215.999
216.001
216
215.999
216.001
216
215.999
216.001
216
216
216
216
216
216
216
216
215.996
216.004
172.797
216.003
216
216
216
216
216
216
215.996
216.003
216.001
216
215.999
215.998
216.002
216.001
216
216
216
216
215.997
216.003
216
216
216
215.997
216.003
172.797
216
216
216.004
216
216
215.996
216.004
215.996
216
215.999
216.004
215.996
216.001
216.004
215.996
216
216
216
216
216
216.004
215.996
216
216
216
216
172.801
302.398
129.602
216
216
216
216
216
216
216.004
215.996
215.999
216.001
215.999
216.001
216
215.999
216.001
216
216
216
216
216
216
216
216
216
172.801
216
216
216
216
216
216
216
215.999
216
216
216.001
216
215.999
216.001
216
216
216
216
216
216
216
216
216
216
216
216
172.801
216
216
216
216
216
216
216
216
216
215.999
216
216.001
216
215.999
216.001
216
216
216
216
216
216
216
216
216
216
216
172.8
215.997
216
216.003
216
216
216
216
216
215.996
216.003
227.039
216
216
216
216
216
216
216
216.004
172.797
216.004
215.996
216
216
216
216
216
215.999
216.001
215.999
216.001
215.999
216.001
216
216
215.999
216.001
216
216
216
216
216
216
216
216
216
172.801
216
216
216
216
216
216
216
216
216
215.999
216
216.001
215.999
216.001
216
216
215.999
216.001
216
216
216
216
216
216
216
216
172.8
215.997
216
216.003
216
216
216
216
216
216
216
216
215.999
216
216.001
216
216
216
216
216
216
216
216
216
216
216
216
172.797
216
216.004
216
215.996
216
216.004
215.996
216
216
216
215.999
216.001
216
216
216.004
215.996
216.004
215.996
216.004
215.996
216
216.004
215.996
216
216
216
172.801
216
216
216
216
216
216
216
216
215.999
216
216.001
216
216
216
216
216.004
215.996
216
216
216
216
216
216
216
216
216
172.801
216
216
216
216
216
216
216
216
216
216
215.999
216
216.001
216
216
216
216
216
216
216
215.999
216.001
216
216
216
216
172.801
216
216
216
216
216
216
215.999
216
216
216.001
215.999
216.001
216
216
216
216
216
216
216
216
216
216
216
216
216
215.999
172.801
216
215.997
216.003
216
216
215.997
216.003
216
215.997
216.002
216
216.001
215.999
216.001
216
216
216
216
216
216
216
216
216
216
216
216
172.797
216
216
216.004
215.996
216.004
216
215.995
216.005
215.996
216
216
215.999
216.001
216.004
215.996
216.004
216
216
216
215.996
216.004
215.996
216
216
216.004
216
172.797
216
216
216
216
216
216
215.999
216
216.001
216
216
216.004
215.996
215.999
216.001
216
216
216
216
216
216
215.999
216.001
216
216
216
172.801
216
216
216
216
216
216
216
215.999
216
216
216
216
216.001
215.999
216.001
216
216
216
216
216
216
216
216
216
216
216
172.801
216
216
216
216
216
216
216
216
215.999
216.001
216
216
216
216
216
216
216
216
216
216
216
216
216
216
216
216
172.8
215.997
216.003
216
216
216
216
216
216
216
216
215.999
216.001
216
216
216
216
216
216
215.997
216.003
216
216
216
216
216
216
172.801
216
215.996
216
216
216.004
216
215.996
216
216.004
215.996
216.003
215.996
216.001
216
216
216
216
216
216
216
216
216.004
216
216
216
215.996
259.202
129.599
216
216
216.004
215.996
216
216
216.003
215.997
215.999
216
216.001
215.999
216.001
216
216
216.004
215.996
216
216
216
216
216
216
216
216
172.801
216
216
216
216
216
216
216
216
216
216
216
216
215.999
216.001
216
216
216
216
216
216
216
216
216
216
216
216
172.801
216
216
216
216
216
216
216
216
215.999
216.001
215.999
216
216
216.001
216
216
216
216
216
216
216
216
216
216
216
216
172.8
216
215.997
216.003
216
216
215.997
216.003
216
215.999
216
216.001
216
215.996
216.004
216
215.997
216.003
216
216
216
216
215.997
216.003
216
216
216
172.797
216
216
216
216
216
216
216
215.999
216.001
215.999
216.004
215.996
216.001
216
216
216.004
216
215.996
216
216.004
215.996
216
216
216
216
216
172.801
216
216
216
216
216
216
216
216
216
216
215.999
216.001
215.999
216.005
215.996
215.999
216.001
216
216
216
216
216
216
216
216
216
172.801
216
216
216
216
216
216
216
215.999
216
216
216.001
215.999
216.001
216
216
216
216
216
216
216
216
216
216
216
216
216
172.801
216
216
216
216
216
216
216
216
215.999
216
216.001
215.999
216.001
216
216
215.999
216.001
215.999
216.001
216
216
216
215.999
216.001
216
216
172.8
216
216
216
216
216
216
215.997
216.002
216.001
216
216
215.999
216.001
216
215.999
216.001
215.997
216.003
216
216
216
216
216
216
216
215.997
172.804
215.996
215.999
216.001
216
216
216.004
215.996
216
215.999
216.001
216.004
215.996
215.999
216.005
216
216
215.996
216.004
215.996
216.004
215.996
216.004
216
216
216
215.996
172.801
216
216
216
216
216
216
216
216
215.999
216.001
216
215.999
216.001
215.999
216.001
216
216
216
216
216
216
216
216
216
216
216
172.801
216
216
216
216
216
216
216
216
215.999
216
216
216
216.001
216
216
216
216
216
216
216
216
216
216
216
216
216
172.801
216
216
216
216
216
216
215.999
216.001
215.999
216.001
215.999
216.001
216
216
216
216
216
216
216
216
216
216
216
216
216
216
172.8
216
216
215.997
216.003
216
215.997
216.003
216
215.997
216.002
216
216
216.001
215.997
216.003
216
215.999
216.001
216
216
216
215.997
216.003
216
216
216
172.801
215.996
216.004
216
215.996
216.004
215.996
216
215.999
216.004
216.001
215.996
215.999
216.001
216.004
215.996
216
216
216.004
216
215.996
216
216.004
216
215.996
216
216
172.801
216
216
216
216
216
216
216
215.999
216
216.001
215.999
216.001
216
216
216
216
216
216
216
216
216
216
216
216
216
216
172.801
216
216
216
216
216
216
216
216
216
216
216
215.999
216
216
216.001
216
216
216
216
216
216
216
216
216
216
216
172.801
216
216
216
216
216
216
215.996
216.004
216
215.999
215.996
216.005
216
216
216
216
216
216
216
216
216
216
216
216
216
216
172.8
216
215.997
216.003
216
216
216
216
215.999
216
216
216
215.998
216.002
216.001
216
216
216
216
216
216
216
216
216
215.997
216.003
216
172.797
302.402
129.598
216
216.004
215.996
216
216
215.999
216
216.001
216.004
215.995
216
216.005
215.995
216.001
216.004
215.996
216.004
215.996
216
216.004
216
216
215.996
216
172.801
216
216
216
216
216
216
216.004
215.996
216
215.999
216.001
216
215.999
216.001
215.999
216
216.001
216
216
216
216
216
216
216
216
216
172.801
216
216
216
216
216
216
216
216
216
215.999
216
216
216.001
216
216
216
216
216
216
216
216
216
216
216
216
216
172.801
216
216
216
216
216
216
216
215.999
216.001
215.999
216
216.001
216
215.999
216
216.001
216
215.999
216.001
216
215.996
216.004
216
216
216
216
172.8
216
216
216
216
216
216
215.997
216.003
216
216
215.999
215.998
216.003
216
215.999
215.998
216.003
216
216
216
216
216
216
216
215.997
216.003
172.801
215.996
216
216
216
216
216.004
216
216
215.999
215.996
216.001
215.999
216.001
216.004
216
215.995
216.001
216.004
216
215.996
216.004
215.996
216
216
216.004
215.996
172.801
216.004
215.996
216
216
216
216
215.999
216.001
215.999
216.001
216
215.999
216.001
216
216.004
215.996
216
216
216
216
216
216
216
216
216
216
172.801
216
216
216
216
216
216
216
216
216
215.999
216
216
216.001
216
216
216
216
216
216
216
216
216
216
216
216
216
172.801
216
216
216
216
216
216
215.999
216
216
216.001
215.999
216.001
216
216
216
216
216
216
216
216
216
216
216
216
216
216
172.8
216
216
215.997
216.003
216
216
216
215.999
216
215.998
216.002
216.001
215.999
216
216.001
216
216
216
216
216
215.997
216.003
215.997
216.003
216
216
172.797
216
216.004
216
216
215.996
216.004
215.996
215.999
216.005
215.999
215.997
216
216
216
216
216
216
216.004
215.996
216.004
215.996
216
216
216
216
216.004
172.797
216
216
216
216
216
216
215.999
216
216.001
216
215.999
216.001
216
216
216
216
216
216
216
215.999
216
216.001
216
216
216
216
172.801
216
216
216
216
216
216
216
216
215.999
216.001
215.999
216
216.001
216
215.999
216.001
216
216
215.999
216
216
216.001
215.999
216.001
215.999
216
172.802
216
216
216
216
216
216
216
216
216
216
216
216
216
216
216
215.999
216
216
216
216
216
216
216
216
216
216
172.801
215.997
216.003
216
216
216
215.997
216.003
216
216
216
216
216
234.236
216
216.005
172.797
216
216
216
216
216
216
216
216
216
216
216
216
216
216
215.999
216.001
216
215.999
216.001
216
215.999
216
216.001
215.999
216
216.001
172.801
216
216
216
216
216
216
216
216
216
216
216
216
216
216
215.999
216
216.001
215.999
216
216
216
216
216
216
216
216
172.801
216
216
216
216
216
216
216
216
216
216
225.439
191.682
226.398
216
216
215.999
216.001
215.999
216
216
216
216
216
216
216
216
216
172.802
222
205.602
214.477
214.323
214.478
214.319
214.481
214.32
218
234.241
190.958
221.361
234.717
187.122
222.003
238.157
183.043
228.56
237.198
177.441
232
235.679
176.08
235.598
235.202
176.399
235.281
188.96
223.12
235.278
184.801
226.639
235.12
181.444
230.399
198.398
216
232.32
235.6
176.719
236.721
189.043
222.56
233.596
187.043
225.357
235.281
182.719
227.282
234.397
181.362
229.76
235.6
177.922
234.32
235.198
177.042
234.319
191.039
221.199
235.119
186.881
225.041
235.04
183.122
228.56
235.597
179.042
232.079
235.522
177.519
234.477
234.962
177.121
234.958
188.561
223.282
234.8
185.121
227.038
235.119
181.043
230.477
235.841
177.118
234.564
235.517
176.08
235.041
190.561
221.519
235.198
186.482
225.12
235.361
187.677
226.962
235.439
176.96
234.56
235.6
176.163
234.796
189.761
223.281
234.24
185.678
226.323
235.037
181.843
229.838
235.439
177.922
233.602
235.596
176.163
235.44
191.278
221.523
234.799
186.798
224.481
235.518
183.201
228.8
234.883
179.52
232.879
235.12
176.32
234.56
235.92
176.881
233.037
190.482
222.56
235.597
185.042
226.959
235.281
180.959
232.162
231.439
179.602
231.997
235.521
176.321
235.679
234.959
176.403
235.277
189.043
222.639
236.239
184.558
226.481
235.36
181.922
229.278
235.439
177.681
234.162
235.518
176.482
235.356
190.482
220.801
235.679
186.72
224.879
235.281
183.043
229.037
235.04
179.122
232.398
235.439
178.084
233.597
235.518
176.644
235.12
188.399
223.44
235.119
184.64
227.042
235.837
183.283
230.639
234.559
176.96
235.601
191.279
220.319
236.241
186.643
224.236
235.12
183.843
227.921
235.439
179.839
231.12
236.078
176.4
234.722
235.517
177.204
235.92
188.238
222.643
235.037
185.52
225.921
235.841
181.441
230.24
234.954
178.005
234.079
234.721
177.038
235.12
191.042
221.199
235.282
186.718
224.481
235.439
183.279
228.56
235.68
178.96
232.323
237.115
173.765
241.999
226.958
176.482
235.357
191.204
220.477
235.92
186.802
224.319
235.041
183.839
228.481
235.12
179.598
231.842
235.439
176.558
235.202
235.199
176.881
235.521
188.558
222.8
237.36
183.043
226.797
235.6
180.802
232.398
232.962
177.839
234.079
235.281
176.561
235.356
190.723
221.278
235.202
186.719
225.2
235.438
182.562
229.041
235.758
199.76
216.004
233.518
176.4
235.04
189.682
222.481
235.115
185.603
226.079
235.119
182.001
229.681
235.28
178.238
233.602
235.356
176.644
234.398
192
220.639
235.202
187.359
223.921
235.6
183.682
228.56
235.36
179.279
232.237
235.123
176.478
235.282
234.958
176.482
235.518
189.121
222.722
234.796
185.681
226.56
235.041
181.599
231.842
234.239
177.122
233.68
234.236
175.764
235.277
235.121
176.482
235.277
189.362
222.158
235.36
185.681
225.842
235.356
182.001
230.241
235.277
177.685
233.918
235.198
176.723
235.277
190.881
221.12
234.721
187.362
224.24
237.198
181.761
228.718
234.961
179.52
232.32
235.36
176.158
235.041
236.161
176.242
235.277
188.64
222.88
235.198
185.122
227.203
234.957
181.283
230.079
235.439
177.441
237.12
191.677
220.564
234.796
187.843
223.598
235.438
184.163
227.44
235.439
180.32
231.681
235.198
176.482
235.282
235.439
176.4
234.957
189.764
222.478
235.281
185.437
226.244
235.037
181.922
230
235.518
178.482
233.12
236.157
175.441
235.44
191.041
220.639
235.041
187.519
224.722
234.638
183.84
228.481
234.878
179.844
232.398
234.879
176.561
234.959
233.6
176.001
235.36
191.441
220.722
235.356
187.121
224
234.958
184.241
227.842
236.556
178.805
231.76
235.356
176.32
235.68
235.041
176.64
234.962
189.441
222.958
234.559
185.682
226.481
235.518
181.2
230.162
235.439
177.598
233.921
235.439
176.723
235.356
190.561
221.282
234.958
186.963
225.038
236.559
181.603
228.797
235.6
178.802
232.958
234.721
176.479
246.48
181.362
222.639
234.721
185.839
226
235.277
181.922
229.361
235.999
177.843
233.839
234.957
176.644
235.117
234.638
177.121
237.203
185.681
224.319
235.037
183.843
229.598
233.438
180.163
232.399
234.799
176.483
235.12
234.957
176.881
235.202
189.358
222.399
235.442
185.362
226.316
235.119
181.765
230.079
235.198
178.08
234.481
234.717
176.561
235.282
190.801
218.88
234.796
189.523
222.399
234.961
185.839
226.079
235.041
182.08
229.921
235.198
178.084
233.357
235.679
176.482
235.597
190.885
220.639
234.878
187.678
224.722
234.322
184.159
228.162
235.596
179.441
232.162
235.679
176.238
235.12
234.883
176.798
235.36
188.963
223.038
234.476
185.686
226.477
235.601
181.121
230.639
235.277
177.283
240.879
228.879
176.08
242.8
183.362
224.56
234.638
184.001
227.361
235.12
180.719
230.883
235.837
176.64
235.121
236.559
175.042
235.037
190.084
222.157
235.601
185.441
225.519
235.36
182.32
229.598
235.202
178.399
233.842
234.958
176.881
234.639
191.68
220.801
234.879
187.52
224.161
235.36
183.761
228.236
235.123
182.4
229.361
196.8
216.001
234.079
235.517
176.404
235.517
188.881
221.44
233.758
188.005
224.955
233.762
184.479
227.522
235.36
180.321
231.676
235.68
176.644
234.638
235.037
176.561
235.522
189.52
223.12
234.638
185.362
225.759
235.68
181.76
230.403
235.198
177.599
233.601
235.36
176.561
235.36
191.121
221.436
234.962
186.798
224.804
235.037
183.362
228.481
235.439
179.279
232.32
235.679
176.08
234.961
235.2
176.719
209.842
216
223.838
234.958
182.802
229.601
234.717
178.885
232.958
235.759
176.399
234.88
192
220.083
235.36
187.76
223.519
236.318
183.362
228.079
234.958
180.162
231.681
235.198
176.324
235.918
234.72
176.881
234.8
189.678
221.842
235.679
185.682
227.116
234.322
181.761
230
235.036
178.163
233.921
234.638
177.362
234.88
191.199
220.399
235.359
187.441
222.639
234.962
185.76
225.44
235.198
182.404
229.597
235.759
177.843
247.679
221.357
176.242
234.961
191.761
222.639
232.879
187.681
224
235.68
183.519
228
235.601
179.599
232.402
234.559
176.561
235.119
235.279
177.042
234.559
189.682
222.398
235.601
185.2
226.398
235.12
181.681
230.481
235.36
177.358
234.083
234.958
176.719
235.119
191.121
220.56
236
191.76
222.083
234.638
181.358
230.88
234.882
177.441
234.56
235.277
176.561
235.202
190.558
221.522
235.12
186.399
225.361
235.439
182.64
228.481
235.36
179.118
232.642
235.759
176.482
234.718
235.518
176.482
235.518
188.084
223.838
234.8
184.561
227.838
234.638
180.723
231.519
235.198
176.565
235.278
235.36
176.08
235.198
190.001
221.519
235.601
186.08
227.522
231.36
184.317
227.601
236.962
178.64
231.68
234.879
176.64
237.12
233.838
176.162
235.439
189.441
222.079
235.281
185.839
226.32
235.281
181.599
229.759
235.281
178.159
233.842
234.958
176.561
235.6
191.043
220.8
235.116
187.283
224.56
235.758
182.881
228.079
235.119
180.001
231.76
236.081
176.238
235.281
235.44
175.843
235.439
189.121
222.557
235.762
187.76
226.241
234.717
179.362
232.958
235.199
176.241
235.681
191.921
219.519
235.198
188.482
223.759
235.199
184.241
227.361
235.601
180.238
231.203
235.198
176.798
235.12
235.281
176.723
234.8
190.08
222.157
235.281
185.761
226.158
234.799
182.242
229.838
235.041
178.32
233.042
235.999
176.478
234.722
191.759
220.32
234.961
187.919
224.323
235.115
183.765
227.838
235.36
180.001
231.921
235.277
176.723
234.718
235.762
176.076
235.999
188.885
222.237
235.438
185.362
225.042
237.119
181.039
230.402
234.957
177.844
233.439
236.157
176.163
235.361
190.959
220.56
235.36
187.2
224.639
235.439
183.121
229.199
234.323
179.918
232
235.36
176.399
235.44
235.281
176.719
234.962
188.801
222.797
235.278
185.125
227.838
234.161
181.2
232.319
233.999
176.881
234.56
235.36
178.08
233.119
190.881
221.598
234.8
186.801
225.361
235.36
182.479
228.962
235.04
179.201
233.12
234.958
177.038
235.361
191.523
219.676
235.12
188.64
223.361
235.281
184.32
227.278
235.759
180.162
231.361
235.68
176.159
235.12
235.439
176.561
235.281
189.599
222.402
234.879
185.922
226.158
235.28
181.761
230.079
239.6
173.52
233.602
235.277
176.64
235.44
191.041
220.639
235.198
187.445
223.917
235.518
183.682
228.161
235.518
179.524
232.158
235.119
176.482
235.041
235.755
177.283
234.319
189.042
222.718
235.202
185.279
226.959
234.961
181.279
230.639
234.642
177.919
234.564
235.277
177.2
234.8
190.159
221.203
235.115
186.881
225.041
237.041
181.121
228.801
235.596
179.043
232.8
234.875
177.043
234.879
192.162
220.079
234.559
188.561
223.203
235.278
184.719
227.203
235.356
180.644
231.037
235.281
177.2
234.399
235.521
176.238
235.443
190.08
221.759
235.36
186.08
225.598
235.36
182.241
229.76
234.559
178.963
233.279
235.119
176.001
235.921
191.598
220.402
234.717
188.084
223.921
235.435
183.843
228
235.597
179.602
231.76
234.961
176.478
235.523
235.439
176.001
235.518
189.519
222.722
234.717
185.761
226.721
235.68
180.802
230.398
234.879
178.162
233.598
237.518
174.324
235.279
191.041
220.797
234.563
187.839
224.801
235.679
182.719
228.241
235.518
179.441
233.203
234.239
176.321
235.357
235.36
176.963
234.958
188.802
223.199
235.999
184.241
226.64
235.359
180.96
231.282
234.875
177.042
244.319
222.643
176.561
235.278
235.36
176.242
235.758
189.042
222.399
235.597
185.2
226.56
235.04
181.603
230
235.277
177.922
234.32
235.119
176.64
236.24
189.681
221.038
235.119
187.042
225.44
234.8
182.96
228.721
235.199
179.283
232.797
234.878
177.043
234.878
235.44
176.242
235.36
188.561
225.759
232.879
184.561
227.361
234.958
180.88
230.88
198.083
245.036
216
223.681
175.922
235.198
190.4
221.842
234.559
186.802
224.958
236.078
182.163
229.598
234.799
179.843
231.677
235.522
176.719
234.878
192.163
220.158
234.642
188.399
223.44
235.439
184.321
228.161
234.8
180.242
231.278
234.8
177.121
235.277
235.203
176.877
234.961
189.678
222.162
235.202
185.839
226.399
235.281
181.519
229.681
235.04
178.479
247.438
181.362
220.162
234.638
188.4
223.759
234.961
184.479
227.68
234.879
180.644
231.199
235.198
176.802
235.12
234.481
177.44
234.879
190.08
221.681
235.04
186.478
225.602
236.157
181.441
229.759
234.8
178.64
233.041
236.879
175.843
234.718
191.523
220.319
236.718
186.162
223.68
236.078
183.524
228.237
234.878
180.001
232.083
234.796
176.963
235.117
235.119
174.723
234.319
192.08
220.319
234.721
188.163
223.278
235.281
184.64
227.361
235.597
180.241
230.959
235.119
177.121
234.722
235.597
176.723
235.036
189.922
221.523
235.198
186.479
225.684
235.277
182.242
229.676
235.12
178.403
233.282
235.356
176.64
235.522
191.2
219.921
235.518
187.76
224.718
234.322
184.159
227.921
235.278
180.004
231.839
234.957
176.483
214.319
216
219.681
235.119
186.802
226
234.397
182.802
228.88
235.438
178.881
232.88
235.36
176.32
235.519
234.879
176.561
235.841
187.839
224.241
234.638
184.321
227.203
235.277
180.723
231.037
235.601
177.362
234.236
235.199
176.565
235.277
189.922
222.477
235.202
185.52
225.681
235.359
182.159
229.523
235.676
178.004
233.519
235.119
176.798
235.361
191.2
221.282
235.04
186.877
224.643
234.717
183.843
228.319
235.36
179.52
231.76
235.6
176.242
235.037
235.841
176.321
235.198
189.2
222.32
235.521
185.362
226.399
235.277
181.52
230.481
235.281
177.441
234.319
235.199
176.08
235.601
190.801
236.161
220.078
186.96
225.038
235.04
183.121
228.963
235.277
178.96
232.402
235.356
176.565
235.199
235.119
176.798
235.439
188.321
223.203
235.36
184.64
227.12
235.116
180.963
231.361
234.879
176.959
233.76
236.322
176.317
235.202
190.399
221.839
235.282
186.319
224.963
235.356
182.644
229.037
235.522
178.64
233.12
235.439
176.561
234.88
192
219.759
235.681
187.759
223.838
234.962
184.399
227.121
235.517
180.562
231.522
235.119
176.562
235.199
235.439
176.238
235.522
189.76
226.078
231.281
185.682
226.398
234.962
181.839
229.681
235.438
178.08
233.519
235.601
176.08
235.203
191.601
220.718
235.037
187.441
224.402
234.879
183.922
228.481
236.875
178.001
232.161
234.8
176.561
236.797
233.68
176.561
235.281
189.2
222.718
235.601
184.88
226.801
235.119
181.28
230.323
235.435
177.445
234.319
234.879
176.561
235.598
190.722
221.36
235.199
192.719
219.041
234.638
183.362
228.56
235.601
179.038
232.639
235.36
176.483
235.041
235.198
176.479
235.601
188.56
222.959
235.439
184.644
227.278
235.119
180.802
231.12
235.916
176.163
235.042
234.957
176.561
235.439
190.001
221.921
234.879
186.399
226.083
234.477
182.64
229.12
236.721
177.358
232.962
235.601
176.561
235.278
191.602
219.676
235.443
188.08
223.199
236.078
183.922
227.361
235.439
180.399
231.203
235.435
176.881
235.282
235.281
176.479
234.799
189.84
222.481
235.281
185.437
226.323
235.917
180.963
229.598
235.841
177.76
234.162
234.638
176.159
236
191.041
220.399
235.521
187.279
225.279
234.641
183.283
227.997
235.36
181.523
230.718
235.277
176.242
235.199
234.962
176.561
235.036
189.524
223.12
234.958
196.482
216
235.037
180.801
230.88
235.04
177.283
234.399
235.198
176.561
234.88
190.962
221.117
235.361
186.722
225.518
234.24
183.441
228.639
235.758
178.881
232.884
235.435
177.843
233.519
234.957
176.802
235.522
188.158
223.681
234.879
184.64
227.601
235.198
180.404
231.199
235.277
177.042
234.801
235.198
176.08
236.642
188.96
221.838
235.281
186.08
226.162
232.957
184.08
226.88
235.04
181.52
230.403
235.115
177.441
234.801
234.642
176.241
235.435
190.885
221.597
234.879
186.723
224.398
235.842
182.959
229.199
235.36
178.64
233.2
234.878
176.325
235.356
235.282
176.802
234.799
188.719
223.042
235.439
184.561
227.44
235.036
180.723
231.598
235.36
176.241
234.722
235.518
176.241
235.439
190.08
222.079
235.04
186.08
229.2
234.878
179.122
232.079
235.438
176.644
235.361
234.477
177.681
234.401
189.118
223.124
236.879
183.2
227.116
234.962
181.121
232.801
232.796
177.602
234.722
234.958
176.881
234.958
190.481
221.042
236.078
186.08
225.921
234.961
182.321
228.797
235.04
179.362
232.801
235.198
177.52
234.481
234.8
176.877
234.803
188.719
224.158
234.883
184.158
227.44
233.041
182.719
229.041
234.398
179.76
232.564
235.04
176.4
235.198
235.199
177.121
234.319
189.362
222.88
235.517
184.802
226.639
235.041
181.519
230.722
235.838
176.64
234.721
235.12
176.32
235.356
190.483
221.199
235.443
186.561
225.518
235.12
182.561
228.959
235.438
178.802
233.038
235.281
176.64
234.801
192.24
219.44
235.758
188.242
223.357
235.044
184.561
230.88
234.958
177.358
234.004
235.596
176.163
235.12
191.121
221.037
234.717
187.445
225.278
234.883
183.038
228.399
235.758
179.042
233.042
234.476
176.964
235.041
235.518
176.001
235.758
188.4
223.041
235.837
184.404
226.958
235.041
181.121
231.038
234.882
177.279
234.639
235.36
176.321
235.601
190.079
221.681
235.119
186.399
225.282
235.917
182.001
229.282
238.957
174.964
233.199
236.078
175.843
234.959
191.917
219.763
235.439
188.001
223.598
235.123
184.719
227.759
234.559
180.64
231.361
235.037
176.802
234.883
236.236
176.242
235.04
189.599
221.842
235.679
185.682
226.879
234.796
181.524
229.44
236.239
177.52
234.079
234.962
176.399
235.602
190.958
220.079
235.281
187.839
224.88
234.879
183.441
228.402
235.198
179.603
229.518
235.439
178.242
233.361
235.277
175.922
235.439
192.001
220.801
234.638
187.76
224.241
236.078
182.88
227.44
235.281
180.479
232.161
234.721
176.321
234.878
235.677
177.283
233.999
190.159
222.162
235.281
185.76
226.319
235.041
181.839
229.681
235.596
177.922
233.282
235.597
176.644
235.119
191.358
221.203
234.477
187.523
224.557
235.521
183.122
228.319
235.597
179.602
236.88
191.602
218.958
244.319
179.922
233.759
221.68
187.76
227.602
241.439
174.158
237.121
226.799
187.603
223.756
196.721
217.681
241.679
183.84
220.082
242.481
180.636
223.124
244.476
175.603
235.278
227.281
184.479
235.68
226.322
177.358
235.282
193.519
219.44
244.559
179.2
222.399
235.202
185.599
226.398
234.883
181.918
230.083
234.957
178.163
237.68
230.879
176.881
238.398
188.241
220.56
235.119
187.441
223.839
235.92
183.44
227.681
235.758
179.761
231.601
235.68
176.32
235.921
235.041
176.557
235.281
188.802
222.639
235.119
185.441
226.56
235.119
181.761
230
235.281
177.677
234.32
235.762
176.4
234.8
190.718
220.963
235.439
186.798
225.443
234.638
183.122
229.12
234.796
182.163
229.597
236.962
175.2
235.12
235.36
176.64
235.36
188.08
223.681
234.957
184.561
227.602
235.037
180.64
230.883
235.439
176.798
234.722
235.6
176.4
235.198
190.321
221.842
234.799
186.321
225.038
235.841
182.32
229.598
235.364
178.237
233.279
235.04
176.561
235.282
191.838
219.921
235.518
187.761
224.161
235.278
183.764
227.68
235.356
180.163
231.677
235.123
176.478
235.76
235.04
176.561
235.439
189.121
222.241
236
190.879
220.241
235.356
181.682
229.921
235.36
177.922
233.759
235.198
177.043
235.44
190.556
220.643
236.477
186.083
224.398
235.041
183.76
228.481
235.676
179.042
232.241
235.119
176.96
234.883
235.597
176.561
235.278
188.561
222.962
235.198
185.043
226.958
234.958
181.283
230.801
235.198
177.2
234.399
235.439
178.162
231.916
234.403
176.482
235.676
188.722
222.88
234.962
185.358
226.643
235.036
181.52
230.241
235.679
177.283
234.241
235.119
176.719
235.36
190.561
221.12
234.8
187.279
224.639
235.36
183.2
229.282
234.638
179.283
232.079
235.838
176.32
235.199
235.439
176.163
234.961
189.197
222.722
235.999
184.482
227.199
235.119
180.881
232.88
233.04
177.279
235.361
208
216
224.559
188.08
224.241
235.037
183.922
228.082
235.199
179.922
231.917
235.92
175.76
235.2
235.521
176.561
234.958
189.362
221.838
235.999
185.362
226.399
235.202
181.598
230.162
235.116
177.922
234.003
235.439
176.96
234.876
190.722
220.962
234.879
187.362
224.958
234.717
183.524
229.598
234.16
179.441
232.639
235.12
176.482
235.199
235.281
176.4
233.359
190.719
220.482
235.517
187.204
224.64
235.036
183.524
228.639
234.957
179.603
231.68
235.357
176.963
235.439
234.801
176.64
234.799
189.599
222.801
235.119
185.2
226.88
235.119
181.204
229.76
235.837
177.603
234.319
235.277
176.641
235.04
190.719
221.124
235.277
186.802
225.199
236.958
181.042
228.399
235.762
179.038
234.561
233.36
176.32
235.92
201.682
216
231.517
185.843
226.158
235.12
181.922
229.838
235.277
178.084
233.68
235.278
176.482
235.44
191.12
221.199
234.48
187.52
224.241
235.198
183.76
228
235.759
179.441
232.323
235.277
176.08
235.763
235.195
177.042
234.32
189.203
222.639
235.277
185.283
226.639
235.198
181.362
230.88
235.281
177.038
234.643
234.958
177.441
234.319
190.639
221.44
235.36
186.403
224.719
235.198
183.283
229.037
235.281
178.881
232.639
234.961
177.201
234.718
235.439
176.399
234.962
188.88
223.44
235.04
184.719
227.519
235.12
180.561
231.282
235.277
176.881
234.962
234.958
176.64
235.442
189.84
221.44
235.277
186.403
225.759
234.962
182.478
229.278
235.763
178.158
233.2
235.36
176.643
234.797
192
220.079
235.522
187.602
222.079
234.319
186.802
225.041
234.958
183.2
229.838
233.92
179.441
232.88
235.281
176.64
234.879
235.361
177.038
234.559
188.561
223.042
235.92
184.241
227.279
235.517
180.4
230.801
235.119
177.283
235.038
235.442
176.159
235.518
189.843
221.601
236.236
185.362
228.241
232.8
182.158
229.602
235.119
178.479
233.199
235.119
177.043
234.957
191.685
220.079
208.718
214.643
214.158
214.399
214.402
221.68
242.236
179.283
231.681
235.596
176.565
234.959
235.837
176.08
235.36
189.121
222.88
234.879
185.441
226.161
235.68
181.362
230.158
235.36
177.681
234
235.119
176.561
235.278
191.042
221.357
234.642
187.2
224.88
235.119
183.2
229.2
234.878
179.122
232.161
235.199
176.32
236.082
234.88
176.719
235.198
188.644
227.199
233.758
182.242
229.357
235.443
178.399
233.44
234.8
176.64
235.282
191.838
220.241
235.036
187.922
223.76
235.679
183.761
227.361
235.517
180.325
231.676
235.281
176.321
234.959
193.763
218.319
235.597
189.283
222.079
237.04
184.08
225.76
235.517
181.926
230.075
235.041
178.083
233.598
235.281
176.64
234.639
191.839
220.643
235.356
187.204
224.477
238.8
179.922
228
235.439
179.76
231.839
235.359
176.163
235.598
235.202
176.399
235.601
189.038
223.361
234.8
185.042
226.076
236.081
181.039
230.56
235.119
177.524
233.917
235.92
176.483
234.559
191.121
221.68
234.879
186.64
225.121
234.957
183.121
228.561
235.758
178.881
232.722
235.517
176.08
235.203
192.478
219.361
235.521
188.321
223.676
235.041
184.482
231.038
232.002
180.159
231.76
236.239
175.761
233.921
235.999
176.399
235.198
189.922
222.32
234.961
185.919
225.842
235.04
182.558
229.68
235.837
177.445
233.598
235.119
177.204
234.639
191.44
221.278
235.041
186.88
224.158
235.68
183.361
228.162
235.759
179.279
232.323
234.879
176.557
234.884
235.679
176.321
234.957
189.603
222.477
235.202
185.52
225.921
236.158
181.203
227.759
235.356
180.001
231.602
235.119
176.482
235.117
235.119
177.122
235.438
189.201
221.921
235.999
185.279
226
235.522
181.681
230.158
234.8
178.241
233.519
235.202
177.121
235.037
191.121
222.56
233.601
187.038
224.079
235.763
183.361
228.158
235.36
179.682
231.68
235.916
176.001
235.281
235.44
176.64
235.281
188.96
222.88
235.119
185.2
247.281
217.357
178.561
233.042
235.597
177.042
234.722
191.597
219.361
236.639
187.2
223.601
235.759
183.843
227.838
234.24
181.121
231.759
235.278
176.241
235.602
234.957
176.321
236.402
188.639
222.162
235.277
185.76
226.083
232.875
184.242
229.522
235.999
177.678
234.241
235.04
176.001
236.079
190.643
220.556
235.439
187.204
224.556
234.962
183.681
228.083
235.356
179.76
229.361
235.601
178.238
233.282
235.517
176.242
234.8
192.159
220.24
235.601
187.362
224.24
235.439
183.599
227.68
237.037
178.403
238.481
228.319
176.399
237.282
233.116
176.963
234.958
189.681
224.482
233.119
185.599
225.842
235.277
182.084
229.838
235.439
177.922
233.759
235.518
175.922
235.759
191.042
220.797
235.123
187.279
224.399
235.202
183.839
228.398
238.56
176.001
233.921
235.36
176.801
235.278
190.64
221.44
235.04
186.723
225.357
234.882
182.96
229.12
235.199
178.88
232.88
235.518
176.482
235.12
234.8
176.399
235.36
188.881
223.681
234.397
184.881
227.282
235.517
180.404
231.278
235.119
176.802
235.44
235.036
176.163
235.443
189.918
221.68
235.838
185.681
225.44
235.36
182.399
229.361
235.12
180.561
231.838
235.36
176.242
235.199
191.519
220.319
235.36
187.603
224
235.277
183.843
228.158
235.198
179.843
231.839
235.841
175.839
235.444
235.036
176.64
235.36
189.2
222.801
234.717
185.682
226.879
234.481
181.843
229.838
235.837
177.524
234.079
235.36
176.399
234.959
191.203
220.639
235.518
187.042
224.88
235.281
183.038
228
235.842
179.358
232.643
236.559
175.038
235.2
235.202
176.64
235.119
188.802
223.357
234.721
185.121
226.801
235.675
180.723
230.639
235.123
177.437
234.561
235.119
178.163
233.916
190.242
221.601
235.119
186.479
225.361
235.281
182.561
229.116
235.281
178.802
232.959
236.239
175.761
235.68
191.361
219.759
235.041
188.399
223.76
235.119
184.321
227.68
235.119
180.404
231.278
235.198
176.723
235.357
235.439
176.241
235.281
189.682
222.319
235.041
185.839
226.079
234.882
182.238
229.44
235.841
177.919
233.281
235.917
175.922
235.282
191.68
220.237
235.281
187.599
224.319
234.879
184.005
228.079
235.679
179.441
231.759
235.439
176.802
235.041
235.199
176.478
235.119
189.362
222.481
235.439
185.28
226.481
235.596
181.122
230.082
235.199
178.08
234.24
235.12
176.399
235.119
190.964
221.116
234.8
187.283
224.718
237.999
180.482
228.718
235.202
179.28
234.082
233.999
176.238
235.523
234.878
176.96
234.559
188.964
223.676
234.8
184.719
227.361
234.882
180.96
230.88
235.198
177.121
234.56
235.518
176.561
234.884
190.477
221.44
235.281
186.479
226.082
234.477
182.64
229.282
234.878
179.039
233.041
235.518
176.163
236.718
190.564
219.68
235.838
187.681
224.639
234.559
184.001
227.602
235.36
180.238
231.522
235.037
176.644
235.199
235.916
176.163
235.277
189.445
222.319
236.796
184.08
226.083
235.36
181.76
230
234.879
178.32
233.76
234.878
176.64
235.282
191.44
220.079
235.439
187.682
224.481
235.036
183.686
228.319
235.119
179.761
231.996
235.443
176.159
235.68
192.722
220.158
234.48
188.561
223.68
234.879
184.64
227.361
235.277
180.562
231.041
235.119
177.043
235.116
235.202
176.159
235.281
190.238
221.921
234.879
186.403
225.357
235.6
182.242
228.88
235.6
178.719
233.2
235.28
176.562
235.037
191.921
220
235.037
188.163
224.078
234.8
184.321
227.842
235.36
180.001
231.917
234.721
177.121
234.478
235.762
176.478
232.8
234.88
176.722
235.439
188.08
223.2
235.6
184.4
227.838
234.642
180.719
230.879
235.36
176.96
235.041
235.281
176.719
235.041
189.922
221.44
235.596
186.163
226.079
235.04
182.08
229.278
235.281
178.641
233.281
235.278
177.121
234.48
191.84
220.161
234.796
188.242
224.244
235.195
183.76
227.842
235.198
180.163
231.361
235.518
176.801
235.037
235.361
180.561
233.36
187.2
225.278
234.721
183.201
228.481
235.198
179.52
232.161
235.842
176.241
235.117
235.198
176.163
235.6
188.881
224
234.239
184.96
226.88
234.878
181.441
230.56
235.439
177.201
234.879
234.879
176.482
235.439
190.403
222.237
233.999
186.881
225.44
235.119
182.64
229.361
234.882
178.96
232.477
235.202
177.359
234.962
192
220.32
237.6
185.279
221.598
235.36
186.242
227.12
233.679
182.4
228.801
235.28
179.122
232.797
235.6
176.64
235.12
234.721
177.039
235.04
188.242
223.519
235.841
183.839
227.602
235.036
180.562
231.12
235.841
176.881
234.718
235.198
176.084
235.277
190.08
222.004
248.235
172.964
225.996
235.281
181.922
229.519
235.439
178.241
233.519
235.439
176.723
234.721
191.598
234.32
221.758
187.122
224.078
235.281
183.84
227.842
235.837
179.524
231.68
235.356
176.483
235.921
234.878
176.561
235.199
189.121
222.477
235.921
184.801
226.241
235.758
181.201
230.161
235.041
177.997
234.082
235.36
176.639
236.482
193.117
217.121
235.359
187.039
225.041
235.12
193.44
218.64
234.799
179.362
232.162
237.439
174.88
235.439
234.88
176.159
252.161
172.08
223.759
234.721
184.801
227.76
234.559
180.798
231.041
234.8
177.362
234.959
235.202
176.08
235.036
190.723
221.759
234.721
186.719
225.519
235.281
182.4
228.962
235.518
178.723
233.436
235.281
175.681
235.837
191.761
219.763
235.439
188.001
223.917
234.721
184.802
227.518
234.56
180.88
231.278
235.202
176.72
234.721
235.68
177.358
234.24
190.001
256.318
216.004
172.798
223.759
235.439
182.084
229.519
235.438
178.242
233.278
235.281
177.118
235.12
191.203
220.399
234.559
188.241
224.403
234.957
183.918
228.162
235.037
179.922
231.282
235.758
177.279
235.042
234.799
176.562
234.878
189.603
222.718
235.119
185.362
226.959
234.559
181.681
230
235.199
178.001
234.319
235.522
175.922
235.439
190.798
220.721
235.356
187.122
225.041
235.439
182.719
227.282
236.319
179.602
232.56
235.037
177.042
235.04
235.038
176.403
235.36
188.719
223.602
234.878
184.72
226.958
235.522
180.719
230.643
234.957
177.599
234.722
235.439
176.403
235.679
189.761
221.598
235.198
186.403
225.602
235.517
182.08
229.523
234.957
178.723
234.718
233.917
176.565
235.277
191.598
221.764
233.036
188.321
223.601
238.48
181.118
230.643
234.8
177.76
233.519
236.318
175.922
236
190.241
220.88
235.596
186.723
224.959
235.762
182.479
229.199
234.882
179.118
232.883
234.638
176.562
235.278
192.639
219.12
235.439
188.644
223.037
236.161
184.001
226.959
235.281
180.959
230.718
235.281
177.201
234.879
234.642
176.64
235.518
190.321
221.199
236.48
185.52
225.601
235.037
182.561
226.805
235.438
181.197
230.323
235.198
177.441
234.162
235.92
176.08
235.198
190.719
221.121
234.799
187.201
224.8
235.281
183.118
228.962
235.277
178.964
235.037
232.721
176.64
235.601
192.08
219.44
235.198
188.482
223.199
235.518
184.482
227.361
237.037
178.88
231.042
234.717
177.362
236.639
233.521
176.641
235.04
190.399
221.681
234.879
186.403
226.158
238.961
178.08
232
235.198
176.321
236.162
234.799
176.159
235.277
189.283
222.079
235.68
185.441
226.402
235.277
181.52
230.643
234.799
177.761
234.556
235.041
176.162
235.518
190.719
221.203
234.796
187.283
224.959
234.72
183.441
228.639
235.36
179.201
233.282
234.717
176.08
235.36
235.199
176.801
235.601
188.159
223.601
234.638
184.964
227.116
235.443
180.64
229.681
234.476
179.042
232.079
235.601
176.478
234.962
235.518
177.283
234.477
188.802
222.721
235.759
184.719
227.519
234.72
180.96
230.481
235.202
177.516
234.485
235.199
177.117
235.04
190.163
221.038
235.92
186.241
225.921
234.398
182.881
229.041
235.6
178.558
232.88
235.521
176.08
235.679
234.959
176.482
235.68
187.922
223.917
234.721
184.561
227.759
209.681
216
223.519
235.439
176.88
234.32
191.601
220.88
235.36
186.96
224.958
234.642
183.603
228.079
235.438
179.682
232.237
235.442
176.08
235.278
234.8
177.121
235.68
188.561
223.519
234.638
185.042
226.801
235.277
181.122
233.199
233.281
176.723
234.236
235.278
178.805
232.958
190.719
221.759
234.8
186.644
225.199
235.037
182.963
228.797
235.202
179.2
231.282
234.796
177.122
233.921
235.6
176.64
235.277
190.562
220.8
235.199
187.2
225.203
234.638
183.362
228.56
235.518
179.121
232.399
235.198
177.283
234.476
235.602
176.64
234.879
188.722
223.921
234.24
185.039
227.041
235.356
180.802
230.88
235.841
176.561
234.722
235.115
176.482
235.12
190.482
222
234.717
186.561
225.44
235.439
182.241
229.602
199.199
216
234
235.037
177.042
235.119
189.201
223.12
234.642
185.437
225.921
235.999
181.283
230.158
235.521
177.599
233.921
235.758
175.603
235.677
190.962
220.88
235.518
186.801
224.722
236.879
181.599
228.8
234.958
179.441
232.639
234.961
176.96
234.88
235.202
177.2
234.717
188.644
223.357
235.443
184.399
227.357
234.721
181.121
230.959
235.281
176.96
234.8
235.281
176.4
235.198
190.321
221.601
235.198
186.4
226.402
233.758
183.043
228.88
235.596
178.723
232.959
235.679
175.922
235.44
192
219.44
235.837
187.922
224.079
234.8
184.321
227.12
235.439
180.644
231.759
235.198
176.242
235.037
235.842
176.079
235.12
189.922
223.12
229.676
190.403
226
235.198
182.001
229.842
235.676
177.682
233.518
234.962
177.283
234.718
191.519
220.56
235.439
187.2
224.24
235.36
183.603
227.68
235.996
179.523
231.44
235.92
176.802
234.797
235.277
177.042
235.36
188.561
222.399
235.6
185.201
226.161
235.518
181.52
230.24
235.759
177.204
234.718
234.48
176.802
235.598
190.398
220.88
235.202
187.121
225.12
234.958
183.121
228.241
235.837
179.122
232.962
235.277
175.922
241.677
228.882
176.321
235.518
188.64
223.282
234.957
184.964
226.958
235.12
181.117
231.124
235.199
177.681
234.32
234.799
176.881
234.398
190.801
221.519
235.04
186.641
240.401
220.24
182.719
229.042
235.277
178.723
233.759
234.638
176.561
235.042
192
219.838
235.759
187.602
223.759
235.68
183.76
227.282
235.439
180.479
231.68
235.119
176.64
235.44
235.041
176.88
234.481
189.918
222.402
235.04
185.757
225.681
235.521
182.001
235.759
228.879
178.561
233.44
235.518
176.561
234.801
191.68
220.32
235.119
187.761
224.398
235.601
183.2
228.722
235.356
179.121
232.004
235.356
176.561
235.44
234.879
176.565
235.036
189.362
222.962
235.037
185.2
226.88
234.879
181.441
230.402
235.198
177.599
234.319
235.281
176.163
235.278
190.959
220.801
235.679
186.723
225.278
235.119
182.802
228.478
235.6
179.121
232.959
236.48
174.96
235.199
235.202
176.561
236.958
186.881
223.36
235.601
184.238
228.24
234.161
180.802
231.116
235.522
176.881
234.319
235.36
176.321
235.758
189.922
221.602
235.115
186.482
225.519
235.518
182.163
229.601
234.796
178.806
232.718
235.758
176.64
234.963
192
239.438
216
187.678
223.921
235.443
183.839
228.079
234.8
180.32
231.598
235.443
176.32
235.523
234.954
176.801
234.56
190.162
222.32
235.36
185.358
226.161
235.68
181.362
229.759
235.68
177.76
233.759
235.999
175.682
235.12
191.44
220.56
235.198
187.441
224.88
234.879
183.441
228.161
235.439
179.599
232.56
235.92
175.681
235.121
235.36
176.561
234.957
189.122
220.639
235.281
187.2
224.079
235.36
183.76
228.56
235.759
178.881
232.079
237.28
174.242
235.837
234.482
177.362
234.717
189.2
222.88
235.442
184.877
226.884
234.957
181.362
229.759
236.24
177.2
234.403
234.957
176.64
235.12
191.038
221.203
235.041
186.798
225.439
235.36
182.4
228.639
235.281
179.283
232.718
234.958
177.042
234.642
235.519
176.639
238.56
185.121
226.32
235.119
181.76
229.839
235.119
178.242
233.759
235.439
176.001
235.601
191.2
222.082
233.597
187.524
224.477
235.679
183.043
228.398
234.721
180.08
231.759
235.439
176.483
235.357
235.281
176.001
235.517
189.362
222.801
234.559
185.84
226.402
235.277
181.524
230.958
234.638
177.599
234.241
234.961
176.881
235.12
190.88
220.958
235.68
186.482
222.56
235.518
185.121
226.801
234.319
182.08
230
235.438
177.761
234.24
234.879
176.644
235.037
191.204
220.639
235.758
186.802
224.639
235.281
183.279
228.399
234.878
179.922
232.241
235.119
177.122
234.717
235.361
176.158
235.439
189.043
223.759
234.721
184.723
226.718
234.878
181.682
230.718
235.202
177.2
234.56
235.199
176.001
235.517
190.723
221.361
251.277
172.802
225.12
237.12
178.719
231.601
234.958
176.64
241.921
228.721
176.478
235.439
189.441
223.041
234.319
185.843
226.079
235.36
181.76
230.158
235.04
178.001
240.403
228.638
176.478
234.722
191.759
220.482
235.198
187.52
223.601
235.92
183.678
228.323
235.356
179.524
231.917
235.281
176.719
235.44
234.8
176.719
234.642
189.681
222.801
234.717
185.681
227.279
234.48
181.441
230.8
235.037
177.524
234
235.119
177.038
234.8
190.881
220.88
235.521
186.802
225.199
234.958
183.042
228.801
234.958
179.44
232.801
234.958
176.482
235.12
235.518
176.482
235.199
188.64
223.68
234.958
184.644
226.8
235.999
180.317
231.041
235.278
176.884
234.481
235.356
176.723
235.68
189.76
221.917
234.564
186.718
225.44
235.439
182.321
229.763
237.036
176.4
233.199
235.281
176.163
236.079
191.278
220.162
235.199
187.842
223.917
235.281
184.001
228.478
234.559
180.162
231.519
235.601
176.08
235.921
235.04
176.478
235.281
189.28
222.398
235.522
185.279
226.88
234.72
181.603
229.759
235.439
178.001
233.76
235.119
177.279
234.481
191.361
220.718
235.041
187.44
224.801
235.037
183.362
228.481
235.036
179.682
232.083
235.356
178.32
233.361
235.281
176.479
235.442
188.881
223.12
234.796
185.283
226.797
235.522
180.88
230.482
235.277
177.441
234.481
234.8
176.719
235.277
190.802
221.601
234.961
186.558
224.959
235.442
182.802
228.477
235.68
179.042
232.56
235.518
176.482
235.117
235.202
176.959
235.199
188.162
223.121
235.439
184.64
228.079
200.72
223.2
227.12
230.959
176.324
234.88
235.438
176.802
235.116
189.764
221.759
235.041
186.399
225.921
235.277
182.001
229.681
235.679
177.84
233.518
234.883
177.279
235.041
191.279
220.56
234.559
188.08
224.24
234.879
184.084
227.677
235.521
180.08
231.519
235.281
177.2
234.32
235.999
175.843
235.675
189.283
222.718
236.962
183.52
226
235.758
181.445
232.075
232.961
178.163
233.917
235.439
176.403
235.598
190.643
220.959
234.878
187.362
224.639
236.319
182.403
228.079
235.758
179.201
232.319
234.8
176.561
235.602
235.758
178.482
232.879
188.798
222.883
235.518
184.802
226.88
235.596
180.723
230.88
235.036
177.283
234.32
235.6
176.719
235.36
190.08
221.523
235.837
185.761
225.203
235.356
182.64
229.282
234.879
186.399
225.602
235.758
176.561
234.402
192.32
219.759
235.439
188.001
223.598
235.281
184.32
227.602
235.277
180.321
231.522
235.037
177.2
234.56
235.041
176.32
235.758
189.761
222.079
235.202
185.922
226.158
234.878
182.163
230.158
234.879
178.162
233.602
235.277
176.802
235.199
191.12
220.561
235.359
187.28
224.161
235.277
183.761
228.162
235.517
179.524
236.398
228.56
178.241
239.277
229.842
176.479
235.36
191.121
220.079
235.36
187.681
224
235.357
183.843
228.24
235.037
179.922
231.522
235.601
176.159
235.518
235.282
176.158
235.68
189.283
222.477
234.879
185.843
226.478
234.878
181.843
230.241
234.958
178.001
233.921
235.198
176.723
235.518
190.64
220.402
235.837
186.96
224.801
234.882
192.4
219.439
235.357
195.444
219.76
234.48
176.238
235.521
190.159
221.759
235.36
186.001
225.842
234.477
182.881
229.361
235.28
178.558
233.203
235.277
176.482
235.361
191.677
219.842
235.277
188.084
224
235.198
183.997
227.523
235.04
180.798
231.523
235.119
176.64
234.88
235.277
177.125
234.958
189.76
221.842
235.2
185.917
225.921
236.24
181.042
230.237
235.36
177.602
233.681
233.036
176.482
235.681
234.239
176.881
235.361
189.838
222.158
234.559
186.483
225.842
235.518
181.843
229.676
235.202
178.317
233.361
235.281
176.557
235.203
191.602
220.319
235.278
187.602
224.32
235.277
183.602
228.079
235.12
180.001
231.439
235.68
176.242
237.041
233.518
176.88
235.199
189.204
225.199
232.397
185.603
226.237
235.521
181.441
230.722
234.875
210.481
216
179.922
219.519
235.277
188.403
223.921
235.357
183.922
227.12
236.082
179.997
231.282
235.277
176.64
235.041
235.202
176.317
235.522
189.922
221.921
235.115
186.163
225.44
235.198
182.561
230
235.199
178.001
233.842
234.555
176.482
235.44
191.681
220.319
235.762
187.118
224.004
234.957
184.242
227.917
235.999
179.283
232.079
235.04
176.798
234.722
193.361
218.241
235.758
189.2
222.718
235.281
185.201
226.402
235.518
181.283
237.199
228.236
177.764
233.921
235.277
176.4
235.522
190.88
220.959
235.359
186.881
224.722
234.875
183.602
236.241
227.999
178.96
232.402
237.356
174.242
235.759
234.8
176.561
235.837
188.242
222.88
235.04
185.283
226.88
235.036
181.283
230.88
235.277
177.121
234
235.759
176.403
235.198
190.561
221.681
235.119
186.4
224.962
235.356
182.885
229.199
234.958
179.042
232.56
235.277
176.561
234.959
235.762
176.561
235.278
188.241
223.838
234.481
184.88
227.519
235.202
180.479
231.203
235.356
176.644
235.676
234.319
176.723
235.36
189.922
223.12
234.236
185.839
225.681
235.281
182.241
229.681
235.356
178.162
233.519
234.883
176.557
235.361
195.759
216.004
233.356
189.761
221.842
235.119
186.238
225.282
235.281
182.636
229.444
235.036
178.723
232.801
235.597
176.801
234.879
191.922
220.481
234.879
187.839
223.602
235.198
184.4
227.518
235.443
180.242
231.676
235.202
176.719
234.88
235.119
176.242
235.679
189.682
222.158
235.04
186.001
226.241
234.559
182.399
229.523
235.518
178.159
233.361
235.438
176.4
212.402
214.399
214.402
214.398
214.399
241.36
220.801
181.042
230.398
235.36
177.441
234.32
235.119
176.64
234.879
191.042
221.282
234.717
187.2
224.801
235.277
183.122
228.8
235.522
178.877
234.722
233.198
176.242
235.199
235.439
178.162
233.68
188.561
223.199
234.8
185.2
226.959
235.277
180.963
230.88
235.518
176.802
234.879
235.439
176.001
235.522
190.159
221.44
235.438
186.321
224.962
235.999
182.242
229.199
235.36
178.64
232.959
235.999
175.681
235.921
191.44
219.76
235.359
188.08
223.598
235.443
184.159
227.68
235.119
180.482
231.042
235.518
176.64

------------------------------------------------------------------------------------------------------------------------------------------------
max val(#4692) = 302.40us
min val(#88) = 129.60us
peak-to-peak = 172.80us
mean +- RMS = 214.40 +- 18.27 us

packet size: 516
number of packets: 10000
RATE = 19254.10kbps, PPS = 4664.3
