Destination address set to 01:1B:19:00:00:00
Defaults: 01:1B:19:00:00:00 or 01:80:C2:00:00:0E
SIOCSHWTSTAMP: tx_type 1 requested, got 1; rx_filter 0 requested, got 0
setting ts_flags: 0x53
new ts_flags: 0x53


gap of hw tx time, us: packets 10000:
------------------------------------------------------------------------------------------------------------------------------------------------
0
102.248
111.744
102.688
111.775
102.643
111.695
102.647
111.879
102.76
111.53
102.669
111.722
102.654
111.729
102.662
111.763
102.767
111.594
102.662
111.77
102.639
111.737
102.677
111.763
102.639
111.936
102.448
111.767
102.65
111.744
102.662
111.707
102.661
111.97
102.448
111.8
102.576
111.849
102.557
111.985
102.432
111.744
102.666
111.718
102.646
111.737
102.673
111.902
102.523
111.831
102.575
111.71
102.685
112.086
102.305
111.917
102.489
111.721
102.666
111.741
102.665
111.722
102.676
111.824
102.564
111.797
102.642
112.11
102.259
111.741
102.672
111.722
102.688
111.718
102.673
111.745
102.661
111.737
102.632
111.744
102.647
112.161
102.29
111.718
102.654
111.741
102.676
111.722
102.665
111.888
102.526
111.729
102.662
111.748
102.654
111.786
102.59
111.786
102.628
111.688
102.755
111.726
102.68
111.752
102.632
111.801
102.567
111.842
102.568
111.767
102.624
111.782
102.635
111.767
102.658
111.718
102.639
111.763
102.685
111.849
102.504
111.752
102.943
111.489
102.605
111.779
102.65
111.718
102.673
111.726
102.684
111.718
102.661
111.745
102.665
111.752
102.639
111.752
102.643
111.748
102.658
111.729
102.688
111.718
102.666
111.831
102.567
111.737
102.654
111.771
102.654
111.722
102.654
111.865
102.552
112.015
102.387
111.749
102.657
111.719
102.672
111.73
102.661
111.76
102.635
111.767
102.654
111.752
102.635
111.745
102.654
111.752
102.816
111.729
102.504
111.853
102.545
111.771
102.646
111.726
102.65
111.959
102.462
111.858
102.53
111.752
102.646
111.745
102.759
111.778
102.541
112.29
102.094
111.812
102.59
111.978
102.492
111.872
102.482
112.161
102.293
112
102.331
111.985
102.414
111.864
102.681
111.616
102.655
111.774
102.628
111.718
102.65
111.812
102.587
111.752
102.661
111.793
102.602
111.752
102.654
111.816
102.586
111.745
102.631
111.775
102.936
111.497
102.608
111.744
102.918
111.714
102.413
111.786
102.647
111.759
102.635
111.782
102.651
111.71
102.647
111.883
102.527
111.951
102.44
112.169
102.24
111.918
102.466
111.853
102.56
111.722
102.654
111.779
102.609
111.782
102.646
111.737
102.658
111.726
102.665
111.801
102.616
111.718
102.778
111.621
102.635
111.759
102.704
111.857
102.526
111.744
102.643
111.752
102.635
112.155
102.458
111.557
102.657
111.745
102.646
111.711
102.778
111.793
102.512
111.759
102.639
111.763
102.654
111.719
102.729
111.786
102.56
111.733
102.673
112.056
102.312
111.831
102.575
111.763
102.669
111.835
102.553
111.752
102.744
111.677
102.616
111.963
102.518
111.688
102.639
111.752
102.658
111.737
102.639
111.752
102.669
111.703
102.699
111.711
102.673
111.759
102.647
111.756
102.654
111.729
102.654
111.771
102.631
111.734
102.672
111.722
102.662
111.763
102.639
111.76
102.646
111.737
102.688
111.718
102.658
111.737
102.68
111.718
102.666
111.737
102.661
111.745
102.657
111.734
102.883
111.519
102.661
111.745
102.864
111.546
102.639
111.759
102.639
111.737
102.673
111.729
102.662
111.771
102.627
111.891
102.519
111.76
102.635
111.748
102.658
111.752
102.646
111.737
102.666
111.721
102.677
111.835
102.575
111.718
102.673
111.992
102.399
111.744
102.666
111.74
102.651
111.744
102.665
111.745
102.654
111.729
102.673
111.726
102.688
111.722
102.654
111.77
102.647
111.759
102.632
111.767
102.631
111.722
102.696
111.714
102.669
111.745
102.646
111.756
102.669
111.707
102.733
111.695
102.651
111.725
102.666
111.744
102.665
111.767
102.632
111.774
102.632
111.737
102.658
111.767
102.624
111.759
102.639
111.771
102.639
111.966
102.425
111.767
102.643
111.733
102.65
111.76
102.654
111.737
102.665
111.752
102.639
111.771
102.639
111.752
102.646
111.936
102.466
111.745
102.654
111.718
102.688
111.955
102.432
111.782
102.617
111.737
102.672
111.76
102.654
111.711
102.714
111.703
102.658
111.759
102.658
111.733
102.65
111.895
102.504
111.752
102.639
111.744
102.666
111.733
102.665
111.752
102.65
111.726
102.665
111.76
102.774
111.617
102.65
111.752
102.654
111.752
102.65
111.734
102.665
111.823
102.587
111.861
102.53
111.725
102.673
111.73
102.68
111.744
102.654
111.752
102.643
111.752
102.647
111.737
102.718
111.665
102.695
111.982
102.409
111.737
102.654
111.771
102.662
111.714
102.669
111.722
102.688
111.752
102.624
111.744
102.662
111.756
102.639
111.752
102.661
111.73
102.654
111.759
102.658
111.759
102.639
111.734
102.669
111.737
102.654
111.752
102.665
111.718
102.658
111.752
102.646
111.752
102.651
111.744
102.654
111.73
102.879
111.553
102.646
111.771
102.62
111.801
102.609
111.771
102.62
111.76
102.657
111.937
102.462
111.752
102.635
111.767
102.639
111.857
102.549
111.737
102.658
111.861
102.515
111.857
102.556
111.737
102.666
111.729
102.782
111.647
102.65
111.737
102.654
111.767
102.631
111.771
102.737
111.647
102.654
111.752
102.642
111.741
102.658
111.733
102.722
111.68
102.666
111.729
102.741
111.665
102.665
111.752
102.696
111.703
102.646
111.752
102.643
111.741
102.864
111.538
102.658
111.759
102.647
111.759
102.639
111.737
102.666
111.744
102.654
111.76
102.635
111.782
102.624
111.729
102.673
111.76
102.639
111.752
102.646
111.76
102.642
111.745
102.654
111.752
102.65
111.748
102.643
111.752
102.669
111.906
102.489
111.752
102.639
111.816
102.582
111.756
102.647
111.737
102.661
111.745
102.657
111.752
102.816
111.583
102.718
111.778
102.56
111.752
102.895
111.5
102.646
111.745
102.74
111.643
102.673
111.741
102.658
111.744
102.654
111.767
102.635
111.752
102.752
111.669
102.624
111.752
102.651
111.767
102.646
111.801
102.658
111.662
102.665
111.752
102.646
111.786
102.737
111.632
102.646
111.778
102.624
111.745
102.654
111.737
102.661
111.771
102.624
111.801
102.605
111.775
102.635
111.733
102.722
111.688
102.665
111.767
102.617
111.748
102.65
111.763
102.918
111.466
102.661
111.76
102.654
111.741
102.631
111.767
102.654
111.752
102.842
111.534
102.658
111.726
102.804
111.613
102.65
111.733
102.673
111.73
102.672
111.782
102.617
111.786
102.631
111.741
102.643
111.744
102.654
111.752
102.65
111.782
102.624
111.944
102.665
111.527
102.658
111.752
102.646
111.745
102.665
111.759
102.624
111.779
102.631
111.741
102.658
111.752
102.665
111.711
102.665
111.748
102.665
111.722
102.681
111.733
102.665
111.73
102.661
111.752
102.65
111.76
102.639
111.737
102.661
112.004
102.391
111.733
102.673
111.752
102.763
111.621
102.68
111.737
102.729
111.654
102.658
111.752
102.673
111.733
102.872
111.534
102.722
111.688
102.631
111.737
102.666
111.752
102.646
111.786
102.639
111.729
102.647
111.778
102.62
111.745
102.658
111.737
102.661
111.745
102.657
111.752
102.654
111.76
102.646
111.722
102.681
111.737
102.646
111.752
102.658
111.744
102.681
111.695
102.669
111.771
102.632
111.759
102.654
111.737
102.639
111.771
102.639
111.733
102.665
111.767
102.628
111.79
102.819
111.564
102.624
111.745
102.68
111.714
102.669
111.764
102.631
111.767
102.639
111.76
102.657
111.722
102.662
111.729
102.688
111.745
102.627
111.771
102.647
111.785
102.602
111.774
102.632
111.774
102.624
111.771
102.737
111.639
103.079
111.32
102.657
111.76
102.778
111.628
102.639
111.744
102.779
111.639
102.631
111.76
102.65
111.744
102.654
111.809
102.582
111.752
102.651
111.744
102.654
111.73
102.672
111.734
102.672
111.752
102.639
111.745
102.68
111.73
102.646
111.895
102.515
111.737
102.677
111.872
102.496
111.737
102.673
111.737
102.676
111.737
102.65
111.745
102.661
111.745
102.665
111.733
102.673
111.722
102.797
111.617
102.646
111.756
102.688
111.729
102.62
111.764
102.631
111.76
102.661
111.73
102.751
111.666
102.639
111.752
102.646
111.752
102.643
111.808
102.812
111.516
102.661
111.778
102.639
111.85
102.541
111.73
102.673
111.744
102.673
111.718
102.673
111.744
102.654
111.73
102.665
111.748
102.666
111.752
102.631
111.752
102.65
111.88
102.534
111.763
102.628
111.759
102.636
111.767
102.631
111.767
102.635
111.734
102.657
111.737
102.688
111.718
102.658
111.775
102.631
111.752
102.654
111.778
102.624
111.76
102.842
111.534
102.658
111.74
102.658
111.737
102.722
111.718
102.631
111.737
102.658
111.76
102.639
111.744
102.654
111.752
102.65
111.76
102.639
111.744
102.654
111.76
102.643
111.744
102.654
111.745
102.654
111.737
102.665
111.767
102.624
112.007
102.418
111.759
102.624
111.752
102.639
111.771
102.639
111.744
102.654
111.752
102.651
111.733
102.665
111.752
102.658
111.744
102.662
111.707
102.676
111.756
102.639
111.767
102.639
111.737
102.662
111.744
102.658
111.737
102.68
111.752
102.669
111.707
102.654
111.752
102.65
111.741
102.658
111.767
102.658
111.733
102.643
111.928
102.455
111.76
102.665
111.726
102.665
111.752
102.646
111.737
103.057
111.342
102.665
111.752
102.658
111.737
102.654
111.759
102.632
111.752
102.658
111.752
102.646
111.76
102.65
111.752
102.654
111.744
102.639
111.752
102.639
111.771
102.639
111.722
102.688
111.752
102.639
111.778
102.624
111.748
102.643
111.775
102.631
111.752
102.65
111.937
102.469
111.76
102.635
111.748
102.651
111.733
102.665
111.763
102.628
111.786
102.647
111.751
102.643
111.718
102.722
111.711
102.631
111.722
102.703
111.722
102.654
111.733
102.684
111.73
102.654
111.733
102.898
111.504
102.662
111.785
102.617
111.744
102.654
111.779
102.624
111.767
102.631
111.778
102.64
111.729
102.669
111.883
102.504
111.733
102.658
111.745
102.676
111.737
102.647
111.755
102.647
111.752
102.646
111.888
102.515
111.759
102.639
111.778
102.613
111.752
102.658
112.015
102.383
111.737
102.666
111.752
102.767
111.631
102.65
111.741
102.658
111.729
102.673
111.741
102.65
111.741
102.665
111.752
102.658
111.741
102.665
111.744
102.651
111.759
102.76
111.609
102.661
111.745
102.657
111.741
102.658
111.778
102.62
111.76
102.643
111.767
102.658
111.733
102.642
111.745
102.654
111.752
102.65
111.767
102.632
111.744
102.662
111.985
102.417
111.759
102.632
111.778
102.62
111.745
102.658
111.737
102.661
111.76
102.65
111.951
102.44
111.763
102.654
111.801
102.583
111.767
102.631
111.745
102.665
111.752
102.631
111.76
102.658
111.943
102.448
111.744
102.662
111.759
102.688
111.808
102.545
111.745
102.646
111.745
102.673
111.718
102.68
111.76
102.665
111.763
102.598
111.782
102.729
111.831
102.609
111.609
102.639
111.767
102.658
111.711
102.68
111.703
102.684
111.767
102.647
111.729
102.654
111.767
102.635
111.741
102.658
111.744
102.654
111.752
102.643
111.733
102.673
111.76
102.639
111.755
102.647
111.778
102.62
111.771
102.632
111.943
102.455
111.76
102.642
111.756
102.65
111.719
102.676
111.752
102.654
111.733
102.658
111.737
102.654
111.748
102.669
111.726
102.665
111.752
102.786
111.617
102.646
111.752
102.647
111.74
102.662
112.248
102.162
111.774
102.617
111.733
102.684
112.165
102.226
111.741
102.883
111.534
102.631
111.76
102.673
111.936
102.466
111.902
102.474
111.733
102.665
112
102.391
111.771
102.632
111.752
102.654
111.849
102.553
111.744
102.662
111.729
102.666
111.748
102.635
111.745
102.661
111.865
102.537
111.756
102.662
111.763
102.616
111.76
102.643
112.007
102.391
111.737
102.662
111.729
102.673
111.737
102.673
111.744
102.639
111.76
102.646
111.737
102.737
111.673
102.654
111.737
102.665
111.726
102.68
111.745
102.71
111.673
102.662
111.748
102.677
111.736
102.715
111.695
102.624
111.79
102.616
111.76
102.658
111.744
102.639
111.752
102.662
111.736
102.643
111.775
102.631
111.737
102.703
111.707
102.654
112.007
102.391
111.779
102.639
111.752
102.639
111.729
102.681
112.135
102.255
111.745
102.646
111.737
102.666
111.733
102.665
111.85
102.541
111.756
102.646
111.745
102.661
111.752
102.651
111.744
102.654
111.737
102.665
111.76
102.639
111.744
102.654
111.752
102.643
111.741
102.665
111.752
102.65
111.76
102.639
111.752
102.646
111.767
102.628
111.76
102.646
111.745
102.654
111.729
102.673
111.752
102.658
111.733
102.658
111.894
102.504
111.775
102.627
111.918
102.496
111.722
102.661
111.843
102.56
111.752
102.646
111.763
102.628
111.778
102.632
111.737
102.661
111.779
102.624
111.782
102.628
111.71
102.703
111.906
102.477
111.756
102.891
111.688
102.459
111.759
102.643
111.741
102.657
111.76
102.646
111.737
102.654
111.73
102.661
111.779
102.631
111.73
102.672
111.745
102.654
111.737
102.661
111.737
102.7
111.748
102.616
111.767
102.643
111.756
102.65
111.88
102.503
111.752
102.891
111.504
102.654
111.767
102.632
111.755
102.647
111.774
102.624
111.779
102.639
111.759
102.624
111.778
102.624
111.782
102.632
111.752
102.624
111.778
102.624
111.745
102.661
111.816
102.59
111.771
102.639
111.763
102.62
111.779
102.624
111.767
102.631
111.752
102.658
112
102.391
111.726
102.676
111.733
102.658
111.782
102.624
111.771
102.647
111.744
102.639
111.767
102.631
111.767
102.632
111.756
102.646
111.722
102.688
111.733
102.658
111.865
102.552
111.726
102.658
111.744
102.748
111.658
102.688
111.696
102.751
111.658
102.673
111.726
102.646
111.764
102.646
111.763
102.692
111.714
102.632
111.759
102.643
111.767
102.632
111.737
102.661
111.76
102.631
111.763
102.647
111.759
102.639
111.771
102.628
111.748
102.654
111.76
102.642
111.749
102.642
111.85
102.556
111.771
102.647
111.714
102.688
111.726
102.665
111.759
102.647
111.752
102.631
111.764
102.646
111.718
102.673
111.752
102.658
111.737
102.677
111.721
102.654
111.737
102.888
111.518
102.658
111.73
102.661
111.752
102.658
111.737
102.661
111.749
102.654
111.744
102.654
111.752
102.658
111.733
102.658
111.759
102.639
111.749
102.642
111.771
102.639
111.835
102.567
111.775
102.624
111.752
102.658
111.755
102.636
111.759
102.639
111.76
102.658
111.793
102.59
111.759
102.639
111.771
102.62
111.779
102.646
111.921
102.466
111.76
102.639
111.778
102.62
111.771
102.624
111.767
102.662
111.744
102.673
111.729
102.647
111.759
102.636
111.744
102.647
111.752
102.654
111.744
102.65
111.741
102.658
111.737
102.661
111.737
102.654
111.737
102.673
111.737
102.914
111.503
102.636
111.748
102.902
111.511
102.643
111.76
102.894
111.504
102.666
111.718
102.665
111.737
102.661
111.906
102.497
111.759
102.639
111.771
102.639
111.752
102.639
111.774
102.624
111.737
102.666
111.864
102.534
111.752
102.65
111.775
102.624
111.752
102.646
111.752
102.651
111.74
102.658
111.745
102.657
111.734
102.665
111.759
102.639
111.737
102.654
111.764
102.646
111.745
102.673
111.736
102.647
111.85
102.718
111.579
102.654
111.759
102.639
111.767
102.635
111.734
102.673
111.763
102.627
111.816
102.579
112.237
102.169
111.737
102.737
111.68
102.655
111.744
102.714
111.688
102.647
111.752
102.646
111.737
102.662
111.992
102.418
111.744
102.646
111.752
102.681
111.759
102.609
111.737
102.665
111.782
102.625
111.759
102.631
111.756
102.639
111.895
102.511
111.771
102.624
111.756
102.635
111.793
102.639
111.767
102.624
111.745
102.669
111.737
102.639
111.962
102.511
111.688
102.639
111.745
102.654
111.741
102.669
111.785
102.632
111.744
102.632
111.767
102.647
111.729
102.658
111.744
102.838
111.561
102.646
111.76
102.65
111.744
102.76
111.646
102.651
111.752
102.646
111.76
102.631
111.763
102.647
111.857
102.541
111.745
102.658
111.725
102.673
111.722
102.68
111.745
102.654
111.737
102.665
111.767
102.632
111.767
102.631
111.929
102.552
111.666
102.669
111.921
102.462
111.76
102.635
111.76
102.646
111.737
102.673
111.752
102.639
111.726
102.672
111.756
102.696
111.688
102.815
111.624
102.613
111.763
102.655
111.721
102.673
111.767
102.632
111.744
102.654
111.745
102.657
111.76
102.647
111.751
102.639
111.771
102.639
111.733
102.658
111.737
102.688
111.729
102.647
111.733
102.669
111.748
102.658
111.745
102.646
111.914
102.481
111.756
102.65
111.752
102.646
111.752
102.643
111.752
102.654
111.737
102.673
111.895
102.496
111.767
102.65
111.745
102.627
111.764
102.646
111.737
102.654
111.748
102.654
111.745
102.665
111.748
102.643
111.741
102.673
111.744
102.65
111.734
102.68
111.778
102.605
111.786
102.609
111.79
102.616
111.786
102.613
111.785
102.625
111.774
102.616
111.756
102.861
111.523
102.676
111.722
102.759
111.658
102.647
111.737
102.661
111.779
102.631
111.752
102.654
111.715
102.68
111.759
102.632
111.752
102.646
111.993
102.402
111.745
102.661
111.737
102.666
111.733
102.673
111.725
102.669
111.748
102.651
111.966
102.425
112.011
102.402
111.756
102.647
111.77
102.624
111.741
102.65
111.76
102.646
111.752
102.647
111.744
102.658
111.865
102.537
111.76
102.71
111.673
102.654
111.752
102.651
111.733
102.665
111.759
102.639
111.745
102.673
111.737
102.68
111.703
102.673
111.744
102.816
111.583
102.646
111.737
102.681
111.71
102.673
111.872
102.519
111.752
102.658
111.737
102.661
111.737
102.666
111.864
102.549
111.722
102.662
111.737
102.673
111.729
102.68
111.752
102.632
111.752
102.646
111.793
102.617
111.752
102.654
111.737
102.722
111.669
102.65
111.944
102.462
111.752
102.651
111.781
102.625
111.729
102.661
111.779
102.624
111.759
102.639
111.745
102.665
111.726
102.819
111.605
102.643
111.748
102.651
111.759
102.639
111.778
102.621
111.793
102.609
111.744
102.654
111.771
102.632
111.767
102.631
111.76
102.631
111.771
102.902
111.504
102.643
111.759
102.632
111.744
102.684
111.771
102.609
111.752
102.639
111.97
102.447
111.718
102.673
111.895
102.496
111.745
102.654
111.77
102.64
111.725
102.665
111.745
102.665
111.745
102.65
111.778
102.621
111.766
102.632
111.737
102.808
111.632
102.624
111.744
102.654
111.752
102.673
111.722
102.767
111.639
102.646
111.76
102.635
111.752
102.895
111.511
102.681
111.718
102.65
111.752
102.646
111.756
102.647
111.767
102.631
111.745
102.658
111.733
102.665
111.752
102.647
111.744
102.68
111.73
102.744
111.654
102.666
111.744
102.647
111.736
102.658
111.775
102.624
111.759
102.639
111.767
102.636
111.748
102.65
111.759
102.681
111.722
102.627
111.756
102.654
111.737
102.681
111.718
102.665
111.744
102.658
111.839
102.567
111.745
102.665
111.748
102.636
111.74
102.673
111.737
102.65
111.767
102.639
111.831
102.56
111.76
102.65
111.737
102.654
111.752
102.639
111.744
102.658
111.745
102.661
111.752
102.647
111.74
102.7
111.695
102.666
111.763
102.812
111.594
102.631
111.775
102.62
111.797
102.714
111.775
102.519
111.77
102.632
111.752
102.665
111.741
102.643
111.74
102.658
111.808
102.591
111.736
102.673
112.008
102.383
111.88
102.523
111.733
102.665
111.737
102.665
111.752
102.647
111.744
102.726
111.665
102.654
111.752
102.729
111.658
102.688
111.752
102.696
111.695
102.639
111.76
102.643
111.748
102.658
111.759
102.632
111.77
102.624
111.91
102.496
111.745
102.658
111.759
102.647
111.744
102.647
111.744
102.646
111.737
102.801
111.635
102.647
111.729
102.662
111.752
102.647
111.785
102.865
111.481
102.669
111.752
102.658
111.726
102.665
111.752
102.647
111.77
102.62
111.955
102.455
111.745
102.658
111.74
102.658
111.744
102.655
111.744
102.65
111.76
102.646
111.745
102.665
111.726
102.665
111.774
102.625
111.755
102.741
111.65
102.654
111.73
102.669
111.74
102.662
111.741
102.658
111.736
102.666
111.887
102.519
111.737
102.751
111.64
102.68
111.722
102.673
111.755
102.651
111.767
102.616
111.786
102.774
111.583
102.658
111.744
102.752
111.654
102.651
111.733
102.763
111.639
102.658
111.767
102.631
111.775
102.635
111.767
102.624
111.748
102.658
111.745
102.658
111.766
102.64
111.759
102.632
111.736
102.681
111.744
102.632
111.774
102.632
111.778
102.624
111.778
102.621
111.744
102.658
112.045
102.353
111.722
102.677
111.752
102.65
111.752
102.654
111.744
102.643
111.741
102.872
111.56
102.651
111.759
102.647
111.763
102.684
111.692
102.639
111.759
102.651
111.733
102.665
111.744
102.647
111.759
102.643
111.726
102.673
111.752
102.646
111.737
102.846
111.56
102.673
111.729
102.655
111.744
102.654
111.756
102.654
111.744
102.643
111.759
102.647
111.744
102.655
111.83
102.56
111.779
102.631
111.752
102.658
111.767
102.632
112.063
102.455
111.617
102.65
111.752
102.654
111.752
102.647
111.928
102.474
111.737
102.662
111.939
102.455
111.767
102.643
111.741
102.658
111.759
102.654
111.737
102.65
111.748
102.651
111.752
102.646
111.745
102.654
111.737
102.665
111.759
102.64
111.751
102.651
111.744
102.654
111.786
102.617
111.797
102.744
111.624
102.635
111.767
102.639
111.737
102.654
111.76
102.65
111.752
102.647
111.71
102.681
111.751
102.651
111.729
102.669
111.737
102.666
111.759
102.639
111.759
102.64
111.913
102.481
111.745
102.661
111.767
102.628
111.748
102.658
111.759
102.643
111.748
102.651
111.725
102.673
111.745
102.646
111.745
102.665
111.936
102.463
111.763
102.631
111.775
102.631
111.767
103
111.395
102.647
111.744
102.752
111.665
102.624
111.76
102.646
111.752
102.816
111.609
102.71
111.658
102.655
111.744
102.658
111.752
102.853
111.53
102.729
111.696
102.733
111.643
102.703
111.737
102.631
111.752
102.658
111.711
102.673
111.744
102.654
111.782
102.609
111.759
102.658
111.745
102.646
111.73
102.68
111.744
102.655
111.744
102.665
111.733
102.643
111.733
102.673
111.993
102.41
111.751
102.647
111.872
102.527
111.755
102.647
111.733
102.665
111.73
102.68
111.733
102.673
111.744
102.64
111.744
102.658
111.752
102.646
111.752
102.651
111.733
102.665
111.726
102.673
111.751
102.643
111.752
102.654
111.737
102.714
111.703
102.647
111.752
102.872
111.511
102.666
111.725
102.673
111.745
102.646
111.778
102.64
111.774
102.617
111.864
102.526
111.779
102.646
111.745
102.785
111.617
102.639
111.774
102.786
111.617
102.624
111.774
102.639
111.756
102.62
111.816
102.587
111.759
102.647
111.751
102.651
111.725
102.673
111.73
102.751
111.703
102.617
111.744
102.73
111.661
102.658
111.775
102.631
111.786
102.605
111.771
102.662
111.755
102.621
111.744
102.646
111.756
102.654
111.752
102.651
111.744
102.718
111.688
102.647
111.744
102.673
111.718
102.684
111.711
102.676
111.748
102.662
111.729
102.662
111.752
102.658
111.992
102.647
111.511
102.632
111.744
102.666
111.759
102.632
111.951
102.443
111.745
102.661
111.745
102.665
111.737
102.662
111.736
102.67
111.736
102.651
111.744
102.654
111.752
102.666
111.744
102.647
111.744
102.647
111.755
102.808
111.583
102.654
111.737
102.666
111.744
102.654
111.759
102.643
111.741
102.65
111.76
102.646
111.722
102.681
111.751
102.647
111.729
102.67
111.744
102.658
111.737
102.661
111.737
102.673
111.744
103.038
111.361
102.647
111.751
102.643
111.76
102.646
111.745
102.646
111.771
102.639
111.767
102.632
111.778
102.624
111.759
102.639
111.737
102.666
111.774
102.624
111.752
102.647
111.751
102.651
111.725
102.692
111.733
102.647
111.755
102.647
112.008
102.409
111.745
102.639
111.789
102.643
111.737
102.632
111.751
102.647
111.767
102.632
111.77
102.632
111.782
102.631
111.752
102.651
111.744
102.639
111.752
102.647
111.763
102.639
111.767
102.631
111.752
102.666
111.733
102.65
111.929
102.47
111.736
102.658
111.745
102.661
111.872
102.531
111.759
102.639
111.752
102.665
111.718
102.666
111.752
102.661
111.73
102.646
111.771
102.654
111.823
102.564
111.745
102.654
111.752
102.646
111.778
102.613
111.752
102.673
111.714
102.662
111.759
102.651
111.733
102.665
111.737
102.673
111.767
102.639
111.959
102.417
111.771
102.639
111.744
102.669
111.715
102.673
111.736
102.662
111.737
102.662
111.736
102.666
111.752
102.646
111.737
102.666
111.74
102.658
111.744
102.655
111.755
102.647
111.744
102.654
111.745
102.654
111.737
102.676
111.726
102.665
111.76
102.639
111.733
102.665
111.752
102.647
111.748
102.654
111.752
102.647
111.763
102.639
111.737
102.665
111.767
102.628
111.744
102.673
111.759
102.625
111.736
102.681
111.744
102.639
111.778
102.625
111.924
102.474
111.729
102.67
111.759
102.635
111.76
102.646
111.76
102.65
111.748
102.658
111.744
102.64
111.77
102.632
111.752
102.646
111.737
102.673
111.733
102.681
111.729
102.91
111.522
102.632
111.722
102.661
111.76
102.643
111.751
102.655
111.785
102.606
111.77
102.639
111.737
102.654
111.872
102.546
111.725
102.658
111.726
102.691
111.733
102.658
111.737
102.669
111.737
102.673
111.729
102.655
111.729
102.662
112
102.402
111.752
102.661
111.745
102.631
111.752
102.658
111.729
102.673
111.752
102.647
111.973
102.425
111.752
102.658
111.729
102.662
111.767
102.65
111.752
102.639
111.73
102.676
111.756
102.65
111.748
102.632
111.752
102.647
111.744
102.65
111.76
102.654
111.748
102.643
111.763
102.647
111.744
102.65
111.741
102.658
111.725
102.7
111.725
102.658
111.726
102.665
111.752
102.639
111.763
102.639
111.748
102.677
111.733
102.654
111.756
102.639
111.759
102.643
111.741
102.65
111.782
102.624
111.76
102.643
111.744
102.662
111.736
102.655
111.736
102.655
111.778
102.631
111.85
102.556
111.756
102.647
111.718
102.68
111.872
102.515
111.741
102.665
111.752
102.639
111.763
102.647
111.759
102.64
111.736
102.655
111.763
102.646
111.786
102.617
111.759
102.654
111.752
102.624
111.763
102.662
111.767
102.616
111.752
102.651
111.733
102.68
111.752
102.635
111.741
102.65
111.775
102.631
111.73
102.673
111.774
102.624
111.951
102.448
111.744
102.658
111.767
102.631
111.76
102.646
111.748
102.647
111.951
102.463
111.729
102.658
111.759
102.639
111.722
102.688
111.759
102.632
111.759
102.64
111.77
102.632
111.733
102.665
111.801
102.594
111.752
102.669
111.752
102.632
111.77
102.624
111.737
102.684
111.737
102.658
111.752
102.647
111.744
102.647
111.842
102.56
111.759
102.654
111.737
102.658
111.726
102.665
111.752
102.647
111.763
102.654
111.729
102.733
111.666
102.894
111.523
102.647
111.721
102.688
111.733
102.643
111.752
102.669
111.737
102.651
111.751
102.647
111.744
102.655
111.815
102.579
111.741
102.665
111.76
102.643
111.759
102.639
111.759
102.617
111.774
102.651
111.744
102.673
111.741
102.65
111.981
102.418
111.729
102.662
111.872
102.53
111.737
102.661
111.775
102.635
111.775
102.616
111.944
102.455
111.755
102.647
111.744
102.654
111.745
102.665
111.726
102.665
111.759
102.666
111.752
102.624
111.744
102.654
111.76
102.65
111.752
102.639
111.759
102.64
111.751
102.643
111.76
102.646
111.76
102.665
111.737
102.767
111.631
102.64
111.751
102.666
111.782
102.616
111.745
102.635
111.759
102.655
111.729
102.68
111.726
102.65
111.752
102.654
111.737
102.673
111.744
102.647
111.733
102.666
111.744
102.643
111.759
102.654
111.745
102.68
111.959
102.417
111.752
102.665
111.733
102.651
111.737
102.661
111.737
102.729
111.67
102.665
111.752
102.647
111.744
102.834
111.583
102.654
111.715
102.68
111.752
102.658
111.725
102.666
111.733
102.658
111.737
102.661
111.752
102.651
111.74
102.673
111.703
102.699
111.726
102.665
111.76
102.646
111.745
102.631
111.76
102.65
111.767
102.635
111.752
102.647
111.752
102.646
111.752
102.643
111.741
102.665
111.752
102.647
111.736
102.666
111.733
102.665
111.914
102.496
111.741
102.658
111.793
102.601
111.767
102.624
111.805
102.601
111.76
102.643
111.759
102.639
111.737
102.662
111.77
102.647
111.725
102.658
111.737
102.654
111.745
102.898
111.511
102.647
111.763
102.639
111.745
102.661
111.737
102.662
111.755
102.655
111.759
102.752
111.639
102.65
111.73
102.68
111.752
102.639
111.744
102.647
111.737
102.662
111.744
102.658
111.733
102.665
111.809
102.594
111.751
102.655
111.721
102.681
111.733
102.65
111.737
102.669
111.76
102.639
111.778
102.624
111.752
102.662
111.736
102.651
111.74
102.658
111.891
102.512
111.759
102.639
111.767
102.635
111.76
102.639
111.733
102.665
111.745
102.646
111.745
102.673
111.766
102.625
111.827
102.582
111.737
102.654
111.737
102.658
111.748
102.658
111.726
102.688
111.721
102.681
111.718
102.665
111.752
102.85
111.545
102.654
111.767
102.632
111.751
102.651
111.744
102.654
111.73
102.669
111.74
102.677
111.744
102.64
111.891
102.511
111.733
102.665
111.73
102.68
111.741
102.643
111.759
102.65
111.741
102.658
111.857
102.556
111.756
102.639
111.737
102.748
111.673
102.632
111.962
102.44
111.752
102.646
111.73
102.759
111.665
102.655
111.736
102.658
111.748
102.643
111.752
102.654
111.752
102.647
111.786
102.624
111.721
102.688
111.741
102.643
111.767
102.631
111.767
102.651
111.725
102.808
111.609
102.64
111.751
102.64
111.913
102.496
111.752
102.658
111.752
102.662
111.729
102.647
111.755
102.639
111.741
102.722
111.688
102.658
111.951
102.466
111.733
102.65
111.76
102.639
111.759
102.647
111.752
102.639
111.763
102.647
111.729
102.662
111.759
102.635
111.831
102.575
111.737
102.673
111.737
102.662
111.736
102.666
111.752
102.654
111.737
102.646
111.745
102.658
111.759
102.654
111.737
102.639
111.752
102.658
111.737
102.661
111.752
102.651
111.733
102.673
111.736
102.658
111.752
102.639
111.741
102.898
111.512
102.658
111.751
102.647
111.752
102.65
111.745
102.654
111.737
102.661
111.771
102.632
111.74
102.658
111.793
102.606
111.729
102.68
111.718
102.685
111.74
102.658
111.744
102.655
111.721
102.67
111.751
102.651
111.737
102.661
111.771
102.669
111.696
102.665
111.88
102.537
111.718
102.865
111.575
102.624
111.767
102.808
111.572
102.654
111.737
102.669
111.729
102.681
111.737
102.646
111.737
102.662
111.752
102.65
111.759
102.64
111.778
102.616
111.767
102.658
111.726
102.673
111.729
102.654
111.759
102.651
111.752
102.639
111.725
102.673
111.752
102.639
111.752
102.658
111.744
102.67
111.74
102.654
111.752
102.639
111.906
102.493
111.755
102.647
111.774
102.625
111.744
102.658
111.752
102.646
111.737
102.658
111.853
102.553
111.759
102.64
111.77
102.624
111.76
102.646
111.737
102.662
111.763
102.639
111.767
102.632
111.751
102.906
111.474
102.669
111.737
102.688
111.737
102.726
111.672
102.658
111.718
102.73
111.669
102.665
111.767
102.643
111.726
102.673
111.751
102.64
111.804
102.647
111.718
102.631
111.73
102.71
111.745
102.616
111.729
102.67
111.736
102.681
111.759
102.632
111.729
102.673
111.733
102.658
111.752
102.639
111.959
102.443
111.752
102.654
111.745
102.654
111.74
102.662
111.759
102.64
111.748
102.654
111.928
102.47
111.737
102.666
111.751
102.647
111.752
102.658
111.725
102.666
111.767
102.631
111.737
102.681
111.729
102.654
111.729
102.67
111.744
102.665
111.745
102.646
111.73
102.665
111.748
102.673
111.752
102.632
111.77
102.647
111.744
102.639
111.737
102.658
111.748
102.899
111.511
102.647
111.744
102.778
111.654
102.624
111.779
102.624
111.751
102.655
111.759
102.632
111.759
102.635
111.801
102.605
111.722
102.681
111.751
102.647
111.752
102.647
111.763
102.718
111.654
102.665
111.745
102.646
111.763
102.655
111.729
102.662
111.744
102.65
111.921
102.485
111.775
102.631
111.779
102.616
111.744
102.655
111.763
102.654
111.771
102.612
111.745
102.65
111.748
102.658
111.752
102.647
111.729
102.665
111.745
102.661
111.73
102.669
111.74
102.662
111.767
102.632
111.77
102.647
111.722
102.661
111.752
102.658
111.741
102.665
111.752
102.632
111.77
102.632
111.737
102.661
111.891
102.504
111.759
102.647
111.887
102.512
111.751
102.651
111.752
102.646
111.722
102.688
111.752
102.639
111.752
102.65
111.756
102.643
111.737
102.661
111.993
102.417
111.729
102.67
111.721
102.67
111.736
102.666
111.752
102.646
111.745
102.654
111.763
102.617
111.872
102.567
111.733
102.651
111.767
102.646
111.722
102.681
111.729
102.688
111.695
102.67
111.744
102.665
111.76
102.639
111.722
102.669
111.748
102.654
111.767
102.68
111.703
102.651
111.725
102.673
111.779
102.627
111.748
102.647
111.775
102.624
111.759
102.643
111.752
102.646
111.737
102.662
111.744
102.658
111.752
102.647
111.744
102.665
111.737
102.654
111.76
102.65
111.959
102.44
111.736
102.658
111.805
102.59
111.763
102.639
111.745
102.665
111.726
102.665
111.752
102.658
111.752
102.646
111.737
102.654
111.737
102.673
111.726
102.665
111.744
102.655
111.736
102.666
111.733
102.665
111.76
102.635
111.741
102.842
111.56
102.662
111.755
102.782
111.617
102.646
111.752
102.778
111.613
102.666
111.834
102.692
111.616
102.658
111.737
102.654
111.73
102.688
111.767
102.631
111.722
102.662
111.793
102.609
111.759
102.639
111.76
102.631
111.763
102.655
111.751
102.658
111.733
102.643
111.752
102.654
111.76
102.631
111.745
102.665
111.767
102.632
111.763
102.646
111.779
102.612
111.752
102.651
111.744
102.662
111.721
102.67
111.736
102.666
111.752
102.665
111.744
102.64
111.755
102.643
111.759
102.64
111.744
102.65
111.767
102.647
111.744
102.643
111.767
102.853
111.53
102.655
111.77
102.839
111.526
102.673
111.744
102.658
111.759
102.64
111.725
102.669
111.895
102.504
111.864
102.534
111.76
102.631
111.778
102.64
111.751
102.651
111.752
102.654
111.774
102.628
111.726
102.673
111.744
102.639
111.752
102.647
111.759
102.643
111.752
102.654
111.778
102.613
111.729
102.673
111.759
102.632
111.759
102.651
111.744
102.654
111.737
102.681
111.767
102.815
111.545
102.647
111.752
102.673
111.752
102.631
111.763
102.64
111.782
102.616
111.759
102.658
111.726
102.65
111.741
102.714
111.703
102.658
111.752
102.639
111.729
102.67
111.736
102.658
111.752
102.654
111.737
102.666
111.751
102.647
111.759
102.64
111.751
102.658
111.726
102.665
111.73
102.673
111.74
102.658
111.771
102.628
111.751
102.643
111.745
102.676
111.722
102.673
111.744
102.662
111.744
102.643
111.748
102.666
111.759
102.639
111.745
102.65
111.744
102.655
111.725
102.666
111.751
102.647
111.737
102.665
111.722
102.673
111.752
102.662
111.725
102.658
111.752
102.658
111.752
102.646
111.737
102.662
111.737
102.665
111.759
102.64
111.744
102.658
111.737
102.661
111.73
102.669
111.755
102.647
111.759
102.632
111.808
102.602
111.74
102.666
111.722
102.68
111.711
102.68
111.759
102.64
111.77
102.624
111.794
102.62
111.744
102.651
111.924
102.489
111.729
102.67
111.906
102.481
111.744
102.673
111.726
102.68
111.737
102.647
111.721
102.67
111.793
102.609
111.744
102.669
111.737
102.666
111.744
102.639
111.744
102.673
111.737
102.647
111.752
102.646
111.752
102.651
111.744
102.744
111.632
102.68
111.748
102.651
111.744
102.654
111.73
102.887
111.519
102.68
111.722
102.662
111.748
102.646
111.752
102.654
111.752
102.639
111.771
102.639
111.752
102.647
111.744
102.647
111.736
102.681
111.722
102.673
111.733
102.665
111.752
102.65
111.763
102.628
112.008
102.398
111.737
102.666
111.751
102.662
111.711
102.706
111.711
102.658
111.759
102.639
111.752
102.651
111.74
102.658
111.729
102.67
111.729
102.673
111.733
102.665
111.752
102.651
111.782
102.616
111.759
102.643
111.748
102.673
111.737
102.703
111.681
102.661
111.764
102.631
111.759
102.643
111.756
102.635
111.752
102.654
111.73
102.661
111.771
102.639
111.767
102.635
111.741
102.65
111.741
102.665
111.745
102.665
111.737
102.654
111.737
102.662
111.77
102.632
111.782
102.616
111.936
102.463
111.763
102.639
111.857
102.549
111.748
102.662
111.729
102.669
111.737
102.688
111.722
102.662
111.752
102.642
111.726
102.665
111.745
102.695
111.696
102.65
111.775
102.661
111.752
102.635
111.726
102.688
111.695
102.677
111.741
102.658
111.736
102.662
111.737
102.917
111.489
102.665
111.782
102.609
111.76
102.631
111.771
102.647
111.729
102.662
111.936
102.455
111.763
102.646
111.752
102.669
111.786
102.594
111.752
102.65
111.752
102.654
111.794
102.597
111.73
102.669
111.793
102.617
111.729
102.662
111.736
102.707
111.711
102.646
111.737
102.662
111.744
102.666
111.751
102.673
111.718
102.643
111.76
102.646
111.745
102.65
111.752
102.677
111.744
102.632
111.763
102.631
111.767
102.654
111.73
102.658
111.744
102.654
111.729
102.67
111.751
102.651
111.725
102.673
111.737
102.887
111.538
102.639
111.729
102.688
111.741
102.665
111.715
102.661
111.737
102.673
111.737
102.654
111.733
102.677
111.88
102.511
111.737
102.661
111.752
102.647
111.755
102.655
111.744
102.65
111.733
102.666
111.725
102.673
111.767
102.636
111.759
102.639
111.744
102.662
111.985
102.41
111.793
102.605
111.767
102.745
111.68
102.624
111.744
102.73
111.767
102.56
111.744
102.745
111.661
102.643
111.752
102.718
111.699
102.76
111.631
102.632
111.737
102.676
111.771
102.617
111.767
102.973
111.451
102.606
111.744
102.673
111.718
102.665
111.76
102.722
111.665
102.654
111.737
102.662
111.936
102.458
111.745
102.669
111.744
102.639
111.771
102.639
111.744
102.655
111.736
102.681
111.71
102.673
111.752
102.658
111.737
102.654
111.929
102.47
111.751
102.651
111.737
102.661
111.737
102.666
111.751
102.647
111.752
102.647
111.736
102.655
111.755
102.654
111.775
102.628
111.729
102.684
111.752
102.632
111.763
102.654
111.714
102.669
111.756
102.654
111.744
102.662
111.711
102.688
111.714
102.786
111.624
102.917
111.496
102.647
111.737
102.812
111.612
102.722
111.688
102.624
111.752
102.654
111.737
102.673
111.744
102.67
111.823
102.553
111.736
102.666
111.752
102.665
111.718
102.666
111.74
102.666
111.736
102.655
111.751
102.651
111.737
102.661
111.737
102.662
111.748
102.654
111.914
102.485
111.763
102.639
111.752
102.68
111.741
102.624
111.763
102.639
111.775
102.624
111.77
102.654
111.745
102.646
111.737
102.658
111.726
102.68
111.778
102.632
111.752
102.639
111.744
102.639
111.73
102.767
111.646
102.673
111.729
102.658
111.752
102.662
111.759
102.85
111.541
102.651
111.736
102.655
111.744
102.665
111.737
102.662
111.759
102.624
111.794
102.601
111.805
102.609
111.767
102.624
111.8
102.587
111.782
102.631
111.752
102.651
111.879
102.534
111.737
102.65
111.775
102.616
111.775
102.631
112.012
102.383
111.741
102.665
111.752
102.647
111.751
102.651
111.752
102.737
111.661
102.643
111.741
102.673
111.714
102.677
111.744
102.65
111.737
102.669
111.737
102.658
111.748
102.666
111.721
102.703
111.73
102.816
111.556
102.699
111.703
102.662
111.755
102.647
111.801
102.673
111.661
102.666
111.725
102.673
111.752
102.658
111.752
102.639
111.744
102.673
111.967
102.409
111.745
102.661
111.76
102.643
111.744
102.647
111.751
102.655
111.744
102.658
111.959
102.439
111.737
102.673
111.752
102.647
111.729
102.797
111.609
102.658
111.744
102.654
111.737
102.673
111.752
102.647
111.729
102.669
111.744
102.64
111.763
102.646
111.73
102.673
111.782
102.631
111.752
102.872
111.511
102.651
111.752
102.654
111.744
102.643
111.744
102.918
111.496
102.647
111.736
102.673
111.745
102.654
111.756
102.646
111.782
102.609
111.767
102.771
111.62
102.658
111.744
102.639
111.779
102.616
111.79
102.744
111.601
102.685
111.744
102.635
111.767
102.639
111.771
102.639
111.729
102.662
111.752
102.647
111.751
102.651
111.752
102.936
111.44
102.68
111.726
102.706
111.719
102.639
111.744
102.673
111.737
102.646
111.76
102.643
111.733
102.665
111.737
102.662
111.751
102.651
111.752
102.646
111.737
102.662
111.755
102.647
111.808
102.696
111.658
102.631
111.775
102.631
111.722
102.696
111.718
102.665
111.737
102.673
111.752
102.639
111.767
102.631
111.767
102.636
111.733
102.65
111.914
102.5
111.744
102.658
111.725
102.673
111.737
102.654
111.756
102.654
111.76
102.639
111.744
102.658
111.744
102.654
111.771
102.632
111.751
102.647
111.985
102.432
111.752
102.639
111.816
102.575
111.745
102.658
112.064
102.357
111.721
102.658
111.748
102.722
111.688
102.857
111.519
102.662
111.744
102.658
111.752
102.647
111.751
102.651
111.767
102.646
111.756
102.816
111.59
102.624
111.752
102.729
111.662
102.665
111.76
102.631
111.764
102.635
111.748
102.711
111.695
102.639
111.759
102.643
111.775
102.639
112
102.402
111.752
102.639
111.778
102.628
111.763
102.647
111.737
102.665
111.748
102.651
111.966
102.443
111.741
102.632
111.872
102.53
111.737
102.68
111.767
102.605
111.794
102.624
111.744
102.654
111.97
102.44
111.729
102.688
111.711
102.68
111.737
102.654
111.737
102.647
111.755
102.647
111.752
102.646
111.745
102.658
111.751
102.647
111.778
102.741
111.639
102.658
111.714
102.669
111.73
102.68
111.733
102.666
111.736
102.655
111.751
102.666
111.722
102.661
111.76
102.631
111.763
102.662
111.745
102.639
111.744
102.658
111.737
102.661
111.809
102.699
111.628
102.665
111.752
102.647
111.751
102.643
111.745
102.661
111.752
102.651
111.74
102.666
111.736
102.655
111.736
102.711
111.692
102.68
111.718
102.666
111.767
102.639
111.744
102.647
111.751
102.737
111.681
102.646
111.756
102.624
111.759
102.655
111.752
102.642
111.733
102.666
111.759
102.639
111.767
102.643
111.767
102.624
111.752
102.65
111.748
102.884
111.504
102.669
111.763
102.632
111.736
102.67
111.793
102.601
111.748
102.64
111.74
102.669
111.76
102.65
111.737
102.654
111.737
102.669
111.744
102.643
111.767
102.639
111.914
102.477
111.794
102.646
111.73
102.778
111.646
102.647
111.962
102.421
111.737
102.651
111.733
102.691
111.726
102.647
111.736
102.666
111.752
102.665
111.726
102.665
111.737
102.88
111.518
102.655
111.767
102.635
111.759
102.639
111.767
102.624
111.771
102.639
111.752
102.842
111.556
102.692
111.711
102.718
111.872
102.466
111.775
102.616
111.744
102.658
111.752
102.654
111.782
102.609
111.737
102.681
111.729
102.654
111.993
102.406
111.744
102.65
111.737
102.669
111.737
102.673
111.718
102.673
111.752
102.647
111.736
102.658
112.008
102.398
111.85
102.553
111.744
102.816
111.598
102.639
111.755
102.647
111.744
102.654
111.73
102.665
111.76
102.646
111.729
102.681
111.733
102.647
111.748
102.661
111.745
102.658
111.736
102.662
111.76
102.639
111.77
102.624
111.831
102.575
111.73
102.831
111.594
102.646
111.752
102.801
111.597
102.651
111.759
102.658
111.733
102.651
111.725
102.666
111.767
102.65
111.831
102.567
111.76
102.631
111.76
102.643
111.981
102.417
111.767
102.643
111.737
102.646
111.797
102.609
111.745
102.646
111.809
102.68
111.681
102.639
111.77
102.632
111.752
102.646
111.745
102.703
111.699
102.647
111.767
102.631
111.744
102.655
111.77
102.681
111.718
102.801
111.616
102.647
111.718
102.65
111.786
102.661
111.73
102.631
111.745
102.65
111.752
102.654
111.737
102.662
111.763
102.639
111.752
102.646
111.764
102.639
111.744
102.654
111.744
102.655
111.763
102.639
111.759
102.647
111.936
102.462
111.749
102.646
111.76
102.642
111.748
102.658
111.801
102.59
111.73
102.673
111.733
102.665
111.729
102.67
111.736
102.658
111.782
102.624
111.752
102.651
111.744
102.654
111.752
102.654
111.756
102.631
111.775
102.631
111.745
102.661
111.73
102.673
111.744
102.65
111.745
102.879
111.519
102.654
111.85
102.556
111.737
102.658
111.767
102.632
111.744
102.658
111.838
102.568
111.744
102.658
111.726
102.673
111.752
102.657
111.718
102.658
111.767
102.639
111.737
102.673
111.733
102.658
111.752
102.647
111.736
102.666
111.981
102.417
111.752
102.651
111.797
102.601
111.775
102.642
111.752
102.632
111.759
102.639
111.73
102.676
111.737
102.658
111.857
102.553
111.744
102.643
111.756
102.646
111.745
102.658
111.782
102.616
111.767
102.632
111.759
102.673
111.71
102.658
111.752
102.658
111.745
102.646
111.729
102.677
111.729
102.666
111.767
102.631
111.752
102.681
111.714
102.654
111.737
102.669
111.745
102.642
111.767
103.064
111.327
102.756
111.669
102.639
111.714
102.673
111.749
102.665
111.71
102.673
111.835
102.568
111.759
102.639
111.744
102.655
111.763
102.631
111.775
102.631
111.737
102.658
111.812
102.602
111.767
102.642
111.734
102.729
111.654
102.673
111.748
102.947
111.448
102.883
111.485
102.741
111.695
102.639
111.767
102.639
111.752
102.651
111.733
102.673
111.729
102.669
111.745
102.65
111.752
102.718
111.68
102.651
111.74
102.688
111.73
102.639
111.755
102.76
111.639
102.646
111.76
102.643
111.733
102.665
111.744
102.895
111.496
102.666
111.752
102.646
111.944
102.466
111.745
102.646
111.737
102.662
111.736
102.666
111.752
102.646
111.745
102.654
111.756
102.646
111.752
102.647
111.736
102.658
111.88
102.534
111.752
102.643
111.759
102.662
111.752
102.639
111.744
102.778
111.666
102.612
111.745
102.643
111.752
102.646
111.744
102.666
111.752
102.639
111.744
102.745
111.676
102.869
111.507
102.658
111.729
102.681
111.725
102.666
111.729
102.673
111.748
102.647
111.756
103.015
111.375
102.655
111.752
102.665
111.752
102.658
111.74
102.73
111.68
102.639
111.729
102.655
111.763
102.639
111.759
102.639
111.978
102.432
111.726
102.665
111.744
102.655
111.77
102.632
111.752
102.646
111.737
102.662
111.74
102.662
111.744
102.655
111.759
102.643
111.853
102.553
111.737
102.665
111.752
102.639
111.775
102.624
111.763
102.654
111.722
102.661
111.745
102.661
111.737
102.73
111.661
102.666
111.729
102.673
111.752
102.646
111.73
102.661
111.76
102.673
111.737
102.639
111.755
102.647
111.744
102.831
111.575
102.651
111.752
102.83
111.568
102.647
111.744
102.658
111.759
102.639
111.76
102.643
111.733
102.665
111.835
102.571
111.756
102.639
111.737
102.661
111.752
102.658
111.733
102.666
111.744
102.65
111.733
102.662
111.786
102.616
111.963
102.44
111.767
102.631
111.752
102.647
111.744
102.658
111.752
102.688
111.695
102.673
111.745
102.646
111.778
102.639
111.745
102.688
111.71
102.666
111.725
102.647
111.763
102.647
111.902
102.489
111.808
102.609
111.793
102.617
111.74
102.752
111.793
102.497
111.767
102.883
111.493
102.65
111.744
103.166
111.255
102.651
111.744
102.632
111.767
102.639
111.763
102.639
111.752
102.646
111.764
102.631
111.748
102.651
111.744
102.662
111.736
102.666
111.737
102.661
111.752
102.643
111.876
102.53
111.936
102.463
111.793
102.609
111.752
102.661
111.741
102.684
111.737
102.624
111.842
102.557
111.785
102.639
111.737
102.658
111.782
102.617
111.737
102.646
111.767
102.632
111.752
102.65
111.737
102.661
111.73
102.661
111.752
102.673
111.722
102.662
111.736
102.865
111.534
102.665
111.745
102.646
111.752
102.658
111.76
102.639
111.759
102.632
111.748
102.733
111.65
102.681
111.736
102.662
111.745
102.657
111.733
102.73
111.688
102.654
111.729
102.662
111.763
102.639
111.729
102.688
111.737
102.647
111.737
102.661
111.745
102.658
111.748
102.65
111.752
102.647
111.755
102.636
111.755
102.654
111.73
102.673
111.733
102.665
111.767
102.632
111.778
102.624
111.789
102.613
111.733
102.654
111.794
102.624
111.744
102.647
111.736
102.673
111.737
102.669
111.737
102.651
111.782
102.609
111.793
102.62
111.752
102.808
111.587
102.759
111.647
102.665
111.714
102.688
111.703
102.67
111.793
102.601
111.854
102.552
111.737
102.654
111.771
102.639
111.857
102.542
111.763
102.631
111.918
102.488
111.809
102.594
111.733
102.665
111.951
102.448
111.744
102.658
111.744
102.654
111.752
102.651
111.759
102.639
111.767
102.632
111.767
102.635
111.759
102.654
111.737
102.639
111.786
102.647
111.737
102.639
111.744
102.647
111.755
102.681
111.71
102.662
111.748
102.662
111.752
102.759
111.624
102.658
111.752
102.902
111.504
102.665
111.722
102.669
111.756
102.628
111.736
102.666
111.752
102.646
111.752
102.643
111.741
102.665
111.752
102.647
111.736
102.658
111.752
102.654
111.737
102.669
111.756
102.647
111.744
102.647
111.891
102.503
111.76
102.661
111.771
102.639
111.745
102.631
111.76
102.639
111.744
102.665
111.737
102.673
111.726
102.658
111.74
102.658
111.76
102.639
111.736
102.658
111.79
102.616
111.779
102.631
111.752
102.639
111.745
102.646
111.744
102.666
111.744
102.696
111.703
102.864
111.527
102.688
111.706
102.673
111.741
102.65
111.733
102.658
111.76
102.646
111.809
102.601
111.775
102.624
111.767
102.635
111.782
102.616
112.023
102.387
111.752
102.639
111.752
102.65
111.733
102.673
111.752
102.639
111.737
102.662
111.985
102.417
111.767
102.635
111.861
102.53
111.76
102.646
111.752
102.651
111.759
102.639
111.729
102.681
111.741
102.703
111.684
102.661
111.756
102.635
111.771
102.639
111.775
102.627
111.745
102.654
111.759
102.639
111.824
102.594
111.718
102.729
111.767
102.568
111.736
102.655
111.755
102.654
111.73
102.695
111.718
102.658
111.76
102.657
111.726
102.673
111.722
102.676
111.722
102.654
111.771
102.632
111.759
102.647
111.736
102.666
111.752
102.665
111.733
102.647
111.752
102.65
111.737
102.662
111.752
102.65
111.951
102.447
111.771
102.628
111.756
102.639
111.767
102.639
111.744
102.658
111.752
102.646
111.752
102.658
111.745
102.646
111.745
102.654
111.729
102.831
111.594
102.654
111.744
102.658
111.745
102.646
111.737
102.662
111.744
102.654
111.748
102.782
111.609
102.673
111.767
102.639
111.73
102.654
111.763
102.895
111.488
102.654
111.745
102.665
111.726
102.68
111.76
102.627
111.76
102.635
111.786
102.62
111.718
102.688
111.73
102.661
111.752
102.647
111.736
102.692
111.748
102.632
111.928
102.474
111.76
102.639
111.793
102.601
111.741
102.65
111.752
102.658
111.748
102.666
111.729
102.662
111.721
102.67
111.736
102.658
111.745
102.661
111.737
102.666
111.767
102.631
111.752
102.658
111.752
102.639
111.759
102.639
111.764
102.635
111.744
102.666
111.767
102.627
111.76
102.639
111.744
102.654
111.73
102.703
111.729
102.639
111.737
102.673
111.752
102.639
111.725
102.673
111.794
102.639
112
102.368
111.733
102.666
111.77
102.632
111.767
102.631
111.745
102.665
111.726
102.665
111.752
102.647
111.985
102.417
111.759
102.654
111.752
102.636
111.774
102.647
111.714
102.68
111.734
102.65
111.737
102.661
111.752
102.654
111.722
102.681
111.744
102.658
111.748
102.65
111.73
102.661
111.737
102.666
111.774
102.65
111.719
102.672
111.734
102.65
111.744
102.654
111.76
102.65
111.752
102.639
111.767
102.808
111.568
102.658
111.744
102.662
111.737
102.658
111.744
102.654
111.737
102.662
111.864
102.538
111.759
102.654
111.737
102.651
111.725
102.696
111.737
102.642
111.752
102.639
111.749
102.684
111.71
102.654
111.831
102.587
111.752
102.665
111.936
102.436
111.733
102.681
111.733
102.703
111.714
102.647
111.752
102.631
111.752
102.665
111.745
102.661
111.715
102.864
111.583
102.666
111.725
102.639
111.752
102.635
111.775
102.631
111.771
102.639
111.745
102.672
111.726
102.647
111.729
102.688
111.872
102.511
111.737
102.673
111.726
102.673
111.759
102.632
111.752
102.665
111.974
102.409
111.722
102.688
111.718
102.666
111.767
102.642
111.745
102.646
111.741
102.677
111.733
102.654
111.737
102.673
111.894
102.515
111.719
102.672
111.726
102.665
111.737
102.666
111.725
102.688
111.914
102.473
111.756
102.65
111.745
102.669
111.707
102.688
111.74
102.643
111.737
102.662
111.763
102.628
111.785
102.624
111.745
102.654
111.763
102.639
111.729
102.67
111.744
102.665
111.745
102.864
111.527
102.68
111.745
102.736
111.64
102.657
111.752
102.639
111.76
102.654
112.049
102.368
111.808
102.576
111.767
102.627
111.775
102.616
111.775
102.631
111.745
102.673
111.744
102.639
111.726
102.676
111.741
102.658
111.782
102.624
111.756
102.631
111.767
102.647
111.857
102.534
111.744
102.665
111.745
102.646
111.722
102.677
111.741
102.661
111.775
102.751
111.628
102.647
111.782
102.631
111.745
102.643
111.737
102.781
111.632
102.654
111.73
102.665
111.744
102.654
111.76
102.891
111.511
102.647
111.752
102.639
111.737
102.672
111.745
102.665
111.733
102.643
111.756
102.842
111.553
102.646
111.745
102.665
111.752
102.646
111.752
102.643
111.76
102.654
111.729
102.662
111.857
102.545
111.744
102.654
111.73
102.669
111.756
102.646
111.733
102.666
111.763
102.639
111.752
102.646
111.963
102.44
111.767
102.654
111.714
102.665
111.767
102.632
111.767
102.631
111.737
102.673
111.745
102.71
111.696
102.815
111.583
102.684
111.726
102.729
111.647
102.673
111.718
102.665
111.752
102.647
111.77
102.624
111.775
102.639
111.756
102.924
111.455
102.666
111.752
102.639
111.763
102.646
111.752
102.639
111.745
102.658
111.752
102.646
111.722
102.68
111.79
102.601
111.767
102.639
111.775
102.624
111.737
102.665
111.726
102.665
111.76
102.642
111.929
102.477
111.737
102.666
111.74
102.666
111.721
102.67
111.752
102.65
111.744
102.654
111.771
102.632
111.748
102.65
111.752
102.778
111.606
102.654
111.763
102.755
111.662
102.628
111.737
102.665
111.737
102.662
111.744
102.65
111.745
102.917
111.481
102.654
111.771
102.639
111.737
102.662
111.759
102.763
111.654
102.643
111.741
102.639
111.756
102.646
111.767
102.635
111.775
102.624
111.774
102.624
111.737
102.666
111.767
102.631
111.745
102.654
111.77
102.632
111.767
102.639
111.778
102.624
111.745
102.654
111.737
102.665
111.752
102.639
111.774
102.632
111.737
102.665
111.752
102.639
111.737
102.662
111.74
102.654
111.745
102.661
111.737
102.666
111.744
102.654
111.718
102.673
111.752
102.65
111.767
102.639
111.745
102.752
111.639
102.68
111.722
102.68
111.737
102.669
111.722
102.846
111.575
102.628
111.76
102.83
111.545
102.677
111.756
102.646
111.76
102.631
111.745
102.658
111.759
102.624
111.887
102.527
111.77
102.647
111.722
102.661
111.865
102.534
111.748
102.662
111.744
102.647
111.778
102.613
111.8
102.613
111.839
102.567
111.733
102.658
112.03
102.369
111.77
102.647
111.718
102.665
111.756
102.647
111.782
102.673
111.774
102.568
111.793
102.609
111.737
102.838
111.56
102.673
111.733
102.666
111.729
102.688
111.752
102.624
111.767
102.631
111.752
102.651
111.782
102.631
111.771
102.631
111.76
102.624
111.767
102.65
111.733
102.666
111.737
102.646
111.752
102.65
111.734
102.654
111.748
102.661
111.955
102.455
111.726
102.68
111.76
102.642
111.734
102.65
111.752
102.661
111.891
102.493
111.913
102.497
111.722
102.669
111.815
102.583
111.756
102.646
111.737
102.658
111.741
102.665
111.752
102.662
111.763
102.624
111.752
102.646
111.752
102.673
111.711
102.658
111.759
102.647
111.752
102.639
111.763
102.654
111.737
102.658
111.737
102.669
111.737
102.657
111.752
102.869
111.53
102.646
111.76
102.65
111.726
102.665
111.76
102.642
111.741
102.658
111.752
102.646
111.752
102.651
111.759
102.639
111.76
102.631
111.752
102.658
111.744
102.654
111.745
102.665
111.733
102.681
111.714
102.662
111.77
102.624
111.741
102.68
111.745
102.658
111.744
102.639
111.745
102.654
111.737
102.665
111.752
102.646
111.752
102.651
111.733
102.673
111.729
102.662
111.737
102.665
111.744
102.654
111.737
102.673
111.752
102.632
111.782
102.624
111.752
102.65
111.782
102.616
111.76
102.639
111.741
102.86
111.561
102.639
111.737
102.857
111.541
102.68
111.737
102.647
111.756
102.646
111.76
102.639
111.737
102.665
111.767
102.631
111.752
102.658
111.752
102.639
111.752
102.65
111.76
102.639
111.725
102.673
111.835
102.568
111.744
102.654
111.959
102.436
111.774
102.639
111.967
102.424
111.737
102.666
111.748
102.737
111.658
102.654
111.77
102.632
111.737
102.68
111.76
102.703
111.695
102.617
111.752
102.654
111.737
102.665
111.752
102.646
111.752
102.639
111.779
102.654
111.729
102.786
111.616
102.639
111.76
102.68
111.703
102.666
111.755
102.643
111.76
102.635
111.767
102.639
111.733
102.665
111.752
102.643
111.79
102.616
111.936
102.481
111.745
102.639
111.752
102.665
111.718
102.688
111.718
102.681
111.737
102.639
111.913
102.489
111.752
102.646
111.835
102.556
111.756
102.662
111.729
102.673
111.759
102.639
111.752
102.639
111.786
102.617
111.748
102.65
111.752
102.665
111.782
102.617
111.722
102.688
111.718
102.658
111.744
102.654
111.737
102.662
111.744
102.65
112
102.406
111.737
102.816
111.594
102.662
111.752
102.751
111.625
102.654
111.744
102.665
111.737
102.654
111.794
102.624
111.729
102.662
111.793
102.609
111.741
102.676
111.733
102.651
111.74
102.658
111.745
102.657
111.752
102.647
111.767
102.631
111.752
102.643
112.015
102.391
111.76
102.639
111.763
102.631
111.752
102.654
111.737
102.666
111.74
102.666
111.722
102.669
111.744
102.65
111.752
102.654
111.767
102.658
111.737
102.639
111.752
102.654
111.752
102.658
111.729
102.662
111.729
102.666
111.733
102.752
111.68
102.632
111.77
102.831
111.545
102.654
111.745
102.658
111.744
102.654
111.718
102.673
111.745
102.665
111.729
102.681
111.733
102.665
111.872
102.527
111.737
102.654
111.744
102.658
111.759
102.639
111.745
102.665
111.752
102.647
111.744
102.647
111.763
102.639
111.733
102.665
111.767
102.624
111.771
102.647
111.729
102.662
111.763
102.631
111.786
102.62
111.737
102.673
111.752
102.654
111.767
102.617
111.785
102.617
111.733
102.665
111.764
102.654
111.74
102.651
111.722
102.669
111.755
102.647
111.744
102.696
111.703
102.658
111.748
102.65
111.752
102.647
111.793
102.609
111.782
102.616
111.794
102.624
111.737
102.654
111.744
102.65
111.745
102.646
111.967
102.458
111.726
102.654
111.744
102.658
111.745
102.669
111.737
102.65
111.733
102.665
111.745
102.654
111.763
102.647
111.8
102.594
111.767
102.632
111.752
102.654
111.737
102.658
111.737
102.661
111.752
102.647
111.763
102.654
111.729
102.654
111.745
102.665
111.718
102.688
111.722
102.665
111.749
102.642
111.76
102.646
111.767
102.643
111.726
102.673
111.759
102.632
111.752
102.65
111.737
102.665
111.733
102.666
111.748
102.665
111.722
102.662
111.887
102.515
111.744
102.654
111.801
102.59
111.756
102.654
111.778
102.621
111.737
102.665
111.737
102.661
111.76
102.65
111.767
102.624
111.745
102.654
111.992
102.417
111.76
102.631
111.899
102.496
111.767
102.639
111.737
102.662
111.767
102.627
111.752
102.654
111.737
102.666
111.748
102.65
112
102.41
111.741
102.665
111.714
102.669
111.76
102.639
111.744
102.681
111.714
102.68
111.737
102.654
111.737
102.654
111.794
102.616
111.767
102.617
111.744
102.865
111.56
102.639
111.759
102.639
111.767
102.624
111.809
102.624
111.744
102.639
111.745
102.65
111.752
102.654
111.722
102.661
111.752
102.666
111.729
102.662
111.752
102.65
111.88
102.518
111.771
102.632
111.973
102.425
111.752
102.647
111.77
102.632
111.752
102.65
111.733
102.654
111.764
102.631
111.745
102.661
111.756
102.65
111.73
102.672
111.737
102.662
111.737
102.729
111.696
102.65
111.744
102.647
111.737
102.676
111.722
102.673
111.767
102.632
111.759
102.624
111.771
102.639
111.741
102.657
111.767
102.658
111.737
102.639
111.775
102.627
111.749
102.65
111.767
102.631
111.752
102.651
111.774
102.617
111.767
102.639
111.737
102.665
111.737
102.661
111.752
102.639
111.764
102.661
111.722
102.662
111.763
102.639
111.812
102.586
111.745
102.665
111.741
102.658
111.759
102.632
112.143
102.24
111.771
102.646
111.752
102.639
111.745
102.68
111.73
102.646
111.76
102.65
111.744
102.654
111.745
102.654
111.752
102.65
111.752
102.65
111.752
102.647
111.767
102.778
111.613
102.729
111.688
102.816
111.538
102.661
111.786
102.639
111.722
102.661
111.767
102.636
111.759
102.662
111.801
102.575
111.77
102.647
111.729
102.654
111.801
102.609
111.767
102.624
111.786
102.613
111.778
102.673
111.688
102.661
112.015
102.376
111.745
102.658
111.759
102.647
111.752
102.639
111.74
102.669
111.73
102.665
111.767
102.639
111.752
102.65
111.734
102.68
111.744
102.752
111.617
102.673
111.759
102.647
111.718
102.673
111.737
102.657
111.76
102.646
111.745
102.737
111.654
102.673
111.737
102.654
111.744
102.658
111.744
102.865
111.541
102.651
111.737
102.669
111.767
102.627
111.752
102.636
111.737
102.672
111.891
102.519
111.726
102.665
111.737
102.654
111.752
102.658
111.733
102.665
111.745
102.658
111.861
102.552
111.715
102.669
111.977
102.414
111.755
102.669
111.948
102.44
111.733
102.665
111.752
102.658
112.109
102.331
111.688
102.661
111.76
102.65
111.741
102.658
111.744
102.842
111.549
102.65
111.734
102.68
111.744
102.651
111.744
102.654
111.737
102.662
111.763
102.797
111.594
102.646
111.722
102.73
111.691
102.658
111.752
102.65
111.752
102.639
111.79
102.65
111.737
102.639
111.775
102.624
111.744
102.647
111.77
102.655
111.721
102.673
111.748
102.636
111.767
102.631
111.775
102.643
111.759
102.624
111.793
102.605
111.771
102.647
111.759
102.632
111.744
102.658
111.767
102.624
111.767
102.65
111.748
102.628
111.79
102.616
111.745
102.654
111.77
102.666
111.718
102.646
111.73
102.661
111.771
102.639
111.775
102.624
111.744
102.658
111.741
102.657
111.745
102.654
111.737
102.808
111.587
102.669
111.744
102.658
111.752
102.661
111.707
102.688
111.733
102.666
111.744
102.647
111.744
102.658
111.793
102.605
111.73
102.673
111.733
102.665
111.737
102.662
111.77
102.632
111.744
102.654
111.73
102.725
111.722
102.624
112.015
102.384
111.744
102.658
111.737
102.661
111.76
102.643
111.752
102.654
111.752
102.631
111.763
102.639
111.752
102.662
111.763
102.62
111.745
102.673
111.759
102.635
111.741
102.65
111.745
102.676
111.752
102.636
111.759
102.639
111.752
102.647
111.755
102.654
111.73
102.661
111.737
102.666
111.744
102.654
111.745
102.654
111.752
102.849
111.553
102.646
111.737
102.666
111.785
102.613
111.775
102.624
111.77
102.632
111.741
102.669
111.748
102.643
111.737
102.661
111.745
102.654
111.879
102.523
111.759
102.658
111.76
102.733
111.635
102.654
111.985
102.414
111.785
102.606
111.804
102.711
111.661
102.636
111.782
102.635
111.733
102.647
111.763
102.733
111.68
102.827
111.549
102.651
111.755
102.643
111.745
102.654
111.737
102.657
111.734
102.672
111.737
102.658
111.752
102.654
111.752
102.696
111.706
102.647
111.782
102.616
111.737
102.666
111.752
102.654
111.752
102.642
111.76
102.631
111.76
102.646
111.985
102.418
111.752
102.646
111.737
102.665
111.76
102.631
111.775
102.631
111.722
102.677
111.962
102.44
111.767
102.632
111.816
102.586
111.767
102.631
111.73
102.68
111.726
102.665
111.76
102.631
111.745
102.657
111.76
102.646
111.73
102.661
111.745
102.665
111.73
102.676
111.737
102.658
111.759
102.655
111.755
102.639
111.737
102.662
111.722
102.669
111.763
102.902
111.481
102.654
111.737
102.662
111.748
102.662
111.744
102.647
111.752
102.642
111.76
102.646
111.737
102.654
111.756
102.654
111.76
102.639
111.744
102.658
111.733
102.665
111.745
102.665
111.745
102.654
111.759
102.688
111.729
102.617
111.921
102.477
111.745
102.665
111.737
102.654
111.745
102.665
111.718
102.673
111.782
102.609
111.782
102.624
111.763
102.647
111.759
102.635
111.76
102.752
111.631
102.654
111.76
102.65
111.76
102.631
111.745
102.654
111.778
102.624
111.767
102.729
111.654
102.658
111.775
102.834
111.527
102.654
111.755
102.861
111.538
102.646
111.745
102.658
111.752
102.654
111.737
102.657
111.752
102.654
111.745
102.646
111.737
102.662
111.763
102.647
111.759
102.643
111.733
102.658
111.737
102.661
111.73
102.673
111.74
102.658
111.745
102.654
111.77
102.621
112.011
102.398
111.76
102.665
111.718
102.666
111.744
102.647
111.744
102.65
111.745
102.661
111.737
102.673
111.733
102.658
111.737
102.662
111.763
102.639
111.729
102.669
111.764
102.631
111.752
102.654
111.745
102.823
111.568
102.688
111.718
102.657
111.752
102.658
111.767
102.632
111.759
102.632
111.752
102.665
111.718
102.665
111.752
102.666
111.718
102.68
111.959
102.428
111.741
102.658
111.759
102.639
111.719
102.684
111.748
102.65
111.737
102.662
111.977
102.425
111.782
102.616
111.752
102.647
111.737
102.673
111.737
102.646
111.771
102.639
111.744
102.654
111.745
102.658
111.748
102.65
111.737
102.711
111.699
102.669
111.759
102.624
111.76
102.65
111.775
102.631
111.715
102.684
111.778
102.616
111.745
102.646
111.73
102.91
111.511
102.635
111.782
102.771
111.598
102.665
111.737
102.661
111.752
102.651
111.733
102.68
111.73
102.654
111.816
102.601
111.744
102.639
111.737
102.673
111.767
102.632
111.729
102.662
111.737
102.661
111.812
102.918
111.736
102.361
112.177
102.199
111.786
102.654
111.899
102.492
111.778
102.809
111.71
102.496
111.809
102.567
112.226
102.207
111.774
102.639
112.188
102.181
111.744
102.714
111.895
102.455
111.77
102.64
111.71
102.647
111.744
102.801
111.699
102.556
111.73
102.737
111.695
102.639
111.985
102.432
111.854
102.545
111.744
102.688
111.835
102.534
111.744
102.669
111.715
102.665
111.733
102.669
111.741
102.639
111.771
102.646
112.102
102.297
111.752
102.65
111.733
102.658
111.778
102.632
111.744
102.654
111.887
102.512
111.763
102.639
111.996
102.406
111.763
102.639
111.73
102.68
111.722
102.669
111.778
102.617
111.744
102.673
111.741
102.665
111.73
102.639
111.752
102.665
111.744
102.91
111.481
102.733
111.673
102.692
111.741
102.616
111.775
102.624
111.936
102.481
111.737
102.665
111.741
102.665
111.718
102.715
111.673
102.669
111.755
102.655
111.725
102.688
111.763
102.681
111.718
102.643
111.733
102.665
111.767
102.639
111.985
102.383
111.767
102.643
111.733
102.673
111.767
102.617
111.752
102.665
111.729
102.654
111.745
102.658
111.74
102.658
111.816
102.594
111.748
102.658
111.737
102.646
111.745
102.658
111.733
102.692
111.932
102.44
111.763
102.631
111.767
102.651
111.74
102.643
111.748
102.666
111.722
102.669
111.744
102.647
111.752
102.657
111.752
102.654
111.749
102.661
111.715
102.928
111.485
102.65
111.745
102.677
111.729
102.665
111.733
102.658
111.726
102.692
111.733
102.658
111.736
102.654
111.745
102.665
111.73
102.661
111.752
102.643
111.782
102.632
111.744
102.646
111.771
102.632
111.797
102.609
111.759
102.658
111.902
102.474
111.752
102.646
111.914
102.492
111.737
102.658
111.752
102.681
111.736
102.64
111.759
102.631
111.752
102.651
111.759
102.654
111.73
102.68
111.733
102.658
111.752
102.631
111.752
102.651
111.744
102.79
111.582
102.681
111.752
102.642
111.745
102.661
111.737
102.895
111.553
102.609
111.752
102.661
111.771
102.624
111.741
102.673
111.744
102.65
111.73
102.676
111.745
102.65
111.726
102.665
111.752
102.646
111.767
102.636
111.774
102.624
111.76
102.65
111.718
102.673
111.872
102.526
111.779
102.612
111.764
102.654
111.744
102.658
111.744
102.643
111.763
102.655
111.729
102.752
111.646
102.658
111.771
102.714
111.681
102.627
112.008
102.398
111.745
102.658
111.767
102.631
111.737
102.665
111.79
102.609
111.733
102.665
111.752
102.666
111.722
102.676
111.73
102.654
111.744
102.658
111.744
102.654
111.745
102.771
111.669
102.624
111.759
102.681
111.703
102.658
111.759
102.631
111.752
102.647
111.756
102.654
111.744
102.647
111.744
102.65
111.76
102.646
111.737
102.673
111.745
102.646
111.752
102.647
111.737
102.665
111.752
102.857
111.526
102.662
111.756
102.639
111.752
102.654
111.737
102.673
111.718
102.672
111.745
102.658
111.74
102.73
111.68
102.647
111.737
102.665
111.752
102.646
111.76
102.639
111.801
102.624
111.752
102.65
111.774
102.711
111.635
102.662
111.744
102.651
111.733
102.808
111.617
102.639
111.763
102.797
111.609
102.631
111.745
102.68
111.711
102.665
111.816
102.583
111.752
102.665
111.722
102.661
111.73
102.661
111.771
102.647
111.752
102.639
111.759
102.635
111.79
102.624
111.759
102.681
111.737
102.616
111.921
102.485
111.745
102.658
111.744
102.665
111.733
102.639
111.76
102.65
111.775
102.635
111.733
102.688
111.737
102.65
111.726
102.68
111.722
102.673
111.733
102.65
111.741
102.688
111.722
102.662
111.736
102.647
111.778
102.643
111.752
102.628
111.834
102.56
111.752
102.88
111.526
102.658
111.726
102.665
111.745
102.654
111.744
102.647
111.755
102.654
111.895
102.515
111.733
102.658
111.745
102.654
111.737
102.654
111.74
102.669
111.737
102.654
111.88
102.53
111.745
102.654
111.752
102.65
111.744
102.654
111.756
102.639
111.752
102.669
111.786
102.598
111.744
102.666
111.725
102.763
111.654
102.639
111.756
102.767
111.647
102.639
111.778
102.71
111.658
102.654
111.745
102.658
111.752
102.654
111.759
102.624
111.763
102.647
111.752
102.68
111.733
102.707
111.688
102.654
111.752
102.632
111.744
102.65
111.752
102.662
111.752
102.635
111.767
102.654
111.722
102.673
111.748
102.635
111.775
102.647
111.755
102.628
111.756
102.646
111.775
102.624
111.744
102.65
111.745
102.661
111.737
102.666
111.733
102.665
111.752
102.647
111.737
102.665
111.752
102.646
111.745
102.665
111.73
102.691
111.722
102.647
111.752
102.642
111.745
102.661
111.752
102.658
111.745
102.654
111.759
102.651
111.718
102.665
111.752
102.646
111.764
102.755
111.643
102.805
111.586
102.643
111.804
102.752
111.643
102.624
111.752
102.628
111.778
102.639
111.722
102.666
111.755
102.643
111.744
102.654
111.752
102.643
111.767
102.639
111.745
102.654
111.744
102.658
111.737
102.661
111.73
102.673
111.733
102.673
111.913
102.553
111.677
102.639
111.913
102.496
111.752
102.651
111.744
102.703
111.684
102.67
111.748
102.65
111.737
102.677
111.729
102.688
111.722
102.797
111.594
102.654
111.752
102.642
111.745
102.661
111.745
102.646
111.745
102.665
111.745
102.759
111.647
102.642
111.752
102.654
111.745
102.654
111.741
102.894
111.527
102.639
111.77
102.632
111.759
102.64
111.759
102.65
111.775
102.616
111.929
102.485
111.755
102.632
111.759
102.64
111.744
102.665
111.775
102.616
111.775
102.624
111.883
102.519
111.752
102.662
111.736
102.786
111.613
102.65
112.008
102.395
111.766
102.632
111.767
102.632
111.744
102.658
111.782
102.722
111.669
102.616
111.793
102.696
111.665
102.67
111.721
102.654
111.756
102.654
111.76
102.639
111.857
102.545
111.733
102.666
111.744
102.654
111.744
102.673
111.715
102.669
111.763
102.631
111.76
102.647
111.766
102.632
111.741
102.661
111.745
102.654
111.816
102.594
111.721
102.685
111.736
102.647
111.763
102.666
111.718
102.665
111.752
102.639
111.767
102.632
111.744
102.673
111.928
102.463
111.752
102.639
111.744
102.65
111.745
102.662
111.729
102.665
111.756
102.65
111.745
102.845
111.564
102.647
111.737
102.662
111.744
102.71
111.673
102.673
111.76
102.639
111.744
102.65
111.741
102.666
111.736
102.666
111.74
102.858
111.545
102.654
111.755
102.805
111.586
102.673
111.718
102.816
111.59
102.658
111.752
102.647
111.763
102.647
111.736
102.655
111.857
102.537
111.79
102.624
111.714
102.681
111.733
102.657
111.741
102.666
111.763
102.646
111.76
102.631
111.737
102.662
111.763
102.631
111.782
102.625
111.759
102.65
111.794
102.612
111.775
102.601
111.771
102.654
111.767
102.617
111.729
102.68
111.76
102.646
111.752
102.636
111.774
102.767
111.624
102.647
111.74
102.635
111.764
102.646
111.76
102.793
111.605
102.643
111.752
102.658
111.725
102.666
111.733
102.665
111.752
102.647
111.752
102.65
111.741
102.658
111.736
102.662
112.147
102.255
111.76
102.639
111.744
102.658
111.929
102.47
111.766
102.624
111.955
102.47
111.752
102.643
111.741
102.65
111.741
102.658
111.736
102.681
111.744
102.639
111.745
102.658
111.755
102.651
111.751
102.64
111.751
102.647
111.756
102.646
111.767
102.636
111.823
102.677
111.635
102.662
111.729
102.673
111.744
102.88
111.511
102.662
111.763
102.639
111.737
102.677
111.755
102.632
111.752
102.654
111.737
102.838
111.571
102.647
111.752
102.647
111.736
102.673
111.73
102.661
111.745
102.646
111.756
102.654
111.944
102.455
111.759
102.643
111.733
102.673
111.97
102.421
111.737
102.665
111.759
102.64
111.778
102.631
111.752
102.639
111.778
102.621
111.992
102.41
111.733
102.666
111.751
102.647
111.771
102.631
111.778
102.621
111.759
102.643
111.744
102.655
111.751
102.666
111.752
102.654
111.737
102.703
111.695
102.632
111.77
102.655
111.736
102.651
111.797
102.601
111.767
102.639
111.771
102.673
111.692
102.658
111.8
102.76
111.594
102.646
111.737
102.666
111.733
102.665
111.744
102.655
111.751
102.651
111.759
102.647
111.729
102.669
111.745
102.665
111.744
102.64
111.778
102.605
111.786
102.631
111.745
102.654
111.752
102.65
111.808
102.591
111.729
102.673
111.925
102.473
111.737
102.666
111.936
102.454
111.745
102.662
111.759
102.631
111.745
102.665
111.745
102.654
111.744
102.65
111.775
102.632
111.729
102.68
111.745
102.661
111.715
102.669
111.737
102.657
111.734
102.673
111.751
102.658
111.737
102.654
111.76
102.639
111.755
102.895
111.504
102.647
111.744
102.895
111.496
102.665
111.752
102.651
111.74
102.658
111.733
102.666
111.729
102.673
111.752
102.646
111.929
102.47
111.737
102.658
111.774
102.632
111.729
102.673
111.782
102.624
111.737
102.658
111.789
102.609
111.786
102.755
111.594
102.681
111.722
102.661
111.73
102.676
111.737
102.658
111.737
102.677
111.819
102.568
111.744
102.654
111.745
102.654
111.778
102.62
111.763
102.64
111.766
102.624
111.794
102.609
111.752
102.658
111.751
102.655
111.83
102.76
111.552
102.639
111.756
102.647
111.752
102.654
111.744
102.651
111.751
102.655
111.744
102.646
111.756
102.654
111.752
102.647
111.744
102.658
111.744
102.655
111.729
102.669
111.748
102.677
111.729
102.647
111.752
102.643
111.759
102.647
111.962
102.447
111.752
102.639
111.752
102.666
111.729
102.647
111.766
102.658
111.733
102.666
111.718
102.665
111.775
102.643
111.725
102.666
111.759
102.639
111.729
102.662
111.752
102.65
111.745
102.654
111.752
102.643
111.759
102.662
111.714
102.673
111.759
102.639
111.76
102.631
111.76
102.65
111.774
102.625
111.759
102.65
111.73
102.684
111.729
102.647
111.737
102.658
111.759
102.647
111.755
102.643
111.778
102.624
111.767
102.636
111.766
102.625
111.744
102.662
111.759
102.639
111.816
102.586
111.76
102.639
111.744
102.651
111.744
102.662
111.936
102.447
111.808
102.602
111.752
102.654
111.834
102.568
111.767
102.632
111.751
102.651
111.759
102.639
111.76
102.639
111.737
102.665
111.759
102.64
111.736
102.666
111.774
102.624
111.752
102.666
111.733
102.65
111.744
102.655
111.751
102.658
111.726
102.673
111.759
102.632
111.778
102.617
111.797
102.616
111.744
102.651
111.797
102.609
111.729
102.669
111.921
102.474
111.737
102.662
111.736
102.666
111.74
102.639
111.779
102.658
111.725
102.673
111.722
102.662
111.736
102.666
111.733
102.673
111.744
102.666
111.86
102.523
111.744
102.655
111.759
102.65
111.733
102.658
111.752
102.647
111.744
102.658
111.737
102.662
111.744
102.658
111.759
102.745
111.646
102.647
111.759
102.643
111.744
102.655
111.77
102.632
111.74
102.673
111.715
102.718
111.695
102.76
111.642
102.655
111.736
102.658
111.782
102.647
111.722
102.646
111.778
102.647
111.752
102.647
111.721
102.666
111.744
102.654
111.73
102.673
111.725
102.666
111.759
102.647
111.751
102.643
111.745
102.661
111.745
102.658
111.74
102.673
111.737
102.647
111.736
102.673
111.73
102.661
111.76
102.639
111.785
102.617
111.737
102.662
111.751
102.651
111.744
102.647
111.737
102.669
111.737
102.658
111.733
102.673
111.736
102.745
111.654
102.658
111.759
102.688
111.714
102.636
111.801
102.785
111.568
102.65
111.79
102.785
111.568
102.662
111.744
102.658
111.752
102.647
111.736
102.666
111.737
102.669
111.737
102.661
111.745
102.65
111.737
102.662
111.729
102.662
111.751
102.658
111.76
102.631
111.801
102.602
111.766
102.655
111.755
102.703
111.688
102.647
111.921
102.47
111.744
102.673
111.729
102.718
111.688
102.658
111.73
102.703
111.695
102.666
111.759
102.654
111.744
102.801
111.59
102.64
111.793
102.624
111.759
102.643
111.718
102.673
111.929
102.47
111.729
102.68
111.745
102.654
111.737
102.654
111.752
102.665
111.718
102.666
111.736
102.673
111.767
102.643
111.733
102.647
111.737
102.665
111.733
102.666
111.913
102.485
111.771
102.639
111.744
102.666
111.718
102.665
111.737
102.662
111.751
102.64
111.89
102.527
111.722
102.673
111.759
102.647
111.759
102.632
111.729
102.695
111.722
102.662
111.729
102.666
111.748
102.65
111.741
102.658
111.721
102.67
111.763
102.646
111.767
102.88
111.504
102.643
111.766
102.64
111.744
102.654
111.786
102.616
111.745
102.654
111.744
102.658
111.744
102.655
111.736
102.752
111.662
102.658
111.737
102.736
111.677
102.636
111.751
102.655
111.729
102.68
111.752
102.639
111.73
102.669
111.744
102.658
111.767
102.632
111.766
102.643
111.752
102.639
111.771
102.628
111.744
102.651
112
102.424
111.718
102.662
111.741
102.661
111.76
102.643
111.733
102.68
111.759
102.625
111.736
102.67
111.729
102.665
111.782
102.636
111.725
102.666
111.744
102.665
111.711
102.669
111.737
102.665
111.73
102.669
111.763
102.639
111.733
102.666
111.744
102.658
111.74
102.835
111.568
102.658
111.733
102.83
111.579
102.67
111.736
102.816
111.583
102.65
111.752
102.647
111.752
102.65
111.752
102.823
111.583
102.643
111.752
102.654
111.722
102.669
111.759
102.636
111.74
102.681
111.812
102.575
111.759
102.647
111.936
102.455
111.759
102.658
111.951
102.433
111.763
102.654
111.744
102.639
111.73
102.68
111.733
102.658
111.752
102.662
111.736
102.651
111.767
102.631
111.73
102.669
111.722
102.68
111.737
102.669
111.778
102.613
111.752
102.65
111.752
102.654
111.737
102.658
111.744
102.673
111.711
102.673
111.733
102.921
111.474
102.669
111.748
102.654
111.752
102.65
111.741
102.665
111.974
102.417
111.951
102.452
111.763
102.628
111.789
102.617
111.751
102.647
111.756
102.646
111.752
102.647
111.748
102.669
111.729
102.666
111.733
102.647
111.751
102.658
111.745
102.654
111.744
102.666
111.729
102.662
111.721
102.67
111.759
102.658
111.718
102.673
111.755
102.64
111.74
102.666
111.736
102.666
111.767
102.639
111.725
102.685
111.718
102.665
111.726
102.673
111.736
102.658
111.756
102.65
111.73
102.767
111.68
102.632
111.759
102.632
111.744
102.647
111.763
102.646
111.767
102.632
111.778
102.617
111.744
102.662
111.721
102.677
111.763
102.673
111.692
102.673
111.737
102.68
111.711
102.673
111.751
102.666
111.951
102.432
111.737
102.669
111.745
102.639
111.744
102.673
111.744
102.643
111.752
102.654
111.745
102.673
111.725
102.666
111.766
102.625
111.751
102.737
111.688
102.632
111.729
102.681
111.74
102.636
111.751
102.655
111.729
102.673
111.74
102.673
111.715
102.661
111.778
102.625
111.774
102.65
111.756
102.804
111.583
102.639
111.951
102.44
111.771
102.632
111.774
102.632
111.729
102.673
111.737
102.661
111.73
102.669
111.77
102.647
111.752
102.632
111.785
102.617
111.733
102.665
111.801
102.602
111.748
102.639
111.97
102.466
111.71
102.673
111.745
102.718
111.673
102.661
111.763
102.625
111.759
102.647
111.744
102.654
111.786
102.616
111.737
102.662
111.763
102.639
111.744
102.673
111.733
102.64
111.984
102.44
111.745
102.729
111.662
102.658
111.725
102.666
111.736
102.662
111.756
102.646
111.752
102.647
111.755
102.903
111.511
102.632
111.736
102.688
111.73
102.654
111.752
102.643
111.766
102.64
111.958
102.436
111.733
102.673
111.733
102.658
111.745
102.654
111.737
102.658
111.759
102.647
111.744
102.665
111.733
102.658
111.797
102.602
111.744
102.673
111.722
102.662
111.744
102.658
111.759
102.647
111.737
102.654
111.752
102.65
111.737
102.673
111.74
102.651
111.74
102.906
111.489
102.681
111.74
102.643
111.733
102.666
111.766
102.651
112.007
102.399
111.752
102.857
111.496
102.673
111.737
102.759
111.658
102.654
111.775
102.616
111.775
102.639
111.74
102.647
111.767
102.632
111.766
102.625
111.77
102.628
111.763
102.647
111.744
102.651
111.759
102.647
111.744
102.647
111.759
102.65
111.737
102.673
112.015
102.376
111.767
102.632
111.864
102.545
111.775
102.624
111.729
102.654
111.752
102.651
111.74
102.666
111.736
102.73
111.669
102.673
111.744
102.651
111.766
102.632
111.752
102.647
111.729
102.665
111.745
102.661
111.745
102.673
111.718
102.665
111.744
102.655
111.744
102.654
111.748
102.662
111.714
102.669
111.763
102.647
111.737
102.662
111.744
102.673
111.733
102.643
111.774
102.639
111.763
102.632
111.744
102.655
111.751
102.658
111.733
102.666
111.767
102.643
111.751
102.647
111.831
102.553
111.759
102.65
111.951
102.455
111.737
102.658
111.759
102.647
111.729
102.655
111.736
102.67
111.721
102.666
111.759
102.647
111.763
102.654
111.737
102.647
111.744
102.673
111.718
102.673
111.744
102.651
111.748
102.643
111.759
102.647
111.751
102.647
111.737
102.801
111.609
102.658
111.774
102.624
111.737
102.662
111.736
102.673
111.737
102.662
111.752
102.665
111.733
102.651
111.736
102.67
111.729
102.665
111.767
102.647
111.744
102.632
111.767
102.643
111.736
102.677
111.748
102.621
111.808
102.609
111.729
102.681
111.751
102.625
111.766
102.64
111.744
102.658
111.846
102.56
111.759
102.632
111.737
102.68
111.729
102.655
111.751
102.643
111.741
102.692
111.71
102.775
111.673
102.609
111.74
102.669
111.771
102.628
111.789
102.617
111.744
102.651
111.789
102.609
111.737
102.88
111.503
102.677
111.744
102.658
111.737
102.662
111.752
102.635
111.752
102.662
111.729
102.669
111.771
102.639
111.786
102.609
111.751
102.64
111.751
102.655
111.744
102.654
111.97
102.447
111.745
102.639
111.748
102.654
111.752
102.647
111.763
102.639
111.752
102.661
111.865
102.519
111.737
102.665
111.733
102.666
111.766
102.636
111.752
102.639
111.774
102.639
111.737
102.658
111.748
102.677
111.725
102.658
111.733
102.658
111.76
102.631
111.76
102.65
111.737
102.662
111.751
102.647
111.737
102.665
111.73
102.861
111.552
102.658
111.917
102.666
111.545
102.662
111.751
102.858
111.552
102.647
111.752
102.643
111.759
102.647
111.864
102.534
111.744
102.658
111.737
102.662
111.755
102.647
111.801
102.598
111.77
102.624
111.884
102.635
111.617
102.673
111.766
102.632
111.744
102.655
111.744
102.658
111.759
102.639
111.745
102.654
111.763
102.632
111.774
102.688
111.703
102.643
111.782
102.624
111.771
102.797
111.578
102.647
111.744
102.655
111.736
102.666
111.752
102.654
111.752
102.639
111.759
102.786
111.59
102.666
111.815
102.609
111.737
102.639
111.745
102.654
111.752
102.639
111.737
102.703
111.699
102.669
111.763
102.647
111.759
102.639
111.752
102.636
111.736
102.677
111.752
102.632
111.744
102.665
111.73
102.669
111.737
102.658
111.766
102.64
111.736
102.673
111.726
102.673
111.737
102.654
111.752
102.65
111.744
102.655
111.744
102.654
111.748
102.662
111.744
102.647
111.752
102.65
111.741
102.658
111.759
102.65
111.752
102.639
111.752
102.666
111.751
102.647
111.737
102.801
111.597
102.643
111.756
102.65
111.76
102.643
111.766
102.76
111.624
102.662
111.744
102.635
111.752
102.662
111.752
102.643
111.725
102.673
111.786
102.613
111.766
102.625

------------------------------------------------------------------------------------------------------------------------------------------------
max val(#192) = 112.29us
min val(#193) = 102.09us
peak-to-peak = 10.20us
mean +- RMS = 107.20 +- 4.55 us

packet size: 516
number of packets: 10000
RATE = 38507.64kbps, PPS = 9328.4
