Destination address set to 01:1B:19:00:00:00
Defaults: 01:1B:19:00:00:00 or 01:80:C2:00:00:0E
SIOCSHWTSTAMP: tx_type 1 requested, got 1; rx_filter 0 requested, got 0
setting ts_flags: 0x53
new ts_flags: 0x53


hw tx time, us: packets 10000:
relative abs time 1517960531500551833 ns
first packet abs time 1517960531531824229 ns
------------------------------------------------------------------------------------------------------------------------------------------------
31272.4
31356.6
31460.6
31559.9
31661.7
31767.3
31861.8
31971.1
32074.2
32177.2
32277.5
32379.5
32486
32583.9
32686.3
32788.7
32890.8
32993.1
33095.3
33207.6
35211.6
40146.1
40169.8
40322.6
40371
40507.9
40569.2
40704.4
40779.3
40877.6
40979.6
41124.9
41194.7
41314.1
41420.8
41535.4
41696.8
41800.4
41899.4
42011.5
42145.4
42208.7
42384.4
42422.9
42550
42615.8
42739.2
42820.7
42967.5
43019.2
43135.7
43243
43354.9
43440.5
43584.5
43638.4
43802.4
43851.1
43986
44047
44190.4
44261.1
44387.6
44462.9
44597.1
44668.5
44802.3
44870.2
45008.9
45069.5
45203.8
45280.3
45419.2
45478.5
45615.3
45694.6
45821.3
45899.8
46029.7
46102
46236.8
46297.2
46425.2
46513
46646.7
46707.9
46845.7
46920.9
47053.4
47127.7
47259.6
47328.3
47465.5
47538.9
47662.9
47738.5
47874.9
47935.4
48080.2
48144.6
48281.1
48354.8
48482.6
48560.1
48692.9
48765.7
48935
48973.2
49114.6
49176.1
49318.3
49377.9
49513.2
49584
49707.8
49783
49902.6
49993.6
50116
50200.2
50325.8
50396.8
50534.4
50607.7
50750.7
50810.3
50946.4
51019.3
51171.6
51216.4
51360.1
51420.5
51544.4
51632.2
51763.2
51835.7
51973.6
52042.8
52166.3
52246.4
52380.7
52453.4
52579.9
52648.9
52772.2
52858.7
53001.5
53059.6
53199.7
53270.5
53411
53475.4
53606.1
53685.3
53818.1
53876.2
54004.1
54088.5
54222.5
54296.1
54422.5
54498.5
54626.6
54696.1
54820.6
54909.1
55037.9
55115.5
55240.4
55318.5
55465.8
55517.3
55647.5
55727.8
55853.8
55922.7
56066.8
56127.8
56255.8
56340.9
56498.2
56546.7
56675.1
56743.5
56863.6
56956.3
57091.4
57155.3
57278.8
57365.7
57496
57572.7
57708.1
57768.7
57909.4
57981.4
58114.1
58186.6
58326.4
58393.3
58536.2
58592.6
58730.1
58788.9
58913.4
59002.7
59147.4
59206.8
59419.7
59569.9
59615.4
59776.4
59817.3
59938.1
60026.9
60161
60232.1
60365
60438
60576.2
60635
60759.2
60850
60974.6
61054.8
61181.3
61262.5
61392.8
61450.8
61597.4
61662.5
61791.6
61870
62022.5
62065.8
62231.9
62394.5
62425.2
62478.3
62628.1
62683.7
62817.3
62885.1
63031.9
63092.4
63237.6
63309
63417.8
63514.3
63646.4
63718.2
63838.3
63919.9
64053.7
64113.9
64258
64327.2
64450
64535
64664.9
64743.1
64851.1
64947.1
65070.7
65148.5
65274
65353
65475.7
65556.9
65695.8
65760.8
65876.4
65967.8
66098.7
66173.6
66299.2
66375.1
66508.2
66581.9
66709.8
66786.1
66918.5
66991.2
67134.2
67193.5
67330.8
67395.4
67534
67604.6
67743.8
67802.8
67934.7
68013.7
68157.6
68217.9
68355.1
68423.3
68563.8
68622.9
68744.5
68838.8
68975
69034.9
69174.8
69367.8
69446.1
69580.2
69653.3
69783.6
69856.4
69985.3
70055.5
70198.8
70263.2
70382
70483
70595.1
70676
70820.3
70879.7
71011.7
71090.3
71216.8
71280.1
71417.2
71493.7
71631.8
71702.1
71823.8
71906.3
72063.5
72111.3
72240
72315.6
72429.2
72516.6
72646.9
72727.5
72861.9
72922.6
73060.6
73140
73270
73335.6
73476.8
73536
73658.2
73747.1
73889.9
73950.6
74082.6
74158.1
74301.3
74360.9
74516.7
74561.1
74681.4
74776.4
74900.8
74977.9
75087.4
75184.6
75323.5
75389.9
75515.6
75593.2
75720.5
75796
75926.9
76007.6
76139.8
76209.7
76347.9
76400.9
76528.3
76616.7
76749.1
76819.8
76938.7
77019.4
77147.2
77231.9
77358.4
77436.9
77572.6
77632.8
77782
77840.9
77977.6
78049.2
78178.2
78248.9
78378.3
78457.8
78601.7
78662.3
78776.6
78867.4
78999.8
79074.1
79203.9
79387.1
79421.3
79478.3
79624
79691
79825.3
79885.2
80009.3
80096.7
80231.8
80295.8
80415.9
80510.1
80656.1
80709.3
80830.6
80911.6
81048.5
81122.2
81263.6
81324
81467.2
81526
81660.4
81733.5
81876.9
81945.4
82076.6
82136.9
82282.9
82341.7
82470.3
82555.6
82712.6
82762.3
82908.8
82955.9
83112.3
83162.1
83304.6
83364.5
83513.3
83572.2
83706
83776.8
83924.7
83985.6
84117.2
84198.2
84324
84398.4
84531.9
84592.6
84717.7
84805.3
84949.4
85003.3
85135.7
85222
85351.5
85421.5
85557.7
85630.3
85772.8
85833.4
85963.1
86036.4
86184.1
86234.1
86375.5
86444.2
86581.5
86656
86765.8
86855.7
86996.1
87055.6
87177.9
87265.3
87408.8
87469.2
87600.7
87679.4
87804.9
87870.8
88007.6
88087.2
88207.9
88282
88420.4
88494.8
88631.9
88691.2
88818.1
88904
89046
89103.9
89282.1
89314.7
89452.1
89516.6
89678.3
89713.2
89854.4
89936.7
90055.3
90137.7
90251.6
90329.6
90480.6
90535.1
90667.4
90739.5
90873.8
90958.7
91061.1
91161.7
91287.1
91353.5
91486.5
91571.2
91705.7
91775.9
91904.3
91967.3
92111.8
92172.8
92317.6
92387.9
92516.7
92581.2
92724.4
92786.1
92924.9
93000.5
93121.5
93206.3
93329.6
93413.3
93545.1
93606
93731.9
93820
93946
94031.4
94157
94221.9
94358.1
94441.7
94579.2
94625.8
94795.1
94834.5
94954.7
95051.1
95160.7
95257.2
95382.6
95455.7
95591.2
95651.3
95798.8
95859.9
96018.3
96062.4
96204.1
96268
96409.5
96471
96626.2
96684.8
96814.3
96890.9
97024.3
97091.3
97220.2
97299
97450.2
97503.7
97644.7
97709.9
97837.4
97917.8
98044.5
98109.8
98254.5
98323.2
98448.4
98519.9
98666.9
98737.3
98846.4
98942.2
99074.1
99136.7
99298.1
99346.4
99496.7
99543.9
99700.8
99758.6
99898.5
99964.1
100108
100170
100306
100380
100489
100577
100708
100777
100898
100987
101132
101181
101324
101396
101524
101600
101739
101796
101931
102014
102139
102215
102342
102418
102563
102624
102750
102823
102958
103028
103152
103239
103372
103469
103563
103649
103791
103852
103980
104061
104184
104260
104389
104467
104606
104666
104802
104877
105024
105074
105210
105285
105407
105492
105629
105687
105824
105905
106045
106098
106232
106312
106441
106516
106675
106708
106849
106929
107056
107132
107284
107337
107471
107546
107679
107739
107862
107945
108083
108154
108283
108356
108487
108565
108693
108759
108885
108973
109111
109171
109366
109407
109523
109580
109724
109789
109933
109997
110144
110194
110344
110399
110540
110601
110746
110817
110948
111019
111140
111229
111366
111437
111575
111633
111754
111845
111998
112037
112169
112246
112377
112448
112603
112660
112799
112871
113008
113061
113181
113278
113425
113473
113634
113680
113837
113889
114025
114082
114218
114299
114434
114513
114643
114701
114856
114907
115050
115116
115247
115324
115458
115521
115670
115724
115866
115942
116070
116150
116251
116348
116474
116554
116682
116751
116873
116962
117089
117167
117534
117577
117716
117781
117913
117977
118134
118180
118332
118389
118528
118608
118716
118804
118921
119011
119154
119203
119352
119407
119560
119612
119759
119825
119957
120022
120169
120240
120376
120442
120578
120639
120766
120857
120993
121046
121174
121253
121379
121469
121603
121666
121810
121871
122010
122069
122202
122289
122420
122480
122632
122691
122822
122905
123036
123104
123255
123300
123447
123520
123644
123714
123861
123921
124040
124128
124263
124329
124468
124528
124685
124745
124880
124946
125074
125156
125286
125358
125494
125552
125698
125773
125881
125966
126111
126172
126319
126389
126518
126577
126719
126780
126907
126986
127133
127199
127328
127406
127533
127612
127753
127806
127948
128024
128160
128223
128375
128422
128567
128627
128766
128841
128972
129039
129170
129247
129385
129457
129588
129649
129798
129868
129991
130074
130205
130267
130394
130483
130630
130676
130815
130889
131021
131082
131215
131299
131437
131506
131644
131700
131846
131901
132044
132105
132235
132322
132443
132529
132651
132732
132856
132938
133040
133145
133271
133347
133505
133537
133669
133743
133897
133963
134089
134161
134311
134362
134498
134572
134702
134771
134916
134978
135138
135183
135315
135389
135539
135591
135720
135807
135930
136006
136118
136213
136338
136411
136550
136611
136754
136815
136963
137034
137159
137232
137372
137439
137570
137650
137780
137839
137969
138048
138189
138261
138407
138457
138608
138668
138812
138863
139012
139073
139206
139272
139420
139486
139615
139690
139828
139889
140034
140102
140254
140295
140440
140514
140636
140718
140840
140926
141051
141130
141256
141332
141473
141532
141671
141747
141870
141936
142095
142149
142273
142357
142503
142553
142694
142763
142894
142958
143097
143181
143317
143385
143503
143587
143714
143779
143915
143996
144119
144191
144385
144407
144531
144614
144738
144804
144936
145021
145159
145217
145378
145414
145553
145635
145761
145841
145966
146047
146174
146235
146361
146450
146587
146650
146791
146861
146984
147056
147207
147264
147402
147466
147613
147669
147813
147886
148021
148079
148239
148283
148430
148493
148640
148710
148835
148908
149035
149112
149267
149321
149448
149528
149648
149721
149875
149934
150089
150125
150262
150346
150471
150549
150672
150753
150876
150950
151095
151155
151282
151368
151499
151577
151706
151763
151898
151970
152098
152185
152317
152380
152519
152584
152737
152803
152928
153008
153115
153211
153337
153420
153548
153627
153772
153826
153952
154023
154154
154233
154370
154432
154572
154636
154788
154849
154972
155047
155171
155256
155381
155465
155591
155661
155791
155865
156008
156070
156214
156275
156416
156481
156617
156685
156810
156889
157034
157093
157210
157305
157440
157501
157628
157707
157842
157915
158056
158115
158256
158318
158461
158534
158672
158726
158845
158947
159075
159138
159283
159346
159473
159560
159696
159767
159891
159966
160100
160175
160307
160367
160504
160570
160736
160790
160950
160981
161121
161195
161323
161398
161532
161597
161736
161806
161940
162007
162149
162212
162339
162428
162551
162631
162768
162830
162965
163038
163178
163240
163378
163452
163561
163656
163787
163862
163999
164054
164188
164274
164411
164465
164587
164667
164793
164885
165012
165088
165221
165291
165444
165497
165636
165705
165834
165913
166037
166103
166261
166303
166438
166511
166643
166728
166857
166928
167048
167137
167264
167347
167464
167543
167682
167753
167880
167950
168073
168159
168284
168361
168494
168562
168712
168762
168897
168984
169119
169189
169314
169380
169531
169583
169727
169800
169930
170009
170121
170209
170348
170404
170531
170615
170748
170822
170956
171032
171176
171231
171358
171441
171550
171640
171758
171847
171956
172053
172189
172255
172378
172462
172582
172659
172810
172872
172979
173075
173225
173302
173399
173478
173607
173681
173827
173888
174035
174105
174232
174294
174426
174498
174641
174717
174841
174914
175045
175130
175258
175323
175449
175532
175663
175740
175869
175931
176059
176149
176274
176351
176498
176549
176689
176761
176908
176956
177117
177171
177325
177380
177521
177583
177711
177788
177919
177991
178121
178196
178306
178402
178532
178593
178717
178811
178932
179004
179142
179238
179360
179415
179550
179625
179768
179838
179971
180044
180169
180242
180373
180437
180593
180652
180784
180845
180994
181057
181208
181255
181394
181472
181610
181675
181797
181880
182009
182087
182207
182291
182435
182505
182638
182700
182820
182906
183034
183099
183243
183302
183429
183521
183649
183714
183850
183929
184068
184130
184266
184340
184470
184535
184662
184751
184881
184952
185086
185162
185295
185366
185488
185573
185683
185774
185902
185967
186099
186183
186312
186384
186535
186613
186748
186792
186929
186992
187137
187204
187332
187404
187541
187617
187750
187816
187949
188026
188149
188225
188360
188426
188570
188636
188768
188833
188990
189043
189184
189246
189378
189459
189589
189663
189806
189874
190000
190062
190201
190278
190436
190480
190602
190674
190820
190898
191022
191101
191236
191301
191439
191505
191635
191710
191830
191904
192040
192124
192254
192320
192462
192526
192680
192728
192887
192932
193078
193139
193267
193339
193474
193548
193683
193756
193894
193965
194106
194160
194300
194364
194501
194568
194708
194783
194911
194986
195106
195192
195318
195390
195518
195604
195732
195808
195938
196002
196126
196216
196338
196423
196553
196620
196762
196831
196985
197029
197168
197246
197371
197445
197598
197636
197779
197858
197986
198056
198169
198265
198395
198462
198615
198678
198804
198880
199023
199084
199205
199276
199429
199495
199623
199688
199838
199906
200043
200100
200232
200301
200460
200513
200655
200720
200847
200930
201057
201132
201259
201329
201465
201529
201677
201740
201877
201939
202070
202160
202309
202352
202511
202564
202716
202770
202904
202968
203104
203169
203305
203373
203495
203591
203721
203782
203908
203995
204131
204201
204339
204415
204534
204601
204737
204805
204930
205024
205146
205226
205356
205432
205553
205639
205775
205841
205992
206053
206188
206243
206363
206459
206597
206657
206811
206865
206991
207064
207191
207271
207393
207473
207595
207682
207820
207891
208034
208083
208224
208290
208429
208505
208642
208701
208834
208906
209032
209116
209268
209310
209470
209523
209651
209723
209870
209939
210066
210136
210272
210347
210488
210542
210673
210745
210892
210952
211088
211161
211284
211371
211502
211565
211708
211774
211901
211986
212118
212190
212342
212509
212541
212601
212760
212792
212936
213000
213151
213202
213340
213420
213574
213621
213757
213823
213942
214030
214165
214231
214372
214433
214578
214646
214776
214855
214993
215053
215197
215262
215392
215458
215609
215662
215788
215876
216018
216069
216217
216278
216421
216480
216605
216697
216842
216892
217026
217099
217256
217309
217437
217516
217651
217720
217850
217925
218048
218129
218254
218331
218457
218536
218658
218744
218867
218951
219076
219154
219285
219350
219497
219553
219687
219767
219896
219961
220113
220164
220293
220381
220513
220582
220702
220789
220928
220997
221125
221195
221338
221407
221531
221610
221754
221815
221970
222013
222156
222218
222369
222421
222567
222633
222762
222833
222966
223037
223163
223237
223373
223453
223584
223656
223782
223855
224002
224068
224199
224278
224387
224473
224607
224685
224810
224883
225007
225096
225250
225283
225439
225499
225639
225704
225830
225912
226043
226108
226283
226316
226450
226524
226677
226732
226863
226925
227085
227130
227279
227345
227456
227553
227663
227743
227866
227966
228096
228156
228299
228365
228498
228569
228693
228778
228919
228990
229121
229187
229323
229389
229543
229588
229733
229803
229935
230011
230135
230217
230365
230406
230565
230618
230747
230820
230952
231034
231184
231231
231388
231439
231583
231648
231757
231851
231999
232044
232190
232263
232401
232460
232604
232667
232808
232877
233003
233079
233220
233280
233427
233483
233616
233700
233801
233899
234032
234096
234220
234309
234455
234505
234639
234709
234856
234923
235066
235127
235235
235331
235458
235525
235692
235736
235871
235934
236074
236153
236289
236355
236497
236552
236686
236766
236914
236992
237098
237164
237303
237383
237511
237573
237711
237776
237943
238104
238178
238205
238327
238391
238537
238597
238718
238814
238956
239016
239133
239230
239343
239429
239563
239632
239764
239827
239968
240029
240182
240234
240381
240442
240582
240663
240789
240859
240998
241065
241201
241262
241407
241474
241612
241672
241821
241882
242014
242093
242222
242288
242435
242496
242627
242707
242832
242912
243039
243109
243228
243315
243445
243529
243662
243728
243873
243931
244069
244134
244258
244342
244486
244539
244682
244743
244887
244955
245084
245167
245290
245370
245501
245570
245710
245776
245910
245970
246094
246188
246316
246380
246505
246596
246715
246800
246930
246995
247124
247203
247344
247408
247540
247619
247750
247827
247951
248030
248162
248238
248364
248438
248563
248634
248773
248850
248976
249046
249168
249260
249369
249464
249591
249667
249808
249862
249997
250067
250210
250277
250404
250483
250611
250687
250818
250898
251024
251101
251245
251306
251436
251514
251652
251705
251846
251909
252037
252123
252256
252323
252463
252537
252673
252738
252867
252932
253066
253153
253290
253343
253490
253546
253693
253757
253889
253961
254085
254171
254311
254375
254497
254576
254699
254787
254922
254981
255113
255192
255323
255407
255525
255609
255741
255802
255940
256016
256142
256215
256351
256422
256551
256626
256744
256838
256964
257038
257190
257237
257380
257454
257581
257646
257792
257852
257985
258064
258208
258258
258398
258463
258593
258683
258806
258884
259019
259080
259240
259299
259436
259489
259643
259698
259840
259909
260037
260122
260254
260310
260460
260521
260658
260731
260873
260925
261063
261124
261256
261336
261476
261538
261673
261738
261880
261954
262086
262150
262275
262362
262488
262568
262703
262763
262899
262979
263115
263177
263306
263382
263517
263582
263733
263786
263961
264004
264160
264215
264341
264403
264566
264616
264775
264828
264966
265019
265160
265225
265359
265429
265557
265630
265766
265835
265963
266052
266177
266257
266392
266456
266584
266665
266794
266866
267005
267064
267206
267278
267411
267486
267620
267681
267814
267899
268008
268089
268218
268306
268436
268507
268633
268713
268838
268913
269045
269114
269279
269327
269450
269533
269661
269737
269882
269946
270067
270143
270274
270339
270479
270544
270680
270760
270907
270954
271100
271160
271326
271365
271501
271584
271714
271784
271922
271993
272121
272194
272327
272392
272526
272605
272738
272798
272927
273016
273142
273206
273344
273428
273552
273623
273754
273839
273964
274029
274186
274241
274380
274441
274569
274652
274803
274936
274999
275061
275182
275266
275397
275468
275601
275667
275803
275868
276004
276082
276217
276294
276419
276483
276629
276693
276846
276893
277037
277112
277241
277302
277435
277518
277647
277727
277861
277922
278060
278121
278280
278342
278484
278530
278662
278747
278878
278958
279093
279156
279309
279363
279511
279564
279731
279761
279902
279972
280130
280184
280336
280380
280512
280588
280732
280786
280912
280999
281134
281197
281351
281405
281536
281609
281762
281813
281950
282021
282170
282226
282372
282425
282565
282629
282775
282845
283000
283054
283183
283252
283396
283450
283594
283654
283804
283866
283997
284064
284195
284278
284401
284481
284612
284692
284833
284896
285040
285086
285210
285306
285435
285500
285638
285700
285856
285915
286063
286110
286253
286322
286461
286532
286656
286731
286879
286932
287072
287138
287277
287342
287467
287542
287700
287752
287890
287969
288096
288170
288310
288364
288497
288579
288708
288781
288906
288981
289104
289195
289350
289403
289550
289603
289761
289805
289940
290000
290145
290211
290353
290414
290545
290627
290775
290829
290973
291030
291165
291230
291370
291440
291573
291639
291784
291848
291986
292056
292193
292255
292402
292464
292596
292662
292814
292874
292998
293083
293201
293275
293419
293492
293625
293697
293848
293985
294069
294111
294264
294306
294441
294517
294668
294833
294906
294933
295052
295130
295267
295334
295466
295530
295662
295739
295882
295952
296078
296156
296271
296358
296494
296567
296695
296762
296927
297071
297136
297294
297383
297535
297583
297722
297798
297924
298001
298152
298325
298389
298530
298602
298726
298806
298931
299023
299160
299343
299371
299432
299562
299636
299765
299846
300000
300032
300187
300248
300380
300459
300597
300663
300792
300854
301003
301058
301202
301268
301401
301479
301625
301673
301822
301890
302037
302080
302236
302295
302425
302494
302634
302708
302862
302909
303055
303122
303233
303325
303447
303526
303656
303728
303884
303936
304062
304136
304266
304345
304478
304544
304679
304745
304890
304950
305107
305162
305297
305367
305507
305578
305711
305781
305935
305987
306096
306182
306320
306393
306509
306600
306726
306805
306934
307001
307152
307213
307342
307412
307570
307739
307770
307830
307990
308033
308187
308230
308377
308444
308584
308647
308781
308845
308979
309045
309192
309253
309400
309461
309598
309664
309795
309875
310014
310075
310222
310286
310392
310490
310614
310687
310833
310894
311022
311103
311217
311305
311457
311505
311649
311716
311856
311922
312054
312128
312255
312334
312466
312539
312669
312732
312879
312948
313084
313155
313278
313352
313483
313567
313709
313759
313910
313960
314088
314175
314309
314384
314508
314579
314715
314791
314923
314986
315121
315205
315347
315406
315533
315600
315764
315802
315940
316025
316159
316225
316355
316430
316553
316628
316761
316842
316947
317043
317152
317250
317379
317442
317584
317661
317786
317869
317996
318072
318199
318266
318418
318463
318604
318678
318817
318887
319028
319082
319229
319295
319426
319493
319641
319702
319837
319915
320041
320112
320252
320316
320450
320526
320672
320721
320891
320935
321049
321129
321266
321331
321482
321548
321679
321740
321880
321947
322101
322151
322291
322365
322509
322572
322724
322779
322931
322973
323116
323177
323325
323391
323526
323598
323730
323790
323934
323995
324124
324212
324326
324412
324547
324607
324754
324817
324943
325034
325162
325232
325365
325442
325569
325648
325801
325966
325989
326043
326187
326248
326387
326457
326593
326663
326781
326875
327014
327068
327212
327278
327405
327485
327617
327699
327822
327895
328029
328089
328212
328308
328438
328518
328656
328706
328872
329042
329128
329285
329317
329456
329537
329659
329734
329858
329938
330084
330143
330275
330355
330500
330560
330705
330754
330899
330960
331100
331166
331301
331380
331520
331579
331714
331786
331920
331988
332126
332199
332327
332398
332528
332612
332750
332807
332938
333019
333142
333225
333379
333418
333542
333633
333761
333838
333963
334042
334183
334235
334350
334453
334581
334646
334782
334861
334999
335063
335208
335270
335415
335477
335607
335681
335805
335881
336013
336083
336202
336291
336426
336487
336618
336702
336835
336896
337031
337112
337248
337307
337472
337527
337678
337715
337839
337934
338058
338130
338279
338333
338495
338538
338682
338749
338862
338958
339083
339168
339285
339355
339493
339572
339706
339771
339903
339977
340115
340187
340300
340387
340540
340595
340742
340790
340916
340995
341147
341197
341340
341406
341535
341620
341770
341958
342006
342028
342160
342222
342356
342431
342562
342643
342779
342841
342968
343053
343181
343259
343388
343455
343626
343668
343799
343870
344008
344062
344215
344269
344436
344487
344612
344688
344825
344901
345035
345096
345243
345297
345442
345503
345643
345710
345843
345908
346044
346120
346240
346330
346459
346524
346648
346728
346880
346941
347055
347149
347280
347341
347468
347555
347691
347757
347889
347969
348099
348165
348300
348379
348512
348576
348728
348776
348920
348991
349109
349190
349324
349402
349545
349601
349722
349803
349927
350017
350148
350222
350350
350424
350538
350625
350742
350828
350953
351044
351173
351242
351373
351449
351586
351645
351788
351868
352000
352059
352201
352262
352454
352601
352625
352667
352795
352886
352999
353088
353241
353292
353411
353500
353637
353700
353825
353902
354040
354106
354237
354313
354444
354518
354645
354726
354843
354930
355041
355137
355264
355330
355462
355548
355657
355744
355869
355958
356094
356160
356304
356356
356505
356558
356697
356761
356901
356972
357104
357183
357327
357380
357505
357593
357720
357784
357906
358003
358133
358206
358329
358413
358536
358617
358724
358820
358942
359026
359153
359343
359361
359438
359536
359642
359776
359838
359978
360044
360176
360257
360395
360449
360585
360656
360791
360875
360993
361074
361216
361277
361406
361479
361612
361692
361820
361890
362027
362089
362229
362297
362429
362500
362627
362713
362856
362915
363044
363119
363250
363324
363447
363533
363665
363726
363866
363943
364071
364143
364273
364346
364465
364556
364684
364758
364892
364955
365097
365162
365293
365372
365516
365571
365717
365778
365908
365990
366094
366196
366322
366400
366554
366607
366713
366801
366939
367013
367139
367209
367345
367429
367560
367621
367755
367821
367989
368023
368179
368233
368378
368443
368555
368654
368780
368854
368989
369050
369192
369253
369404
369476
369602
369673
369812
369885
370009
370088
370200
370289
370403
370495
370627
370697
370840
370909
371034
371113
371239
371313
371440
371516
371648
371723
371849
371937
372067
372128
372285
372330
372472
372539
372697
372739
372897
373033
373122
373164
373321
373355
373502
373562
373693
373769
373903
373966
374109
374179
374326
374380
374517
374579
374721
374786
374933
374997
375117
375197
375334
375408
375542
375603
375741
375820
375959
376013
376148
376223
376351
376429
376568
376638
376778
376839
376969
377043
377177
377243
377383
377462
377588
377660
377800
377855
377989
378069
378198
378264
378416
378477
378610
378692
378819
378885
379038
379096
379238
379300
379455
379498
379619
379711
379841
379903
380033
380125
380236
380327
380484
380527
380661
380736
380889
380930
381060
381141
381268
381345
381490
381547
381676
381760
381882
381959
382093
382159
382309
382373
382519
382567
382724
382780
382942
382986
383116
383193
383341
383394
383554
383591
383740
383806
383935
383999
384162
384215
384350
384417
384549
384626
384752
384837
384964
385028
385149
385240
385370
385436
385578
385644
385780
385842
385966
386052
386190
386265
386368
386468
386579
386673
386815
386869
387009
387073
387224
387275
387424
387492
387626
387698
387802
387904
388030
388107
388246
388316
388455
388508
388644
388725
388852
388927
389057
389119
389264
389341
389468
389542
389668
389748
389873
389942
390082
390146
390282
390352
390499
390569
390683
390772
390915
390977
391119
391169
391326
391379
391525
391577
391713
391790
391931
391996
392119
392204
392342
392412
392539
392599
392730
392808
392948
393024
393151
393223
393358
393428
393567
393636
393755
393842
393972
394051
394155
394251
394369
394457
394582
394652
394775
394866
394980
395070
395223
395266
395404
395476
395591
395685
395810
395884
396006
396093
396233
396295
396426
396511
396638
396713
396849
396899
397055
397124
397258
397312
397444
397528
397658
397734
397862
397926
398076
398131
398276
398342
398473
398543
398668
398756
398897
398959
399086
399166
399282
399371
399517
399576
399702
399768
399897
399979
400101
400193
400317
400381
400517
400598
400723
400804
400938
401002
401134
401204
401351
401412
401537
401616
401743
401829
401959
402031
402170
402236
402355
402445
402553
402647
402754
402852
402986
403047
403187
403258
403413
403463
403596
403671
403801
403865
404016
404080
404210
404281
404443
404479
404620
404691
404816
404897
405035
405102
405244
405313
405445
405506
405646
405713
405845
405915
406043
406128
406240
406324
406472
406533
406678
406732
406857
406949
407080
407159
407273
407362
407503
407559
407697
407773
407920
407973
408103
408165
408313
408383
408503
408574
408724
408786
408926
408987
409148
409187
409335
409403
409537
409598
409758
409808
409941
410024
410150
410224
410345
410432
410556
410635
410773
410837
410968
411041
411177
411257
411363
411452
411568
411659
411786
411862
411984
412069
412206
412272
412419
412467
412595
412676
412800
412884
413036
413079
413228
413294
413425
413491
413641
413693
413820
413911
414031
414118
414240
414311
414451
414528
414652
414731
414864
414932
415071
415132
415269
415341
415460
415551
415678
415752
415889
415956
416086
416151
416297
416357
416482
416568
416690
416778
416918
416973
417118
417178
417302
417391
417536
417597
417718
417802
417933
418011
418141
418200
418337
418415
418546
418626
418756
418821
418951
419028
419149
419239
419359
419440
419562
419632
419768
419840
419968
420048
420173
420247
420405
420452
420597
420664
420794
420879
420987
421067
421197
421275
421409
421488
421629
421682
421822
421892
422030
422103
422235
422309
422418
422515
422639
422715
422837
422911
423046
423115
423254
423326
423462
423525
423657
423744
423881
423942
424088
424151
424297
424347
424485
424558
424680
424765
424892
424962
425090
425170
425319
425381
425506
425581
425715
425787
425941
425984
426108
426187
426318
426406
426535
426607
426738
426801
426944
427013
427146
427223
427353
427418
427532
427633
427751
427839
427977
428031
428176
428249
428384
428454
428565
428661
428791
428853
428992
429065
429174
429269
429398
429476
429607
429668
429791
429885
430022
430092
430223
430288
430418
430497
430630
430704
430840
430910
431033
431109
431251
431320
431445
431513
431633
431727
431855
431934
432059
432140
432266
432341
432493
432546
432680
432755
432900
432946
433103
433157
433296
433361
433518
433572
433719
433772
433899
433979
434116
434188
434310
434381
434525
434594
434722
434800
434934
434994
435129
435210
435344
435406
435561
435616
435749
435823
435959
436020
436143
436234
436360
436425
436563
436645
436784
436838
436980
437058
437194
437252
437375
437450
437603
437662
437804
437864
438001
438066
438189
438282
438401
438473
438631
438693
438839
438889
439023
439101
439243
439304
439440
439501
439628
439714
439847
439907
440033
440129
440258
440319
440445
440536
440662
440740
440865
440940
441071
441143
441284
441344
441485
441546
441685
441762
441905
441974
442101
442162
442304
442374
442511
442572
442708
442779
442912
442990
443129
443191
443341
443404
443546
443592
443747
443809
443956
444009
444146
444221
444366
444416
444547
444631
444748
444835
444959
445040
445170
445244
445375
445447
445572
445654
445761
445857
445989
446066
446199
446258
446393
446473
446624
446789
446821
446881
447018
447083
447198
447294
447421
447496
447633
447699
447843
447892
448018
448112
448252
448317
448444
448518
448669
448722
448857
448919
449060
449135
449282
449335
449482
449535
449678
449743
449876
449959
450079
450159
450303
450363
450490
450569
450709
450763
450895
450975
451109
451182
451318
451379
451509
451597
451723
451798
451940
452003
452114
452208
452342
452414
452539
452620
452751
452817
452947
453021
453153
453231
453360
453430
453570
453629
453779
453843
453971
454050
454181
454246
454381
454453
454585
454655
454803
454874
454978
455074
455215
455270
455389
455485
455617
455678
455817
455889
456013
456099
456214
456301
456436
456507
456629
456708
456828
456918
457069
457118
457262
457326
457456
457522
457651
457723
457851
457943
458065
458135
458287
458340
458466
458556
458704
458765
458888
458964
459098
459166
459340
459367
459500
459567
459696
459772
459908
459981
460130
460189
460328
460402
460510
460607
460741
460811
460930
461015
461146
461217
461362
461425
461567
461627
461760
461822
461980
462033
462173
462234
462372
462448
462560
462643
462759
462857
462983
463062
463210
463400
463435
463465
463604
463676
463806
463871
464005
464085
464215
464290
464424
464484
464628
464694
464825
464896
465035
465102
465231
465302
465440
465521
465651
465726
465856
465925
466058
466121
466243
466335
466479
466540
466673
466735
466879
466943
467097
467154
467291
467360
467495
467565
467679
467772
467899
467972
468108
468183
468326
468387
468515
468590
468732
468792
468925
468999
469128
469194
469327
469411
469534
469612
469745
469810
469934
470024
470150
470228
470358
470422
470562
470640
470771
470833
470963
471049
471185
471248
471373
471456
471587
471663
471791
471857
472000
472066
472196
472265
472402
472482
472593
472687
472813
472879
473020
473096
473221
473301
473429
473506
473638
473716
473818
473916
474035
474121
474256
474327
474454
474524
474665
474730
474866
474941
475043
475144
475270
475357
475470
475545
475695
475761
475865
475961
476122
476154
476289
476376
476490
476565
476705
476775
476897
476988
477112
477192
477307
477399
477524
477590
477741
477805
477920
478012
478137
478212
478357
478417
478552
478627
478762
478834
478958
479032
479172
479247
479374
479439
479574
479639
479781
479848
479982
480063
480196
480257
480397
480463
480601
480663
480807
480867
481027
481087
481232
481281
481413
481495
481620
481693
481826
481892
482057
482101
482235
482301
482442
482518
482646
482714
482843
482915
483054
483131
483238
483334
483475
483530
483670
483733
483850
483950
484082
484142
484291
484364
484489
484555
484696
484767
484899
484972
485106
485181
485309
485376
485502
485588
485723
485785
485913
485999
486127
486205
486331
486396
486805
486932
487020
487156
487222
487359
487434
487573
487633
487768
487842
487969
488043
488177
488256
488385
488450
488582
488648
488778
488869
488995
489061
489212
489261
489408
489473
489613
489677
489807
489893
490021
490086
490223
490294
490433
490503
490656
490817
490843
490907
491062
491107
491251
491324
491454
491518
491672
491729
491872
491930
492067
492146
492285
492346
492481
492545
492666
492755
492907
492954
493085
493166
493288
493370
493526
493578
493722
493783
493926
493973
494131
494185
494346
494382
494525
494603
494736
494796
494939
494998
495125
495213
495339
495416
495556
495623
495754
495820
495957
496030
496161
496240
496371
496437
496576
496637
496782
496852
496982
497054
497205
497249
497390
497465
497613
497663
497805
497871
498001
498085
498191
498284
498411
498483
498600
498696
498833
498888
499050
499105
499257
499307
499456
499521
499664
499717
499859
499917
500065
500127
500266
500331
500468
500534
500671
500738
500873
500944
501078
501152
501308
501354
501486
501552
501702
501761
501924
501961
502103
502177
502304
502384
502538
502698
502771
502798
502940
502988
503127
503202
503333
503411
503514
503608
503751
503821
503946
504008
504141
504212
504343
504428
504532
504634
504767
504829
504961
505036
505169
505252
505373
505456
505587
505664
505766
505863
506000
506054
506191
506274
506385
506480
506610
506670
506806
506887
507031
507090
507215
507293
507438
507491
507631
507694
507831
507910
508051
508113
508236
508309
508444
508513
508642
508729
508879
509011
509074
509139
509288
509330
509475
509537
509665
509753
509888
509956
510104
510154
510299
510368
510501
510563
510707
510767
510905
510970
511117
511186
511306
511394
511525
511586
511716
511801
511937
511996
512157
512216
512371
512415
512550
512609
512735
512825
512956
513029
513172
513227
513372
513437
513561
513644
513785
513839
513970
514049
514182
514263
514402
514464
514593
514657
514779
514875
515007
515076
515201
515278
515423
515478
515618
515688
515823
515895
516024
516100
516231
516309
516454
516510
516659
516703
516837
516918
517052
517116
517251
517330
517472
517525
517663
517727
517856
517945
518083
518148
518280
518355
518494
518565
518667
518765
518916
518963
519109
519176
519327
519372
519505
519587
519736
519899
519972
520001
520125
520185
520313
520403
520532
520604
520741
520808
520926
521018
521144
521208
521341
521429
521543
521630
521750
521832
521976
522039
522180
522242
522382
522447
522583
522649
522769
522863
522990
523057
523191
523262
523382
523475
523605
523669
523793
523888
524013
524077
524196
524294
524428
524488
524615
524703
524844
524909
525066
525110
525245
525313
525438
525523
525651
525727
525871
525933
526070
526136
526266
526340
526461
526535
526672
526743
526874
526952
527097
527151
527275
527366
527519
527573
527726
527768
527907
527967
528123
528172
528320
528380
528508
528595
528736
528789
528930
528991
529115
529207
529365
529412
529547
529613
529744
529823
529951
530027
530159
530226
530353
530426
530576
530630
530792
530845
530985
531059
531163
531258
531392
531451
531592
531667
531799
531863
532009
532074
532184
532279
532413
532475
532601
532691
532821
532886
533031
533104
533227
533298
533419
533506
533639
533706
533852
533906
534039
534123
534253
534328
534458
534520
534660
534724
534850
534946
535074
535139
535282
535342
535488
535554
535666
535762
535883
535967
536103
536167
536306
536376
536487
536584
536739
536772
536901
536991
537118
537198
537322
537399
537535
537607
537746
537800
537942
538006
538149
538218
538336
538423
538571
538618
538764
538825
538955
539038
539155
539249
539386
539435
539602
539752
539795
539865
539999
540054
540180
540259
540393
540471
540603
540672
540810
540875
540995
541089
541217
541282
541424
541484
541628
541688
541834
541894
542054
542114
542242
542308
542451
542510
542638
542725
542864
542937
543045
543133
543263
543334
543452
543545
543682
543746
543906
543939
544093
544154
544288
544352
544506
544559
544696
544778
544884
544981
545105
545178
545317
545383
545516
545587
545716
545792
545926
545990
546111
546209
546345
546416
546538
546621
546775
546927
546945
547028
547151
547221
547348
547436
547562
547628
547781
547840
547976
548039
548174
548245
548372
548460
548587
548664
548813
548855
549006
549067
549198
549270
549404
549480
549619
549690
549819
549880
550006
550098
550241
550292
550444
550505
550619
550712
550819
550916
551035
551121
551252
551314
551447
551534
551669
551733
551846
551940
552051
552139
552282
552349
552467
552555
552686
552753
552887
552958
553101
553166
553299
553370
553514
553574
553730
553783
553942
553985
554121
554181
554318
554401
554539
554592
554734
554798
554941
555003
555147
555207
555351
555410
555538
555627
555766
555822
555958
556030
556160
556235
556353
556449
556581
556643
556785
556855
556991
557051
557197
557266
557407
557474
557611
557681
557801
557870
558015
558076
558209
558284
558417
558495
558635
558695
558836
558900
559035
559098
559251
559298
559425
559518
559647
559711
559840
559926
560064
560133
560264
560336
560473
560544
560672
560746
560878
560956
561083
561156
561297
561352
561472
561567
561681
561772
561907
561971
562110
562173
562310
562379
562515
562582
562710
562784
562924
563001
563127
563204
563325
563412
563547
563611
563743
563818
563949
564025
564151
564218
564358
564435
564574
564628
564761
564838
564967
565050
565176
565255
565385
565445
565585
565655
565794
565868
565990
566071
566212
566265
566405
566480
566620
566682
566795
566892
567020
567083
567232
567287
567440
567501
567631
567701
567858
567920
568044
568118
568251
568330
568455
568516
568661
568727
568860
568930
569072
569144
569269
569344
569472
569553
569678
569749
569882
569962
570097
570161
570303
570365
570505
570581
570706
570769
570898
570987
571107
571179
571315
571388
571537
571590
571725
571809
571956
572122
572154
572214
572365
572412
572554
572625
572764
572829
572965
573025
573162
573233
573370
573447
573561
573649
573788
573860
573962
574057
574211
574266
574404
574457
574597
574672
574799
574872
575003
575084
575209
575284
575426
575481
575617
575696
575827
575891
576033
576106
576241
576308
576426
576517
576657
576716
576861
576927
577043
577132
577270
577334
577467
577541
577674
577744
577883
577949
578076
578155
578283
578353
578473
578562
578706
578767
578906
578976
579103
579166
579336
579379
579509
579585
579713
579786
579920
579997
580147
580314
580345
580396
580554
580607
580752
580824
580959
581012
581154
581228
581355
581432
581560
581627
581788
581829
581957
582036
582183
582238
582376
582452
582577
582655
582793
582864
583024
583068
583203
583269
583382
583480
583614
583690
583822
583882
584016
584100
584230
584292
584405
584503
584628
584704
584839
584909
585062
585116
585250
585311
585453
585514
585640
585730
585861
585937
586072
586142
586266
586341
586473
586538
586675
586743
586878
586956
587102
587159
587318
587367
587499
587565
587708
587769
587900
587971
588117
588184
588326
588396
588535
588594
588736
588800
588938
588996
589118
589216
589356
589415
589565
589616
589743
589826
589940
590031
590191
590224
590360
590436
590566
590644
590774
590850
591006
591050
591167
591257
591384
591463
591593
591669
591791
591873
591988
592078
592232
592415
592480
592640
592690
592824
592898
593023
593094
593220
593305
593441
593512
593639
593716
593853
593912
594051
594128
594259
594335
594450
594531
594687
594743
594872
594944
595081
595152
595289
595356
595465
595558
595686
595763
595901
595962
596105
596176
596307
596373
596509
596584
596717
596777
596897
596993
597130
597196
597330
597397
597531
597607
597740
597808
597948
598018
598147
598220
598374
598418
598542
598630
598766
598837
598968
599044
599172
599371
599449
599580
599652
599770
599863
600003
600065
600201
600265
600403
600463
600593
600681
600816
600885
601015
601092
601220
601296
601429
601495
601636
601697
601838
601909
602047
602104
602249
602310
602449
602520
602645
602718
602868
602931
603063
603128
603289
603342
603477
603538
603666
603752
603871
603960
604116
604149
604292
604372
604499
604561
604696
604775
604911
604977
605106
605181
605314
605394
605533
605586
605725
605789
605927
606012
606115
606214
606340
606411
606538
606617
606747
606813
606959
607020
607177
607240
607383
607425
607567
607632
607782
607842
607980
608053
608184
608262
608372
608464
608595
608673
608779
608873
609008
609070
609230
609271
609394
609485
609625
609684
609822
609894
610014
610099
610227
610303
610435
610511
610658
610706
610825
610918
611045
611125
611261
611319
611460
611532
611662
611725
611873
611945
612075
612147
612276
612350
612486
612557
612703
612753
612889
612961
613097
613166
613303
613377
613506
613581
613714
613787
613937
614057
614159
614198
614327
614402
614556
614600
614739
614800
614929
615015
615142
615224
615352
615424
615551
615627
615762
615837
615966
616027
616170
616243
616398
616446
616601
616656
616777
616859
616980
617061
617206
617262
617395
617472
617606
617670
617818
617876
618009
618086
618222
618282
618403
618495
618631
618702
618831
618897
619034
619113
619275
619312
619456
619521
619649
619730
619853
619931
620061
620132
620260
620336
620468
620545
620697
620822
620923
620965
621098
621158
621279
621365
621502
621574
621716
621777
621917
621970
622111
622171
622299
622388
622521
622582
622724
622803
622928
622994
623137
623197
623346
623417
623554
623616
623752
623812
623948
624030
624164
624230
624366
624426
624571
624641
624766
624844
624982
625038
625201
625244
625394
625453
625574
625658
625803
625858
626008
626078
626198
626282
626407
626483
626610
626692
626811
626895
627017
627099
627242
627303
627458
627504
627649
627717
627862
627905
628055
628115
628254
628316
628443
628537
628666
628732
628854
628941
629068
629149
629311
629343
629473
629559
629681
629761
629892
629958
630084
630160
630301
630381
630509
630568
630700
630784
630924
630995
631137
631198
631340
631401
631530
631595
631732
631796
631963
632016
632174
632216
632351
632414
632548
632628
632768
632822
632968
633035
633150
633241
633373
633451
633577
633652
633782
633865
634019
634054
634214
634258
634404
634478
634595
634675
634795
634883
635003
635089
635228
635281
635412
635491
635619
635698
635828
635894
636022
636114
636241
636306
636453
636519
636648
636730
636874
636928
637062
637136
637265
637341
637449
637537
637669
637754
637882
637950
638080
638160
638288
638354
638483
638571
638680
638774
638913
638967
639098
639184
639321
639387
639496
639592
639718
639791
639926
639990
640142
640196
640358
640411
640540
640614
640747
640811
640949
641012
641157
641223
641354
641428
641561
641643
641769
641842
641967
642051
642153
642256
642381
642451
642585
642655
642781
642869
643015
643065
643192
643277
643420
643476
643607
643688
643827
643885
644019
644084
644214
644301
644444
644497
644623
644712
644840
644916
645060
645122
645259
645329
645464
645523
645657
645740
645878
645931
646073
646133
646284
646350
646495
646547
646681
646747
646890
646965
647103
647168
647298
647374
647496
647576
647707
647789
647892
647989
648121
648185
648341
648400
648549
648607
648733
648807
648931
649006
649136
649212
649372
649425
649567
649615
649739
649818
649967
650022
650152
650242
650367
650439
650596
650646
650780
650852
650971
651060
651186
651263
651407
651460
651602
651666
651829
651869
652012
652086
652220
652291
652406
652484
652605
652698
652826
652905
653029
653101
653228
653313
653437
653522
653652
653714
653841
653926
654058
654131
654260
654324
654466
654531
654684
654735
654872
654941
655098
655149
655283
655359
655489
655567
655689
655765
655910
655968
656106
656183
656313
656382
656512
656594
656741
656794
656907
656999
657130
657203
657358
657401
657529
657610
657740
657814
657943
658023
658161
658226
658358
658432
658576
658638
658767
658840
658972
659036
659194
659249
659381
659456
659588
659653
659789
659852
659997
660073
660220
660272
660432
660481
660638
660802
660890
661006
661095
661222
661300
661431
661501
661646
661699
661839
661916
662035
662120
662248
662310
662474
662520
662677
662731
662854
662939
663071
663135
663287
663349
663505
663540
663666
663756
663890
663962
664101
664172
664299
664371
664497
664580
664715
664784
664915
664986
665120
665190
665320
665397
665530
665590
665722
665808
665916
666013
666123
666213
666368
666439
666592
666618
666754
666833
666955
667032
667169
667230
667377
667441
667573
667642
667781
667852
667989
668050
668178
668263
668392
668459
668598
668673
668804
668865
668992
669083
669216
669286
669417
669488
669621
669687
669815
669902
670044
670101
670247
670301
670452
670517
670647
670708
670846
670918
671059
671120
671280
671334
671470
671531
671672
671747
671877
671938
672058
672155
672303
672363
672504
672562
672673
672768
672899
672978
673082
673178
673318
673371
673517
673578
673716
673792
673949
674001
674147
674199
674345
674398
674540
674602
674746
674808
674959
675029
675165
675217
675357
675431
675564
675627
675777
675827
675994
676049
676176
676237
676367
676447
676568
676654
676795
676853
677009
677058
677215
677265
677408
677470
677616
677680
677809
677875
678011
678091
678242
678320
678459
678503
678638
678707
678834
678899
679035
679122
679244
679321
679452
679526
679664
679736
679843
679936
680066
680131
680276
680336
680471
680544
680682
680754
680873
680959
681093
681167
681290
681374
681489
681574
681724
681883
681907
681978
682113
682179
682321
682400
682502
682591
682750
682802
682961
683002
683146
683207
683351
683404
683550
683619
683759
683834
683946
684032
684163
684223
684371
684442
684555
684646
684802
684853
684984
685047
685201
685260
685401
685455
685580
685660
685803
685869
686001
686082
686208
686285
686406
686495
686606
686691
686823
686901
687057
687210
687307
687444
687517
687623
687718
687849
687913
688051
688124
688257
688321
688447
688534
688662
688732
688853
688949
689075
689145
689275
689355
689493
689554
689687
689766
689906
689968
690097
690162
690307
690371
690492
690587
690714
690788
690919
690992
691102
691200
691336
691406
691533
691606
691738
691811
691939
692015
692145
692227
692349
692427
692571
692632
692794
692826
692986
693030
693192
693238
693384
693446
693583
693644
693792
693854
694021
694068
694178
694270
694406
694481
694616
694674
694822
694883
695014
695079
695201
695295
695419
695497
695635
695699
695833
695905
696047
696117
696259
696321
696463
696515
696653
696726
696855
696927
697087
697138
697267
697342
697462
697548
697673
697745
697909
697942
698090
698165
698291
698367
698493
698580
698692
698780
698929
699053
699161
699326
699389
699519
699595
699729
699790
699930
699995
700138
700210
700328
700408
700538
700618
700745
700815
700944
701028
701161
701224
701368
701428
701553
701642
701756
701850
701975
702058
702189
702250
702376
702463
702568
702669
702794
702875
703000
703070
703199
703277
703434
703476
703635
703690
703821
703895
704028
704092
704219
704305
704436
704501
704637
704710
704850
704911
705041
705130
705232
705332
705474
705525
705667
705739
705876
705947
706073
706150
706283
706349
706468
706559
706712
706754
706915
706977
707111
707166
707303
707378
707500
707577
707724
707790
707906
707984
708127
708188
708318
708408
708526
708606
708751
708813
708937
709012
709145
709210
709374
709417
709551
709630
709782
709831
709986
710028
710174
710235
710384
710448
710572
710653
710781
710860
710998
711068
711204
711265
711396
711460
711585
711674
711826
711870
712006
712078
712224
712296
712403
712498
712626
712702
712829
712907
713032
713112
713243
713324
713446
713524
713659
713724
713854
713919
714062
714131
714260
714341
714471
714538
714693
714753
714898
714942
715092
715158
715291
715361
715468
715569
715689
715775
715922
715981
716130
716177
716316
716394
716524
716591
716731
716800
716939
716993
717133
717202
717332
717411
717545
717603
717752
717812
717949
718020
718160
718220
718356
718433
718565
718647
718791
718835
718971
719045
719178
719243
719386
719458
719579
719665
719800
719860
719989
720075
720204
720280
720411
720472
720630
720685
720823
720889
721014
721099
721231
721292
721454
721497
721635
721707
721837
721914
722046
722121
722255
722320
722445
722532
722651
722740
722875
722945
723070
723141
723278
723338
723499
723552
723681
723752
723896
723963
724094
724165
724297
724375
724508
724579
724700
724789
724909
724987
725115
725195
725326
725390
725527
725593
725729
725804
725926
726007
726140
726223
726339
726411
726544
726616
726761
726837
726964
727038
727165
727236
727372
727449
727576
727653
727778
727844
727984
728055
728191
728272
728376
728470
728610
728680
728815
728881
729018
729083
729236
729297
729424
729499
729626
729705
729826
729894
730033
730112
730226
730312
730446
730510
730639
730723
730852
730934
731077
731130
731252
731332
731458
731544
731696
731739
731881
731954
732081
732157
732285
732355
732491
732562
732694
732758
732905
732970
733120
733169
733336
733410
733556
733594
733702
733800
733936
734005
734145
734193
734343
734404
734541
734611
734745
734811
734964
735020
735152
735218
735354
735427
735556
735639
735780
735834
735974
736048
736190
736250
736398
736461
736586
736665
736817
736856
737008
737059
737227
737277
737404
737482
737594
737686
737807
737887
738022
738088
738231
738291
738411
738505
738628
738703
738846
738910
739050
739111
739263
739323
739477
739521
739657
739735
739847
739941
740069
740142
740289
740338
740475
740550
740684
740753
740884
740964
741096
741168
741295
741368
741500
741576
741705
741784
741907
741986
742119
742191
742331
742392
742526
742597
742730
742803
742930
743010
743142
743217
743345
743417
743559
743623
743761
743826
743963
744034
744185
744234
744354
744447
744573
744648
744782
744842
744962
745057
745192
745254
745397
745457
745602
745676
745803
745873
746012
746082
746215
746284
746421
746480
746624
746697
746826
746890
747012
747105
747232
747307
747440
747515
747644
747719
747864
747914
748040
748130
748261
748335
748471
748532
748691
748822
748915
748952
749081
749151
749308
749356
749495
749567
749678
749771
749932
749976
750109
750174
750305
750374
750512
750581
750742
750781
750914
750997
751130
751202
751332
751402
751540
751600
751747
751806
751954
752013
752138
752227
752355
752421
752559
752637
752770
752841
752974
753034
753171
753250
753384
753459
753589
753659
753786
753858
753992
754063
754193
754273
754410
754476
754612
754687
754824
754879
755032
755101
755223
755297
755433
755494
755633
755708
755841
755904
756029
756118
756242
756312
756460
756533
756638
756734
756887
756942
757090
757134
757275
757347
757485
757557
757657
757759
757897
757949
758092
758158
758304
758369
758509
758578
758697
758781
758923
758981
759121
759183
759331
759391
759522
759592
759715
759802
759937
760006
760120
760210
760339
760413
760544
760626
760754
760830
760970
761024
761166
761227
761374
761441
761577
761637
761780
761850
761971
762057
762192
762252
762398
762456
762582
762660
762776
762878
763005
763080
763205
763285
763411
763488
763623
763683
763819
763899
764042
764103
764231
764306
764435
764511
764643
764712
764847
764920
765081
765244
765268
765326
765444
765536
765669
765746
765875
765936
766076
766152
766299
766344
766469
766558
766693
766766
766903
766964
767098
767167
767295
767381
767511
767585
767739
767789
767916
767991
768123
768199
768340
768398
768530
768606
768745
768815
768925
769018
769153
769244
769349
769437
769537
769639
769740
769843
769937
770047
770141
770250
770431
770570
770595
770654
770789
770851
771010
771061
771200
771264
771404
771472
771610
771681
771829
771883
772022
772083
772214
772297
772438
772492
772649
772699
772866
772898
773042
773113
773249
773314
773445
773526
773664
773730
773864
773932
774065
774128
774277
774341
774485
774551
774682
774744
774886
774952
775074
775164
775307
775361
775499
775562
775709
775779
775919
775984
776112
776187
776320
776397
776524
776588
776735
776797
776928
777007
777156
777206
777338
777420
777553
777615
777745
777830
777960
778020
778143
778236
778365
778441
778566
778638
778779
778844
778977
779062
779180
779262
779395
779458
779589
779673
779803
779878
780028
780154
780245
780393
780488
780641
780686
780821
780891
781024
781103
781233
781308
781439
781499
781658
781712
781847
781923
782051
782115
782253
782330
782476
782529
782669
782730
782873
782935
783069
783151
783274
783355
783496
783559
783682
783762
783917
783974
784128
784171
784308
784374
784512
784589
784699
784791
784917
784995
785125
785186
785348
785411
785545
785596
785737
785811
785944
786019
786158
786228
786362
786416
786562
786621
786746
786826
786970
787032
787172
787244
787376
787449
787580
787645
787792
787857
788009
788058
788193
788271
788411
788481
788608
788687
788797
788883
789019
789084
789201
789295
789423
789487
789639
789699
789835
789904
790039
790114
790222
790315
790446
790525
790660
790727
790883
790936
791063
791128
791279
791335
791475
791550
791675
791753
791882
791957
792086
792156
792267
792367
792490
792571
792688
792769
792887
792983
793130
793190
793317
793387
793522
793583
793714
793788
793928
794003
794131
794201
794361
794424
794566
794609
794746
794824
794956
795032
795172
795225
795362
795437
795563
795638
795759
795847
795984
796054
796158
796260
796396
796467
796593
796669
796791
796875
797007
797065
797207
797285
797388
797484
797624
797684
797817
797895
798037
798102
798227
798297
798442
798503
798648
798703
798841
798917
799048
799123
799277
799319
799439
799534
799657
799746
799870
799943
800074
800136
800274
800344
800487
800561
800683
800763
800894
800971
801078
801172
801301
801377
801512
801572
801697
801788
801917
801992
802127
802202
802338
802391
802521
802605
802739
802816
802946
803020
803146
803208
803358
803427
803556
803623
803754
803831
803965
804037
804172
804237
804376
804439
804584
804644
804779
804851
804999
805050
805194
805266
805407
805461
805600
805665
805817
805871
806020
806092
806219
806289
806416
806485
806620
806698
806836
806908
807041
807101
807238
807309
807454
807508
807670
807713
807857
807932
808068
808142
808265
808330
808466
808544
808673
808751
808879
808944
809069
809155
809291
809364
809495
809565
809689
809775
809902
809980
810133
810177
810316
810387
810511
810594
810734
810795
810930
810992
811123
811196
811347
811410
811539
811611
811749
811819
811946
812025
812158
812229
812373
812440
812563
812641
812770
812836
812961
813050
813200
813240
813403
813465
813606
813657
813788
813872
813995
814077
814218
814268
814421
814476
814610
814693
814814
814881
815024
815098
815230
815292
815427
815507
815642
815707
815838
815913
816048
816112
816256
816321
816453
816521
816645
816725
816852
816943
817070
817145
817298
817342
817477
817548
817686
817752
817890
817965
818102
818172
818311
818366
818500
818581
818704
818782
818914
818980
819117
819192
819331
819400
819522
819603
819739
819804
819937
820008
820136
820218
820344
820424
820545
820615
820763
820839
820971
821036
821160
821240
821372
821450
821573
821649
821780
821859
821992
822064
822196
822264
822402
822461
822607
822672
822809
822881
823018
823080
823208
823281
823438
823491
823625
823701
823837
823899
824040
824104
824237
824302
824430
824517
824631
824718
824855
824934
825057
825123
825247
825338
825480
825540
825672
825751
825851
825951
826070
826149
826295
826361
826507
826557
826699
826762
826907
826981
827122
827168
827309
827386
827524
827586
827739
827788
827927
827992
828123
828204
828334
828412
828544
828619
828741
828811
828939
829026
829153
829235
829354
829435
829575
829634
829760
829840
829975
830047
830178
830251
830387
830449
830595
830656
830802
830865
831002
831062
831208
831276
831412
831486
831611
831691
831829
831882
832009
832101
832233
832299
832438
832499
832632
832713
832849
832912
833021
833118
833278
833329
833461
833528
833661
833735
833853
833941
834077
834143
834297
834348
834496
834547
834672
834746
834909
834958
835088
835163
835297
835373
835501
835578
835680
835782
835917
835982
836102
836193
836325
836388
836539
836599
836731
836796
836943
837010
837131
837215
837347
837410
837559
837623
837753
837836
837957
838035
838164
838240
838371
838432
838575
838639
838790
838851
838983
839060
839199
839256
839406
839468
839602
839664
839804
839880
840006
840083
840201
840289
840416
840480
840635
840685
840832
840893
841043
841098
841235
841302
841428
841517
841650
841714
841858
841926
842053
842130
842245
842335
842465
842538
842676
842734
842881
842941
843063
843156
843283
843347
843496
843564
843672
843769
843910
843969
844106
844166
844315
844389
844536
844590
844699
844789
844917
844987
845125
845203
845323
845408
845524
845612
845739
845816
845951
846025
846157
846222
846372
846417
846570
846624
846768
846841
846959
847046
847174
847239
847378
847451
847589
847665
847799
847853
847985
848070
848177
848275
848429
848483
848624
848685
848807
848886
848995
849092
849245
849293
849424
849501
849635
849695
849821
849916
850044
850117
850251
850319
850458
850520
850651
850732
850835
850935
851065
851145
851248
851346
851490
851543
851684
851749
851868
851965
852092
852159
852300
852371
852488
852571
852703
852779
852905
852985
853108
853180
853324
853395
853524
853605
853738
853792
853942
854007
854138
854214
854337
854408
854565
854616
854751
854817
854956
855023
855163
855232
855364
855441
855580
855645
855774
855856
855958
856056
856178
856248
856379
856466
856605
856672
856825
856897
857023
857071
857217
857279
857417
857478
857604
857690
857820
857897
858028
858107
858228
858309
858448
858513
858636
858715
858842
858917
859047
859130
859271
859319
859467
859533
859669
859744
859866
859945
860071
860150
860281
860359
860488
860554
860694
860768
860913
860965
861090
861176
861309
861373
861491
861586
861720
861784
861896
861998
862125
862189
862310
862404
862524
862613
862749
862812
862942
863023
863157
863228
863331
863427
863558
863630
863765
863827
863946
864043
864173
864249
864378
864452
864591
864661
864798
864852
865001
865061
865182
865272
865410
865476
865610
865676
865819
865881
865998
866091
866232
866288
866425
866492
866636
866704
866838
866903
867036
867114
867247
867320
867451
867515
867643
867730
867866
867923
868067
868128
868250
868348
868473
868537
868681
868757
868885
868952
869106
869155
869282
869370
869508
869569
869705
869767
869908
869981
870113
870179
870330
870382
870520
870598
870746
870810
870921
871009
871136
871202
871353
871403
871547
871622
871753
871817
871964
872024
872187
872229
872372
872427
872574
872647
872774
872840
872972
873047
873198
873255
873390
873461
873590
873669
873798
873875
873997
874079
874206
874282
874416
874491
874606
874692
874821
874890
875022
875105
875243
875296
875436
875509
875629
875717
875849
875914
876047
876122
876280
876324
876461
876525
876661
876740
876861
876941
877057
877150
877282
877347
877492
877551
877689
877760
877889
877972
878105
878175
878293
878374
878510
878577
878714
878787
878922
878988
879123
879205
879368
879400
879535
879603
879738
879818
879928
880017
880137
880209
880343
880430
880545
880622
880751
880837
880974
881039
881178
881249
881376
881451
881564
881655
881786
881851
881997
882057
882185
882272
882400
882471
882608
882678
882810
882874
883013
883089
883209
883295
883428
883488
883634
883695
883827
883899
884057
884113
884246
884321
884455
884520
884655
884731
884862
884928
885058
885142
885260
885330
885468
885546
885693
885748
885894
885955
886102
886152
886282
886366
886520
886557
886689
886764
886919
886977
887108
887177
887309
887385
887518
887597
887718
887799
887919
888005
888115
888211
888349
888415
888544
888607
888749
888814
888952
889022
889156
889240
889364
889438
889582
889641
889774
889838
889965
890052
890187
890245
890369
890462
890578
890659
890815
890869
891037
891080
891209
891270
891397
891483
891633
891698
891843
891897
892022
892094
892233
892306
892435
892508
892639
892702
892842
892925
893053
893125
893260
893332
893462
893523
893652
893743
893874
893936
894070
894153
894282
894354
894493
894551
894676
894753
894909
894967
895123
895165
895298
895378
895508
895569
895706
895787
895909
895991
896131
896187
896307
896399
896535
896594
896715
896812
896944
897008
897163
897218
897362
897416
897551
897622
897765
897831
897964
898030
898178
898238
898366
898445
898573
898646
898769
898855
898973
899059
899195
899256
899389
899472
899623
899737
899812
899875
900034
900088
900237
900280
900424
900489
900625
900689
900833
900896
901045
901106
901236
901313
901447
901512
901636
901724
901863
901933
902068
902139
902287
902457
902487
902533
902678
902749
902880
902946
903099
903151
903274
903364
903492
903568
903703
903770
903906
903978
904107
904183
904323
904387
904518
904580
904724
904791
904924
904995
905129
905205
905338
905404
905548
905610
905744
905809
905945
906025
906166
906219
906361
906440
906565
906638
906790
906839
906961
907051
907178
907251
907395
907456
907595
907662
907794
907856
907993
908073
908222
908302
908445
908478
908611
908681
908808
908889
909007
909093
909265
909301
909430
909502
909629
909699
909838
909909
910056
910117
910250
910315
910452
910523
910647
910733
910866
910941
911061
911133
911275
911339
911485
911552
911690
911751
911901
911985
912088
912166
912307
912376
912500
912581
912707
912785
912912
912979
913147
913198
913330
913390
913533
913593
913715
913810
913939
914005
914140
914218
914351
914416
914574
914629
914771
914833
914972
915042
915176
915244
915393
915436
915569
915637
915783
915858
915994
916055
916189
916252
916399
916468
916599
916677
916807
916868
916998
917078
917204
917278
917418
917482
917619
917703
917826
917892
918035
918095
918221
918315
918443
918521
918627
918723
918829
918924
919072
919125
919275
919338
919458
919530
919681
919733
919884
919940
920083
920157
920310
920351
920489
920555
920691
920770
920911
920963
921088
921180
921333
921495
921569
921596
921732
921795
921919
921993
922136
922197
922325
922409
922533
922614
922760
922808
922957
923012
923154
923229
923357
923421
923551
923638
923778
923847
923974
924040
924191
924242
924388
924448
924615
924658
924801
924856
925001
925060
925206
925265
925389
925481
925611
925674
925827
925887
926025
926096
926223
926305
926415
926505
926634
926703
926851
926913
927044
927117
927244
927322
927450
927525
927660
927735
927871
927933
928086
928133
928269
928348
928471
928554
928682
928755
928890
928950
929115
929161
929315
929358
929523
929587
929712
929786
929896
929976
930124
930190
930322
930393
930521
930599
930744
930798
930926
931012
931144
931207
931342
931425
931546
931617
931743
931830
931973
932026
932167
932233
932354
932446
932576
932651
932778
932850
932987
933049
933183
933264
933394
933455
933591
933670
933785
933872
934003
934082
934235
934288
934409
934479
934622
934699
934824
934902
935043
935102
935230
935316
935443
935514
935629
935719
935836
935924
936060
936126
936264
936324
936457
936542
936669
936744
936876
936942
937086
937146
937291
937349
937480
937559
937689
937766
937896
937974
938112
938177
938327
938370
938518
938584
938724
938789
938930
938997
939127
939194
939361
939399
939530
939613
939749
939804
939941
940014
940153
940215
940347
940418
940562
940627
940775
940845
940986
941037
941166
941364
941395
941448
941575
941660
941796
941855
941994
942056
942186
942271
942395
942479
942623
942685
942812
942885
943033
943084
943232
943294
943436
943497
943631
943702
943822
943908
944039
944105
944261
944316
944455
944528
944649
944729
944864
944928
945082
945134
945271
945335
945472
945538
945691
945755
945895
945950
946088
946166
946291
946363
946526
946566
946702
946774
946905
946983
947122
947183
947300
947394
947545
947593
947730
947801
947942
948003
948134
948214
948344
948405
948531
948623
948746
948826
948967
949023
949164
949242
949387
949447
949576
949640
949775
949851
949990
950060
950188
950248
950372
950470
950601
950661
950802
950876
951000
951079
951214
951284
951404
951490
951624
951684
951829
951897
952033
952099
952231
952297
952432
952513
952651
952713
952846
952920
953048
953117
953237
953335
953470
953533
953670
953746
953855
953949
954066
954138
954288
954349
954475
954548
954677
954770
954901
954963
955091
955162
955293
955380
955509
955587
955696
955791
955919
955998
956129
956190
956318
956394
956530
956608
956736
956812
956951
957013
957150
957214
957349
957430
957561
957621
957757
957839
957969
958035
958169
958245
958377
958457
958583
958645
958792
958863
958993
959058
959237
959263
959397
959478
959605
959670
959806
959887
960012
960091
960225
960293
960431
960497
960628
960704
960843
960909
961043
961109
961238
961307
961444
961522
961647
961726
961865
961925
962091
962125
962264
962342
962485
962549
962707
962751
962887
962954
963090
963151
963276
963368
963526
963576
963701
963766
963920
963972
964114
964180
964313
964390
964522
964593
964741
964794
964926
965006
965135
965207
965345
965412
965550
965616
965754
965820
965956
966023
966167
966225
966362
966429
966568
966644
966783
966843
966969
967042
967200
967265
967399
967467
967591
967666
967795
967874
968008
968067
968189
968283
968414
968475
968622
968683
968810
968898
969037
969098
969244
969296
969432
969510
969642
969707
969843
969909
970061
970112
970241
970330
970456
970529
970656
970736
970878
970932
971066
971151
971276
971342
971483
971563
971696
971760
971894
971970
972120
972163
972311
972373
972497
972584
972715
972779
972931
972985
973126
973192
973344
973397
973517
973607
973759
973812
973971
974014
974144
974215
974337
974423
974558
974633
974767
974837
974965
975036
975152
975248
975375
975455
975599
975643
975772
975861
975990
976060
976196
976257
976399
976478
976608
976682
976811
976883
977003
977088
977232
977293
977448
977491
977627
977691
977844
977907
978038
978112
978257
978309
978454
978514
978664
978717
978858
978923
979064
979129
979278
979332
979474
979538
979675
979740
979885
979945
980072
980159
980292
980362
980506
980569
980709
980779
980887
980980
981130
981176
981325
981379
981534
981587
981728
981791
981947
981996
982142
982325
982360
982403
982561
982611
982731
982818
982926
983026
983150
983227
983359
983429
983569
983644
983773
983844
983977
984054
984178
984262
984391
984463
984588
984655
984784
984869
985008
985077
985198
985280
985411
985476
985613
985679
985809
985895
986024
986087
986225
986302
986437
986503
986634
986717
986848
986909
987035
987123
987252
987323
987452
987535
987663
987729
987851
987945
988086
988147
988299
988353
988515
988548
988689
988764
988892
988955
989092
989159
989315
989381
989493
989581
989698
989780
989921
989982
990109
990195
990343
990394
990516
990599
990733
990799
990939
991013
991143
991209
991349
991422
991561
991628
991757
991823
991965
992025
992154
992244
992381
992434
992589
992650
992777
992861
992990
993063
993196
993258
993402
993473
993610
993678
993819
993877
994015
994080
994213
994292
994430
994494
994623
994688
994829
994910
995056
995107
995241
995311
995448
995519
995656
995717
995859
995924
996055
996134
996256
996336
996471
996544
996666
996749
996859
996953
997082
997147
997286
997363
997510
997589
997697
997769
997899
997973
998110
998181
998318
998385
998519
998582
998721
998786
998940
998990
999137
999198
999336
999408
999546
999606
999743
999827
999936
1.00002e+06
1.00015e+06
1.00022e+06
1.00037e+06
1.00044e+06
1.00058e+06
1.00063e+06
1.00079e+06
1.00085e+06
1.00099e+06
1.00104e+06
1.00118e+06
1.00126e+06
1.00139e+06
1.00146e+06
1.00159e+06
1.00165e+06
1.00179e+06
1.00187e+06
1.002e+06
1.00206e+06
1.00221e+06
1.00227e+06
1.00241e+06
1.00248e+06
1.00263e+06
1.00268e+06
1.00282e+06
1.00288e+06
1.00302e+06
1.0031e+06
1.00323e+06
1.0033e+06
1.00343e+06
1.00351e+06
1.00366e+06
1.0037e+06
1.00386e+06
1.00391e+06
1.00405e+06
1.00412e+06
1.00425e+06
1.00431e+06
1.00446e+06
1.00453e+06
1.00467e+06
1.00473e+06
1.00487e+06
1.00493e+06
1.00508e+06
1.00515e+06
1.00529e+06
1.00535e+06
1.00548e+06
1.00555e+06
1.00568e+06
1.00576e+06
1.00591e+06
1.00595e+06
1.00612e+06
1.00617e+06
1.00633e+06
1.00636e+06
1.00652e+06
1.00658e+06
1.0067e+06
1.00678e+06
1.00693e+06
1.00698e+06
1.00712e+06
1.00718e+06
1.00731e+06
1.0074e+06
1.00753e+06
1.00761e+06
1.00774e+06
1.0078e+06
1.00792e+06
1.008e+06
1.00813e+06
1.0082e+06
1.00833e+06
1.00842e+06
1.00854e+06
1.00863e+06
1.00878e+06
1.00882e+06
1.00894e+06
1.00904e+06
1.00915e+06
1.00924e+06
1.00938e+06
1.00944e+06
1.00957e+06
1.00965e+06
1.00979e+06
1.00984e+06
1.01001e+06
1.01005e+06
1.01017e+06
1.01027e+06
1.0104e+06
1.01046e+06
1.0106e+06
1.01066e+06
1.01079e+06
1.01088e+06
1.01101e+06
1.01109e+06
1.01122e+06
1.01128e+06
1.01142e+06
1.01148e+06
1.01161e+06
1.0117e+06
1.01184e+06
1.01191e+06
1.01205e+06
1.0121e+06
1.01225e+06
1.01231e+06
1.01245e+06
1.01251e+06
1.01267e+06
1.01283e+06
1.01289e+06
1.01305e+06
1.01313e+06
1.01324e+06
1.01334e+06
1.01348e+06
1.01354e+06
1.01367e+06
1.01375e+06
1.0139e+06
1.01402e+06
1.01411e+06
1.01427e+06
1.0143e+06
1.01435e+06
1.01448e+06
1.01455e+06
1.01469e+06
1.01477e+06
1.01488e+06
1.01497e+06
1.01513e+06
1.01528e+06
1.01532e+06
1.01538e+06
1.01553e+06
1.01559e+06
1.01574e+06
1.01579e+06
1.01593e+06
1.01599e+06
1.01612e+06
1.0162e+06
1.01633e+06
1.0164e+06
1.01656e+06
1.01661e+06
1.01674e+06
1.01682e+06
1.01696e+06
1.01702e+06
1.01715e+06
1.01722e+06
1.01735e+06
1.01743e+06
1.01754e+06
1.01764e+06
1.01776e+06
1.01784e+06
1.01797e+06
1.01805e+06
1.01819e+06
1.01824e+06
1.01838e+06
1.01846e+06
1.0186e+06
1.01866e+06
1.01879e+06
1.01886e+06
1.01899e+06
1.01907e+06
1.0192e+06
1.01927e+06
1.01941e+06
1.01947e+06
1.01961e+06
1.01968e+06
1.01981e+06
1.01989e+06
1.02003e+06
1.02009e+06
1.02024e+06
1.0203e+06
1.02043e+06
1.02049e+06
1.02064e+06
1.02071e+06
1.02085e+06
1.02091e+06
1.02105e+06
1.02112e+06
1.02124e+06
1.02132e+06
1.02143e+06
1.02153e+06
1.02164e+06
1.02173e+06
1.02186e+06
1.02193e+06
1.02207e+06
1.02214e+06
1.02228e+06
1.02234e+06
1.02249e+06
1.02255e+06
1.0227e+06
1.02283e+06
1.02292e+06
1.02296e+06
1.0231e+06
1.02317e+06
1.02332e+06
1.02336e+06
1.02352e+06
1.02357e+06
1.02372e+06
1.02378e+06
1.0239e+06
1.02398e+06
1.0241e+06
1.02419e+06
1.02432e+06
1.0244e+06
1.02454e+06
1.0246e+06
1.02473e+06
1.02481e+06
1.02493e+06
1.025e+06
1.02514e+06
1.02521e+06
1.02535e+06
1.02541e+06
1.02555e+06
1.02561e+06
1.02577e+06
1.02583e+06
1.02597e+06
1.02604e+06
1.02617e+06
1.02624e+06
1.02637e+06
1.02645e+06
1.02657e+06
1.02664e+06
1.0268e+06
1.02685e+06
1.02698e+06
1.02706e+06
1.02719e+06
1.02725e+06
1.02739e+06
1.02747e+06
1.0276e+06
1.02766e+06
1.02781e+06
1.02788e+06
1.02801e+06
1.02807e+06
1.0282e+06
1.02829e+06
1.02842e+06
1.02849e+06
1.02862e+06
1.02869e+06
1.02881e+06
1.0289e+06
1.02903e+06
1.0291e+06
1.02924e+06
1.0293e+06
1.02944e+06
1.02951e+06
1.02965e+06
1.02972e+06
1.02985e+06
1.02991e+06
1.03004e+06
1.03013e+06
1.03025e+06
1.03033e+06
1.03046e+06
1.03053e+06
1.03067e+06
1.03074e+06
1.03088e+06
1.03095e+06
1.03108e+06
1.03115e+06
1.03129e+06
1.03135e+06
1.03149e+06
1.03156e+06
1.03169e+06
1.03176e+06
1.0319e+06
1.03197e+06
1.0321e+06
1.03218e+06
1.03231e+06
1.03237e+06
1.0325e+06
1.03259e+06
1.03272e+06
1.03279e+06
1.03293e+06
1.03298e+06
1.03313e+06
1.0332e+06
1.03332e+06
1.0334e+06
1.03354e+06
1.03361e+06
1.03377e+06
1.03382e+06
1.03394e+06
1.03402e+06
1.03415e+06
1.03422e+06
1.03434e+06
1.03443e+06
1.03457e+06
1.03464e+06
1.03477e+06
1.03483e+06
1.03495e+06
1.03504e+06
1.03517e+06
1.03525e+06
1.03538e+06
1.03544e+06
1.03558e+06
1.03566e+06
1.03579e+06
1.03586e+06
1.03599e+06
1.03607e+06
1.0362e+06
1.03626e+06
1.0364e+06
1.03648e+06
1.0366e+06
1.03668e+06
1.03681e+06
1.03689e+06
1.03701e+06
1.03709e+06
1.03722e+06
1.0373e+06
1.03743e+06
1.0375e+06
1.03761e+06
1.03771e+06
1.03783e+06
1.03791e+06
1.03805e+06
1.03811e+06
1.03824e+06
1.03832e+06
1.03846e+06
1.03852e+06
1.03864e+06
1.03873e+06
1.03888e+06
1.03893e+06
1.03906e+06
1.03913e+06
1.0393e+06
1.03934e+06
1.03948e+06
1.03954e+06
1.03968e+06
1.03975e+06
1.03988e+06
1.03995e+06
1.04009e+06
1.04016e+06
1.04028e+06
1.04037e+06
1.04051e+06
1.04058e+06
1.0407e+06
1.04078e+06
1.04091e+06
1.04098e+06
1.04111e+06
1.04119e+06
1.04132e+06
1.04139e+06
1.04153e+06
1.0416e+06
1.04175e+06
1.04181e+06
1.04195e+06
1.04202e+06
1.04214e+06
1.04221e+06
1.04233e+06
1.04241e+06
1.04255e+06
1.04261e+06
1.04274e+06
1.04283e+06
1.04296e+06
1.04303e+06
1.04316e+06
1.04323e+06
1.04335e+06
1.04344e+06
1.04357e+06
1.04364e+06
1.04378e+06
1.04385e+06
1.04399e+06
1.04405e+06
1.04418e+06
1.04425e+06
1.04438e+06
1.04445e+06
1.04459e+06
1.04467e+06
1.04479e+06
1.04487e+06
1.04501e+06
1.04507e+06
1.04519e+06
1.04528e+06
1.0454e+06
1.04549e+06
1.04564e+06
1.04569e+06
1.04585e+06
1.04602e+06
1.04605e+06
1.04609e+06
1.04623e+06
1.0463e+06
1.04644e+06
1.04651e+06
1.04665e+06
1.04672e+06
1.04685e+06
1.04692e+06
1.04705e+06
1.04711e+06
1.04726e+06
1.04732e+06
1.04746e+06
1.04754e+06
1.04767e+06
1.04773e+06
1.04786e+06
1.04795e+06
1.04806e+06
1.04815e+06
1.04827e+06
1.04836e+06
1.04849e+06
1.04857e+06
1.04869e+06
1.04877e+06
1.04891e+06
1.04897e+06
1.04912e+06
1.04917e+06
1.04932e+06
1.04937e+06
1.04951e+06
1.04957e+06
1.04971e+06
1.04978e+06
1.04992e+06
1.04999e+06
1.05012e+06
1.0502e+06
1.05033e+06
1.0504e+06
1.05054e+06
1.0506e+06
1.05073e+06
1.05081e+06
1.05096e+06
1.05102e+06
1.05117e+06
1.05121e+06
1.05135e+06
1.05143e+06
1.05157e+06
1.05162e+06
1.05176e+06
1.05183e+06
1.05196e+06
1.05205e+06
1.05217e+06
1.05224e+06
1.05238e+06
1.05244e+06
1.05257e+06
1.05266e+06
1.05281e+06
1.05285e+06
1.05299e+06
1.05306e+06
1.05318e+06
1.05327e+06
1.0534e+06
1.05347e+06
1.05361e+06
1.05367e+06
1.0538e+06
1.05389e+06
1.05402e+06
1.05408e+06
1.05422e+06
1.05428e+06
1.05442e+06
1.05449e+06
1.05462e+06
1.0547e+06
1.05484e+06
1.05491e+06
1.05504e+06
1.0551e+06
1.05525e+06
1.05531e+06
1.05544e+06
1.05552e+06
1.05566e+06
1.05572e+06
1.05585e+06
1.05593e+06
1.05609e+06
1.05614e+06
1.05627e+06
1.05634e+06
1.05647e+06
1.05654e+06
1.05668e+06
1.05675e+06
1.05688e+06
1.05694e+06
1.05707e+06
1.05716e+06
1.0573e+06
1.05736e+06
1.0575e+06
1.05757e+06
1.05773e+06
1.05777e+06
1.0579e+06
1.05797e+06
1.05812e+06
1.05818e+06
1.05833e+06
1.05838e+06
1.05852e+06
1.0586e+06
1.05873e+06
1.0588e+06
1.05892e+06
1.05901e+06
1.05914e+06
1.05921e+06
1.05937e+06
1.05941e+06
1.05956e+06
1.05962e+06
1.05976e+06
1.05982e+06
1.05995e+06
1.06003e+06
1.06016e+06
1.06023e+06
1.06039e+06
1.06044e+06
1.06058e+06
1.06063e+06
1.06078e+06
1.06084e+06
1.06098e+06
1.06104e+06
1.06118e+06
1.06126e+06
1.06136e+06
1.06146e+06
1.0616e+06
1.06166e+06
1.0618e+06
1.06186e+06
1.06198e+06
1.06208e+06
1.06221e+06
1.06228e+06
1.06243e+06
1.06248e+06
1.06261e+06
1.0627e+06
1.06282e+06
1.0629e+06
1.06302e+06
1.06309e+06
1.06325e+06
1.06331e+06
1.06345e+06
1.06351e+06
1.06364e+06

------------------------------------------------------------------------------------------------------------------------------------------------

packet size: 516
number of packets: 10000
RATE = 39981.93kbps, PPS = 9685.5
