Destination address set to 01:1B:19:00:00:00
Defaults: 01:1B:19:00:00:00 or 01:80:C2:00:00:0E
SIOCSHWTSTAMP: tx_type 1 requested, got 1; rx_filter 0 requested, got 0
setting ts_flags: 0x53
new ts_flags: 0x53


gap of hw tx time, us: packets 10000:
------------------------------------------------------------------------------------------------------------------------------------------------
0
216
216
216
215.997
216.003
216
216
215.999
216.001
216
216
216
216
216
216
216
216
216
215.997
216.003
216
216
172.801
216
215.996
216.004
216
215.996
216.004
216
215.999
215.996
216.005
215.996
216.003
216.001
216
215.996
216
216.004
216
215.996
216.004
216
215.996
216
216.004
215.996
259.202
129.599
216
216
216
216
216
216
216
216
215.999
216.001
215.999
216.001
216
216
216
216
216.004
215.996
216
216
216
216
216
216
215.999
259.203
129.599
216
216
216
216
216
216
216
216
216
215.999
216.001
216
216
216
216
216
216
216
216
216
216
216
216
216
216
216
172.801
216
216
216
216
216
216
216
216
216
215.999
216
216.001
216
216
216
216
215.999
216
259.199
172.801
216
216.001
215.999
216
259.199
172.801
172.801
215.997
216
216.003
259.195
172.802
216.003
216
259.199
172.8
216.001
215.999
259.201
172.799
216.001
259.199
172.8
216
259.2
172.8
216.001
259.199
172.8
216
216
216
216.001
172.797
216
216.004
216
259.199
172.801
216
259.198
216
216
216
216
216
216
216
216
216
216
215.997
216.003
216
216
215.997
172.8
216
216.004
216
216
215.996
172.806
216
215.996
216
216
216
259.198
172.802
216
216
259.202
215.996
216.005
215.996
172.801
216
216.004
215.996
216
216.004
215.996
216
216
216
215.999
216
216
216
216
216.004
215.996
216
216
216
216
216
216
216
216
216
216
216
216.004
215.996
216
216
216
216
216
216.004
215.996
216
129.603
216
216
259.198
216
216
216
216
216
216
216
216
216
216
216
216
216
216
216
216
216
216
216
216
216
216
216.004
129.598
215.997
216.003
259.2
215.999
216
216
216
216
216
216
216
216
216
216
216
216
216
216
216
216
216
216
216
216
216
216
129.598
216
216
259.203
215.997
216
216.002
216
216
216
216
216
216
216
216
216
216
216
216
216
216
216
216
216
216
215.997
216.003
129.599
216
216
259.199
216.004
215.995
216.001
216.003
216
216
215.996
216.004
215.996
216.004
216
216
216
215.996
216.004
216
216
216
216
215.996
216.004
216
216
129.598
216.001
216
259.198
216
216.001
216.004
215.995
216
216
216
216
216
216
216
216
216
216
216
216.004
215.996
216
216
216
216.004
215.996
216
129.603
216
216
259.198
216
216.001
215.999
216
216
216
216
216
216
216
216
216
216
216
216
216
216
216
216
216
216
216
216
129.602
216
215.997
259.203
215.999
216.001
215.999
216
215.996
216.004
216
216
216
216
216
216
216
216
216
216
216
216
216
216
216
216
216.001
129.597
216.004
216
259.198
216
216
216
216.001
215.999
216
216
216
216
216
216
216
216
216
216
216
216
216
216
216
216
216
215.997
129.602
216
216
259.199
216.004
215.999
216
216
215.996
216.004
216
216
215.996
216.004
215.996
216.004
216
216
215.996
216
216
216.004
215.996
216.004
215.996
216.004
216
129.599
216
216
259.199
215.999
216.004
215.996
216
216
216
216
216
216
216
216
216
216
216
216
216.004
215.996
216
216
216
216
216
216
129.603
216
216
259.198
216
216
216
216
216
216.001
215.999
216
216
216
216.004
215.996
216
216
216
216
216
216
216
216
216
216
216
129.599
216.003
216
259.2
216
216
215.999
216
216
216
215.996
216.004
216
216
216
216
216
216
216
216
216
216
216
216
216
216
216
129.598
216
216.004
259.199
216
215.999
216
216
216
216
216
216
216
216
216
216
216
216
216
216
216
216
216
216
216
216
216
129.599
216
216
259.203
215.999
216.001
215.995
216.004
215.997
216.003
215.996
216.004
215.996
216.004
215.996
216.004
215.996
216.004
215.996
216
216.004
215.996
216
216.004
216
216
216
129.599
216
216
259.198
216
216.005
215.996
215.999
216
216
216
216
216
216
216
216
216
216
216
216
216
216
216
216
216
216.004
216
129.599
216
216
259.199
215.999
216
216
216.001
215.999
216
216
216
216
216
216.001
215.999
216
216
216
216
216
216
216
216
216
216
216
129.602
216
216
259.2
216
215.999
216.001
215.999
216
216
216
216
216
216
216
216
216
216
216
216
216
216
216
216
216
216
216.001
129.597
216
216.004
259.198
216
216
216
216
216
216
216
216
216
216
216
216
216
216
216
216
216
216
216
216
216
216
216
129.603
216
215.996
259.198
216
216.004
216
215.996
216
216.004
215.996
216
216.004
216
216
215.996
216.004
215.996
216
216.004
216
216
216
216
216
215.996
216
129.603
216
216
259.203
215.996
215.999
216
216.001
215.999
216.001
215.999
216
216
216
216
216
216
216
216
216
216
216
216
216
216
216
216
129.603
216
216
259.199
216
215.999
216
216
216
216
216
216
216
216
216
216
216
216
216
216
216
216
216
216
216
216
216
129.599
216.003
216
259.199
216.001
216
215.999
216
216
216
216
216
216
216
216
216
216
216
216
216
216
216
216
216
216
216
216
129.598
216.004
216
259.199
216
216
215.999
216.001
215.999
215.997
216.003
216
216
216
216
216
216
216
216
216
216
215.997
216.003
216
215.997
216.003
216
129.599
216
216.004
259.199
215.995
216.001
216.003
215.996
216.004
216
216
216
216
215.996
216.004
216
215.996
216.004
216
216
216
216
216
215.996
216.004
215.996
216
129.603
216
216
259.199
215.999
216
216.004
215.997
215.999
216
216
216
216
216
216
216
216
216
216.004
215.996
216
216
216
216
216
216
216
129.603
216
216
259.199
216
215.999
216.001
216
216
215.999
216
216
216
216
216
216
216
216
216
216
216
216
216
216
216
216
216
129.599
216.003
216
259.2
215.999
216
216
216.001
215.999
216
216
216
216
216
216
216
216
216
216
216
216
216
216
216
216
216
216
129.598
216.004
216
259.198
216
216
216
216
216.001
215.999
216
216
216
216
216
216
216
216
216
215.997
216.003
216
216
216
216
216
216
129.599
216
216
259.202
215.996
216.004
216.001
215.995
216.004
216
216
216
216
216
215.996
216.004
215.996
216.004
216
216
215.996
216
216.004
216
215.996
216.004
216
129.599
216
216
259.199
216
216
215.999
216
216
216
216
216
216
216
216
216
216
216
216.004
215.996
216
216
216
216
216
216
216
129.603
216
216
259.198
216.001
215.999
216
216
216
216
216
216
216
216
216
216
216
216
216
216
216
216
216
216
216
216
216
129.602
216
216
259.199
216.001
216
215.999
216.001
215.999
216
216
216
216.001
215.999
216
216
216
216
216
216
216
216
216
216
216
216
216
216
129.602
259.199
215.999
216.001
215.999
216.001
215.999
216
216
216
216
216
216
216
216
216
216
216
216
216
216
216
216
216
216
216
129.599
216
216.004
259.194
216
216
216.001
215.999
216.004
216
215.996
216
216
216.004
215.996
216.004
216
215.996
216.004
216
216
216
216
215.996
216.004
216
216
129.599
216
216
259.198
216.001
216
215.999
216.001
216.003
215.997
215.999
216
216
216
216
216
216
216
216
216
216
216
216.004
216
215.996
216
216
216
129.603
216
259.198
216
216
216
216
216
216
216
216
216
216
216
216
216
216
216
216
216
216
216
216
216
216
216
129.602
216
216
259.2
215.999
216
216
216
216
216
216
216
216
216
216
216
216
216
216
216
216
216
216
216
216
216
216
129.602
216
215.996
259.202
216
216
216
216
216.001
215.999
216
216
216
216
216
216
216
216
216
216
216
216
216
216
216
216
216
216
216.001
129.598
259.203
215.995
216.001
216
216.003
216
216
216
216
215.996
216
216
216.004
216
215.996
216.004
216
216
216
216
216
215.996
216
216
129.603
216
216
259.198
216.001
215.999
216
216
216
216
216.004
215.996
216
216.004
215.996
216.004
215.996
216
216
216
216
216
216
216
216
216
216
129.603
216
216
259.199
216
216
215.999
216
216
216
216
216
216
216
216
216
216
216
216
216
216
216
216
216
216
216
216
129.603
302.398
172.801
172.801
259.198
216
216.001
215.999
216
216
216
216
216
216
216
216
216
216
216
216
216
216
216
216
216
216
216
129.602
215.996
216.004
259.196
216.003
216
216
216
216
216
215.996
216.004
216
216
216
216
216
216
216
216
216
216
216
216
216
216
216
129.598
216.004
215.996
259.2
216.003
215.999
216.001
215.999
216
216
216
215.997
216
216.003
216
216
216
216
216
215.997
216.003
215.997
216.003
215.997
216
216
216
216.003
129.599
302.401
172.798
215.999
216
216
216
216
216
216
216
216.004
215.996
216.004
215.996
216
216
216
216
216
216
216
216
216
216
216
129.603
216
216
259.198
216
216
216.001
215.999
216
216
216
216
216
216
216
216
216
216
216
216
216
216
216
216
216
216
216
129.603
215.996
216.004
259.199
216
215.999
216
216
216
216.001
215.999
216
216
216
216
216
216
216
216
216
216
216
216
216
216
216
216
216
129.602
215.997
259.203
215.999
216
215.996
216.004
216
216
216
216
216
216
216
216
216
216
216
216
216
216
216
216
216
216
216
129.602
215.996
216
259.202
215.998
216.003
215.996
216.003
215.997
216
216.003
216
216
216
215.997
216
216.003
216
216
216
216
215.997
216
216.003
216
215.997
216
129.602
216
216
259.198
216.001
215.999
216
216
216
216.001
215.999
216.001
215.999
216
216
216
216.004
215.996
216
216
216
216
216
216
216
216
216
216.001
215.999
129.603
216
259.202
215.997
215.999
216.001
215.999
216
216
216
216
216
216
216
216
216
216
216
216
216
216
216
216
216
216
129.603
216
216
259.199
215.999
216
216
216.001
215.999
216
216
216
216
216
216
216
216
216
216
216
216
216
216
216
216
216
216
129.599
216.003
216
259.2
216
215.999
216
216.001
216
215.999
216
216
216
216
216.001
215.999
215.996
216.004
216
216
215.996
216.004
216
216
216
216
216
129.598
302.402
172.801
172.801
259.195
216.003
215.998
216.002
215.997
216.003
215.997
216
216
216
216.003
216
215.997
216
216
216
216.003
216
216
216
216
216
216
129.599
216
216
259.202
215.996
216
216
216
216
216
216
216
216
216
216
216
216.004
215.996
216
216
216
216
216
216.004
215.996
216
216
129.603
216
216
259.198
216
216
216
216
216
216
216
216
216
216
216
216
216
216
216
216
216
216
216
216
216
216
216
129.603
216
216
259.198
216.001
215.999
216
216
216
216
216
216.001
215.999
216
216
216
216
216
216
216
216
216
216
216
216
216
216
129.599
216
216
259.203
215.999
216.001
215.999
216
216
216
216
216
216
216
216
216
216
216
216
216
216
216
216
216
216
216
216
129.598
216
216
259.199
216.004
215.997
215.999
216.003
216
216.001
215.996
216.003
216
216
215.997
216.003
215.997
216.003
216
215.997
216
216.003
216
215.997
216.003
216
216
129.599
216
216
259.198
216.001
215.999
216.001
216.003
215.996
216.001
215.999
216
216
216
216
216
216
216
216
216
216
216
216
216
216
216
216.004
129.599
216
216
259.198
216
216.001
215.999
216
216
216
216
216
216
216
216
216
216
216
216
216
216
216
216
216
216
216
216
129.603
216
216
259.198
216
216
216
216
216
216.001
215.999
216
216
216
216
216
216
216
216
216
216
216
216
216
216
216
216
129.602
215.997
216
259.203
216
215.999
216
216
216
216
216
216
215.996
216.004
216
216
216
216
216
216
216
216
216
216
215.996
216.004
216
129.602
215.996
216.004
259.195
216.003
216.001
215.999
216
216
216
215.997
216.003
216
215.997
216.003
216
215.997
216
216.003
216
216
216
216
215.997
216.003
215.997
216.003
129.599
216
216
259.198
216
216
216
216
216
216
216.001
216.003
215.996
216
216
216
216
216
216
216
216
216
216
216
216.004
215.996
216
129.603
216
216
259.198
216.001
215.999
216
216.001
215.999
216
216
216.001
215.999
216
216
216
216
216
216
216
216
216
216
216
216
216
216
129.603
216
216
259.199
216
216
215.999
216
216
216
216
216
216
216
216
216
216
216
216
216
216
216
216
216
216
216
216
129.601
216.001
215.997
259.203
216
215.999
216
216
216
216
216
216
216.001
215.999
216
216
216
216
216
216
216
216
216
216
216
216
216
129.598
216
216
259.203
215.996
216.004
216
215.999
216
215.997
216.003
215.997
216.003
216
216
215.997
216
216.003
215.997
216
216.003
215.997
216.003
216
215.997
216
216
129.602
216
216
259.199
215.999
216
216
216.001
215.999
216
216
216
216
216.004
215.996
216
216
216
216
216
216
216
216
216
216
216
216
129.603
216
216
259.198
216
216
216
216
216.001
216
215.999
216
216
216
216
216
216.001
215.999
216
216
216
216
216
216
216
216
216.001
129.602
216
216
259.198
216
216.001
215.999
216.001
215.999
216
216
216
216
216
216
216
216
216
216
216
216
216
216
216
216
216
216
129.602
216
215.997
259.202
216.001
215.999
216
216
216
216
216
216
216
216
216
216
215.996
216.004
216
216
216
216
216
216
216
216
216
129.598
216
216
259.203
215.999
216.001
215.996
216.003
216
215.997
216
216.003
215.997
216.003
216
216
216
215.997
216
216.003
215.997
216.003
216
216
216
215.997
216
129.602
216
216
259.199
216
216
215.999
216.001
215.999
216
216
216
216
216
216
216
216
216
216
216
216
216
216
216
216
216
216
129.603
216
216
259.198
216.001
215.999
216
216
216
216
216
216
216
216
216
216
216
216
216
216
216
216
216
216
216
216
216
129.603
216
215.996
259.202
216
216.001
215.999
216
216
216
216
216
216
216
216
216
216
216
216
216.001
215.999
216
216
216
216
216
216
129.602
216
215.997
259.203
215.999
216
216.001
215.999
216
216
216
216
216
216
216
216
216
216
216
216
216
216
216
216
216
215.996
216.004
129.598
216
216
259.2
215.999
216.003
215.997
216.004
215.996
216.003
216
215.997
216
216.003
216
216
215.997
216
216.003
216
215.997
216
216
216.003
216
216
216
129.599
216
216
259.198
216.001
215.999
216.004
215.997
216.003
215.996
216
216
216
216
216.001
215.999
216
216
216
216
216
216
216
216
216
216
216
129.603
216
216
259.198
216.001
215.999
216
216.001
216
215.999
216
216
216
216
216
216
216
216
216
216
216
216
216
216
216
216
216
129.603
216
216
259.199
216
215.999
216
216
216
216
216
216
216
216
216
216
216
216
216
216
216
216
216
216
216
216
216
129.599
216.003
216
259.2
215.999
216.001
215.999
216
216
216
216
216
216
216
216
216
216
216
216
216
216
216
216
216
216
216
216.001
129.597
216
216
259.2
216
216.002
216
216.001
215.999
216.001
215.997
216.003
215.999
215.997
216.003
215.997
216
216
216.003
216
215.997
216.003
215.997
216
216
216
216.003
129.599
216
216
259.202
215.997
215.999
216
216
216.004
216
216
215.996
216
216
216
216.004
215.996
216
216
216
216
216
216
216
216
216
216
129.603
216
216
259.198
216.001
216
216
215.999
216.004
215.996
216
216
216
216
216
216
216
216
216
216
216
216
216
216
216
216
216
129.603
216
216
259.199
216
216
216
215.999
216
216
216
216
216
216
216
216
216
216
216
216
216
216
216
216
216
216
216
129.602
215.997
216.003
259.199
216
216
216.001
215.999
216
216
216
216
216
216
215.996
216.004
216
216
216
216
215.996
216.004
216
216
216
216
215.996
129.602
216
216
259.202
215.998
216.002
216
216
216
216
215.997
216.003
215.997
216.003
216
215.997
216
216
216
216
216.003
216
215.997
216.003
216
215.997
216
129.602
216
216
259.202
215.996
216
216
216.001
216
215.999
216
216
216.004
215.996
216
216
216
216
216
216
216
216.004
215.996
216
216
216.004
215.996
129.603
216
216
259.199
215.999
216
216
216
216
216
216
216
216
216
216.001
215.999
216
216
216
216
216
216
216
216
216
216
216
129.603
216
216
259.199
215.999
216
216
216
216
216
216
216
216
216
216
216
216
216
216
216
216
216
216
216
216
216
216
129.602
216
216
259.2
215.996
216.003
216
216
216
216
215.997
216.003
216
216
216
216
216
216
216
216
215.996
216.004
216
216
216
216
216
129.598
216
216.004
259.198
216
216
216.001
215.996
216
216.003
215.997
216.003
216
215.997
216.003
215.997
216
216.003
215.997
216
216.003
215.997
216
216
216.003
216
216
129.599
216
216
259.203
215.995
216
216
216.004
215.996
216
216
216
216
216.004
215.996
216
216.004
215.996
216
216
216
216
216
216
216.004
215.996
216
129.603
216
216
259.199
215.999
216.001
216
215.999
216
216
216
216
216
216
216
216
216
216
216
216
216
216
216
216
216
216
216
216
129.603
259.198
216
216.001
215.999
216
216
216
216
216
216
216
216
216
216
216
216
216
216
216
216
216
216
216
216
216
129.599
216
216
259.202
216
216
216
216.001
215.999
216
216
216
216
216
215.996
216.004
216
216
216
216
216
216
215.996
216.004
216
215.996
216.005
129.597
216
216
259.199
216
216
216.003
216
215.997
216.004
215.999
216
215.997
216
216.003
216
215.997
216.003
215.997
216
216
216.003
215.997
216.003
216
215.997
216
216.001
129.601
216
259.199
215.999
216
216.001
215.999
216.001
215.999
216
216
216
216
216
216.004
215.996
216.004
215.996
216
216
216
216
216
216
216
216
129.603
216
216
259.198
216
216
216
216
216
216
216
216
216
216
216
216
216
216
216
216
216
216
216
216
216
216
216
129.603
215.996
216.004
259.199
215.999
216
216.001
215.999
216
216
216
216.001
215.999
216
216
216
216
216
216
216
216
216
216
216
216
216
216
216
216
129.602
259.2
216
216
215.999
216
216
216
216.001
215.999
216
216
216
216
216
216
216
216
216
216
216
216
216
216
216
129.598
216
216
259.202
215.997
216.001
216.002
215.997
216.003
215.997
216
216.003
216
216
216
215.997
216.003
215.997
216
216.003
216
215.997
216.003
216
215.997
216
216
129.602
216
216
259.203
215.995
216.001
215.999
216.004
215.997
216.003
215.996
216
216.001
215.999
216.004
215.996
216
216
216
216
216
216.004
215.996
216
216.004
215.996
216
129.603
302.402
172.796
172.802
259.198
216
216
216.001
215.999
216.001
215.999
216
216
216
216
216
216
216.004
215.996
216
216
216
216
216
216
216
216
129.603
216
215.999
259.2
216
216
215.999
216
216
216.001
215.999
216
216
216
216
216
216
216
216
216
216
216
216
216
216
216
216
129.602
216
216
259.199
216
216
215.996
216.005
215.996
216.003
216
216
216.001
215.999
216.001
215.995
216.005
215.999
216
216
216
216
216
216
216
216
216
215.996
129.602
302.402
172.8
216
215.997
216.003
215.998
216.002
216
215.997
216.003
216
215.997
216.003
216
216
215.997
216
216
216.003
215.997
216.003
216
215.997
216
216
129.602
216
216
259.198
216.001
215.999
216
216
216
216
216
216
216
216
216
216
216
216
216
216
216
216
216
216
216
216
216
129.603
216
216
259.198
216.001
216
215.999
216.001
215.999
216
216
216.001
215.999
216.001
215.999
216
216
216
216
216
216
216
216
216
216
216
216
216
129.603
216
259.198
216
216.001
215.999
216.001
216
215.999
216
216
216
216.001
215.999
216
216
216
216
216
216
216
216
216
216
216
216
129.602
216
216
259.199
216
216.001
216
216
215.999
216
216
216
216
216
216
216
216
216
216
216
216
216
215.996
216.004
215.996
216.004
216
129.602
215.996
216
259.2
216.003
216
215.997
215.999
216
216.004
215.996
216
216.003
216
216
215.997
216.003
216
215.997
216
216
216.003
215.997
216.003
216
216
215.997
216.003
216
129.599
216
259.198
216.001
216
215.999
216.001
215.999
216
216
216
216
216
216
216
216
216
216
216
216.004
215.996
216.004
216
215.996
216.004
129.599
216
216
259.199
215.999
216
216
216.001
215.999
216
216
216
216
216
216
216
216
216
216
216
216
216
216
216
216
216
216
129.599
216.004
216
259.199
215.999
216
216
216
216.001
215.999
216
216
216
216
216
216
216
216
216
216
216
216
216
216
216
216
216
129.602
302.399
172.796
172.805
259.199
216
216.001
215.999
215.996
216.004
216
216
216
216
216
216
216
216
216
216
216
216
216
216
216
216
216
129.598
216
216
259.199
216
216.004
215.996
216.003
216
216
215.997
216.003
215.997
216.003
216
215.997
216.003
216
215.997
216.003
216
215.997
216.003
215.997
216.003
215.997
216
129.602
216
216
259.198
216.001
216
215.999
216
216
216
216.001
215.999
216
216
216.004
215.996
216
216
216
216
216
216
216
216.004
215.997
215.999
216
129.603
216
216
259.198
216
216
216.001
215.999
216
216
216
216
216
216
216
216
216
216
216
216
216
216
216
216
216
216
216
129.603
216
216
259.198
216
216.001
215.999
216
216
216
216
216
216
216
216
216
216
216
216
216
216
216
216
216
216
216
216
129.602
215.997
216.003
259.2
215.999
216
215.996
216.004
216
216
216
216
216
216
216
216
216
216
216
216
216
216
216
216
216
216
216
129.601
215.997
216
259.203
216
215.999
215.997
216.001
215.999
216.003
216
215.997
216
216.003
216
216
216
215.997
216.003
215.997
216
216
216
216.003
215.997
216
216.003
129.599
216
216
259.198
216
216
216
216
216
216.004
215.996
216
216
216
216
216
216
216
216
216
216
216
216
216
216
216
216
129.603
216
216
259.199
215.999
216
216
216
216.001
215.999
216
216
216
216
216
216
216
216
216
216
216
216
216
216
216
216
216
129.603
216
216
259.199
216
216
215.999
216
216
216
216
216
216
216
216
216
216
216
216
216
216
216
216
216
216
216
216
129.599
216
216.003
259.2
216
216
215.999
216
216
216
216
216
216
216
216
216
216
216
216
216
216
216
216
216
216
216
216
129.598
216
216
259.2
216.002
215.997
216.003
216
215.997
216
216
216.003
216
216
216
216
215.997
216
216
216
216.003
216
215.997
216
216
216.003
216
129.599
216
216
259.198
216.001
216.004
216
215.995
216
216
216
216
216
216
216
216
216
216
216
216.004
215.996
216
216
216
216
216
216
129.603
216
216
259.198
216
216
216
216.001
215.999
216
216
216
216
216
216
216
216
216
216
216
216
216
216
216
216
216
216
129.603
216
216
259.199
215.999
216
216
216
216
216
216
216
216
216
216
216
216
216
216
216
216
216
216
216
216
216
216
129.602
216
216
259.199
216
216
216.001
215.999
216.001
215.999
216
216.001
215.999
216
216
216
216
216
216
216
216
216
216
216
216
216
216
129.598
216
216
259.203
216
215.999
215.997
216.003
216
215.997
216.003
216
216
216
216
215.997
216
216
216.003
216
215.997
216.003
215.997
216
216
216
216.003
129.599
216
216
259.202
216
215.996
216
216
216
216
216
216
216
216
216
216
216
216
216
216
216
216
216
216
216
216.004
215.996
129.603
216
216
259.198
216.001
215.999
216.001
215.999
216.001
215.999
216
216
216
216
216
216
216
216
216
216
216
216
216
216
216
216
216
129.603
216
216
259.198
216.001
215.999
216
216
216
216
216
216
216
216
216
216
216
216
216
216
216
216
216
216
216
216
216
129.599
216
216
259.202
216.001
215.999
215.996
216.004
216
216
216
216
216
216
216
216
216
216
216
216
216
216
216
216
216
216
216
129.598
216
216
259.203
215.997
216
216.002
215.998
215.999
216.001
216.002
216
216
215.997
216
216
216
216
216.003
216
215.997
216.003
215.997
216
216.003
216
215.997
129.602
216
216
259.199
215.999
216
216
216.001
216.003
216
215.996
216
216
216
216
216
216
216
216.004
215.996
216.004
215.996
216
216
216
216
216
129.603
216
216
259.199
215.999
216
216.001
215.999
216
216.001
215.999
216
216
216
216
216
216
216
216
216
216
216
216
216
216
216
216
129.603
215.996
216.004
259.198
216.001
215.999
216.001
216
215.999
216.001
216
215.999
216.001
215.999
216
216
216
216
216
216
216
216
216
216
216
216
216
129.599
216.003
215.997
259.202
216.001
215.999
216
216
216
216
216
216
216
216
216
216
216
216
216
216
216
216
216
216
216
216
216
129.598
216
216
259.199
216
216.003
215.997
216.003
215.997
216.003
215.997
216
216
216
216.003
215.997
216.003
215.997
216.003
216
215.997
216
216.003
216
216
216
216
129.599
216
216
259.199
215.999
216
216.001
215.999
216.001
215.999
216.001
216.003
215.996
216
216.004
215.996
216
216.004
216
215.996
216
216
216
216
216
216.004
215.996
129.603
216
216
259.199
215.999
216
216
216
216
216
216
216
216
216.004
215.996
216
216
216
216
216
216
216
216
216
216
216
216
129.603
216
216
259.198
216.001
215.999
215.996
216.004
216
216
216
216
216
216
216
216
216
216
216
216
216
216
216
216
216
216
216
129.599
216
216
259.203
215.995
216.005
215.999
216.001
215.999
216
216
216
216
216
216
216
216
216
216
216
216
216
216
216
216
216
216
129.598
216
216
259.203
215.996
216.004
215.996
216
216
216.003
215.997
216.003
215.997
216.003
216
216
216
215.997
216
216.003
215.997
216.003
215.997
216.003
216
216
215.997
129.602
216
216
259.199
215.999
216
216
216
216
216
216
216
216
216
216
216
216
216
216
216
216
216
216
216
216
216
216
129.603
216
216
259.198
216
216
216.001
216
215.999
216.001
215.999
216
216
216.001
215.999
216
216
216
216
216
216
216
216
216
216
216
216
129.603
215.996
216.004
259.199
215.999
216
216
216
216.001
215.999
216
216
216
216
216
216
216
216
216
216
216
216
216
216
216
216
216
129.599
216
216
259.203
215.999
216
216
216
216
216
216
216
216
216
216
216
216
216
216
216
216
215.996
216.004
216
216
216
216
129.602
215.996
216
259.199
216.003
215.997
216.004
215.999
215.997
216.001
216.003
215.999
216
215.997
216
216.004
215.999
215.997
216
216
216.004
216
215.996
216.004
216
216
215.996
129.602
216
216
259.199
215.999
216.001
215.999
216
216
216
216
216
216
216
216
216
216
216
216
216
216
216
216
216
216.004
215.996
216
129.603
216
216
259.198
216.001
216
215.999
216
216
216
216
216
216
216
216
216
216
216
216
216
216
216
216
216
216
216
216
129.603
216
216
259.198
216
216.001
215.999
216
216
216
216
216
216
216
216
216
216
216
216
216
216
216
216
216
216
216
216
129.599
216.004
215.996
259.203
216
216
216
215.999
216
215.996
216.004
216
216
216
216
216
216
216
216
216
216
216
216
215.996
216.004
216
216
129.599
216
216.003
259.199
216
216
216.001
215.999
216
216
215.996
216
216
216.004
216
216
215.996
216
216.004
215.996
216
216
216.004
215.996
216.004
216
216
129.598
216
216
259.2
216
216
215.999
216.001
215.999
216
216
216
216
216
216
216
216
216
216
216
216
216
216
216
216
216
216
216
129.602
302.398
172.801
215.999
216
216
216
216
216
216
216
216
216
216
216
216
216
216
216
216
216
216
216
216.004
215.996
216.001
129.602
216
216
259.199
215.999
216
216
216
216
216
216
216
216
216
216
216
216
216
216
216
216
216
216
216
216
216
216
129.599
216.004
216
259.198
216.001
215.999
216
216
216
216.001
215.999
216
216
216
216
216
216
216
216
216
216
216
215.996
216.004
216
216
216
216
129.599
216
259.202
216.001
215.999
215.996
216.004
215.996
216.004
215.996
216
216.004
215.996
216
216.004
216
216
216
215.996
216.004
216
215.996
216
216
216.004
216
129.598
216
216
259.199
216.001
215.999
216
216
216.003
215.997
216
216
216
216
216
216
216
216
216
216
216
216
216
216.003
215.997
216
216
129.602
216
216
259.198
216.001
216
216
215.999
216.001
215.999
216
216.001
215.999
216
216
216
216
216
216
216
216
216
216
216
216
216
216
216.001
215.999
129.603
259.199
216
216
216
215.999
216
216
216
216
216
216
216
216
216
216
216
216
216
216
216
216
216
216
216
129.603
215.996
216.004
259.198
216
216
216.001
216
215.999
216
216
216
216
216
216
216
216
216
216
216
216
216
216
216
216
216
216
129.602
215.997
216
259.199
216.004
215.995
216
216.004
215.997
215.999
216
216.004
216
215.996
216
216
216
216.004
215.996
216.004
216
215.996
216.004
216
215.996
216.004
215.996
129.602
302.398
172.801
172.801
259.2
215.999
216
216
216
216
216
216
216
216
216
216
216
216
216
216
216.003
215.997
216
216
216
216.003
215.997
129.602
216
216
259.198
216
216
216
216
216
216
216
216
216
216
216
216
216
216
216
216
216
216
216
216
216
216
216
129.603
216
216
259.199
216
215.999
216
216
216.001
215.999
216.001
215.999
216
216
216
216
216
216
216
216
216
216
216
216
216
216
216
216
129.603
302.398
172.801
216
215.999
216
215.996
216.004
216
216
216
216
216
216
216
172.797
216.004
216
215.996
216.004
216
215.996
216.004
215.996
216.004
216
172.798
216
216.003
215.997
216
216
216
216
216
216
216
216.003
215.997
216
215.999
216
216
216
216
216.003
216
215.997
216
216
216.003
215.997
216
172.801
216
216
216
216
216
216
216
216
216
216
216
216
215.999
216
216
216
216
216
216
216
216
216
216
216
216
216
172.802
216
216
216
216
216
216
216
216
216
216
216
216
216
215.999
216
216
216
216
216
216
216
216
216
216
216
216
172.802
215.996
216.004
216
216
216
216
216
216
216
216
216
216
215.996
216.003
216.001
215.999
216
216
216
216
216
216
215.996
216.004
216
216
172.798
216.004
215.996
216.004
215.996
216.004
215.996
216.004
216
216
216
216
215.996
216.004
216
215.995
216
216.004
216
215.996
216.004
216
215.996
216
216
216.004
216
172.798
216
216
216
216
216
216
216
216
216
216
216
216
216
215.999
216
216
216.001
215.999
216
216
216
216
216
216
216
216
172.801
216
216
216
216
215.999
216.001
216
216
216
216
216
215.999
216
216
216
216
216
216
216
216
216
216
216
216
216
216
172.802
216
216
216
216
216
216
216
216
216
216
216
215.999
216
216
216
216
216
216
216
183.2
216
216
216
216
216
216
216
216
216
216
216
216
216
215.999
216
216
216
221.519
177.362
234.398
194.481
237.842
224.881
180.397
251.603
216.718
200.721
216
225.92
181.919
228.8
235.041
176.719
235.199
189.842
222.56
246.879
173.682
229.518
234.879
178.802
233.282
235.518
177.361
233.44
235.037
176.561
236
188.241
223.518
234.721
184.723
226.88
235.439
180.88
231.2
236.077
176.483
234.56
193.759
218.56
234.32
190.241
222
236
185.199
226.24
235.12
181.839
230.079
235.04
178.08
233.842
235.439
176.321
234.639
191.763
219.756
235.282
188.161
224.478
234.799
183.923
225.037
234.879
183.283
228.958
234.962
179.279
232.241
235.758
176.403
235.038
235.119
176.403
236
188.24
223.279
246.319
173.602
227.519
234.638
181.043
231.518
234.481
177.2
234.639
235.04
179.2
232.722
190.478
221.601
240.879
180.64
225.282
235.838
182.319
229.121
235.602
178.239
226.798
235.68
180.723
231.116
234.642
177.441
234.56
235.36
176.478
245.041
180.64
224.161
235.199
183.76
228.162
235.198
185.121
226
235.36
176.561
235.44
234.958
178.718
234.004
188.877
221.763
235.596
185.844
226.078
235.759
181.362
229.838
235.762
177.84
233.361
235.277
176.162
235.918
191.12
220.083
235.517
187.52
224.083
235.758
183.362
228.478
235.119
179.603
231.759
235.439
176.561
235.361
235.837
176.242
234.717
189.283
224.24
241.759
177.519
224.801
240.559
177.598
229.843
233.68
179.839
231.361
235.522
176.959
234.241
235.999
175.839
238.48
186.562
222.078
235.68
185.441
228.319
233.759
181.121
230.402
235.277
178.001
233.602
235.277
176.881
235.6
190.242
221.117
234.562
187.441
224.88
203.999
220.881
245.199
219.68
182.24
204.001
214.316
222.082
235.518
185.603
225.519
203.282
216
231.12
235.6
176.238
238.879
231.763
183.839
227.2
188.958
222.884
235.518
184.801
226.639
236.319
180.242
230.879
235.198
177.201
234.481
235.597
177.922
234
189.921
222.398
234.962
185.839
226.079
234.559
182.561
229.763
235.199
178.241
233.278
235.041
177.117
234.801
191.76
219.763
235.518
187.922
223.439
235.759
184.001
227.921
234.717
180.561
229.12
234.319
179.764
232.158
235.518
176.32
235.602
234.878
176.479
235.124
189.12
222.797
235.762
184.641
226.157
202.643
216
228.718
235.601
177.52
234.398
234.642
176.242
235.838
190.718
222
234.643
186.477
224.722
247.198
172.802
227.278
235.762
178.641
232.797
235.123
177.598
234.403
235.036
176.321
245.12
179.281
232.242
196.078
222.399
208.722
239.917
186.56
228.403
234.799
180.001
231.997
235.123
176.64
234.8
234.879
176.802
235.036
189.923
222.078
234.879
186.242
225.44
235.6
182.159
229.602
235.277
178.32
233.523
235.119
176.4
235.92
191.121
220.241
235.198
187.681
223.918
235.521
184.159
227.68
235.601
179.52
232
235.198
176.403
234.797
235.762
176.4
235.119
189.52
222.241
235.517
185.441
228.083
231.916
183.761
227.361
234.961
180.321
232
234.796
176.643
235.2
193.439
218.162
235.439
189.52
222
235.119
186.08
226.241
235.36
181.598
229.681
235.36
178.162
233.918
235.521
176.08
235.439
191.121
220.079
236.078
186.964
224.56
235.277
183.362
228.319
234.962
179.918
232.162
235.679
176.238
234.962
235.12
177.038
235.041
188.959
237.203
230.959
181.92
226.881
207.759
208.718
216.004
215.996
216.004
233.037
184
226.722
234.958
181.441
232.801
232.957
177.441
234.402
235.518
178.4
233.522
190.158
221.602
241.198
180.399
225.361
235.36
182.561
228.639
235.439
179.043
233.278
234.559
176.644
235.436
234.803
176.881
240.319
183.279
223.759
234.642
184.798
227.12
236.082
179.997
230.801
235.36
177.039
234.721
233.199
175.44
236.643
234.078
177.122
234.8
189.2
222.718
235.119
185.362
226.161
235.597
181.441
229.842
235.92
177.437
234.643
235.916
175.603
235.199
190.639
221.523
234.56
187.361
224.797
235.6
182.562
228.56
235.439
179.2
233.041
234.398
176.801
235.2
235.277
176.884
235.121
188.477
222.962
235.838
184.399
227.203
234.398
188.64
223.921
235.758
206.561
215.999
182.722
225.279
239.602
183.12
222.079
201.918
214.481
221.44
235.6
186.08
227.842
232.638
182.719
229.361
234.958
178.881
233.041
235.439
176.723
234.8
192.079
220
235.037
188.084
223.597
235.041
184.561
227.44
235.517
180.242
231.759
235.36
176.08
244.161
226.639
176.321
235.202
190.08
221.68
235.277
185.84
226
235.359
181.844
229.597
233.759
179.843
234.56
231.518
177.121
234.88
235.758
176.001
235.92
189.441
222.241
235.36
185.602
225.357
235.92
181.922
230
235.199
178.001
234
234.799
176.08
235.838
191.283
219.921
235.517
187.84
223.68
235.601
183.839
228.402
235.116
179.681
231.681
235.758
175.761
235.522
235.837
176.404
234.957
189.283
222.399
235.281
185.52
226.639
234.559
182.001
233.361
236.638
174.802
235.357
191.921
220.24
208.56
222.001
216
205.12
230.639
232.56
222.961
174.881
235.038
190.319
221.602
235.758
185.843
225.76
234.957
192.562
218.639
235.281
179.2
232.083
235.995
176.403
235.357
235.119
176.321
235.602
188.398
222.56
235.522
185.038
226.56
235.763
180.88
231.2
235.359
176.641
234.398
235.68
176.64
235.282
190.156
224.722
235.042
183.278
230.718
234.722
177.759
226.482
235.76
180.958
229.602
235.518
178.162
233.921
235.356
176.242
235.602
190.879
220.56
235.279
187.282
225.199
234.559
183.441
228.319
235.518
179.362
232.079
235.762
176.238
247.202
223.759
176.479
235.12
188.564
222.88
235.439
184.88
227.2
234.559
181.441
230.639
234.48
178.08
238.88
231.277
176.083
241.199
184.561
224.477
235.924
182.798
229.361
234.959
178.878
232.88
195.921
216
235.2
235.601
172.802
231.518
234.481
177.677
234.642
191.682
220
235.281
187.918
224.481
234.717
184.001
227.282
235.597
180.32
231.282
235.92
176.001
235.279
234.799
176.719
235.443
189.76
222.079
234.559
186.562
226.157
236.879
180.163
229.601
235.037
178.561
235.041
193.843
215.996
232.722
235.679
178.321
233.916
189.681
221.44
235.439
186.324
225.279
235.679
182.242
229.278
234.957
178.964
234
234.638
176.644
234.958
191.839
219.759
235.443
187.918
223.921
235.439
183.839
227.842
235.439
179.919
231.763
235.596
175.923
235.518
234.642
176.719
235.518
189.524
222.477
235.36
185.362
226.079
234.961
182.159
230
235.36
177.839
242.161
186.719
219.203
235.198
188.723
223.199
235.439
184.561
226.801
235.356
181.043
242.958
185.841
221.52
235.278
186.402
224.959
235.361
182.88
228.88
235.04
179.362
232.398
235.199
176.32
235.041
235.439
176.96
234.643
189.12
223.436
234.722
185.041
228.717
234.162
180.32
231.2
235.198
176.802
235.12
235.12
175.839
235.282
190.639
221.12
235.921
186.157
228.403
232.639
182.158
229.444
234.958
178.959
232.56
234.879
177.042
234.64
234.72
176.96
235.68
188.561
223.68
234.56
184.959
226.88
236.559
179.76
230.56
235.36
177.279
234.482
235.359
176.802
234.797
190.564
221.917
234.801
186.481
224.639
235.76
182.801
228.718
235.521
178.96
235.041
233.037
176.162
235.519
235.36
179.52
232.402
188.158
223.602
240.318
179.279
227.042
236.078
180.083
231.598
234.958
176.644
234.8
235.597
176.963
234.876
189.764
222.319
235.519
185.361
226.157
235.763
181.278
230.802
235.68
190.399
216
232.401
181.121
230.639
235.36
177.201
234.8
235.037
176.242
235.281
190.64
220.718
236.16
186.321
224.801
244.318
174.08
228.801
235.6
178.798
233.444
234.879
176.237
235.121
234.8
177.76
234.161
188.801
223.519
238.638
181.043
227.199
235.281
180.719
230.958
235.999
176.242
234.718
235.92
175.764
235.681
190
221.598
236.16
185.358
225.44
235.36
182.403
229.2
235.198
178.802
233.037
235.841
175.922
235.279
192
219.842
237.198
186.08
224
235.281
183.918
229.041
234.24
179.918
231.921
235.838
176.963
234.399
234.638
176.162
235.839
189.443
223.117
234.721
185.362
226.24
235.518
181.441
229.838
235.522
177.839
234.643
234.796
184.881
226.879
190.884
220.958
234.879
187.279
224.56
235.522
200.242
218.477
235.44
177.04
236.163
187.758
222.242
235.199
185.76
225.838
235.44
181.921
230.24
234.958
178.001
234
194.801
216.958
234.722
191.519
221.199
234.32
187.68
224.324
235.597
183.279
233.124
230.157
179.922
232
234.878
177.919
234.481
235.521
176.242
234.88
189.278
222.481
236.32
184.398
226.241
235.92
181.12
231.279
234.642
177.2
233.681
236.078
176.561
234.88
190.8
221.038
235.361
186.801
224.718
235.04
183.441
228.398
235.999
178.802
233.361
234.638
176.242
235.282
235.036
176.482
236.399
187.759
223.361
235.439
184.403
226.718
235.439
203.362
216
228.958
176.561
235.203
235.037
176.643
235.519
188.959
223.041
235.037
185.121
226.162
240.638
176.403
230.079
235.679
177.441
233.2
235.679
176.64
235.199
191.282
220.797
234.722
187.68
214.398
259.199
172.802
211.198
243.203
185.599
226.079
235.443
181.677
229.44
235.522
178.241
233.519
234.717
176.881
234.879
192.001
219.203
236.156
187.844
223.601
233.037
186.561
224.801
235.198
183.2
229.12
235.041
179.038
232.801
235.36
176.723
234.876
235.439
176.004
235.917
188.083
223.44
235.439
184.321
227.921
234.476
180.802
231.361
235.119
176.719
235.282
236.398
174.963
235.115
190.242
221.842
235.518
185.922
226.241
234.796
182.083
229.519
235.277
178.404
233.597
235.12
176.482
235.041
191.76
220.319
235.277
202.084
216
231.277
181.441
230.399
235.442
177.358
234.162
235.837
176.242
236.082
189.677
220.963
235.679
186.561
224.237
236.082
182.881
228.477
235.679
179.043
232.639
234.958
176.722
237.282
233.356
176.644
235.199
188.399
214.48
249.441
179.277
235.204
236.398
176.881
233.36
190.158
221.282
235.2
186.721
224.959
234.721
183.52
228.319
235.597
179.283
232.56
232.879
177.76
233.041
235.199
187.922
224.24
191.598
220.399
235.124
187.676
224.162
235.12
183.921
227.038
235.92
180.242
231.278
235.521
187.441
225.038
234.318
176.404
235.68
189.519
222.56
235.361
185.278
226.079
235.439
181.685
229.756
235.36
183.764
228.639
234.397
176.404
235.44
191.439
221.038
234.722
187.44
224.477
234.56
184.162
228.402
235.597
184.001
231.838
234.48
176.001
235.76
189.12
222.801
234.477
185.921
226.241
235.522
181.437
230
235.202
182.801
229.038
235.281
176.478
235.042
191.361
220.56
235.12
187.519
224.079
235.68
183.44
228.481
234.717
181.843
230.561
235.199
176.879
234.722
235.44
176.559
234.802
230.319
174.557
235.681
234.961
176.32
235.12
188.64
222.801
235.837
184.561
227.041
233.68
182.478
228.722
234.8
179.681
232.399
235.277
176.561
235.199
192.643
218.801
235.44
188.88
223.601
234.796
184.802
227.12
235.439
180.64
238.88
227.439
178.324
233.519
235.198
176.321
235.199
190.323
221.677
234.957
186.562
225.041
235.758
182.404
232.079
232.397
178.723
233.041
235.36
176.4
235.357
191.842
220
235.281
187.918
224
234.958
184.241
231.602
233.837
177.764
233.677
235.119
176.404
235.759
191.038
220.8
234.879
187.764
223.681
235.517
183.84
228.56
234.319
180.241
231.523
235.758
176.08
235.602
235.438
176.321
235.917
188.564
222.478
235.359
185.359
226.402
235.277
181.524
230.477
234.559
178.242
254.962
178.879
224.399
224.241
208.56
213.681
230.717
179.76
231.921
235.04
176.479
234.962
193.519
218.801
235.282
189.116
222.561
235.36
190.88
220.88
235.36
181.362
230.477
234.162
178.56
234.481
234.477
176.64
238.003
188.399
220.56
234.88
190.481
224.398
233.121
182.958
228.241
235.439
179.523
231.76
235.597
176.643
235.358
234.878
176.163
235.921
188.88
222.8
236
184.399
226.56
235.597
181.042
230.402
235.439
177.358
234.324
235.278
177.199
235.199
190.004
221.038
235.68
186.481
224.88
235.44
182.88
228.639
235.439
179.121
232.402
235.837
176.802
235.199
234.879
176.242
235.199
188.643
223.357
235.44
184.402
227.677
234.961
180.561
231.358
235.202
176.88
234.959
235.518
176.403
235.278
189.602
221.597
235.121
186.481
225.44
235.199
182.559
230
234.723
180.318
232.001
235.199
174.162
230.797
235.12
177.283
234.24
235.198
176.641
235.12
190.801
230.24
226.078
186.881
224.801
237.036
181.362
228.963
234.638
179.602
234.478
233.438
176.723
234.639
235.838
179.602
231.916
188.565
223.677
234.961
184.562
226.879
235.68
180.64
231.12
235.119
176.96
234.481
235.759
176.801
235.037
190.005
221.598
235.359
186.159
225.361
235.601
182.241
229.76
234.476
178.964
252.957
216.399
176.482
235.12
191.121
220.481
235.439
187.2
224
235.36
183.839
228.162
235.036
180.001
232.241
234.879
177.042
235.199
234.721
176.479
235.359
189.283
222.639
235.36
185.201
226.079
236.239
180.881
230.722
235.596
176.881
234.079
235.36
176.321
235.758
190.482
221.12
235.68
186.399
224.801
235.281
183.121
228.797
199.999
232.964
224
224.079
189.841
228.718
186.881
223.921
235.6
183.599
227.44
201.361
216
229.037
235.841
176.719
234.639
235.443
175.918
236.403
189.601
221.76
235.36
186.079
225.839
203.041
216
228.478
234.081
178.96
233.041
235.277
177.362
234.399
192
219.601
235.519
188
223.921
247.041
172.798
227.041
235.119
180.479
231.282
236.239
175.682
235.357
235.442
175.919
236.082
189.2
225.518
241.999
175.682
229.199
235.601
178.399
234.722
233.037
176.324
235.838
192.079
222.241
232.56
188.398
223.602
236.161
183.76
227.598
234.239
181.043
230.879
236.638
175.682
234.56
235.916
176.964
235.199
189.361
221.838
236.241
185.12
226.32
235.281
181.598
229.681
235.521
178.001
233.997
234.48
176.963
235.199
191.361
220.32
236
186.88
229.68
199.119
259.2
178.561
247.278
172.8
223.602
234.398
184.963
226.718
235.518
180.963
230.478
235.439
177.283
234.079
235.198
176.802
235.199
190.722
221.439
234.56
187.2
225.041
235.037
183.121
228.722
235.679
178.802
232.399
235.438
176.483
235.361
235.517
176.242
235.44
188.316
223.282
235.438
184.641
226.883
235.198
180.96
231.041
236.879
175.279
235.12
193.681
220.162
236.639
186.477
223.842
234.879
184.399
228.722
233.518
180.963
231.76
234.559
176.881
235.199
235.119
176.4
243.999
181.283
222.24
235.518
185.441
225.519
235.281
182.399
229.44
235.281
178.478
233.523
235.119
176.242
239.115
188.001
220.722
235.439
187.042
224.158
235.202
183.84
227.68
235.916
179.603
232.079
234.8
176.482
235.838
235.198
176.163
235.519
189.12
222.56
235.36
185.361
237.922
190.796
233.121
195.681
216
248.722
215.999
176.88
224.561
235.199
183.44
228.718
235.119
179.362
232.801
234.318
177.441
234
235.277
176.482
235.44
189.44
222.083
235.917
185.203
226.959
234.796
181.444
230
235.917
188.963
222.797
235.04
176.483
234.879
191.2
220.481
235.037
187.602
224.319
235.361
183.519
229.041
234.879
190.001
221.598
235.281
176.478
235.842
234.56
176.801
235.2
188.718
223.041
234.88
185.282
227.597
234.481
181.121
230.56
235.281
177.358
234.963
234.878
177.039
234.402
190.718
221.042
235.278
186.879
225.279
234.8
183.124
229.038
235.439
178.723
233.041
235.277
176.321
235.282
192.079
219.68
235.598
187.921
223.199
235.92
184.08
229.523
234.319
179.357
232
234.883
178.398
233.043
235.44
176.157
235.843
189.596
242.242
216.88
183.92
226.959
235.282
181.037
223.362
234.961
184.798
226.402
235.601
181.2
229.996
235.439
177.764
233.839
235.679
176.001
236
190.481
221.279
235.198
186.723
225.44
234.318
183.441
228.56
235.92
178.719
232.639
235.601
176.159
235.361
235.363
176.238
235.119
188.719
223.361
243.759
176.08
227.522
234.559
181.122
231.44
234.878
176.881
234.801
235.36
176.399
234.88
190.56
222.398
237.999
182.802
225.681
234.961
182.557
229.203
235.838
178.162
233.2
235.36
176.08
235.518
191.921
219.44
236.559
187.122
223.917
235.119
184.163
227.601
236.879
178.719
231.76
235.198
176.482
236.962
233.838
176.241
235.44
189.278
224.162
233.999
185.042
226.32
235.037
181.843
229.518
235.921
177.76
234.162
235.036
200.084
219.116
183.601
227.52
235.68
179.999
231.922
234.638
177.921
234.159
235.202
193.52
217.921
189.917
221.921
235.282
186
226.158
234.721
182.321
229.917
234.8
178.482
233.199
235.281
182.242
230.477
190.801
220.477
235.444
187.278
224.32
235.6
183.279
227.602
236.24
179.361
236.561
231.758
177.279
234.241
234.957
176.084
235.677
188.643
223.12
235.439
184.64
227.038
235.359
180.802
230.88
234.879
180.32
231.842
235.601
176.238
235.282
190.24
221.917
235.2
186.161
225.361
235.041
182.64
229.68
235.119
178.479
232.643
235.036
177.043
234.879
192.32
220.158
235.041
188
223.681
235.361
184.157
227.921
234.962
180.32
231.358
197.439
216.004
230.88
235.356
176.163
234.879
235.68
176.08
235.44
189.12
222.801
235.12
185.278
226.88
237.601
182.638
227.682
197.198
226.321
208.323
243.676
179.362
235.12
231.758
176.881
235.12
235.439
176.802
234.958
189.042
223.038
234.803
185.358
226.801
234.879
181.523
230.639
235.116
178.482
233.282
235.597
175.843
235.679
190.561
221.038
235.119
187.043
245.277
217.921
180.001
231.361
235.36
176.478
236.241
233.837
176.644
235.119
190.159
221.839
235.28
186.08
225.602
235.518
182.083
229.677
234.8
178.723
233.44
235.198
176.561
235.518
191.362
220
235.36
187.76
224.079
235.679
184.64
226.643
235.116
180.241
231.523
235.356
176.644
235.44
234.957
176.483
235.277
189.523
222.399
235.439
185.362
226.639
235.04
181.52
227.44
235.439
180.32
231.76
235.841
175.598
235.282
235.439
176.482
235.2
189.597
222.722
234.8
185.681
226.158
235.199
181.843
237.838
233.602
176.718
235.68
189.36
222.241
234.398
185.362
226.718
238.083
178.398
230.32
235.841
177.038
236.561
233.521
176.64
246.078
179.2
221.602
234.88
186.721
225.196
235.605
182.399
229.518
234.958
178.723
214.398
256.8
176.242
235.68
188.88
222.56
235.041
185.839
226.24
234.88
181.838
230.403
235.679
177.121
233.677
235.601
176.959
248.642
177.118
221.924
234.316
186.963
225.361
234.639
183.199
228.481
235.356
179.362
232.083
235.356
176.802
249.04
221.838
176.001
236.399
187.684
223.357
235.519
184.402
226.801
235.037
181.283
230.481
235.676
177.042
248.961
220.797
177.362
234.801
190.079
221.842
235.117
186.24
225.282
235.038
182.879
228.801
236.48
177.919
238.402
229.92
176.238
234.883
235.597
176.08
235.68
188.403
223.838
235.278
184.082
231.602
221.358
190.239
231.843
197.038
214.319
228.801
235.518
178.884
232.801
235.116
176.482
235.199
192.399
219.44
234.962
188.797
222.564
235.36
185.279
226.722
235.675
180.802
230.162
235.356
177.681
234.561
235.119
177.121
234.639
190.643
220.801
235.356
186.963
224.959
235.439
182.802
229.361
234.638
179.2
232.241
235.119
177.599
234.879
235.36
176.163
235.199
188.639
223.282
235.037
184.88
227.602
235.04
180.561
230.88
234.958
177.362
235.037
235.522
176.482
234.797
190.162
221.518
235.601
186.08
225.601
235.439
182.479
229.203
234.638
193.681
218.639
235.357
176.722
235.68
190.959
220.083
235.277
187.843
224.079
235.439
183.682
228.079
243.758
172.802
230.24
235.199
176.722
235.279
234.957
177.043
234.957
189.362
222.402
235.357
185.44
226.324
202.559
229.358
238.481
182.88
216
233.759
219.999
216
216
177.043
228.639
234.721
179.839
231.598
234.799
177.922
234
235.278
176.324
235.68
189.598
222.083
235.756
185.36
226.324
234.639
182.398
229.44
236.161
177.441
233.921
235.115
176.482
234.561
192
220.481
234.797
187.842
224.56
237.92
180.798
228.323
235.199
179.602
233.76
233.675
177.122
234.639
235.442
176.4
235.522
188.636
223.522
234.56
185.121
226.477
235.281
181.441
230.801
234.799
177.599
234.639
235.522
176.959
233.922
190.958
220.722
235.838
186.643
225.038
235.439
182.722
228.959
235.037
179.204
232.319
236.161
176.159
235.199
192.162
219.676
235.203
188.32
223.523
235.518
184.158
228.32
234.318
180.565
230.478
235.758
176.963
235.279
235.361
183.199
228.24
189.999
221.603
235.037
186.481
219.042
235.199
189.117
222.643
234.799
185.599
226.481
235.12
181.602
230.478
234.48
178.241
234.32
208.398
216
223.12
190.162
221.839
235.04
186.321
225.68
234.796
182.723
229.041
235.759
178.399
233.841
235.918
174.88
235.522
191.839
219.76
245.119
178.32
223.523
235.116
184.561
227.763
234.717
180.723
231.44
234.957
176.802
234.959
235.758
176.403
238.398
186.482
221.838
235.841
185.52
225.602
235.439
182.162
229.677
235.6
177.922
233.279
235.281
176.798
233.041
235.277
176.403
235.037
190.084
221.759
235.439
186.001
226.158
234.721
182.32
229.602
235.277
178.324
233.278
235.518
176.321
235.6
191.279
219.922
235.517
187.764
223.918
234.882
184.4
228.079
234.878
180.321
232.079
234.882
176.96
213.6
214.479
247.921
219.758
175.44
214.4
250.16
178.64
232.722
234.958
176.561
235.44
234.882
177.197
234.722
188.721
227.2
235.916
180.084
230.319
235.439
177.441
234.079
235.119
176.885
234.797
191.12
220.722
235.44
187.037
225.042
234.72
183.52
228.639
235.999
182.08
228.402
235.838
176.162
236.399
191.68
219.602
234.639
188.88
223.037
234.721
185.441
227.361
235.679
180.159
230.963
234.318
177.918
234.083
235.916
176.562
235.199
190.24
221.523
235.278
186.481
225.282
232.959
184.88
225.68
235.356
182.163
229.44
235.439
178.32
234.481
234.8
176.238
237.361
189.12
220.639
234.963
187.597
226.963
232.24
184
228.158
235.278
179.764
232.158
235.36
176.079
236
234.642
176.719
235.121
189.12
222.801
235.199
185.199
226.722
235.597
180.884
233.996
237.44
174.482
248.078
187.281
225.922
216
230.958
176.163
235.838
235.04
180.08
233.92
186.4
224.718
235.281
183.2
231.921
231.68
179.602
232.718
234.638
176.802
234.56
236.319
176.08
235.281
188.798
222.804
235.755
184.644
227.12
234.879
181.2
230.88
234.559
177.76
234
235.439
176.403
235.839
190.402
221.759
234.477
186.88
225.764
234.957
182.482
229.117
235.36
178.723
233.12
235.116
176.245
235.44
192.079
219.519
209.281
216
222
235.037
184.561
227.203
236.796
179.2
230.963
235.518
176.722
236.797
233.202
176.798
235.602
189.601
222.88
234.319
186.001
225.519
235.28
182.4
230.079
234.961
178.159
233.042
235.277
176.802
235.68
191.278
220.481
234.879
187.764
224.158
235.518
183.523
228.241
235.435
179.524
231.838
235.522
197.839
221.199
185.601
225.279
236.402
181.518
230.001
235.04
178.321
232.959
235.521
176.877
234.643
191.838
222.801
232.398
188
223.922
234.721
184.56
227.519
235.277
180.404
231.361
235.758
176.08
235.041
236.319
176.64
234.56
189.44
222.718
234.56
185.921
226
235.439
181.76
229.843
235.438
177.922
233.44
235.518
177.839
234.241
191.041
220.797
234.884
187.44
224.398
235.44
183.361
228.639
235.04
179.52
231.681
235.759
177.921
234.241
235.119
176.321
234.879
189.278
223.523
234.797
184.883
226.797
234.962
181.441
230.958
234.721
177.678
234.323
235.198
177.362
233.839
191.12
221.68
234.88
186.639
224.884
235.676
182.639
228.963
235.519
178.721
233.121
234.559
176.557
235.842
235.12
176.801
234.478
188.722
223.759
235.199
184.241
227.601
234.88
180.717
237.362
191.439
230.64
225.602
228.239
173.121
232.719
235.277
178.162
241.36
226.959
176.32
235.36
189.043
223.44
234.239
185.52
226.481
235.439
181.279
229.921
235.838
177.44
237.76
231.92
176.482
234.801
191.12
220.797
235.999
186.324
225.038
234.879
183.523
228.32
235.36
179.279
233.601
234.879
175.358
235.523
235.198
176.482
235.68
188.478
223.602
234.957
184.64
226.963
235.439
180.801
231.437
234.961
176.802
235.12
234.559
176.479
235.601
190.481
221.117
236.322
185.52
225.44
235.198
182.64
229.523
234.799
178.881
232.959
235.439
176.561
235.281
191.677
220.403
234.878
187.922
223.519
235.759
184.561
226.958
235.281
180.321
231.759
235.281
176.321
235.041
193.677
218.162
235.438
189.599
222
236.721
184.399
226.083
236.8
180.317
214.559
257.203
205.681
219.519
175.04
214.483
245.439
183.279
228.161
235.278
179.76
232.722
234.078
177.2
234.959
235.438
176.084
234.959
189.759
222.481
235.44
185.278
226.324
235.518
181.361
230.32
235.601
177.279
234.639
234.957
176.404
235.357
190.722
221.12
236.398
185.602
224
235.837
183.362
228.639
235.202
179.358
232.241
235.119
184.562
225.281
234.718
175.76
248.318
179.204
220.399
234.88
187.921
224.158
234.799
184.242
228.162
235.596
179.441
231.842
235.116
177.362
239.361
230.401
176.159
235.598
189.36
221.843
235.278
186.082
226.32
235.439
181.441
229.519
235.999
177.681
235.038
234.401
176.482
235.278
190.88
220.323
235.196
187.601
224.402
235.439
183.358
228
235.999
179.204
232.797
195.999
222.643
235.44
185.12
232.88
236.241
175.917
224.561
235.042
181.758
249.441
216
177.758
226.482
235.199
181.519
230.403
235.277
177.524
234.157
235.281
176.479
234.882
191.201
221.357
234.72
187.122
224.879
234.717
183.603
228.241
235.119
180.001
231.921
235.435
176.561
244.323
226.319
176.159
235.758
188.64
224.482
233.521
185.122
226.556
235.364
181.358
214.398
214.402
214.399
214.319
228.801
216
228.559
226.722
176.4
235.758
188.64
223.602
234.239
185.279
226.884
235.518
180.802
230.879
235.12
177.2
237.44
232.638
176.001
235.361
190.56
221.519
235.198
186.482
224.722
235.758
182.719
229.042
235.837
178.32
233.282
235.041
176.159
236
191.601
219.917
235.36
187.844
223.759
235.119
184.321
227.759
220.079
216
216
230.24
176.32
235.282
235.439
176.561
235.278
189.44
222.32
234.878
186.162
257.362
172.8
232.238
220.961
188.64
220.162
234.477
188.403
222.718
235.921
184.56
227.44
235.36
180.399
230.959
234.961
177.279
233.921
194.959
217.601
234.959
190.56
222.162
236.241
184.8
225.278
234.719
188.161
226.158
232.563
179.599
232.8
235.199
176.64
236.481
190.88
219.842
235.44
187.838
224.162
235.199
186.718
224.32
235.521
180.479
230.883
235.198
177.118
235.041
235.439
176.482
235.44
189.602
222.398
234.639
186.162
225.838
234.88
182.481
229.44
235.999
177.76
233.121
235.281
176.798
235.041
191.759
220.241
234.959
188
224.323
234.958
183.922
227.838
235.04
180.321
231.357
235.762
176.719
234.801
193.361
219.598
235.601
188.079
222.402
235.121
185.597
226.079
236.24
180.884
230.158
235.36
177.682
234.157
235.281
177.919
234.56
190.318
221.042
235.2
186.721
225.038
234.8
183.362
222.402
235.597
185.2
229.361
231.999
181.843
229.677
237.281
176.242
233.917
235.119
176.321
237.041
189.68
220.478
235.521
187.122
224.797
235.04
183.362
228.32
234.799
180.08
233.602
233.837
176.482
235.44
235.277
176.404
235.36
188.798
223.12
234.8
185.283
226.319
235.916
180.964
230.879
235.278
177.042
234.88
234.721
176.478
235.44
190.56
221.282
234.717
187.121
224.722
235.36
183.118
228.879
234.559
179.765
232.718
235.517
178.242
233.282
192.241
219.597
235.999
187.603
223.357
235.281
184.561
227.361
235.277
180.561
231.2
235.28
183.28
228.879
235.12
176.561
234.722
190.158
221.842
235.119
186.242
225.917
235.442
181.84
229.68
235.439
178.08
233.68
235.041
177.038
234.482
191.838
219.842
208.879
221.44
223.839
197.92
228.561
221.519
234.078
176.482
234.959
190.801
220.883
234.959
187.361
224.958
235.361
182.88
229.361
234.476
179.362
232.241
235.041
177.199
235.361
234.638
176.96
209.44
214.319
223.76
235.282
184.158
227.522
234.638
181.043
231.597
235.2
177.041
233.68
235.68
177.279
235.041
189.681
222
235.68
185.519
225.361
236.559
181.361
231.437
235.841
175.84
232.962
235.119
176.96
236.801
190.24
220.158
235.602
187.361
224.078
234.8
184.321
227.921
235.036
180.242
231.921
234.879
176.719
234.958
235.763
176.719
235.203
189.116
251.762
216
175.359
229.763
241.119
172.798
233.12
234.879
176.723
234.879
191.922
219.759
235.278
188.162
223.917
235.124
184.237
227.041
241.278
174.801
231.2
235.28
176.96
235.519
234.48
176.88
210.481
259.199
178.723
205.277
214.404
236.477
218.721
188.001
223.598
235.438
184.163
227.361
235.518
180.32
231.44
235.439
176.321
234.8
235.281
176.321
235.44
190.158
221.842
234.957
186.404
225.357
235.36
182.482
229.68
234.717
178.802
233.602
234.717
176.08
235.679
192.001
220.162
234.878
188.08
223.282
235.12
184.798
227.203
236.957
179.043
231.676
234.559
176.964
235.519
234.48
176.88
235.278
189.843
221.921
235.356
185.922
225.523
235.435
185.283
227.037
234.883
178.241
233.44
234.958
176.802
235.356
191.523
235.918
217.679
189.524
221.759
235.277
186.163
225.838
235.119
182.242
229.44
235.04
178.719
233.282
235.597
176.561
234.88
191.763
219.917
235.042
188.158
223.921
235.517
183.765
227.759
236.157
179.283
231.44
235.438
176.483
235.68
193.037
229.759
233.121
185.843
241.116
182.083
214.477
233.203
234.638
176.561
235.2
192.319
219.921
235.44
187.839
224.161
234.24
204.32
216
230.078
177.603
234.398
235.281
176.4
235.68
190.241
221.278
240.882
181.039
224.801
235.119
183.279
228.079
235.68
179.441
232.161
235.518
176.723
234.639
235.758
176.482
239.999
183.919
222.801
235.68
184.722
226.718
235.841
180.64
230.56
235.119
177.52
234
235.92
176.001
237.602
188.718
221.199
235.203
186.557
226
234.559
183.042
228.718
233.282
180.801
229.598
236.401
177.199
234.001
235.679
175.84
235.842
190.639
220.56
235.681
186.958
224.639
237.203
181.358
228.56
234.239
180.404
235.116
232.401
176.719
235.361
235.601
176.959
233.843
189.199
222.56
235.278
185.602
226.477
234.879
181.602
231.519
197.444
220.157
232.241
190.638
220.001
208.88
253.281
177.441
234.079
235.36
176.32
235.042
209.518
216
223.999
182.881
228.722
235.837
178.64
233.042
234.957
176.163
235.759
192.079
219.921
235.12
188.159
223.36
234.962
184.877
227.763
234.638
181.039
230.721
235.68
176.561
234.56
235.36
176.96
235.361
189.759
221.838
235.202
186.159
225.76
235.04
182.4
229.281
236.157
177.765
233.037
235.281
176.881
235.278
191.523
220.477
235.04
187.682
223.921
235.439
183.839
227.921
235.758
179.52
231.921
235.041
176.719
234.962
193.436
218.884
234.56
189.677
222.161
236.8
184.242
226.398
235.198
181.603
230.556
234.725
177.918
233.842
235.116
176.561
235.44
191.041
220.32
235.119
187.76
224.079
235.68
183.441
228.323
243.676
172.805
230.635
234.962
176.241
228.64
216
216
229.921
181.198
230.881
235.278
177.041
234.481
234.797
176.162
235.44
191.12
221.44
234.158
187.601
224.639
234.884
183.68
228.639
241.36
173.201
232.157
234.879
180.001
232.32
235.36
176.561
235.041
188.88
222.797
235.364
185.038
226.801
243.758
172.802
230.639
234.717
177.682
234.481
235.518
176.561
235.041
190.402
220.88
235.598
186.722
224.958
240.078
178.163
229.041
234.958
179.2
232.639
241.198
172.802
233.124
235.116
177.52
234.883
187.996
222.963
235.921
184.237
227.439
235.12
180.644
230.797
235.999
176.403
234.797
235.119
176.644
236
189.44
222
234.88
186.319
226.079
234.8
182.32
229.921
235.12
178.159
233.041
235.439
176.802
234.8
192
220.079
235.44
187.598
224.323
234.959
183.921
227.68
235.356
180.162
231.362
235.519
176.957
236.723
233.921
176.477
235.203
227.917
176.163
237.518
233.36
176.4
235.36
188.719
224.643
233.439
185.361
226.32
236.078
180.561
230.801
235.198
177.2
234.963
234.717
177.922
233.916
190.482
221.842
235.116
186.482
224.643
235.597
182.723
229.037
235.36
178.802
232.88
235.119
176.64
235.04
192.321
219.838
235.12
188.241
223.838
234.56
184.801
227.282
201.598
216.004
230.316
235.841
175.441
235.439
235.518
176.723
234.801
189.44
221.68
235.837
185.84
225.361
235.758
181.922
229.759
235.12
178.32
233.681
234.878
176.964
234.958
191.519
220.718
235.123
187.359
224.24
234.962
184.001
228
235.277
179.922
231.68
235.838
176.241
243.999
226.32
176.482
235.36
189.283
222.474
235.521
185.2
226.56
234.958
181.682
232.879
195.999
230.242
224.162
188.72
222.321
240.319
198.561
216
226.638
182.561
229.361
235.036
178.802
233.361
234.638
176.881
234.56
235.6
176.479
235.522
188.158
223.121
235.36
184.719
226.721
235.439
181.043
231.439
235.439
176.321
234.718
235.999
175.922
235.278
190.162
221.282
235.357
186.481
225.361
235.199
182.639
229.921
235.439
177.843
232.797
236.241
182.241
232.879
187.839
223.522
234.879
184.798
227.601
235.12
180.482
230.88
234.957
177.524
234.797
235.119
176.08
235.444
190.398
221.681
235.439
186.079
225.042
235.92
182.719
228.639
235.518
178.565
233.518
234.161
177.118
234.962
192.241
219.996
234.804
188.399
224
235.36
184.001
227.116
235.762
180.159
231.602
235.119
177.121
234.399
235.277
176.802
210.56
259.198
174.565
234.797
188.963
223.037
247.523
186.797
218.883
232.88
177.277
214.482
245.199
183.519
228.403
235.198
179.602
231.918
235.198
176.241
235.44
235.439
176.084
235.837
189.043
222.079
235.679
185.441
226.24
235.759
181.2
229.921
235.518
177.839
234.004
235.116
176.324
235.278
191.199
220.88
235.518
186.805
224.876
235.443
182.877
230.323
233.518
192.001
220.402
234.638
178.321
234.158
234.721
176.719
235.04
188.561
231.278
226.962
184.959
227.2
235.119
180.884
230.876
235.041
177.681
234.801
234.397
176.483
235.517
190.483
224.157
232.642
186.321
225.12
235.439
182.64
229.519
235.36
178.32
233.44
234.721
176.399
235.279
192.24
220.245
234.878
187.998
223.522
235.597
184.084
227.597
234.962
180.64
231.361
239.119
175.997
234.963
190.56
221.037
235.203
209.598
216
228.004
177.273
235.445
234.797
176.162
235.199
189.68
222.399
234.722
186.079
226
235.04
182.159
229.68
235.762
177.84
233.12
235.92
176.08
235.519
233.442
178.317
235.361
187.361
223.921
235.519
183.759
228.083
235.277
179.84
231.842
237.36
175.681
234.399
235.837
175.283
235.838
188.963
245.199
216
182
226.797
235.521
180.881
230.481
236.157
176.561
234.482
235.679
176.561
234.32
190.958
220.963
235.519
186.718
225.041
234.643
183.515
228.481
235.758
178.964
232.718
235.999
175.366
235.357
235.596
176.802
235.203
188.158
223.842
235.038
184.319
227.121
235.198
180.881
231.12
235.758
176.325
234.879
235.518
178.96
232.643
190.157
221.76
235.361
185.921
225.68
235.36
182.159
230.56
233.518
179.121
232.801
235.837
176.001
234.8
233.362
180.319
207.681
219.36
232.398
216.001
189.843
221.597
235.281
186.321
224.958
235.439
182.802
228.56
235.12
179.519
232.801
235.36
179.441
231.838
235.119
176.242
235.841
188.561
223.598
234.721
184.881
227.037
235.518
180.723
230.398
235.601
177.121
235.041
235.116
176.482
234.88
190.481
221.44
235.518
186.241
225.76
234.799
182.641
229.203
235.119
178.881
233.037
235.281
176.561
235.121
192
219.518
235.281
188.4
223.759
234.958
184.482
227.199
244.638
172.802
229.921
235.041
176.88
235.44
234.958
176.719
235.124
189.677
222.161
235.281
185.761
227.68
236.796
178.723
229.921
234.879
178.399
233.838
235.041
177.042
234.959
193.44
218.161
235.277
187.441
224.403
235.679
183.118
228.402
235.119
179.678
231.601
235.68
176.241
235.598
235.04
210.641
216
189.203
216
234.8
177.597
234.001
234.638
177.602
233.519
192.32
219.759
235.602
187.759
225.121
234.638
183.441
228.402
235.119
179.918
231.843
235.04
176.32
235.681
235.439
175.76
235.598
189.601
223.44
234.56
184.88
225.602
238.796
178.801
230.801
235.92
176.482
235.436
234.56
176.88
234.403
190.718
224.161
232.959
186.083
224.56
235.277
183.362
228.56
234.958
179.76
231.842
235.916
176.242
235.12
235.439
177.043
235.041
188.477
223.042
235.439
184.719
226.8
237.92
178.483
231.037
234.559
177.603
234.56
235.356
176.565
235.278
190.241
221.278
235.12
186.801
225.602
234.957
182.64
226.722
235.119
181.359
230.24
235.842
177.117
234.162
235.04
176.08
235.838
190.88
220.56
235.523
187.12
224.319
234.717
184.163
227.921
235.681
185.758
227.599
195.04
222.881
228.079
229.6
177.039
233.925
235.758
176.317
237.521
188.483
220.319
235.198
187.682
224.56
235.037
183.602
228.32
235.198
179.681
231.921
235.68
176.399
235.44
234.721
176.4
249.438
175.201
226.24
234.48
182.483
228.718
235.6
178.881
232.88
235.198
176.723
235.278
192
219.519
235.119
188.482
223.199
235.439
184.561
227.681
235.04
180.479
230.642
235.278
177.283
235.597
193.282
217.918
235.521
189.682
221.361
235.675
186.561
224.884
235.597
182.32
229.523
235.435
184.723
227.36
234.481
177.279
234.639
191.842
219.996
235.202
187.919
221.842
235.837
185.524
225.838
235.36
182.001
229.44
234.957
178.964
233.278
235.119
176.479
235.282
191.759
220.402
234.556
188.162
223.76
235.282
184.161
227.515
235.281
180.404
231.675
235.603
185.518
204.879
219.843
225.2
230.481
182
228.079
236.397
178.723
232.32
235.841
176.001
234.56
235.758
176.881
235.199
188.639
223.279
247.281
172.801
226.481
202.158
216
232.88
235.601
175.681
235.038
191.282
220.879
235.76
186.481
225.12
203.681
216
226.477
235.523
179.601
232.316
235.36
176.561
235.361
235.119
176.321
235.199
188.959
222.721
248.481
172.798
227.203
233.759
181.44
230.88
235.518
176.801
234.32
235.679
176.08
235.681
190.24
221.519
248.24
173.44
225.2
235.522
182.478
228.721
235.439
179.043
239.518
229.281
176.64
235.358
191.203
219.518
248.958
174.723
223.601
235.038
184.56
227.12
235.439
180.64
230.959
235.36
176.881
234.8
194
217.764
248.717
176.801
221.921
237.598
183.838
224.963
236.078
181.922
242.398
192.402
216.001
244.477
216
184.162
221.921
235.115
177.122
234.481
235.281
176.561
235.278
190.399
221.361
235.28
186.558
228.481
231.601
183.121
229.199
235.04
178.96
232.481
235.356
177.122
234.56
235.36
176.399
235.444
188.477
223.361
234.721
185.118
227.361
235.119
180.723
230.718
235.6
176.881
234.319
235.357
177.361
234.564
190.478
221.921
234.717
186.482
225.519
235.36
182.324
229.199
235.518
178.482
233.196
235.123
176.478
235.282
191.997
220.883
234.879
187.362
223.357
235.281
184.561
243.841
219.357
180.001
232.079
234.642
176.478
235.602
235.36
177.117
234.403
189.518
221.842
235.439
185.919
225.522
235.916
181.765
230.24
236.315
176.644
233.44
235.04
176.96
235.759
190.801
220.56
234.958
187.681
224.481
211.279
216
226.962
235.357
176.642
236.32
188.158
221.681
235.838
185.681
226.56
234.24
182.403
229.597
235.199
178.403
233.037
195.764
221.037
230.963
191.278
220.639
235.041
187.44
224.56
235.042
183.597
228.643
235.518
179.042
231.677
235.281
177.599
234.402
235.439
176.881
235.199
188.722
223.996
233.842
185.361
226.56
235.597
181.042
230.162
235.916
177.121
234.079
235.202
176.64
235.2
190.879
220.963
234.718
187.522
224.718
235.361
183.121
228.56
234.718
179.921
232.158
235.521
177.039
234.801
235.119
177.283
235.278
188.079
222.722
235.12
185.278
227.842
240.8
174.558
230.323
235.676
177.204
234
235.517
177.682
234.477
190.403
221.357
235.443
186.32
225.759
236.398
181.042
229.199
235.12
178.88
232.959
235.202
176.321
235.597
235.041
198.801
225.519
193.522
216.001
195.036
214.404
221.597
234.958
186.644
224.959
235.04
183.2
228.722
235.198
219.76
216
216
172.801
234.399
235.04
176.96
235.119
188.4
223.443
237.277
182.479
227.041
235.68
180.482
232.639
233.277
177.283
233.838
235.842
177.598
234.481
190.241
221.282
235.356
186.561
224.722
235.439
183.042
228.88
235.435
178.881
232.722
235.281
176.316
235.684
192.001
219.68
235.597
187.922
223.199
235.356
184.644
227.199
235.68
180.32
231.282
233.037
178.881
232.8
235.12
176.32
235.439
235.282
176.561
243.597
180.084
223.676
234.642
184.881
227.278
236.082
179.839
231.12
235.116
176.963
234.639
235.364
176.317
238.8
186.88
221.282
235.838
186.083
225.358
235.679
182.163
229.597
235.202
178.4
241.037
187.764
229.439
228.399
185.36
226.64
234.801

------------------------------------------------------------------------------------------------------------------------------------------------
max val(#1671) = 302.40us
min val(#428) = 129.60us
peak-to-peak = 172.80us
mean +- RMS = 214.40 +- 21.45 us

packet size: 516
number of packets: 10000
RATE = 19253.53kbps, PPS = 4664.1
