Destination address set to 01:1B:19:00:00:00
Defaults: 01:1B:19:00:00:00 or 01:80:C2:00:00:0E
SIOCSHWTSTAMP: tx_type 1 requested, got 1; rx_filter 0 requested, got 0
setting ts_flags: 0x53
new ts_flags: 0x53


gap of hw tx time, us: packets 10000:
------------------------------------------------------------------------------------------------------------------------------------------------
0
114.39
109.854
95.274
103.666
97.485
96.496
102.455
99.395
98.857
99.052
100.865
100.906
101.59
100.29
96.759
100.553
98.973
100.546
98.639
101.097
100.087
100.255
100.752
98.403
101.597
99.929
99.346
100.184
98.368
101.553
98.872
101.038
101.583
97.12
100.368
100.978
102.853
96.88
101.53
103.537
97.015
96.993
100.477
99.937
101.368
100.545
98.399
99.872
99.53
100.519
101.616
97.88
104.661
96.666
97.447
100.042
96.887
98.376
99.601
98.786
105.222
102.816
97.879
98.497
97.601
95.654
103.887
101.034
100.696
99.902
99.872
99.707
100.417
99.925
99.624
96.872
102.384
100.665
100.214
99.816
100.184
100.324
99.613
102.056
99.361
99.289
99.929
99.413
100.448
100.699
98.711
100.078
100.155
99.932
99.699
100.286
99.68
100.391
100.057
99.8
100.034
99.677
100.323
100.245
101.184
99.432
99.132
99.951
100.865
99.68
99.989
99.823
99.947
99.734
100.473
99.504
100.391
99.586
99.959
100.256
99.864
100.064
99.831
100.154
100.049
101.485
99.44
99.203
100.511
98.951
100.91
99.658
99.88
100.12
99.376
100.271
99.985
100.015
99.808
96.767
99.458
99.538
98.053
98.928
93.97
100.222
95.568
98.763
97.052
98.553
97.338
97.974
97.887
99.282
97.192
98.041
99.485
96.827
97.463
97.729
99.887
99.384
95.985
96.725
99.41
98.744
101.192
97.944
97.616
100.545
95.185
95.646
98.681
97.917
96.857
98.425
98.534
97.395
97.518
99.282
96.974
108.383
95.824
98.124
97.718
98.143
97.714
97.981
98.323
97.688
98.072
98.286
100.112
95.639
99.008
98.857
100.305
97.849
98.718
94.335
97.793
98.575
97.275
101.718
95.425
101.015
94.049
98.454
97.632
98.793
100.09
96.294
97.169
97.895
98.887
96.985
98.816
98.65
95.981
98.553
99.447
98.827
99.775
97.951
94.842
102.222
93.721
97.192
98.47
97.793
97.952
98.225
97.568
98.128
98.383
97.376
98.579
98.35
98.063
98.177
97.729
98.173
98.042
100.631
95.624
98.978
99.357
99.041
99.136
99.075
93.56
100.519
97.045
96.85
98.68
99.041
96.703
98.271
96.944
99.154
97.116
97.797
103.726
95.064
99.082
97.245
98.432
97.639
98.41
97.752
100.113
99.319
98.654
96.132
98.733
99.312
99.553
97.808
93.929
96.439
98.094
96.636
98.883
96.914
99.184
96.586
97.711
98.887
97.985
98.85
100.158
96.022
101.673
95.376
100.203
96.158
99.97
99.861
99.688
99.319
100.147
96.135
99.241
99.094
99.481
98.35
94.56
97.921
98.639
97.601
97.391
97.944
97.914
98.312
97.285
98.282
97.857
97.546
98.263
98.669
97.466
99.774
96.226
98.47
98.835
100.27
95.816
98.399
99.218
99.376
99.206
98.267
94.222
98.049
98.481
97.831
97.278
99.353
97.072
97.553
98.639
98.12
97.891
98.605
97.632
97.752
98.026
97.789
98.331
97.903
99.041
100.143
95.27
99.512
97.913
100.297
97.985
95.038
97.872
98.722
97.59
97.842
97.85
98.541
97.59
97.865
98.865
96.97
102.413
97.692
95.579
97.425
100.875
94.448
98.485
98.346
102.327
97.898
97.684
96.985
99.241
98.44
99.943
97.602
95.271
96.752
98
98.872
97.537
98.357
97.967
98.026
98.583
97.361
98.537
97.752
97.808
98.271
98.169
97.504
98.56
97.801
98.567
99.158
102
97.786
95.29
99.327
98.909
101.944
92.568
106.394
90.726
97.594
98.88
98.206
99.579
95.534
97.459
98.974
99.695
98.177
95.68
97.79
97.658
98.398
97.68
98.489
97.688
97.865
100.624
98.838
95.666
99.206
98.809
99.049
99.154
97.815
95.613
98
98.034
97.511
97.688
98.376
97.2
98.624
98.105
97.842
97.947
102.97
94.951
97.249
97.488
99.696
96.737
97.552
99.425
100.15
96.015
101.121
96.394
98.677
100.594
97.902
94.448
99.331
96.845
97.128
98.579
97.805
97.673
98.199
97.801
98.127
98.121
98
98.274
97.598
98.338
98.045
97.384
98.586
98.512
100.007
95.338
99.688
97.854
99.703
99.601
100.993
92.455
99.184
96.553
97.27
97.906
98.327
97.538
99.248
96.639
99.921
96.496
99.222
96.929
98.094
98.019
97.533
98.7
97.909
99.512
99.567
95.497
98.857
99.722
98.308
99.41
98.206
95.218
97.312
98.497
97.285
97.888
98.458
97.959
98.056
97.786
97.68
98.335
97.816
97.943
97.602
98.038
98.218
99.233
97.312
99.428
99.929
95.707
98.74
99.177
98.128
100.383
97.387
95.985
97.414
98.034
97.398
98.568
97.665
97.703
97.974
98.744
97.515
97.782
98.249
97.729
98.552
97.343
98.09
98.248
97.91
99.594
99.349
95.403
99.597
98.425
100.553
97.853
94.459
98.703
97.376
98.729
97.327
98.44
97.327
99.455
96.402
102.158
94.282
103.056
95.512
95.759
98.891
97.181
99.624
96.65
99.184
98
100.504
95.113
98.861
98.849
99.271
99.816
98.154
94.101
97.906
98.959
96.865
98.026
98.199
98.023
97.921
97.872
97.929
98.548
97.448
101.643
94.376
98.079
99.552
100.105
95.301
101.827
95.76
101.47
94.729
99.71
98.752
99.523
99.673
98.958
93.846
99.076
95.845
99.632
96.135
98.32
98.297
99.162
96.789
98.417
97.666
98.552
97.327
98.136
98.086
97.816
98.395
97.928
98.79
99.552
95.497
99.639
98.808
99.023
99.218
98.297
94.703
98.409
96.997
98.74
97.951
97.816
98.008
98.071
97.782
98.65
98.234
98.214
97.101
99.068
97.68
97.775
98.759
97.985
99.598
99.274
95.602
98.902
99.026
98.94
99.339
98.428
94.936
98.203
97.553
97.301
99.188
97.143
97.398
98.361
97.44
98.432
98.207
98.12
100.752
96.049
97.199
98.143
97.85
98.582
97.858
100.594
94.823
99.12
98.865
99.485
98.992
99.271
93.771
97.59
99.128
96.631
99.448
97.018
97.485
98.23
98.037
98.647
97.872
98.519
97.801
98.267
96.981
98.282
98.112
97.997
99.368
99.624
96.354
98.184
99.575
99.872
98.643
97.271
95.127
97.944
97.639
100.305
96.526
97.474
97.872
97.665
98.087
99.105
96.951
98.966
96.752
98.132
98.188
100.154
96.432
101.09
97.038
99.568
95.128
99.082
99.876
97.241
99.808
98.65
94.718
97.361
98.369
97.695
97.504
98.086
98.034
97.786
98.229
98.079
105.872
96.688
97.339
98.177
97.887
97.894
98.079
98.14
97.823
98.432
97.711
99.575
99.778
96.47
98.09
99.192
99.895
101.079
95.872
94.455
100.218
95.639
97.778
98.44
98.391
97.71
97.756
98.18
98.297
97.072
97.857
98.44
98.545
97.053
99.586
96.696
98.274
99.414
100.233
95.086
98.88
98.951
100.504
97.921
98.304
94.722
97.583
98.785
97.166
98.921
97.105
98.117
97.688
98.161
97.985
97.903
98.77
97.433
97.612
101.786
96.199
96.079
98.944
99.316
100.27
95.35
99.331
98.255
99.767
98.895
100.97
92.113
98.413
98.072
97.752
98.545
97.488
98.241
98.455
97.665
98.072
98.297
97.917
97.842
98.263
97.816
98.256
97.951
98.026
98.064
99.951
99.538
95.361
99.383
98.489
99.662
98.503
97.816
95.714
97.662
98.113
98.865
96.639
101.582
94.666
97.56
98.248
97.895
98.624
97.064
98.154
98.037
98.267
98.087
97.744
98.376
100.03
99.763
95.504
99.263
98.263
100.376
98.312
97.801
94.711
98.041
98.207
98.225
101.726
94.955
97.816
98.045
96.977
101.41
95.568
97.729
98.628
97.601
98.888
97.304
98.128
97.921
98.15
104.933
90.845
100.414
96.628
104.383
96.887
99.553
98.797
99.267
94.342
97.015
98.218
100.192
95.338
98.237
98.026
98.102
98.184
97.929
97.816
98.24
98.057
98.094
97.424
98.545
97.568
98.598
98.699
99.872
95.335
99.519
98.56
100.218
98.071
98.278
94.929
97.763
97.951
97.88
97.726
98.176
97.718
98.489
97.82
98.646
98.534
96.744
99.361
97.241
99.406
96.992
98.546
97.578
97.685
101.041
95.583
99.752
98.21
98.463
100.022
98.451
94.421
97.602
98.27
97.843
98.263
98.567
97.391
98.079
97.651
98.097
98.365
98.323
98.128
98.038
97.793
97.632
98.361
98.469
97.756
100.485
94.88
99.891
98.549
103.098
96.27
98.199
94.083
98.177
98.094
97.703
97.658
98.503
97.752
97.816
97.936
98.447
97.707
98.087
97.759
98.575
97.936
97.647
98.195
97.831
98.666
100.079
95.526
99.139
98.884
98.635
100.03
97.41
94.917
98.09
97.406
98.106
98.127
98.241
97.662
98.564
97.15
97.688
99.056
100.632
94.695
98.192
98.857
97.448
100.022
95.985
100.872
98.233
96.553
99.169
99.199
98.455
99.632
97.545
95.688
96.895
98.161
97.861
97.763
98.038
97.771
97.639
98.248
97.677
98.282
97.71
98.41
97.816
97.68
98.218
97.485
99.154
98.887
96.29
98.789
99.192
99.192
99.218
102.079
90.383
98.034
97.583
99.169
97.312
101.102
95.161
97.256
98.575
97.831
98.131
98.109
97.121
99.793
97.842
96.79
98.033
97.767
99.745
99.631
96.173
98.955
98.88
100.128
98.624
99.639
93.834
97.455
97.993
97.68
98.286
97.913
97.504
98.282
97.854
98.199
97.816
98.12
98.24
97.771
98.109
97.936
98.707
97.598
103.624
343.688
97.248
97.304
100.042
98.504
98.695
93.711
97.466
98.304
97.365
98.071
98.132
98.774
97.369
99.015
96.616
98.35
100.756
95.327
98.03
98.639
97.913
98.602
98.887
99.278
96.09
98.711
100.399
101.233
96.267
98
94.725
97.763
97.372
97.937
98.368
97.906
98.297
97.759
98.399
97.838
97.538
98.278
97.692
98.391
97.815
98.031
98.056
97.962
97.989
101.211
94.417
102.568
96.101
98.838
100.715
96.928
95.121
100.597
95.752
97.865
98.289
98.361
97.173
98.402
97.974
98.312
97.297
98.978
96.86
98.162
98.511
97.538
98.831
97.139
102.064
95.94
96.056
99.226
98.582
99.049
99.816
97.898
94.816
97.56
97.974
97.808
97.23
98.481
97.586
98.256
98.263
97.256
98.56
97.444
98.812
97.458
97.91
100.977
98.952
94.454
100.873
97.624
96.154
99.59
99.263
99.842
98.534
97.876
95.124
95.944
99.537
96.775
98.128
97.992
97.793
98.497
97.695
98.545
98.128
97.639
98.064
98.515
97.692
97.883
98.023
98.135
99.827
99.925
96.32
98.289
98.658
100.101
97.858
98.853
94.376
97.756
98.007
97.305
100.18
99.368
94.722
101.406
94.474
99.177
96.838
98.169
97.632
98.41
98.15
97.857
97.703
99.598
98.849
96.143
98.632
99.105
99.154
95.463
102.086
95.203
97.455
98.447
97.624
98.106
97.793
97.398
98.688
97.414
102.353
93.658
98.094
98.008
98.233
101.455
94.774
97.485
98.278
98.722
100.662
94.913
98.865
102.959
95.932
99.147
99.473
93.59
98.816
96.53
99.414
97.278
98.169
97.617
98.353
97.823
97.696
98.233
97.538
98.312
97.695
98.177
98.079
97.541
98.192
99.113
95.887
98.928
99.745
98.763
99.519
98.59
94.808
97.617
98.334
98.248
97.17
98.68
96.639
99.384
97.338
97.481
103.143
93.271
101.248
95.334
97.553
98.015
97.914
98.248
98.703
100.759
95.252
99.526
98.425
98.56
100.102
97.425
94.985
98.158
100.24
95.872
100.978
95.113
97.725
97.82
98.485
97.985
97.853
98.098
97.767
97.947
98.135
97.301
98.707
98.128
98.376
100.454
94.993
98.977
99.816
98.895
100.432
99.027
94.812
96.417
97.568
97.879
98.632
97.297
97.865
97.687
99.313
96.958
98.906
97.44
97.838
97.929
98.335
97.921
98.15
98.026
98.606
100.071
95.124
101.064
97.504
98.319
99.215
99.687
93.73
97.425
98.312
97.327
97.808
98.034
98.022
98
97.944
97.853
97.955
97.872
98.384
97.944
97.714
98.173
98.323
98.996
99.681
95.007
99.425
98.921
98.778
100.109
97.391
95.32
97.184
98.09
98.85
97.831
97.718
97.842
97.631
98.625
97.567
98.038
98.011
98.342
97.778
98.136
98.237
98.218
98.447
98.338
100.045
95.034
99.158
98.376
99.098
99.56
97.85
95.319
97.117
98.274
98.072
98.567
97.899
98.222
97.304
99.154
97.109
98.143
98.496
98.936
99.057
95.353
98.448
99.714
96.177
99.894
94.872
99.2
100.364
97.884
99.455
98.146
95.245
97.763
97.861
97.879
98.267
98.173
97.403
97.815
98.632
97.511
97.966
98.602
97.68
98.707
97.271
98.255
98.057
98.293
98.609
99.459
99.744
95.511
98.824
99.101
98.793
99.241
94.722
100.526
96.248
97.214
98.5
97.903
97.455
97.958
98.433
98.842
97.846
97.936
97
100.097
96.343
99.033
97.32
97.944
98.105
99.703
99.992
94.951
99.072
99.458
98.399
99.624
97.951
93.745
98.849
97.541
98.32
98.075
97.493
98.082
98.158
97.587
98.725
97.482
100.71
95.538
97.902
98.259
98.151
97.864
98.233
100.087
100.406
94.466
99.128
98.432
100.872
96.072
104.943
90.888
97.466
98.293
97.906
97.944
98.409
98.072
97.319
98.448
98.034
99.654
96.432
97.534
98.241
97.849
97.823
98.297
97.737
98.376
99.681
95.556
99.553
98.643
99.255
99.527
98.056
95.226
97.364
97.609
97.831
98.241
98.248
98.199
96.729
98.459
98.135
97.824
101.83
94.241
99.312
97.681
98.056
97.575
133
97.143
97.466
98.887
97.215
97.921
97.887
97.834
98.316
97.387
98.418
97.661
98.64
97.567
97.948
98.071
97.598
98.488
99.873
95.402
99.662
100.582
98.282
101
249.376
95.872
96.215
99.338
99.613
96.522
97.688
97
99.015
97.113
98.162
98.045
97.778
98.079
97.887
98.391
98.147
97.928
98.087
98.447
98.248
97.248
100.455
96.068
100.045
97.29
100.56
97.846
94.785
96.76
98.022
98.794
97.345
98.982
97.105
97.631
98.32
97.887
99.395
96.406
97.857
98.335
97.673
98.007
98.057
98.319
97.673
100.008
96.793
99.391
97.838
99.353
99.346
94.974
101.026
97.485
96.331
97.087
97.823
99.263
95.94
98.71
98.136
98.575
97.425
98.199
97.617
97.518
98.816
97.993
97.289
98.538
98.526
96.737
99.214
98.88
99.793
100.064
97.015
94.737
97.255
98.76
97.56
99.12
97.2
97.409
98.342
98.019
97.688
98.406
97.985
97.489
100.695
95.591
98.447
97.737
98.064
98.019
100.372
95.857
99.402
98.846
100.135
97.594
98.248
94.497
97.661
97.951
98.034
98.872
98.873
96.695
98.305
97.154
98.037
97.831
98.425
97.568
98.026
97.887
98.207
97.737
98.015
100.079
96.116
99.143
98.959
100.304
97.391
98.226
95.413
97.403
98.425
97.469
97.944
97.587
97.661
98.177
97.902
98.075
98.015
97.993
97.966
98.481
97.496
98.583
98.098
97.985
99.071
96.557
98.785
99.647
98.665
100.673
97.67
95.714
96.041
98.598
97.695
97.121
98.398
97.737
97.06
99.38
96.699
98.357
98.034
97.568
98.59
98.323
99.008
96.808
97.902
99.241
96.162
99.022
99.831
101.346
96.767
98.759
94.41
98.045
97.184
98.748
97.711
97.902
97.448
100.928
94.722
101.624
95.297
97.711
98.894
96.512
99.233
97.191
97.921
98.215
98.65
99.455
96.831
98.752
98.552
99.872
98.008
95.068
97.932
97.673
98.015
97.823
97.737
98.098
97.917
97.993
98.041
98.041
97.959
98.959
96.943
100.436
95.286
98.105
98.335
97.459
100.101
97.752
101.368
95.279
98.721
103.775
94.785
95.974
95.275
98.864
98.512
96.176
98.688
98.342
97.722
98.583
96.857
99.752
96.718
98.248
97.583
97.691
98.158
98.147
98.173
98.44
100.128
96.041
100.007
98.384
99.921
94.007
106.391
90.843
96.496
98.489
98.398
97.665
98.023
97.338
98.685
97.635
98.308
98.305
97.699
97.838
98.286
101.338
94.703
98.166
97.947
99
96.59
99.53
99.583
95.154
105.534
98.579
90.583
97.966
98.444
96.887
98.222
98.327
98.53
97.086
97.978
97.887
98.128
97.936
97.706
98.222
97.794
97.751
104.102
95.481
97.696
98.255
100.143
95.932
99.628
99.459
99.605
97.545
95.184
97.519
98.083
98.304
97.703
98.158
98.602
96.496
98.282
97.703
98.241
98.797
97.082
98.151
97.383
99.226
97.917
98.019
97.974
100.454
95.444
99.158
98.177
100.458
98.726
98.007
93.963
97.661
98.083
97.399
102.477
94.135
97.617
98.233
97.774
98.835
97.064
97.793
98.549
97.681
97.864
98.335
97.797
98.455
99.503
95.918
99.545
98.447
99.207
99.714
98.91
94.064
98.444
97.74
97.425
97.714
97.895
97.88
98.503
97.985
98.463
96.887
98.699
97.669
97.914
97.977
98.286
98.008
97.218
99.229
99.496
97.012
98.782
99.334
99.331
98.616
101.749
91.12
96.812
100.068
95.297
98.319
98.609
97.015
98.489
97.319
98.121
97.842
98.846
97.522
97.918
98.048
97.929
97.951
101.97
98.447
93.782
104.181
103.278
93.135
96.369
101.368
99.741
98.417
94.369
97.902
96.906
97.951
98.09
98.151
97.368
98.199
97.978
98.071
97.534
98.507
97.553
98.102
98.184
97.887
98.425
97.135
99.673
96.214
100.801
97.617
98.815
99.128
98.568
94.53
97.662
98.447
97.617
97.977
100.094
96.722
97.21
98.015
98.696
97.207
98.616
97.504
100.143
96.41
98.541
96.962
98.632
97.579
100.541
95.47
99.899
98.447
99.305
98.078
95.275
97.342
97.88
98.703
97.665
97.263
98.305
97.703
97.913
98.568
97.154
98.696
97.74
98.41
97.744
97.568
98.15
101.057
94.985
99.977
96.59
99.083
100.03
99.417
97.5
99.749
93.413
98.184
97.624
98.083
97.166
98.759
97.816
98.616
97.32
97.447
97.948
98.639
99.361
96.236
98.707
96.583
98.511
97.808
100.143
96.218
98.241
99.492
99.429
97.575
94.846
96.688
99.511
97.523
97.725
98.17
98
98.015
97.785
98.286
98.252
97.91
97.894
98.561
100.139
95.406
101.759
94.793
98.049
100.136
96.36
98.455
99.895
98.154
99.654
98.32
93.601
98.925
97.643
97.722
97.895
97.733
98.056
97.936
97.857
98.673
97.59
101.587
94.59
98.282
97.981
98.361
97.835
98.116
98.361
100.256
95.304
99.376
98.587
99.045
99.425
94.8
98.072
98.312
100.177
95.402
98.365
98.327
98.793
97.53
96.989
98.203
98.229
98.297
98.35
97.857
97.417
98.504
97.383
97.647
99.402
100.064
95.617
99.297
98.958
97.658
99.447
94.719
97.695
98.579
97.868
97.779
98.511
97.936
98.68
96.858
98.052
97.636
98.127
98.647
97.639
98.425
98.289
97.91
98.241
98.082
99.733
95.403
101.725
95.44
104.297
96.496
99.85
102.15
179.406
96.978
95.519
100.721
95.271
97.827
98.143
98.102
97.815
98.418
97.327
100.015
96.282
101.447
95.865
99.473
98.478
99.575
98.041
95.32
97.451
97.628
99.068
96.909
98.218
97.391
97.895
98.455
97.85
97.936
97.823
98.034
98.263
97.921
98.087
97.736
98.312
99.809
100.045
97.729
97.12
97.858
100.327
98.142
98.978
93.902
97.816
97.65
98.128
97.526
98.843
96.887
98.278
98.248
97.827
98.391
97.816
98.169
97.887
98.064
98.271
97.673
98.282
99.917
94.978
99.349
99.019
99.229
99.203
98.88
94.59
97.455
99.402
96.775
97.786
97.672
98.343
97.282
98.439
97.591
98.127
97.752
98.391
97.97
97.545
98.527
97.872
97.913
99.76
103.718
92.458
104.718
97.576
96.955
98.334
99.44
99.226
98.552
94.493
98.857
97.176
97.489
97.448
98.462
97.793
98.049
98.109
98.008
98.176
98.147
97.639
98.391
97.82
98.571
97.481
98.049
100.015
98.793
95.959
98.793
100.767
97.816
97.906
98.335
94.977
98.135
97.519
98.714
97.677
98.282
99.071
97.651
97.349
97.76
99.395
96.533
99.057
97.207
97.785
98.207
99.128
97.113
101.056
98.256
95.462
99.105
99.057
98.383
99.568
98.135
94.688
97.808
98.5
97.47
98.192
98.463
97.281
98.35
98.049
98.771
98.229
97.256
97.744
99.09
97.158
98.384
97.759
100.132
96.804
103.248
92.707
98.135
100.305
99.064
99.695
100.752
97.32
99.086
93.282
98.071
97.88
97.778
98.358
97.759
98.274
98.327
97.617
98.248
98.12
97.895
98.12
97.786
98.184
98.177
97.669
98.192
99.722
95.278
99.271
99.21
99.087
99.815
97.737
95.027
97.469
97.681
98.658
97.286
98.488
97.944
98.255
98.185
98.56
97
101.353
95.335
99.177
96.973
99.354
96.962
97.774
98.959
100.267
95.071
99.681
98.789
98.888
98.898
98.669
94.786
97.064
97.56
98.192
97.767
98.176
97.752
98.327
98.369
97.872
100.44
95.255
98.218
97.85
98.244
98.14
97.518
98.448
98.913
99.801
95.695
98.974
98.872
98.921
99.136
98.552
94.376
98.369
98.319
97.256
98.282
97.868
98.256
97.932
97.662
98.199
97.729
98.617
98.143
97.455
98.947
97.135
98.008
98.575
98.978
100.157
95.696
99.673
98.143
98.507
99.444
98.714
94.496
97.696
97.639
98.383
97.794
102.68
93.681
97.793
97.996
97.94
97.511
98.256
97.902
98.32
99.255
96.489
98.177
97.503
101.282
94.038
103.034
96.177
98.462
100.199
97.887
95.324
96.887
97.816
98.432
98.056
97.625
99.007
97.301
97.989
98.221
98.185
98.214
97.891
97.688
98.06
98
98.496
97.545
98.399
100.586
94.647
99.402
98.902
99.177
99.425
97.989
94.563
101.422
94.887
97.545
98.522
97.421
98.249
97.691
98.812
97.346
98.617
98.631
98.545
96.895
98.775
96.552
102.41
94.711
99.391
95.372
98.763
100.361
97.793
99.91
97.77
94.914
97.902
97.711
97.842
98
98.184
97.703
97.985
98.406
98.147
97.308
98.38
98.116
97.696
98.353
98
98.094
97.677
98.188
100.77
94.76
99.951
98.225
98.944
99.455
102.327
91.192
96.744
99.635
97.143
97.974
98.338
97.425
98.03
97.681
99.146
97.279
97.774
98.248
97.673
98.169
97.692
98.658
98.992
99.369
98.624
95.902
98.914
98.631
99.29
98.909
94.489
97.553
101.169
122.974
98.218
94.729
99.023
100.687
99.568
94.936
99.042
99.142
99.391
98.561
94.744
97.759
96.609
98.545
97.809
97.676
98.888
97.003
97.974
97.722
97.616
99.128
97.575
98.151
98.263
97.297
98.207
98.098
99.439
100.331
95.519
99.184
98.376
99.718
98.703
97.996
95.083
97.899
97.594
98.18
98.083
98.184
97.929
97.789
99.432
97.752
97.433
97.992
97.575
98.241
98.079
97.59
99.162
97.827
98.376
100.804
95.124
99.342
98.888
99.759
98.218
97.831
95.304
97.102
97.564
98.455
97.582
98.211
97.556
98.275
98.109
97.684
98.342
97.624
98.135
97.779
97.981
98.515
97.861
98.064
99.906
95.519
99.398
99.195
98.286
99.696
101.955
91.342
98.082
97.703
98.854
96.631
98.929
97.21
97.745
98.504
97.654
98.913
97.485
98.177
97.887
97.97
97.85
98.526
99.977
96.88
99.917
95.203
99.591
98.218
99.981
99.586
98.485
94.489
97.233
97.872
98.185
97.943
97.97
97.605
98.673
98.057
97.59
99.489
96.545
98.864
97.312
97.936
98.215
98.218
102.519
94.353
99.647
95.665
103.868
95.17
100.154
98.022
100.658
97.47
95.696
96.838
97.267
98.263
97.737
97.534
97.962
98.12
97.621
98.507
97.752
98.293
97.703
97.835
98.474
97.894
97.782
98.185
99.176
101
94.703
99.564
98.598
99.056
100.042
97.616
95.237
97.207
102.372
140.647
100.985
96.725
102.402
93.545
103.903
92.496
100.921
95.887
100.327
96.207
100.447
95.44
101
100.545
98.113
95.711
104.402
98.959
99.864
97.647
102.511
97.072
103.827
97.342
102.609
96.658
101.549
98.146
97.767
96.729
101.88
97.568
100.951
98.601
101.865
96.256
93.981
98.056
97.835
97.628
104.53
92.007
98.399
97.571
98.583
97.218
101
96.327
105.575
95.617
100.808
95.549
101.026
96.143
100.361
95.534
98.38
97.518
99.399
99.458
96.328
97.909
98.651
99.312
99.398
98.376
95.083
97.575
98.094
98.177
97.767
98.394
97.47
98.154
97.767
97.858
97.894
97.921
97.966
98.241
98.158
97.617
98.12
97.985
99.511
100.617
95.646
98.297
99.696
98.962
99.312
98.023
99.575
93.312
98.496
98.057
98.199
97.586
97.455
98.902
97.651
97.733
97.812
98.12
98.038
98.334
97.361
98.575
97.816
97.715
98.447
99.511
95.959
99.09
98.553
99.327
99.27
97.835
95.079
97.346
98.774
97.305
98.263
97.432
98.35
98.147
98.135
99.135
97.56
98.857
96.888
97.951
97.417
98.511
98.342
98.121
99.067
95.557
98.872
99.628
99.064
99.519
97.857
95.312
97.605
98.147
98.725
96.703
98.241
98.113
98.646
97.914
98.255
97.561
98.112
98.85
97.767
97.68
98.038
97.857
98.135
98.207
99.139
100.158
95.083
99.312
98.613
100.409
102.185
95.15
95.688
94.88
98.77
97.2
99.439
97.222
98.248
98.993
97.12
97.587
97.924
97.955
97.248
98.44
97.936
97.839
98.191
98.993
99.921
95.079
99.09
99.256
98.797
99.304
98.083
94.617
97.676
98.425
97.823
98.681
97.312
98.654
100.857
95.538
97.853
97.65
98.929
97.504
101.654
94.346
102.342
96.474
95.654
99.128
99.639
94.601
99.658
99.477
98.61
100.191
97.241
95.526
97.233
98.128
97.496
98.985
97.113
99.823
96.376
98.654
97.433
98.12
98.034
97.639
98.718
97.297
98.128
98.263
97.466
99.32
100.331
94.875
99.354
98.263
99.688
99.154
98.767
95.872
97.906
96.094
98.151
98.048
100.824
95.376
97.703
98.594
98.113
98.432
98.966
97.026
98.662
96.985
98.977
97.158
98.064
98.929
99.537
96.038
98.752
98.786
98.759
99.519
98.233
96.68
95.696
97.857
97.966
98.008
98.778
97.27
98.369
97.853
97.861
98.519
97.951
98.162
98.071
97.718
98.027
98.293
98.191
98.636
100.695
95.271
98.568
98.864
99.128
98.929
99.263
94.447
97.594
97.703
97.951
97.951
98.572
97.327
98.759
97.568
97.895
97.955
97.838
98.256
98.071
98.072
98.443
97.688
98.632
98.725
100.914
98.973
95.771
98.823
101.85
95.301
99.665
94.504
97.744
102.151
94.263
98.944
96.458
98.346
97.511
101.2
95.725
97.85
98.097
97.719
101.68
157.226
96.304
95.944
98.597
97.452
100.71
95.384
99.093
96.955
98.493
100.635
96.399
98.128
98.785
99.478
99.567
98.29
94.552
99.079
96.752
99.361
96.263
98.418
98.007
98.015
97.511
98.474
97.688
98.184
97.857
98.064
97.918
97.977
98.113
98.169
98.44
100.101
95.32
99.135
98.497
98.928
100.226
93.789
100.793
96.177
97.553
98.101
97.395
99.489
96.868
98.643
97.868
98.049
97.523
98.744
98.038
98.338
98.391
97.609
98.041
96.869
99.786
100.631
95.32
98.594
98.176
100.173
98.361
99.929
93.286
97.375
97.745
97.857
97.823
97.891
98.06
98.091
98.127
97.598
98.617
97.346
97.853
97.962
98.215
97.891
98.173
99.345
99.143
95.809
98.695
101.226
96.575
99.289
98.549
94.793
97.249
98.056
99.271
98.642
97.343
98.184
96.977
98.064
97.951
98.192
97.639
98.361
98.162
98.109
98.432
97.105
98.959
98.68
100.154
95.102
99.041
98.527
100.143
97.857
94.955
97.68
97.613
98.752
96.665
98.098
98.037
97.752
97.978
100.646
95.425
98.057
98.206
98.064
98.579
96.966
98.568
97.586
99.861
100.681
99.297
95.158
99.248
98.943
99.561
99.631
97.816
94.759
98.523
98.15
97.489
97.376
98.064
97.842
98.248
98.703
97.192
98.263
97.162
98.537
97.94
98.327
97.421
97.662
98.398
99.049
100.369
95.071
103.391
94.673
96.135
101.963
101.609
91.718
98.481
98.398
96.944
98.376
97.624
98.523
98.079
97.808
98.135
98.504
98.44
97.342
97.538
98.827
96.755
97.993
98.154
99.071
100.673
94.677
99.169
99.331
98.391
99.598
98.312
94.857
97.808
97.56
98.666
97.492
98.105
98.305
98.184
97.759
97.97
97.752
98.327
97.545
98.44
98
97.647
98.951
97.658
99.417
100.357
94.662
100.06
98.094
100.297
99.959
97.575
94.673
98.56
97.312
98.647
97.417
98.32
98.473
97.527
98.255
98.643
96.944
98.218
98.06
98.105
97.639
97.767
98.741
97.447
98.511
99.121
99.831
95.526
99.098
99.206
99.264
98.259
98.695
98.158
94.177
97.722
97.425
99.421
97.127
97.888
97.936
98.451
98.256
97.71
98.929
96.782
98.691
97.933
98.921
97.056
98.384
99.36
95.553
99.44
99.03
98.752
99.368
98.899
94.436
98.056
97.921
97.921
97.583
98.019
97.812
97.955
97.88
98.59
97.827
97.334
99.32
97.135
98.779
97.902
97.552
98.73
101.022
100.666
92.902
101.966
96.417
100.177
97.974
100.473
97.079
95.707
98.5
96.793
97.44
98.316
97.726
98.225
97.944
98.383
97.662
97.97
98
98.447
97.256
98.161
98.166
98.233
97.737
99.255
100.2
94.488
100.463
98.139
99.342
99.169
98.602
95.372
96.906
98.632
97
99.928
96.192
101.098
97.086
95.97
98.421
98.071
98.395
97.429
98.481
97.635
99.726
96.327
98.09
98.598
101.586
100.993
93.534
101.511
96.12
98.433
99.695
98.609
94.218
97.741
98.297
97.519
98.729
97.575
98.015
97.56
98.26
98.526
98.094
98.056
97.282
98.215
97.578
98.313
100.432
99.462
97.688
100.448
93.849
98.463
99.383
98.282
99.256
98.842
94.301
98.778
97.357
98.849
96.512
97.793
97.831
98.271
98.048
97.906
97.726
98.575
97.763
97.959
98.688
97.53
101.861
94.248
99.632
99.289
95.786
99.526
98.278
99.643
98.286
94.692
97.988
98.185
97.721
97.846
98.241
97.282
97.654
98.105
98.184
97.951
98.568
97.192
97.97
98.173
101.376
95.319
97.835
98.654
100.226
95.624
98.774
99.128
100.177
98.263
100.759
97.019
94.936
97.135
98.151
97.537
98.192
98.218
97.823
98.143
97.583
98.921
97.425
98.278
97.842
97.902
97.929
98.417
101.158
95.545
99.44
98.729
96.301
98.827
98.478
100.225
99.414
99.522
98.158
94.508
99.74
95.873
101.176
98.218
94.959
100.218
101.44
95.504
95.206
98.342
97.764
98.503
97.542
97.827
98.094
98.673
97.406
99.455
99.579
95.278
98.831
99.522
98.275
99.492
98.192
94.857
98.143
97.504
98.127
97.842
98.775
97.519
101.537
94.594
97.993
98.207
98.255
98.064
101.455
193.327
98.872
94.899
104.823
93.383
101.403
94.612
97.922
99.744
98.105
95.59
97.425
98.042
97.936
97.789
97.41
99.128
96.567
98.504
97.511
98.147
97.902
98.064
98.384
98.007
97.801
98.406
97.432
99.76
95.601
98.823
99.948
98.406
99.774
98.233
94.775
98.38
97.368
98.229
101.951
93.459
97.974
98.105
97.959
98.507
99.782
99.696
95.206
97.425
98.248
98.008
98.913
97.286
99.105
99.88
97.9
95.987
99.609
98.658
99.504
97.951
95.256
100.056
95.271
98.019
97.469
98.282
98.256
97.511
98.639
97.594
97.974
98.083
98.192
100.319
95.981
97.914
97.865
97.718
99.458
99.598
95.515
99.568
97.797
100.673
98.879
97.312
94.666
98.105
97.669
97.729
97.801
98.662
97.568
98.906
98.229
98.564
97.485
97.169
98.015
98.304
97.745
98.568
98.263
97.609
99.8
99.662
95.508
98.894
99.463
99.161
99.463
97.951
95.041
97.519
98.538
100.248
95.913
97.718
97.786
97.951
97.88
98.586
97.718
97.241
98.305
100.526
95.271
102.507
93.838
97.718
103.256
92.643
102.861
95.083
99.221
99.474
100.256
97.27
94.865
97.32
98.721
98.226
97.684
98.184
97.482
98.221
98.162
97.985
97.752
98.282
98.158
97.902
98.075
98.782
97.248
98.786
97.504
99.857
99.631
95.478
99.425
98.688
103.943
93.963
98.233
94.725
98.136
97.567
97.985
98.846
102.004
95.662
96.079
98.105
97.846
98.161
98.448
97.139
98
97.654
98.631
98.057
97.286
100.353
95.594
98.944
99.661
99.673
99.312
98.985
97.143
95.008
97.451
98.455
97.751
97.527
98.233
97.872
98.113
98.255
97.688
98.264
98.319
98.128
102.327
93.474
98.304
97.354
97.988
99.504
99.82
96.094
99.033
98.921
99.824
98.06
94.928
96.73
98.928
99.647
95.305
98.71
97.996
97.606
98.097
99.35
98.248
96.68
98.042
98.56
98.812
96.549
98.124
97.985
98.41
99.868
96.011
99.102
98.353
99.256
98.898
98.632
94.857
97.838
97.162
97.951
97.553
98.902
97.489
98.534
97.65
99.692
96.443
97.752
98.711
98.139
97.316
98.545
98.083
97.695
99.237
103.97
92.432
99.064
98.128
98.88
99.537
99.087
94.56
97.406
97.665
99.271
96.53
99.169
96.838
97.576
97.752
146.289
94.744
98.44
97.696
97.737
98.695
98.688
101.023
99.323
94.357
99.639
98.865
100.191
98.196
93.782
98.383
97.865
98.256
98.327
97.857
98.064
97.496
97.808
97.647
98.218
98.248
98.447
97.47
98.185
97.849
98.271
97.545
101.44
97.462
95.305
99.522
98.151
100.056
97.929
95.101
97.707
98.169
97.406
98.688
97.098
98.748
97.786
99.673
99.56
94.616
98.399
98.255
97.76
102.094
93.842
97.842
98.605
98.124
100.542
99.079
95.466
99.071
99.169
99.711
97.808
94.782
98.448
97.24
98.41
98.15
97.474
98.222
97.594
98.455
97.424
98.207
98.177
97.872
97.887
98.248
97.786
98.128
97.632
98.673
104.857
90.158
99.496
98.703
99.631
99.737
97.53
95.598
97.305
97.36
98.271
98.504
97.455
99.169
98.207
96.473
100.162
96.857
98.271
97.312
97.654
98.143
97.992
98.339
97.744
99.038
99.409
96.023
99.361
98.105
99.519
98.12
94.944
98.199
97.906
98.079
97.767
98.026
98.335
97.41
98.838
97.199
101.44
94.887
97.809
99.417
97.034
98.128
98.278
98.304
98.181
99.41
95.939
99.327
99.421
97.963
101.143
96.631
94.658
98.222
97.962
98.245
97.06
98.207
98.086
97.906
98.519
97.85
98.056
98.263
98.286
97.432
97.752
98.248
97.993
97.8
98.794
100.022
95.455
99.248
98.09
100.801
96.981
95.128
98.41
97.549
101.722
94.056
98.782
97.244
98.576
99.552
96.32
98.045
98.169
99.256
96.646
98.745
97.06
98.654
98.086
99.177
99.263
98.929
95.579
98.846
98.631
100.282
98.384
94.564
98.515
96.736
98.327
97.929
97.639
98.305
97.928
98.128
97.805
98.443
99.549
97.523
97.12
98.177
97.789
98.008
98.056
98.346
100.974
95.274
103.496
99.384
96.887
96.913
100.831
97.286
98.906
94.128
98.007
96.297
98.914
97.703
98.071
97.839
98.056
97.801
97.864
98.914
99.62
95.624
106.873
97.672
96.489
100.049
99.504
94.808
98
99.575
96.376
102.305
94.361
99.533
98.331
103.549
95.196
98.661
95.914
96.684
97.395
98.049
98.101
99.432
96.673
98.944
97.214
97.752
98.331
98.185
98.447
97.297
98.278
98.098
98.078
97.952
99.079
99.834
95.286
98.834
99.166
98.842
99.553
97.838
94.695
97.715
98
98.552
96.94
98.169
98.128
97.993
98.112
97.816
98.151
97.849
97.718
98.572
97.861
98.203
98.03
97.737
99.887
95.928
98.944
98.752
99.631
98.895
98.331
95.101
97.786
98.32
98.255
97.064
98.433
98.255
97.519
97.688
97.842
98.56
97.418
98.676
97.609
98.673
97.049
97.993
97.981
99.203
99.613
95.857
99.199
99.041
99.944
99.09
98.117
94.755
98.128
97.688
98.038
98.721
97
99.072
97.263
99.327
97.432
98.779
96.748
98.729
97.451
98.647
96.981
98.579
97.12
99.342
99.455
95.132
99.188
99.105
100.41
97.759
98.568
94.346
98.037
97.177
97.895
97.834
98.023
98.56
97.666
97.68
98.861
96.831
102.635
93.214
98.264
98.353
98.391
97.665
98.32
99.477
100.797
94.463
99.248
98.838
99.218
97.808
95.561
97.439
97.632
97.816
97.541
97.884
98.406
100.654
95.906
101.744
94.504
97.064
98.504
97.721
98.384
97.767
97.425
98.097
99.82
100.368
95.512
98.939
99.294
99.274
98.406
98
94.65
98.478
97.135
99.012
97.582
99.158
96.842
97.399
98.082
97.952
100.526
95.38
97.755
98.241
97.786
98.071
98.041
99.215
100.312
101.105
94.654
102.511
96.233
98.824
99.176
99.185
98.112
95.361
97.169
97.839
98.398
98.376
96.951
98.384
98.026
97.538
97.853
98.338
98.207
98.042
97.936
97.782
98.097
97.985
98.222
98.56
99.816
95.271
99.496
98.579
99.406
99.256
101.962
90.583
99.15
97.722
97.135
98.064
97.786
97.887
98.775
97.567
100.617
95.41
98.917
98.007
97.275
98.079
98.112
98.2
98.056
99.128
100.263
94.921
99.177
98.793
99.763
98.763
97.703
94.681
97.511
97.624
98.064
98.049
97.639
97.955
97.895
98.037
98.316
97.639
97.951
98.057
98.222
98.12
97.77
98.023
98.673
100.711
95.695
98.305
99.454
99.042
99.191
98.625
94.319
98.192
98.402
97.549
98.241
98.105
97.646
99.106
97.327
97.707
97.808
97.932
98.402
97.816
98.545
97.989
97.883
98.335
98.703
99.203
95.838
99.008
99.007
98.339
99.917
98.545
94.087
97.815
97.888
97.97
97.537
98.496
97.782
98.643
97.158
97.978
97.688
100.142
96.448
100.936
97.376
96.199
97.617
97.808
101.034
95.248
98.045
100.771
98.936
98.056
99.541
97.609
95.846
97.376
98.042
97.391
97.864
97.433
99.018
97.309
98.026
98.568
97.703
98.53
97.646
98.042
97.902
98.101
98.049
97.722
99.857
100.327
94.929
99.447
99
99.624
98.726
101.609
91.105
100.098
100.831
92.985
97.838
97.944
97.838
98.38
98.383
98.688
96.846
97.793
98.448
99.274
96.782
97.914
102.492
93.632
99.233
100.176
95.218
99.662
97.955
100.477
97.64
98.503
93.936
100.523
96.838
97.718
97.613
97.628
98.011
98.113
97.944
98.157
98.455
97.594
98.384
97.192
98.353
98.816
97.744
97.808
99.726
99.959
95.274
99.425
99.222
98.857
98.894
98.241
95.451
96.549
98.674
97.958
98.034
97.27
97.808
98.083
97.861
99.211
97.101
97.823
99.737
96.354
97.928
98.079
97.823
98.064
99.73
96.15
98.778
98.613
99.346
99.026
98.568
94.718
97.801
98.334
97.497
98.481
97.928
97.527
99.015
97.368
97.609
98.519
97.88
97.815
97.993
98.105
98.466
98.933
97.842
98.808
99.575
96.087
98.154
99.391
98.594
99.455
98.624
94.534
97.736
97.801
98.041
98.335
101.12
94.647
98.226
97.789
98.44
97.507
97.989
98.305
97.545
98.135
97.895
98.331
98.214
98.496
100.199
95.106
99.582
98.955
99.76
100.808
92.376
98.173
97.225
98.873
97.575
99.097
96.711
97.865
98.191
97.865
98.496
97.519
99.696
97.218
97.477
98.083
97.361
98.116
98.184
99.651
95.537
99.207
99.568
99.346
98.631
98.32
94.568
97.943
98.342
97.361
98.177
97.872
98.109
98.098
97.639
98.417
97.921
97.974
98.034
98.056
98.15
97.655
98.274
97.966
98.914
100.176
94.831
99.162
99.413
98.843
99.469
99.091
93.977
97.568
97.823
97.696
98.015
98.225
98.222
98.346
98.319
97.737
97.425
97.895
97.902
99.248
97.361
97.346
98.214
97.929
100.342
99.579
96.064
98.357
98.56
99.857
98.617
94.44
98.304
97.752
98.086
98.034
98.76
97.575
97.466
98.192
97.861
97.688
98.112
98.696
97.688
99.049
100.511
97.88
95.579
97.872
100.5
98.56
95.147
99.526
99.113
98.184
99.575
97.808
95.079
97.361
98.098
98.207
106.928
96.91
97.594
97.241
97.951
98.271
98.139
98.319
98.038
98.425
97.552
98.568
98.015
97.992
97.831
99.688
96.496
97.937
100.872
99.203
98.951
95.519
98.695
99.763
98.117
98.737
94.992
98.042
98.172
99.076
96.086
97.568
98.44
97.778
99.244
96.857
98.376
97.47
97.835
98.218
97.744
98.32
98.003
97.786
100.241
94.895
98.977
99.226
99.669
98.274
95.135
97.809
97.582
98.29
97.725
98.128
97.97
98.384
97.943
97.737
98.12
98.681
98.519
97.353
97.519
98.616
98.128
97.745
98.184
99.177
97.116
97.65
99.73
98.767
99.688
97.815
95.32
96.703
98.124
98.015
97.981
97.673
97.974
98.195
97.632
98.263
97.978
101.135
94.59
98.282
97.993
98.236
97.658
98
99.482
100.646
95.737
97.789
99.121
98.729
99.624
101.534
90.883
102.23
96.921
98.639
94.609
101.368
94.97
98.527
97.214
98.184
98.207
98.921
96.951
98.218
98.275
98.251
97.722
98.072
98.665
100.109
95.274
99.504
98.297
98.94
100.226
93.872
98.154
98.023
98.026
97.598
98.079
97.887
99.635
96.782
97.455
97.906
98.023
98.424
97.609
97.688
98.463
98.225
100.072
96
100.488
95.978
104.733
99.282
95.808
98.158
99.665
98.384
99.695
98.113
95.098
100.429
95.176
98.027
97.624
98.086
97.857
98.158
98.53
97.846
97.88
98.327
98.282
97.722
97.74
97.936
98.722
97.654
98.177
100.771
94.845
99.651
98.917
98.985
99.808
98.094
94.643
98.936
97.745
97.733
97.09
98.857
97.504
99.308
97.297
97.729
97.617
98.421
97.808
98.218
98.192
99.545
98.384
95.966
98.391
99.323
95.767
99.511
99.666
97.966
99.936
97.346
95.391
97.255
98.027
98.214
97.872
98.057
97.736
98.918
97.488
98.177
97.545
97.831
98.135
102.459
97.35
94.842
97.44
100.988
98.162
98.026
97.102
97.65
98.639
99.816
100.301
97.53
95.007
97.835
97.639
98.015
98.346
97.718
109.59
96.545
97.696
97.579
98.462
97.448
98.289
97.978
97.763
98.361
97.872
98.233
98.083
98.503
97.591
98.233
97.94
99.259
99.838
99.008
94.962
99.049
100.143
99.455
97.658
99.639
95.816
95.966
97.161
97.88
97.752
98.064
98.334
97.561
98.067
98.2
97.902
97.906
98.045
98.248
98.233
97.624
98.042
98.157
100.282
95.455
99.297
98.669
100.249
97.424
95.128
98.12
98.369
97.162
98.086
98.673
97.605
97.538
98.474
101.496
96.872
97.846
97.425
102.221
93.779
98.24
98.519
97.056
98.688
98.136
100.793
98.985
95.511
99.207
98.297
100.165
107.042
94.864
99.576
99.199
98.192
100.827
97.142
94.76
97.703
97.936
98.162
98.214
97.906
97.861
97.906
97.816
97.985
98.03
98.248
97.545
98.15
98.26
97.669
98.199
97.85
100.376
94.846
100.368
98.635
98.455
99.993
98.229
98.5
94.752
96.981
98.617
97.424
98.106
97.688
98.349
98.226
98.207
97.537
98.109
97.85
97.703
98.443
98.015
98.215
98.049
98.191
99.854
95.289
99.275
99.229
98.835
99.56
99.263
97.921
93.902
98.609
97.384
98.616
98.647
98.022
97.241
98.962
97.245
98.891
97.15
97.587
97.917
98.146
98.256
98.072
97.774
98.842
99.162
95.571
99.985
98.624
98.857
99.519
98.929
94.21
98.406
97.121
98.319
97.609
97.838
97.782
98.546
97.936
98.214
97.962
98.233
99.895
95.955
97.598
98.391
98.804
97.252
99.248
99.489
95.842
103.556
95.44
100.403
101.041
97.477
97.538
98.718
94.199
97.275
97.094
98.458
97.478
98.225
98.034
101.455
128.974
100.195
93.767
98.775
99.56
103.432
98.233
97.553
93.639
96.113
97.534
98.345
97.673
98.278
98.328
96.864
99.282
97.797
97.496
98.155
98.372
97.18
97.79
98
98.338
97.88
100.406
99.575
95.241
99.417
98.485
99.571
98.286
95.147
97.484
98.234
97.567
98.297
97.639
98.463
97.601
98.384
98.097
98.478
96.819
98.102
98.323
97.944
97.846
98.526
101.297
95.071
99.85
95.56
99.079
100.316
98.519
100.391
96.958
98.993
93.959
98.353
97.064
98.225
98.2
97.533
98.072
98.034
98.793
97.184
97.865
98.263
98.177
98.191
97.918
97.913
97.831
98.474
99.958
95.192
99.944
97.928
100.297
98.207
95.154
97.854
97.913
97.914
98.503
97.158
103.282
93.173
99.331
96.974
100.274
95.741
98.169
98.128
99.097
96.625
98.894
97.624
97.873
99.342
99.402
95.271
99.567
98.745
99.443
98.76
94.334
98.271
97.282
98.27
97.346
98.726
97.887
98.041
98.016
98.071
97.85
98.383
97.609
98.384
98.169
97.737
98.109
97.992
98.263
99.459
95.199
99.718
98.891
101.248
97.993
99.319
93.391
97.418
98.939
98.083
98
97.993
96.985
97.733
98.191
97.865
98.233
98
97.872
98.56
97.576
98.041
98.045
98.124
98.91
99.639
95.801
98.977
98.335
100.567
97.715
94.816
101.368
94.887
97.342
98.481
97.222
98.226
97.977
98.888
97.214
98.056
97.688
98
101.842
94.692
97.763
98.496
102.136
97.394
96.96
99.766
96.049
102.053
95.778
98.44
99.657
98.237
94.53
98.418
96.703
97.808
98.376
97.278
97.959
97.996
97.511
99.121
97.278
98.289
98.166
98.161
98.064
97.711
97.579
98.752
98.917
96.955
98.191
102.391
100.696
94.662
98.872
95.06
98.774
98.143
95.951
98.376
98.895
97.196
97.703
98.631
97.417
99.632
96.774
101.193
95.736
96.898
99.087
97.538
100.86
95.057
101.759
98.211
95.361
99.285
98.41
100.192
98.511
98.09
94.854
98.135
97.722
98.376
97.079
97.785
98.294
97.816
98.56
97.537
98.042
97.853
98.274
98.008
98.853
102.433
93.545
98.214
98.699
100.598
94.658
99.553
99.917
97.921
99.632
97.582
95.064
97.842
97.384
97.913
110.406
96.448
95.394
100.711
94.338
98.252
98.188
97.335
98.312
100.669
95.387
100.936
96.654
98.136
98.007
99.985
98.346
96.902
100.632
95.977
99.936
99.561
100.526
99.887
96.105
99.218
98.673
100.463
98.071
94.278
97.339
97.624
98.398
97.887
98.955
97.286
98.064
97.827
98.135
98.064
97.767
97.91
98.771
98.68
97.399
98.086
98.579
97.639
100.135
95.369
98.992
98.474
100.62
97.842
98.29
94.534
98.552
102.297
93.369
99.293
99.147
96.022
97.44
98.056
98.008
98.688
97.831
97.545
98.985
97.101
98.098
97.15
98.688
100.32
99.425
95.353
99.207
98.538
99.191
99.369
98.398
94.914
97.312
98.158
97.921
98.304
97
98.504
102.752
95.91
97.601
98.369
97.928
98.226
99.18
96.872
97.82
97.552
98.711
98.094
98.752
99.943
95.715
99.184
98.496
100.662
99.474
98.766
97.162
95.56
96.481
99.117
97.575
98.049
98.143
97.744
98.027
97.894
98.418
97.782
98.289
98.199
98.083
97.981
98.207
97.801
98.218
98.958
99.816
95.538
99.113
98.406
100.954
97.222
98.591
94.778
97.297
102.511
94.481
101.47
95.29
96.966
98.007
97.651
98.086
97.79
98.451
98.767
98.097
96.782
98.192
98.489
98.09
99.421
96.034
102.887
95.241
99.007
99.711
97.864
94.873
97.368
97.688
98.538
97.902
98.519
97.252
98.003
98.113
98.128
98.105
98.226
97.703
98.03
98.154
98.03
97.523
98.71
97.496
104.042
100.383
94.369
96.157
99.034
100.121
98.206
98.696
95.778
96.414
98.793
97.225
97.861
97.241
98.248
98.218
97.996
98.075
98.816
97.846
96.835
98.646
97.951
98.282
98.335
97.511
98.139
101.846
94.993
99.391
98.586
99.463
98.285
98.218
94.809
98.673
97.605
97.737
97.77
97.327
99.534
100.978
93.887
99.214
100.323
99.734
94.439
98.948
98.278
97.538
98.439
99.215
96.872
100.041
99.335
95.406
98.928
99.155
99.03
99.394
98.583
100.594
153.887
99.038
99.943
96.752
94.869
97.316
98.251
97.576
98.541
97.714
97.951
97.952
102.071
95.504
98.09
97.575
98.113
98.319
98
97.64
98.12
98.274
97.372
99.955
99.79
95.474
98.928
98.729
100.237
97.963
98.007
94.831
98.143
101.026
95.782
97.425
98.248
97.271
97.883
97.839
98.041
98.823
96.966
98.497
98.007
98.448
100.056
95.872
98.786
99.158
99.402
95.68
98.925
98.617
99.755
98.598
97.722
101.237
93.139
98.049
97.549
97.8
97.895
97.951
97.778
98.279
98.522
97.463
97.721
97.91
98.624
97.722
98.44
98.312
99.049
97.605
101.993
93.406
99.112
97.316
105.192
97.022
98.606
100.537
98.132
94.398
96.775
97.992
97.978
97.703
98.432
98.335
97.582
97.715
98.221
98.034
98.121
97.8
97.903
97.582
98.117
98.173
97.887
99.688
99.944
95.402
99.214
98.41
100.631
98
98.538
94.662
98.289
97.703
101.305
98.951
93.631
101.858
94.631
99.376
96.432
98.538
97.677
98.503
97.843
97.8
98.985
97.925
97.545
98.718
99.891
95.057
99.342
99.233
98.958
99.233
98.376
94.425
98.23
98.011
98.158
97.722
97.872
97.846
99.8
95.944
98.297
98.101
97.843
98.56
97.582
97.985
97.666
98.03
97.97
99.391
100.752
94.729
99.808
98.406
99.218
99.944
98.925
93.455
97.842
97.334
99.346
97.688
97.342
97.88
97.402
97.959
97.88
98.184
97.744
97.643
98.398
98.015
97.944
97.993
98.36
100.222
99.876
95.256
99.293
98.955
99.62
97.628
95.094
98.602
97.477
101.049
94.928
97.576
98.815
97.083
98.421
100.128
96.515
97.504
98.368
98.087
98.056
98.568
97.086
99.448
97.658
99.992
98.639
95.887
98.425
98.899
99.094
99.12
99.094
94.083
97.774
97.59
98.226
97.489
98.928
96.872
97.993
98.18
97.692
98.406
98.128
97.831
98.112
97.655
98.195
98.391
98.327
99.481
95.481
99.79
98.289
99.399
99.992
97.944
94.68
98.049
97.312
98.418
98.996
96.402
98.936
97.248
98.666
97.334
98.102
98.489
97.594
97.909
98.098
97.978
98.278
97.831
99.139
100.357
94.361
99.447
99.384
101.785
96.519
98.192
95
97.304
97.891
98.639
97.358
97.744
98.522
97.703
97.794
97.541
98.444
97.845
97.711
100.376
97.865
96.759
97.429
98.996
100.319
99.576
95.056
98.872
98.218
99.44
98.981
98.617
94.504
97.297
98.334
97.85
97.203
98.357
97.616
98.418
97.988
97.948
98.045
98.312
98.248
97.688
98.752
97.177
98.409
97.688
102.718
96.816
95.88
98.88
98.699
100.158
98.094
100.744
97.259
93.32
98.143
97.432
97.993
97.409
98.245
98.267
98.319
98.294
97.481
98.616
98.512
97.503
98.504
101.681
93.609
97.469
99.873
99.872
95.447
99.275
98.533
100.098
97.929
94.902
98.417
97.17
97.86
97.591
100.661
95.444
98.026
98.177
97.59
98.602
97.639
98.161
97.406
98.41
98.03
98.113
98.041
98.335
100.609
96.086
98
103.888
96.376
99.135
99.011
98.632
99.489
93.454
98.824
97.383
97.985
97.752
98.248
97.504
98.071
97.85
99.703
96.402
97.989
98.459
97.454
97.73
98.286
98.12
98.184
99.759
99.504
95.722
99.286
97.849
100.342
98.504
94.73
99.665
96.902
97.32
101.801
93.958
99.929
96.891
97.575
98.361
98.109
98.067
97.861
97.489
98.079
98.12
98.561
97.481
98.455
99.233
99.846
95.609
99.097
98.621
100.236
97.703
98.591
94.992
97.801
97.872
97.59
98.497
97.383
102.196
93.676
98.425
98.951
97.162
98.598
97.368
98.586
97.805
97.748
98.429
100.819
96.662
100.143
95.857
99.086
98.779
98.545
101.037
97.339
94.071
97.617
98.654
97.176
97.903
97.962
98.376
98.105
97.684
98.249
97.969
97.858
97.894
98.32
98.222
97.793
97.977
98.042
98.695
99.824
95.695
99.481
98.496
99.959
97.711
95.154
97.921
99.462
96.057
97.767
98.097
97.981
97.858
98.703
97.849
97.816
98.229
99.354
97.248
98.68
97.034
99.312
96.793
99.189
100.09
94.233
99.255
99.429
98.425
100.353
97.722
101.365
201.695
99.553
97.425
94.248
97.752
97.943
97.906
98.342
98.703
97.429
98.477
97.418
98.056
97.868
98.147
97.902
98.241
101.56
94.056
98.944
103.583
96.744
96.384
99.984
95.497
100.097
98.534
98.835
99.06
98.147
95.112
97.358
98.808
97.778
97.008
97.902
97.744
98.09
97.553
98.504
98.184
97.335
98.511
97.714
98.726
97.496
99.207
96.706
99.534
95.327
99.211
99.575
98.463
99.537
97.842
99.038
97.519
94.609
99.112
97.553
97.872
97.568
97.838
98.406
98.7
97.518
97.617
98.511
98.688
96.872
97.865
101.992
93.899
106.116
92.764
100.052
100.139
94.903
99.263
98.654
100.007
98.196
98.519
94.872
97.703
97.545
98.094
97.643
97.887
98.481
97.56
99.237
96.944
98.045
101.677
94.248
98.895
99.146
96.207
98.184
97.944
100.473
95.391
100.305
98.575
97.703
100.008
97.891
95.556
96.665
97.843
98.289
97.436
97.778
98.361
98.188
98.786
97.049
101.695
94.831
97.977
98.384
97.398
99.651
96.673
97.808
100.677
98.616
95.184
99.339
98.278
100.504
98.417
97.993
94.781
97.636
98.59
97.305
98.496
97.733
97.816
99.105
97.44
97.255
98.715
97.661
98.775
98.304
98
97.835
97.872
97.56
101.861
98.256
94.834
99.064
112.192
95.023
98.466
99.597
100.602
94.519
99.282
99.199
98.575
100.105
97.921
95.079
97.767
101.241
95.218
97.128
97.831
97.879
99.512
101.721
95.282
95.997
97.962
98.008
98.101
98
97.808
98.594
97.481
100.839
98.88
95.176
99.32
98.526
99.387
98.936
97.839
95.342
97.128
97.571
98.222
98.049
98.199
100.88
95.353
97.966
97.53
98.151
98.169
97.936
97.861
97.936
98.211
97.83
98.064
99.887
95.636
99.135
98.929
100.022
100.816
95.688
95.526
97.045
97.316
99.019
97.711
98.033
98.696
97.526
98.312
98.688
96.793
97.839
98.056
97.703
98.29
97.673
97.853
97.737
100.27
95.801
99.027
98.759
99.007
98.937
98.594
94.62
98.004
97.455
97.966
97.936
98.079
97.808
98.323
97.741
98.312
98.297
98.327
97.601
98.064
98.241
101.432
94.662
101.335
95.548
100.812
94.85
98.85
99.143
99.376
99.496
97.624
95.567
96.794
98.549
97.947
98.064
97.613
98.248
97.41
98.03
97.955
97.966
98.026
98.342
98.248
97.767
98.072
97.729
102.248
95.248
99.737
95.35
99.458
102.993
94.958
98.482
94.789
98.098
97.808
98.135
97.192
102.481
93.384
100.985
98.263
96.887
96.128
98.383
99.858
96.063
98.937
97.063
98.376
97.703
99.568
99.041
94.993
99.598
98.778
100.022
97.97
98.497
94.808
97.846
98.248
97.658
97.503
98.102
98.105
97.846
98.162
98.496
97.489
98.342
97.616
101.076
95.62
97.545
98.023
97.936
99.082
100.854
94.785
103.858
93.958
99.399
99.571
98.44
94.214
97.575
98.504
97.752
97.553
98.255
98.113
97.97
98.102
98.439
97.523
97.902
102.241
93.981
98.019
97.846
98.53
97.831
99.319
99.666
95.47
99.563
98.256
96.207
105.27
91.459
96.996
98.666
97.695
97.53
98.305
98.256
97.789
98.026
97.921
97.639
98.166
97.891
98.229
101.474
94.327
98.026
102.124
94.816
100.305
95.503
99.113
98.681
99.176
100.256
98.688
93.823
97.184
98.155
98.447
97.88
98.575
97.12
98.335
97.752
97.688
97.849
98.369
97.951
98.353
97.853
97.523
98.511
97.602
98.973
100.497
95.263
99.24
98.091
100.293
98.459
94.902
97.583
98.154
99.225
99.286
95.376
99.583
99.169
96.263
96.575
98.233
98.722
97.632
98.297
98.037
98.722
97.327
98.248
97.782
100.072
94.688
99.308
99.661
98.425
99.767
97.944
94.707
97.548
97.707
98.151
97.526
98.308
97.662
98.857
97.737
97.917
97.793
98.008
97.985
97.985
97.541
98.354
97.943
98.064
100.305
94.838
99.496
99.113
98.823
99.963
98.27
93.715
99.315
97.745
97.432
98.169
97.857
97.88
97.744
97.64
98.616
97.895
97.962
98.301
97.85
97.751
98.256
97.872
97.654
99.771
99.583
96.056
98.56
100.038
97.361
100.289
96.903
95.233
97.631
98.057
101.263
94.786
98.289
97.609
99.132
97.481
98.511
97.474
103.128
231.214
97.395
95.47
101.928
102.553
101.037
96.459
99.071
99.346
94.045
107.207
89.643
97.342
98.098
98.255
97.895
98.154
97.775
98.034
98.086
102.654
93.075
98.327
97.944
97.993
97.977
99.44
99.44
97.007
99.767
95.696
98.552
100.207
98.098
99.733
97.744
100.14
93.774
97.135
97.211
99.022
97.801
97.703
98.496
98.038
97.898
98.297
97.591
98.281
97.553
98.335
97.823
97.744
98.2
98.154
100.116
95.617
99.304
98.534
99.756
98.022
95.576
97.699
98.007
98.301
97.331
100.271
98.391
97.161
96.658
97.485
98.041
98.151
98.763
96.782
99.56
96.842
98.59
97.35
98.921
98.929
95.646
98.906
98.688
100.44
98.15
94.786
97.722
98.03
98.064
97.568
98.161
97.726
98.255
97.707
97.816
98.113
97.767
97.8
98.391
97.76
98.154
97.805
97.928
98.346
100.199
95.575
98.993
98.688
99.97
98.598
94.496
98.658
97.815
97.215
98.729
98.15
96.85
97.647
98.015
98.936
97.233
99.041
96.887
98.843
97.357
99.353
96.406
99.184
97.944
99.376
95.537
99.343
99.24
98.76
99.387
98.037
95.264
96.793
97.894
99.531
97.199
97.729
97.744
97.745
97.646
98.211
98.244
97.85
98.729
97.621
97.601
98.29
98
98.368
98.805
100.011
97.229
98.609
98.59
99.617
97.714
95.624
97.301
97.688
98.041
97.305
99.515
96.846
99.334
97.064
98.154
99.32
97.725
97.764
100.236
95.057
101.026
95.688
100.549
95.906
102.218
97.478
101.759
99.049
96.255
97.049
101.478
98.09
100.951
97.97
103.526
95.233
99.831
92.651
97.887
102.41
94.079
98.477
103.801
91.616
100.842
95.797
101.376
97.305
99.098
95.909
100.177
96.872
102.583
92.575
100.312
95.658
102.162
96.902
102.278
97.699
102.038
97.929
97.718
96.522
101.688
97.504
101.417
98.504
101.981
96.602
93.398
101.673
94.729
100.35
100.011
95.56
99.128
95.989
101.004
99.646
96.888
94.913
101.801
95.56
101.15
95.591
100.53
95.616
100.752
95.207
100.695
97.376
98.185
96.778
98.861
99.041
99.128
97.906
95.526
97.831
97.481
98.44
97.786
98.349
97.624
101.703
95.219
97.327
98.368
97.906
98.335
97.917
97.609
102.147
94.462
98.165
98.418
105.018
95.158
101.624
98.282
95.982
98.033
99.527
98.503
99.29
98.432
94.839
97.579
97.462
98.079
97.827
98.237
97.643
98.297
98.18
98.113
98.09
97.711
98.184
97.662
98.488
98.218
97.568
98.207
99.161
100.312
95.297
99.185
99.131
98.56
100.076
101.646
90.151
101.642
96.03
97.346
99.042
97.15
98.165
98.444
97.064
98.357
97.76
97.984
98.474
97.797
98.211
98.12
98.105
98.248
97.918
99.759
95.496
99.361
99.824
98.041
100.015
97.184
95.207
100.252
96.244
97.395
97.981
97.673
98.68
98.455
97.369
98.992
97.158
97.978
97.887
97.77
101.151
95.44
98.567
100.218
96.327
99.786
96.613
98.068
100.135
98.519
98.951
98.985
98.199
95.184
97.384
97.834
97.733
97.666
98.846
97.65
97.936
97.568
98.455
97.545
98.47
98.41
97.462
99.801
96.695
98.369
97.943
100.466
98.365
100.188
94.744
98.478
100.233
99.158
97.759
97.786
95.616
98.008
97.85
97.902
98.361
97.695
98.064
98.057
97.297
98.582
97.278
98.474
97.609
97.647
98.192
98.063
97.944
99.376
99.944
95.537
99.207
99.319
98.94
98.207
95.519
97.647
97.432
97.763
99.124
97.241
98.127
98.076
97.932
97.985
98.056
97.88
98.504
97.44
98.755
97.76
100.549
95.954
99.76
97.673
95.372
99.703
100.797
96.932
100.609
96.771
95.59
97.448
97.282
98.184
98.353
98.011
98.147
98.15
98.019
98.102
98.007
98.049
98.087
100.571
94.947
98.162
97.936
98.12
98.106
100.158
95.041
99.59
98.786
99
99.759
98.147
99.278
93.399
98.082
98.143
97.455
97.729
98.545
97.967
98.033
98.23
97.943
98.218
98.726
97.53
98.241
97.879
98.297
97.767
98.91
100.256
94.812
99.406
99.225
98.094
99.944
98.105
94.865
97.192
97.646
98.395
97.887
98.342
97.914
97.552
98.433
97.462
98.064
98.346
97.996
98.057
97.785
98.474
98.101
98.395
99.214
95.85
98.981
99.185
98.466
100.037
98.354
93.409
102.989
94.745
97.424
98.888
97.928
97.094
97.985
98.523
98.094
97.195
98.414
97.545
98.477
97.636
98.078
98.241
97.974
98.086
99.545
95.602
99.47
98.744
98.666
99.56
98.007
95.511
96.779
97.872
98.071
98.128
98.233
97.925
97.643
97.943
98.117
98.068
98
98.503
98.237
101.29
95
98.12
98.128
99.774
99.433
95.898
98.854
99.954
97.421
99.576
98.883
94.959
96.624
97.906
101.304
95.192
97.35
98.432
98.865
97.03
97.808
104.827
95.181
97.872
98.071
97.417
98.85
97.654
98.09
98.015
98.128
99.226
100.391
95.271
99.191
100.459
98.365
98.345
97.895
94.752
98.466
97.143
99.192
97.098
98.774
97.906
98.101
97.61
97.342
98.161
98.399
97.673
98.297
97.552
98.335
97.944
100.894
124.324
97.022
95.681
98.03
98.161
97.369
99.158
97.496
98.049
97.785
97.831
98.936
97.647
99.169
102.271
93.297
99.56
98.376
100.297
99.598
98.545
97.895
94.488
97.816
98.011
97.301
98.327
97.594
97.978
98.334
97.226
98.582
97.478
98.09
98
97.85
97.703
98.079
99.455
97.665
99.774
95.707
99.32
98.041
100.387
97.876
99.079
94.278
98.154
97.662
101.26
94.439
97.933
101.451
94.68
98.542
96.962
100.538
95.74
97.951
98.218
98.418
97.646
98.064
98.042
99.958
95.399
99.297
99.113
108.447
98.199
94.658
99.526
99.207
98.628
99.229
98.418
94.838
97.898
98.2
97.857
97.725
98.346
98.03
97.113
99.041
97.294
98.424
97.895
97.651
100.094
96.432
98.24
97.907
97.733
99.624
100.59
94.97
99.019
98.631
99.455
100.128
97.575
95.098
97.24
100.903
95.391
97.688
98.225
97.752
97.857
98.478
97.834
98.102
97.816
97.891
98
97.462
98.519
97.879
98.388
98.774
99.752
95.722
98.973
98.76
100.383
98.523
93.846
98.936
98.65
98.895
96.594
99.293
96.384
97.432
98.304
97.745
98.594
98.838
96.914
98.101
98.079
98.105
97.944
98.451
97.639
98.895
99.936
95.993
98.879
98.474
100.677
97.706
98.072
94.921
97.872
97.733
97.425
98.154
98.414
97.409
98.358
97.785
97.88
97.767
98.105
97.726
100.496
95.977
98.361
97.801
98.752
99.541
95.523
99.278
99.056
98.779
99.357
98.522
94.831
96.921
98.12
98.937
97.943
97.263
98.271
98.199
97.737
97.432
98.019
98.015
97.993
97.902
98.41
97.676
97.955
98.222
100.504
99.631
95.042
102.631
94.858
100.015
98.199
98.289
94.613
97.756
98.319
97.136
98.488
97.568
98.342
97.857
97.707
98.432
97.782
97.489
98.511
97.718
102.418
94.041
98.263
98.598
103.274
91.974
99.553
98.658
99.383
99.496
97.959
95.147
97.022
99.072
97.105
98.207
97.36
98.2
97.616
97.778
98.072
97.853
97.921
98.406
98.41
97.602
98.733
97.161
98.151
99.034
100.409
95.207
98.929
103.086
95.744
97.846
95.346
98.042
97.951
97.921
98.368
99.038
96.383
98.402
100.2
97.304
96.03
98.079
100.94
95.192
98.725
97.497
98.263
97.955
98.661
98.857
100.335
94.914
99.161
98.59
100.031
98.154
94.887
97.801
97.879
98.681
97.327
98.041
97.782
98.402
97.718
98.072
97.68
97.929
98.049
100.985
95.207
98.229
97.65
98.455
102.722
95.015
95.274
99.365
101.568
96.706
103.982
94.064
94.594
97.639
97.729
98.718
97.553
99.086
96.673
98.192
97.177
99.015
97.176
98.489
97.782
97.665
97.929
97.759
98.263
98.128
99.914
95.248
98.865
99.751
99
99.305
98.173
94.94
97.988
98.17
97.616
97.745
98.094
97.883
98.124
97.673
101.417
94.703
97.816
98.203
98
103.278
93.098
97.5
98.147
99.71
100.538
99.327
95.402
98.684
99.027
98.654
100.744
97.015
95.057
97.879
97.914
98.176
97.241
98.425
97.383
100.113
96.414
97.736
98.17
98.312
98.59
98.022
97.594
98.279
97.752
97.872
99.041
99.966
94.748
100.094
97.497
102.744
97.207
93.567
98.489
97.617
97.439
99.561
97.361
97.774
97.376
98.056
98.29
97.752
98.83
98.455
97.091
99.064
97.368
97.989
97.545
101.582
96.978
98.887
95.816
99.402
102.143
120.361
96.455
96.338
98.35
97.601
98.478
98.064
97.936
101.128
98.304
96.015
99.267
98.087
100
98.68
94.474
97.421
98.003
98.173
98.944
96.898
97.726
98.071
97.482
98.218
98.616
97.391
97.617
98.214
97.921
98.741
97.353
97.884
98.83
99.617
98.902
96.203
99.293
98.305
99.071
98.279
95.082
97.527
98.454
97.692
97.865
97.767
98.022
97.824
98.109
97.876
98.022
97.793
98.151
98.417
97.786
97.966
98.218
97.767
100.184
99.729
95.47
100.049
97.805
99.353
99.978
97.936
95
97.639
97.718
97.522
97.76
98.034
97.631
98.357
98.297
97.696
98.019
98.086
98.342
97.496
98.012
97.846
97.759
98.353
99.824
96.545
98.47
99.049
98.714
99.511
98.135
94.719
97.755
98.248
98.335
98.049
98.27
97.617
98.007
98.271
98
97.752
97.962
98
98.241
97.925
98.177
97.759
98.398
98.061
99.872
95.613
99.09
98.594
100.067
98.027
94.838
98.417
96.967
98.33
97.865
98.357
97.538
98.673
97.15
98.177
98.113
97.751
97.76
98.368
102.846
95.331
98.237
97.786
98.071
98.526
99.651
97.169
97.165
99.267
99.605
99.136
98.323
94.887
98.143
98.154
98.045
96.993
100.752
96.391
96.616
98.019
98.109
97.538
97.334
98.271
97.97
98.154
97.481
98.26
98.176
100.169
95.136
99.601
98.839
98.68
100.12
97.85
94.989
97.184
98.256
98.424
98.143
97.538
97.639
97.985
98.041
97.688
98.418
97.575
98.861
98.071
97.756
98.646
98.56
97.914
99.477
98.952
95.507
98.932
99.602
98.616
100.072
97.778
94.974
97.432
97.759
97.779
98.518
97.305
98.094
98.162
97.567
98.151
98.12
97.451
98.293
98.136
97.928
98.177
97.985
97.992
98.993
99.752
96.101
98.985
99.177
99.992
97.519
95.169
101.993
97.733
93.699
102.647
93.973
97.997
97.022
98.981
97.636
98.5
97.507
97.726
97.688
98.872
97.617
98.112
97.873
98.071
99.962
95.606
99.394
98.662
99.553
99.176
98.079
94.647
97.921
99.177
96.488
98.136
98.349
97.26
97.981
97.793
98.312
97.978
97.909
98.346
97.673
98.605
98.328
97.259
98.88
97.744
100.399
96.432
103.383
91.929
98.88
95.342
102.21
92.598
97.729
106.914
93.12
97.711
97.793
98.812
101.139
95.282
102.086
95.249
98.048
98.068
97.778
98.455
97.481
98.497
98.112
98.606
98.876
100.447
95.109
99.184
98.233
99.158
99.481
94.29
99.865
97.462
97.222
98.289
97.545
98.042
98.481
97.808
97.414
100.094
95.579
99.688
96.845
99.297
96.561
100.079
96.383
97.771
100.079
95.609
98.774
98.985
98.966
100.064
98.098
94.447
98.256
97.624
97.695
98.354
97.526
98.008
98.233
98.225
97.793
98.094
98.2
97.849
98.733
97.098
98.105
98.249
97.432
99.18
99.857
95.207
99.29
99.015
99.68
97.895
99.466
93.854
98.308
98.353
97.654
97.079
99.339
97.221
97.895
97.538
96.917
98.714
98.433
98.767
97.714
99.308
95.816
97.699
99.207
99.865
95.424
99.256
98.226
98.845
99.655
98.026
94.887
97.865
97.12
98.417
97.685
98.112
98.248
97.865
98.154
98.173
97.82
98.237
98.263
97.864
98.121
97.425
98.214
97.834
100.982
94.691
99.316
99.331
98.199
100.97
97.376
94.79
97.169
97.417
98.357
98.177
97.752
98.53
97.669
97.872
98.075
98.038
99.68
96.779
97.815
98.094
98.008
98.135
97.56
99.106
100.319
95.083
99.143
98.301
99.481
99.425
98.176
94.76
98.398
98.233
97.481
97.414
98.586
98.952
97.375
97.993
97.872
98.541
97.835
97.917
97.993
98.737
98.417
97.109
98.68
97.884
100.256
95.815
103.598
96.203
98.733
98.88
99.737
97.936
94.496
97.921
97.838
99.275
97.15
97.914
97.774
98.027
97.676
98.496
97.576
98.127
98.316
97.647
98.361
97.462
98.346
98.079
99.793
99.357
97.715
98.398
95.282
103.974
98.331
98.142
98.929
99
95.342
98.038
96.876
98.199
97.767
98.297
97.744
97.718
97.752
98.481
97.722
98.35
98.368
97.391
97.778
97.711
98.207
98.184
99.729
99.966
95.651
98.473
99.485
99.346
98.993
94.334
99.786
100.248
94.376
101.406
153.158
96.211
96.864
97.241
98.319
97.966
97.361
98.888
97.665
101.583
94.575
97.688
98.376
97.864
97.489
98.47
97.85
99.928
97.463
99.834
97.688
98.79
98.97
98.639
94.346
98.199
97.616
98.967
97.943
97.128
98.056
98.576
97.097
98.192
97.842
98.47
97.801
98.289
97.613
97.673
98.015
98.41
98.489
99.853
95.85
99.361
98.327
99.673
97.797
95.233
97.721
97.726
98.267
98.053
97.657
98.177
100.88
94.624
98.128
97.815
97.974
98.011
97.937
99.845
96.136
98.729
97.654
98.346
105.383
90.553
103.376
95.831
99.85
98.582
100.211
96.951
95.639
97.722
98.03
96.959
100.075
96.398
98.03
97.73
98.282
97.436
98.338
97.842
98.248
98.045
97.703
98.154
97.534
98.56
98.779
100.488
95.448
98.319
99.312
99.185
99.078
99.346
94.67
98.082
97.624
97.519
98.41
97.511
97.613
98.507
97.888
98.293
98.026
97.707
97.789
98.978
97.192
99.199
96.928
99.094
97.959
100.226
95.361
99.281
98.967
99.007
99.504
97.304
95.155
97.917
97.361
98.895
97.759
97.56
97.872
98.609
97.41
98.18
98.019
98.215
98.048
97.696
98.474
97.391
98.597
97.906
99.335
105.722
938.744
99.767
96.327
94.914
98.59
97.387
97.414
98.176
97.76
97.857
97.921
101.135
95.215
98.142
98.139
97.422
98.857
98.455
96.849
98.745
96.879
99.978
98.304
96.741
98.928
98.688
99.831
97.666
95.097
96.978
98.007
98.045
101.921
93.873
98.409
97.869
98.282
98.789
96.921
98.369
97.936
97.631
97.865
98
98.263
98.184
98.049
99.654
96.658
99.2
98.454
104.617
95.601
92.2
99.03
98.304
96.85
98.128
97.646
99.173
97.406
98.463
98.105
97.342
98.034
97.56
97.613
98.124
98.406
97.15
98.651
97.744
99.598
96.282
99.639
98.992
98.312
100.106
97.958
96.993
95.079
97.582
97.948
97.455
98.27
98.248
97.489
97.993
99
97.462
98.32
97.537
98.136
98.567
97.09
101.497
95.052
99.41
95.985
100.297
98.12
99.294
99.056
99.015
93.575
99.865
95.921
98.064
98.271
97.473
98.906
97.887
97.327
102.038
96.936
96.459
97.816
98.951
97.545
98.286
98.018
97.782
98.072
98.601
96.639
98.786
100.087
98.24
99.737
97.816
95.049
98.703
96.248
103.455
96.455
95.571
97.304
98.053
98.466
97.688
98.824
97.063
99.016
96.766
97.906
98.042
97.895
98.342
98.488
101.715
94.037
99.519
99.083
99.477
97.515
95.121
97.921
96.819
98.459
98.034
97.391
98.173
98.451
97.477
98.387
97.861
98.218
98.335
97.552
99.474
96.917
98.448
98.161
97.519
99.169
96.185
99.958
98.929
98.97
99.676
98.865
94.688
97.835
98.334
98.154
96.974
97.53
97.44
98.03
98.361
98.383
97.448
98.007
97.504
98.32
97.883
97.974
98.248
97.767
98.763
100.094
95.263
99.914
98.887
99.391
98.203
94.782
97.849
97.143
97.854
98.188
97.383
98.865
98.06
97.553
98.409
97.767
98.233
100.497
96.921
97.15
98.143
97.643
98.086
98
100.44
97.282
97.756
99.033
99.489
98.839
94.274
97.368
97.519
98.218
98.117
98.019
97.616
98.173
98.087
98.417
97.545
98.041
98.121
98.03
97.44
98.578
97.688
97.91
98.207
98.944
97.131
99.068
99.09
99.538
98.27
99.008
93.992
97.591
97.545
99.958
99.384
94.41
101.808
94.842
99.383
95.831
98.102
98.169
98.898
97.192
98.312
97.767
98.143
97.985
99.177
96.567
98.929
98.658
99.383
99.448
98.191
94.102
97.921
98.526
97.714
98.703
97.369
99.729
96.109
101.752
94.211
97.902
98.162
97.984
98.271
97.842
97.632
98.064
98.436
98.282
102.913
92.951
99.673
99.662
99.026
98.264
95.169
97.661
98.489
97.47
99.09
96.654
98.012
105.492
95.985
97.65
98.455
97.602
98.158
98.56
97.56
98.538
97.56
98.237
98.146
97.681
97.733
99.128
100.203
99.797
95.203
99.255
98.673
99.726
98.334
99.233
93.609
97.959
97.233
97.944
100.53
96.432
97.511
100.797
95.722
97.226
98.718
98.417
96.76
99.285
96.688
100.429
94.996
99.056
99.064
100.384
98.849
100.185
99.206
100.786
96.241
99.165
98.511
99.617
97.786
95.158
97.729
97.951
98.113
97.624
98.631
97.312
98.865
97.169
100.151
95.466
98.951
99.639
95.489
101.808
95.462
98.418
97.631
100.215
97.955
96.902
98.394
99.933
97.748
99.477
98.03
94.643
97.56
98.166
97.553
99.823
96.823
97.673
98.105
97.993
97.718
98.568
97.827
98.135
97.804
97.97
98.433
97.985
98.176
98.519
100.617
95.68
98.88
99.752
97.864
101.158
100.019
97.173
95.184
98.722
97.368
98.655
97.424
98.342
97.376
97.786
97.944
97.703
98.252
97.902
97.951
98.391
97.857
98.369
97.778
97.398
98.914
99.917
95.688
98.921
99.15
99.516
98.086
98.158
95.289
97.248
98.384
97.718
97.842
97.56
97.793
99.042
97.428
98.711
97.395
97.958
97.809
100.127
96.106
98.597
97.474
98.399
99.5
95.59
99.455
100.041
98.282
99.883
97.546
95.594
97.24
98.109
98.271
97.552
98.072
97.921
97.793
98.406
97.85
98.609
97.838
98.433
97.439
97.538
97.865
98.488
97.899
98.65
99.256
95.857
99.023
98.601
100.425
97.481
95.32
98.285
97.88
98.154
97.688
97.902
98.369
99.921
95.662
100.282
95.751
98.32
97.902
98.282
98.026
97.767
98.497
97.428
99.73
98.879
99.29
95.488
98.873
98.391
100.751
97.922
98.165
95.162
97.53
97.861
97.624
98.334
97.865
98.568
97.65
97.44
98.425
97.936
97.894
98.042
97.925
98.056
97.936
97.865
100.65
97.711
99.646
99.481
95.264
99.048
96.023
105.94
94.639
94.165
98.752
97.936
96.673
98.978
97.47
98.537
97.951
98.102
97.105
98.09
98.038
97.977
98.023
98.135
97.827
98.215
98.218
99.526
95.602
99.214
99.135
98.771
99.173
98.24
95.538
97.297
98.421
99.383
99.012
96.631
97.624
97.399
98.462
97.842
99.688
98.568
96.466
98.045
97.44
98.658
97.184
99.312
97.534
100.128
95.504
99.368
98.744
98.745
99.522
98.237
94.985
97.519
100.545
95.594
97.989
97.955
97.872
97.804
97.993
98.098
98
97.845
97.737
98.218
97.79
98.007
98
98.226
99.425
99.59
95.417
99.384
98.737
99.857
98.921
98.18
96.011
96.67
100.424
94.546
98.304
98.549
97.865
97.714
98.695
96.861
97.906
102.433
95.462
98.12
98.899
97.951
97.361
98.03
98.304
99.632
95.15
99.594
98.733
99.805
99.165
98.14
94.902
97.966
97.695
97.921
97.617
98.064
98.455
97.289
98.985
97.448
98.007
98.072
97.906
98.639
97.624
98.101
98.162
98.263
102.632
95.943
96.057
102.458
95.527
99.297
99.703
100.24
97.417
94.933
97.139
98.526
97.963
98.278
97.297
98.199
98.041
97.749
98.203
97.526
98.135
97.899
97.737
98.255
98.504
97.35
98.21
98.511
100.369
95.413
98.835
98.921
99.767
98.256
94.781
97.993
98.68
97.467
98.488
97.271
98.327
97.85
98.533
97.591
98.259
98.297
98.56
97.245
99.274
96.654
98.327
97.466
99.008
100.319
99.211
94.741
99.601
98.936
98.985
99.169
98.264
95.127
97.959
97.034
98.391
97.703
98.199
98.241
97.346
97.943
98.045
98.778
97.576
98.319
98.004
97.756
97.763
98.222
97.969
99.125
100.338
95.184
99.665
98.215
100.383
98.816
96.921
95.914
96.951
98.218
97.91
98.15
98.041
97.47
100.177
95.906
99.079
96.522
97.598
98.432
98.049
98.121
98.18
97.752
98.248
100.316
94.725
99.482
99.03
98.729
99.474
98.349
94.696
98.154
97.357
98.523
98.022
97.384
98.255
97.162
98.331
98.037
100.688
95.553
101.143
95.177
97.503
98.32
98.44
97.958
100.771
98.703
96.113
98.184
99.045
98.94
99.925
96.97
95.816
97.342
97.808
98.496
97.395
98.241
97.221
101.29
95.263
97.398
98.147
98.03
98.049
97.816
97.737
98.646
97.778
97.895
100.335
99.248
95.872
99.135
99.064
99.335
98.444
101.094
94.296
98.809
94.342
98.887
97.019
97.936
98.007
97.873
98.112
98.264
97.319
98.079
97.921
98.335
98.184
97.808
97.545
115.399
95.962
97.831
98.338
97.741
97.759
98.673
97.354
99.278
99.906
95.583
100.255
97.696
100.184
97.56
94.624
98.384
97.458
98.064
97.966
98.162
97.808
98.263
98.482
97.654
99.034
97.27
99.207
96.425
98.774
97.305
98.665
97.666
99.398
99.839
98.248
96.402
98.718
98.135
100.305
98.128
97.954
95.215
96.767
98.864
96.906
98.399
98.402
97.357
97.831
99.906
96.376
98.233
97.293
98.497
97.77
98.263
97.73
98.541
98.545
100.09
95.365
99.538
99.158
98.323
100.15
98.177
94.44
97.526
97.842
98.846
97.079
97.737
98.44
97.586
97.906
98.91
98.32
97
98.327
97.872
98.376
97.56
98.353
97.478
104.53
94.782
95.515
99.071
99.327
99.008
99.368
98.049
94.846
97.722
98.105
99.853
98.587
96.229
97.433
100.334
96.019
97.417
98.143
98.872
97.357
97.572
98.496
101.504
94.797
98.225
98.339
100.838
94.872
98.583
100
98.695
99.339
98.12
95.004
97.507
98.2
97.503
98.094
97.906
98.072
98.767
97.225
99.504
96.553
98.327
97.729
100.767
94.665
98.185
97.887
98.398
103.85
95.368
95.087
99.695
98.639
98.715
99.545
94.725
98.41
100.263
94.846
98.97
97.617
97.872
102.364
93.643
97.41
99.703
96.654
98.658
97.384
99.112
96.861
98.436
97.564
98.169
99.568
100.466
94.951
99.185
98.639
100.019
98.285
94.376
98.263
98.632
97.444
97.624
97.812
98.007
98.241
97.864
99.249
96.594
97.751
98.568
97.59
97.959
97.929
98.146
98.305
97.752
104.172
91.764
99.368
97.47
104.594
97.372
98.666
99.992
98.496
93.936
97.463
98.049
98.624
97.176
98.042
101.376
94.887
97.496
98.47
97.624
98.079
97.978
97.962
98.045
98.259
97.952
97.669
98.12
101.624
94.823
99.29
99.278
98.372
99.684
97.948
95.391
97.808
97.726
97.394
97.895
98.455
100.891
96.023
96.721
100.151
95.902
98.665
98.17
97.503
98.497
98.18
98.481
97.481
99.632
99.823
95.128
99.211
98.921
98.387
99.827
98.03
95.068
97.812
97.255
98.083
98.034
97.91
97.921
98.022
98.271
97.553
97.736
98.433
97.432
98.406
98.41
97.831
97.601
98.448
99.665
99.902
95.185
100.154
97.947
105.323
89.03
107.715
89.567
96.809
98.951
97.985
98.432
97.838
97.576
98.312
98.015
97.913
98.192
97.906
97.992
98.327
97.903
98.007
98.474
97.838
99.824
98.872
95.947
98.895
98.425
100.079
98.184
98.278
94.936
102.523
93.752
97.601
98.011
98.73
96.721
98.568
97.617
98.188
98.146
97.895
97.816
101.695
94.978
97.879
98.177
98.489
100.752
99.191
94.64
99.368
98.361
99.609
98.47
98.09
94.887
97.079
98.128
97.744
98.271
97.816
98.064
98.09
97.737
98.15
97.681
98.173
98.041
97.88
98.203
98.981
97.395
101.424
96.384
95.759
99.128
98.944
98.894
99.406
98.275
94.913
98.271
100.944
95.034
98.432
97.902
97.41
98.12
97.861
97.635
98.711
97.455
98.154
98.143
98.759
96.914
98.364
100.921
96.019
100.008
95.079
99.391
98.481
99.214
99.376
97.944
94.752
98.297
97.714
98.207
97.605
98.011
97.767
97.914
97.703
98.353
97.853
98.241
98.128
102.601
93.35
97.977
98.294
98.977
98.233
96.376
98.53
99.301
98.872
99.978
97.575
99.233
93.639
98.722
96.47
97.898
98.03
98.184
98.527
97.665
97.929
98.278
97.707
98.263
97.383
98.106
98.199
98.049
97.759
99.511
99.959
95.778
99.03
98.688
100.027
97.567
95.286
97.624
98.056
97.955
97.854
99.079
97.12
98.12
97.801
97.568
102.447
94.665
99.038
96.763
101.241
97.037
95.327
97.561
100.259
99.087
100.793
98.928
95.072
99.349
98.455
99.436
99.271
98.143
95.207
97.706
97.775
98.489
97.751
99.305
96.797
100.09
96.154
97.839
98.165
97.876
99.03
97.214
97.85
98.353
101.264
94.958
100.936
97.027
100.101
98.083
95.12
104.008
96.376
100.488
99.598
98.711
98.387
94.71
96.391
98.865
97.771
97.62
97.827
98.177
98.101
97.921
97.966
98
98.023
98.346
97.793
98.087
98.176
97.887
98.771
98.583
99.831
95.473
99.369
98.462
100.617
97.503
99.215
93.819
98.256
97.556
97.872
98.425
97.169
99.504
97.609
97.391
98.354
97.845
97.651
98.391
97.846
98.267
97.236
98.091
98.654
99.522
95.384
99.583
98.718
99.996
98.428
97.993
94.722
97.518
98.098
97.711
97.898
98.2
98.045
97.65
98.677
97.68
97.692
98.037
98.594
97.888
97.83
98.425
97.839
98.361
98.672
99.534
95.794
99.391
98.699
99.823
98.166
95.383
97.068
98.304
98.399
98.609
97.086
99.346
96.861
98.011
97.421
98.211
97.902
97.778
98.128
97.853
98.339
98.128
98.319
98.166
99.68
95.665
98.752
98.497
99.112
100.903
97.375
94.185
98.458
97.873
97.503
98.888
97.12
98.364
97.609
97.944
97.895
98.21
98.327
97.858
98.815
97.29
98.511
97.733
98.233
99.147
100.045
95.331
100.357
97.297
97.526
97.418
97.695
97.767
98.466
97.44
97.85
98.12
97.767
98.007
97.91
97.891
98.041
97.647
98.327
97.85
97.432
98.023
98.597
101.44
94.267
97.696
97.872
97.816
98.27
98.034
97.278
98.395
97.342
102.857
93.805
97.507
98.079
98.263
98.354
97.47
97.955
98.214
97.184
99.297
96.718
98.207
97.876
98.695
96.831
98.391
97.639
98.162
97.575
97.707
97.959
98.169
97.838
97.959
97.688
98.255
97.433
98.387
97.718
97.65
97.718
97.993
99.071
97.222
97.865
97.146
98.222
97.455
98.53
97.425
98.383
97.737
97.824
97.785
100.384
96.158
97.954
101.32
94.733
97.008
99.064
97.898
100.666
95.439
98.733
96.906
98.414
97.139
97.654
97.857
97.903
97.894
97.801
97.808
98.091
97.793
97.887
97.925
97.947
97.733
98.376
97.767
97.579
97.887
98
97.959
97.955
98.278
97.312
98.049
97.737
97.936
97.981
98.083
98.342
97.312
101.985
96.15
95.745
100.56
95.44
98.439
97.523
98.263
97.662
98.575
97.105
98.624
98.489
97.399
97.011
98.222
97.417
98.199

------------------------------------------------------------------------------------------------------------------------------------------------
max val(#8405) = 938.74us
min val(#9529) = 89.03us
peak-to-peak = 849.71us
mean +- RMS = 98.32 +- 9.37 us

packet size: 516
number of packets: 10000
RATE = 41984.26kbps, PPS = 10170.6
