Destination address set to 01:1B:19:00:00:00
Defaults: 01:1B:19:00:00:00 or 01:80:C2:00:00:0E
SIOCSHWTSTAMP: tx_type 1 requested, got 1; rx_filter 0 requested, got 0
setting ts_flags: 0x53
new ts_flags: 0x53


hw tx time, us: packets 10000:
relative abs time 1517964592544321600 ns
first packet abs time 1517964592588981260 ns
------------------------------------------------------------------------------------------------------------------------------------------------
44659.7
44733.6
44827.3
44938
45032.6
45142.8
45237.8
45343
45434.5
45547.6
45652.2
45751.1
45855
45956.9
46049.9
46162
46257.8
46364.2
46458.9
46570.1
46669.4
46774.5
46884
46967.5
47084.1
47187.6
47279.6
47389.6
47488.5
47593.9
47692.8
47798.1
47907.4
47992.8
48108.1
48208.1
48308.4
48412.7
48521.4
48612.3
48722.7
48821.5
48926.8
49025.3
49133.3
49232.1
49341.6
49424.8
49540
49640.9
49746.5
49845.7
49952.4
50050.1
50158.1
50255.6
50362.5
50461.9
50559.3
50664.9
50772.3
50869.9
50976.1
51074.3
51181.6
51281
51378.6
51485.1
51582.1
51683.3
51793.6
51895.7
52002.2
52097.6
52204.8
52303.4
52410.4
52506.9
52614.9
52713
52820.3
52919.1
53025.5
53123.6
53257.6
53325.4
53432.5
53535
53625.1
53737.1
53835.6
53942.2
54050
54147.9
54245.2
54351.6
54459.5
54558.1
54648.4
54761.9
54861.4
54965.9
55073.2
55168.7
55276.3
55374.8
55482.1
55580.4
55673.7
55784.7
55891.9
55989.4
56096.6
56194.8
56300.9
56399.6
56506.3
56604.3
56703.8
56808.8
56915.9
57013.2
57120
57218.5
57324.6
57423.5
57530.7
57628.2
57765.2
57832.5
57938.9
58037.8
58144.3
58242
58347.8
58446.8
58553.6
58652.9
58759.9
58855.3
58961.3
59061
59167.5
59265.9
59373.4
59471.9
59578.5
59676.2
59782.6
59882.6
59979.8
60085.6
60193.8
60292.3
60389.3
60494.7
60602.2
60701.2
60808.2
60904.6
61012.3
61110.7
61217.6
61315.1
61421.3
61519.8
61658.1
61720.3
61827.4
61929.3
62028.1
62127.1
62237
62338.4
62443.9
62542
62647.1
62745.6
62851.5
62950.9
63058.4
63156.2
63261
63360.7
63466.7
63565.6
63670.8
63769.1
63874.2
63974.6
64083.6
64182.3
64287.3
64385.2
64490.8
64589.3
64694.1
64797.9
64902.4
65001.2
65115
65206.9
65314.9
65429.7
65523.1
65637.7
65732
65832.2
65954.7
66036.8
66139
66350.4
66422.7
66524.9
66626.6
66728.8
66830.9
66933.5
67035.6
67140.1
67240.8
67343.3
67445.6
67548.3
67650.2
67752.8
67854.9
67957.5
68059.4
68161.8
68264.6
68366.9
68469.1
68571.9
68674.4
68776.6
68879.2
68981.4
69083.5
69186.2
69288.8
69390.6
69493.1
69595.6
69697.7
69799.9
69902.6
70013.4
70108.4
70210.3
70314.1
70414.5
70517.3
70619.8
70722.1
70824.6
70926.8
71029.1
71131.7
71233.7
71337.5
71438.7
71540.4
71659.4
71746.7
71848.5
71950.9
72053.6
72155.6
72258.1
72360.3
72463.2
72565.1
72667.6
72769.7
72872.6
72974.7
73077.5
73179.1
73282
73384
73487.2
73589
73691.5
73793.9
73896.4
73998.8
74101.1
74203.6
74306.1
74412.9
74512.3
74613
74715.5
74817.7
74920.2
75022.8
75125
75227
75329.8
75431.9
75536.1
75637.1
75738.9
75841.6
75944.3
76046.5
76149
76251.3
76353.6
76456.2
76558.7
76661.1
76763.3
76865.7
76968.2
77070.3
77172.9
77275.4
77377.6
77480
77582.2
77684.5
77787.4
77889.6
77991.7
78094.5
78196.9
78298.8
78401.5
78504.1
78606.2
78710.1
78816
78913.6
79016.3
79118.5
79220.5
79323.1
79426
79528
79630.3
79734.3
79835.5
79937.3
80039.8
80142.5
80244.9
80347.2
80449.8
80551.5
80654.3
80756.6
80858.9
80961.6
81064.1
81166.2
81268.7
81371
81473.1
81575.6
81679.3
81780.7
81883.1
81985.3
82087.8
82190.1
82292.8
82395.1
82497
82599.8
82702.4
82804.7
82908.5
83009.7
83119.2
83215.4
83316.8
83418.9
83521.5
83624.2
83726.4
83828.6
83933.2
84033.3
84135.9
84238.2
84340.1
84442.5
84545.8
84647.8
84750.1
84852.1
84954.6
85057.3
85198
85270.4
85373.4
85476
85578.7
85678.4
85784.1
85883.7
85988.6
86088.5
86192.7
86303.7
86390.5
86498.8
86601.9
86702.6
86806.1
86907.1
87010.3
87112.6
87216.5
87317.3
87420.3
87521.6
87625.2
87726.4
87829.4
87931.5
88035.9
88138.5
88240
88341.1
88444.2
88545.5
88649.4
88750.3
88854
88955.1
89057.8
89159.6
89264.4
89364.8
89467.6
89569.1
89673.8
89774
89877.8
89979.3
90082.9
90184.2
90288.3
90388.4
90493
90600.7
90698.2
90798.3
90902
91003.1
91106.6
91208
91312.8
91413
91516.6
91657.7
91715.2
91823.5
91926.6
92027.2
92131.6
92232
92337.1
92437.1
92541.3
92641.6
92746
92846.4
92949.9
93051
93154.5
93256.2
93362
93461.7
93565
93665.9
93769.4
93870.7
93974.5
94075.6
94179.6
94279.7
94383.9
94485.7
94588.9
94689.5
94792.9
94894
95003.3
95099.5
95202
95303.9
95407.7
95508.8
95612.4
95713.7
95816.8
95918.5
96021.7
96123
96226.5
96327.7
96431.1
96532.7
96636.4
96737.3
96840.6
96941.8
97045.6
97146.7
97250.4
97352.1
97455.9
97558.8
97661
97760.9
97865.1
97966.4
98069.8
98171.2
98274.1
98375.9
98479.5
98580.9
98684.3
98785.5
98889.2
98989.8
99093.6
99195.1
99318
99404.4
99504.9
99604.9
99708.1
99809.3
99913.2
100014
100117
100219
100323
100424
100528
100628
100732
100833
100938
101038
101143
101243
101346
101448
101550
102758
102785
102883
102986
103086
103190
103291
103395
103495
103599
103700
103804
103906
104009
104110
104214
104315
104426
104519
104623
104724
104828
104929
105032
105133
105238
105339
105442
105543
105647
105748
105852
105984
106074
106155
106263
106355
106464
106568
106673
106790
106883
107083
107176
107278
107380
107483
107585
107696
107791
107892
107994
108097
108199
108301
108404
108506
108609
108711
108813
108916
109018
109122
109223
109325
109428
109530
109632
109735
109837
109939
110042
110146
110246
110349
110451
110554
110657
110759
110861
110964
111066
111168
111271
111373
111475
111578
111681
111784
111886
111988
112094
112193
112295
112397
112499
112602
112704
112807
112909
113012
113114
113216
113319
113421
113524
113626
113729
113831
113933
114035
114138
114240
114344
114445
114548
114650
114753
114855
114958
115060
115162
115264
115367
115469
115572
115674
115776
115879
115981
116084
116186
116288
116391
116497
116596
116698
116800
116903
117006
117108
117210
117312
117415
117517
117619
117722
117824
117927
118029
118131
118234
118336
118438
118542
118643
118745
118848
118950
119053
119155
119258
119360
119462
119565
119667
119770
119872
119974
120077
120179
120282
120384
120486
120589
120691
120803
120897
120998
121101
121203
121306
121408
121510
121656
121711
121818
121920
122023
122125
122227
122330
122432
122535
122637
122741
122842
122944
123047
123149
123252
123354
123457
123558
123661
123765
123866
123968
124071
124173
124275
124378
124480
124582
124685
124787
124890
124992
125102
125198
125300
125402
125504
125607
125709
125811
125914
126016
126118
126221
126323
126425
126528
126630
126733
126835
127058
127161
127254
127353
127448
127565
127663
127767
127884
127978
128143
128174
128276
128380
128486
128585
128685
128789
128890
128993
129094
129197
129299
129403
129504
129607
129709
129813
129914
130018
130119
130222
130323
130427
130528
130632
130733
130836
130938
131041
131143
131247
131348
131451
131551
131691
131767
131882
131963
132066
132169
132271
132371
132475
132576
132686
132781
132885
132986
133089
133190
133295
133395
133499
133600
133704
133805
133908
134010
134114
134214
134320
134419
134523
134624
134727
134829
134933
135033
135137
135239
135342
135443
135547
135648
135751
135853
135956
136057
136161
136262
136368
136468
136571
136672
136776
136877
137000
137078
137185
137286
137390
137492
137596
137696
137800
137901
138004
138106
138208
138310
138413
138515
138619
138720
138823
138925
139028
139129
139233
139334
139438
139539
139643
139744
139847
139948
140053
140153
140257
140358
140462
140565
140667
140768
140872
140973
141076
141178
141282
141390
141487
141587
141692
141792
141896
141997
142100
142201
142305
142406
142509
142611
142714
142816
142920
143021
143124
143225
143329
143430
143534
143635
143739
143840
143943
144045
144148
144249
144353
144454
144558
144659
144763
144863
144967
145069
145172
145273
145377
145478
145582
145683
145794
145888
145992
146093
146195
146297
146401
146502
146606
146707
146810
146911
147014
147116
147220
147321
147425
147526
147629
147732
147850
147935
148038
148140
148242
148338
148441
148543
148646
148747
148850
148955
149055
149157
149264
149363
149465
149567
149669
149772
149874
149978
150079
150181
150283
150386
150489
150591
150693
150796
150898
151001
151103
151205
151307
151410
151513
151649
151720
151820
151922
152025
152127
152230
152332
152434
152536
152639
152741
152843
152946
153048
153153
153253
153356
153458
153568
153664
153766
153868
153970
154072
154177
154277
154380
154482
154585
154687
154789
154892
154994
155096
155198
155301
155403
155506
155608
155711
155814
155915
156018
156120
156223
156325
156427
156530
156632
156734
156837
156939
157041
157144
157247
157350
157451
157554
157656
157758
157861
157968
158066
158169
158271
158375
158476
158578
158680
158782
158885
158987
159090
159192
159294
159397
159500
159601
159704
159806
159909
160011
160114
160216
160318
160421
160524
160625
160728
160830
160933
161035
161137
161240
161342
161444
161548
161651
161752
161854
161957
162059
162162
162264
162371
162469
162573
162674
162776
162879
162981
163083
163186
163288
163390
163493
163595
163698
163800
163902
164005
164107
164209
164312
164415
164517
164619
164722
164824
164926
165028
165131
165234
165336
165438
165541
165643
165747
165848
165951
166053
166155
166257
166360
166462
166565
166674
166772
166872
166974
167077
167179
167281
167384
167486
167589
167691
167793
167947
168026
168121
168213
168322
168415
168519
168611
168725
168827
168922
169064
169134
169234
169338
169439
169542
169644
169748
169849
169952
170053
170176
170254
170361
170463
170567
170668
170772
170873
170976
171077
171181
171282
171385
171487
171589
171687
171796
171897
172000
172101
172205
172306
172409
172511
172614
172715
172819
172920
173024
173125
173229
173329
173433
173534
173639
173739
173843
173944
174048
174149
174253
174353
174457
174566
174664
174763
174866
174968
175071
175173
175277
175378
175481
175582
175686
175787
175890
175992
176095
176199
176301
176402
176505
176606
176709
176811
176915
177016
177120
177220
177325
177426
177529
177630
177734
177835
177939
178040
178143
178245
178349
178450
178554
178654
178757
178859
178969
179064
179169
179269
179373
179474
179577
179678
179782
179883
179986
180088
180191
180293
180399
180498
180600
180702
180806
180907
181010
181112
181216
181316
181420
181522
181652
181720
181829
181931
182035
182137
182239
182341
182444
182546
182649
182750
182853
182955
183059
183160
183283
183357
183467
183570
183673
183775
183878
183979
184083
184184
184287
184388
184492
184595
184698
184798
184902
185003
185107
185208
185312
185413
185516
185617
185722
185822
185927
186027
186130
186231
186336
186436
186539
186641
186745
186846
186950
187051
187154
187256
187359
187460
187563
187674
187769
187870
187973
188075
188179
188280
188384
188484
188588
188689
188824
188911
189014
189095
189204
189297
189407
189500
189608
189718
189809
189987
190009
190117
190219
190321
190423
190526
190628
190730
190833
190936
191038
191140
191250
191346
191447
191549
191659
191758
191860
191962
192064
192166
192269
192371
192474
192576
192678
192781
192884
192987
193088
193191
193293
193395
193498
193600
193702
193804
193907
194009
194112
194214
194316
194419
194522
194624
194727
194829
194931
195034
195136
195238
195341
195443
195545
195653
195751
195853
195955
196058
196160
196263
196364
196467
196569
196672
196774
196876
196979
197081
197185
197286
197389
197491
197594
197696
197798
197900
198003
198105
198208
198310
198413
198515
198617
198720
198822
198924
199027
199129
199232
199334
199436
199539
199642
199744
199846
199948
200055
200154
200256
200358
200460
200563
200665
200767
200870
200972
201075
201177
201279
201384
201484
201586
201689
201791
201894
201996
202099
202201
202304
202406
202509
202610
202713
202815
202918
203020
203122
203225
203328
203430
203533
203634
203737
203839
203942
204044
204147
204249
204357
204455
204556
204659
204761
204863
204966
205068
205170
205273
205376
205478
205582
205682
205785
205887
205990
206092
206195
206297
206399
206502
206606
206706
206809
206911
207014
207116
207219
207321
207424
207526
207628
207730
207833
207936
208038
208140
208243
208345
208447
208550
208652
208759
208896
208956
209072
209174
209276
209377
209476
209582
209687
209787
209892
209991
210091
210198
210295
210400
210504
210605
210710
210812
210918
211015
211119
211220
211323
211424
211528
211650
211723
211835
211937
212040
212139
212243
212353
212448
212556
212654
212754
212858
212962
213063
213162
213268
213377
213473
213581
213677
213786
213883
213984
214087
214186
214292
214401
214497
214604
214701
214810
214906
215007
215110
215210
215315
215424
215520
215629
215726
215833
215930
216038
216137
216259
216338
216446
216544
216653
216749
216856
216954
217061
217159
217268
217366
217471
217568
217673
217773
217878
217977
218082
218183
218289
218387
218492
218592
218697
218797
218900
219002
219107
219208
219307
219411
219516
219617
219722
219821
219925
220025
220130
220231
220339
220435
220539
220641
220747
220845
220949
221050
221154
221254
221362
221458
221559
221655
221767
221869
221975
222073
222178
222278
222386
222484
222589
222688
222792
222892
222996
223098
223201
223302
223408
223507
223612
223712
223816
223916
224021
224122
224226
224326
224431
224531
224635
224736
224840
224940
225065
225142
225249
225350
225456
225555
225661
225760
225864
225965
226069
226169
226273
226374
226478
226578
226685
226784
226889
226989
227092
227193
227299
227398
227503
227603
227709
227807
227911
228012
228116
228218
228321
228422
228526
228627
228734
228831
228936
229036
229140
229241
229345
229449
229555
229651
229746
229844
229960
230056
230164
230259
230368
230464
230573
230669
230780
230959
230979
231079
231180
231282
231385
231487
231588
231692
231796
231896
231999
232101
232203
232306
232408
232511
232613
232715
232819
232920
233027
233125
233228
233330
233432
233534
233636
233739
233841
233944
234047
234148
234251
234353
234456
234558
234661
234763
234865
234968
235070
235172
235275
235377
235480
235582
235685
235787
235890
235993
236094
236197
236299
236402
236503
236606
236709
236811
236913
237017
237118
237221
237328
237427
237528
237630
237732
237835
237937
238040
238142
238244
238347
238449
238551
238654
238757
238859
238961
239064
239166
239268
239371
239473
239575
239678
239780
239883
239985
240087
240192
240293
240395
240497
240600
240702
240804
240906
241009
241111
241216
241316
241419
241521
241640
241731
241829
241931
242033
242135
242238
242341
242443
242545
242647
242750
242853
242955
243057
243159
243262
243364
243467
243569
243671
243774
243876
243979
244081
244184
244286
244388
244490
244593
244695
244798
244900
245002
245105
245207
245310
245414
245515
245617
245719
245822
245924
246026
246134
246232
246334
246436
246538
246641
246743
246845
246948
247050
247153
247255
247357
247460
247563
247665
247767
247870
247972
248075
248177
248279
248381
248484
248587
248689
248791
248894
248996
249098
249201
249303
249406
249508
249612
249713
249815
249918
250020
250122
250225
250327
250435
250533
250634
250787
250861
250972
251063
251147
251246
251358
251484
251571
251668
251847
251872
251971
252078
252179
252284
252383
252488
252589
252695
252794
252893
252998
253102
253202
253306
253407
253513
253612
253717
253817
253915
254022
254128
254226
254331
254431
254536
254635
254740
254840
254947
255045
255149
255250
255353
255454
255559
255660
255764
255864
255971
256069
256173
256274
256377
256479
256583
256683
256787
256889
256996
257094
257197
257298
257402
257502
257607
257707
257812
257912
258017
258117
258241
258318
258426
258527
258632
258731
258835
258936
259044
259141
259246
259346
259451
259550
259655
259755
259859
259960
260064
260165
260269
260369
260474
260574
260678
260779
260884
260983
261088
261189
261295
261394
261498
261598
261704
261803
261908
262008
262112
262213
262320
262418
262522
262624
262730
262827
262931
263032
263136
263239
263346
263442
263546
263646
263751
263851
263955
264056
264159
264261
264368
264466
264569
264670
264775
264875
264979
265080
265184
265285
265392
265490
265593
265694
265798
265899
266003
266104
266207
266308
266415
266513
266618
266718
266822
266923
267021
267129
267234
267333
267440
267537
267642
267742
267846
267947
268052
268152
268256
268357
268460
268561
268666
268766
268871
268971
269075
269176
269280
269381
269485
269585
269693
269790
269895
269995
270100
270199
270304
270405
270508
270610
270715
270814
270919
271020
271124
271224
271348
271423
271533
271670
271748
271852
271955
272039
272142
272239
272341
272451
272577
272649
272822
272847
272959
273060
273162
273264
273367
273469
273572
273673
273776
273879
273981
274083
274186
274288
274390
274493
274599
274698
274800
274902
275005
275107
275209
275312
275414
275516
275619
275721
275825
275926
276029
276131
276234
276336
276438
276541
276643
276746
276848
276951
277052
277155
277257
277360
277462
277564
277667
277769
277872
277974
278077
278179
278281
278384
278486
278589
278691
278793
278903
278999
279101
279203
279305
279408
279510
279612
279715
279817
279920
280024
280124
280227
280329
280432
280534
280637
280739
280841
280943
281046
281148
281251
281353
281455
281557
281664
281763
281865
281967
282070
282172
282275
282377
282480
282582
282684
282787
282889
282991
283093
283197
283303
283401
283503
283606
283708
283810
283913
284015
284118
284222
284323
284425
284527
284630
284732
284835
284937
285040
285142
285245
285347
285449
285551
285654
285756
285859
285961
286063
286166
286268
286371
286473
286575
286678
286780
286883
286985
287087
287190
287292
287395
287497
287599
287706
287804
287907
288009
288111
288214
288316
288420
288521
288623
288725
288828
288930
289033
289135
289238
289340
289444
289545
289647
289750
289852
289954
290057
290159
290261
290364
290466
290569
290672
290774
290876
290978
291081
291183
291285
291388
291490
291593
291696
291798
291900
292008
292106
292207
292309
292412
292514
292738
292840
292925
293028
293123
293245
293358
293454
293551
293666
293814
293846
293957
294055
294161
294266
294366
294470
294571
294676
294775
294880
294980
295086
295185
295289
295392
295488
295594
295698
295799
295905
296003
296107
296208
296312
296413
296517
296618
296721
296823
296930
297027
297131
297232
297336
297437
297542
297642
297746
297849
297947
298052
298156
298256
298360
298461
298565
298666
298770
298871
298978
299075
299180
299281
299383
299485
299589
299689
299786
299896
299996
300100
300205
300305
300409
300509
300614
300714
300817
300919
301025
301123
301228
301328
301432
301533
301639
301738
301844
301942
302048
302148
302252
302352
302456
302557
302661
302762
302866
302966
303070
303171
303276
303376
303481
303580
303685
303785
303890
303990
304113
304192
304300
304401
304505
304604
304709
304809
304913
305014
305119
305219
305326
305424
305527
305629
305733
305833
305938
306038
306141
306243
306349
306448
306552
306653
306756
306857
306961
307062
307166
307267
307374
307472
307575
307677
307780
307882
307985
308086
308189
308291
308399
308501
308597
308701
308805
308905
309009
309110
309214
309315
309421
309519
309623
309724
309829
309929
310033
310134
310238
310339
310445
310544
310648
310749
310854
310953
311058
311158
311263
311363
311469
311567
311667
311773
311879
311978
312082
312182
312287
312387
312492
312592
312693
312802
312887
313003
313106
313206
313311
313413
313519
313609
313723
313821
313906
314018
314120
314222
314325
314427
314530
314634
314734
314837
314939
315041
315143
315246
315348
315451
315554
315658
315758
315860
315963
316065
316168
316270
316384
316476
316578
316679
316782
316885
316987
317089
317192
317294
317397
317498
317601
317703
317806
317908
318011
318113
318216
318318
318420
318523
318625
318728
318832
318932
319035
319137
319240
319342
319444
319547
319649
319752
319855
319956
320059
320161
320264
320366
320468
320571
320673
320780
320878
320980
321083
321185
321287
321390
321493
321595
321705
321800
321903
322004
322107
322209
322312
322414
322516
322619
322721
322824
322926
323030
323131
323234
323336
323438
323541
323643
323745
323848
323950
324054
324155
324257
324359
324462
324564
324667
324769
324872
324974
325077
325185
325282
325384
325486
325588
325691
325793
325895
325998
326101
326202
326305
326408
326510
326612
326715
326817
326919
327022
327124
327228
327329
327431
327533
327636
327738
327841
327944
328045
328148
328252
328353
328455
328558
328660
328762
328865
328968
329070
329172
329274
329377
329479
329586
329684
329786
329889
329991
330094
330196
330299
330401
330503
330606
330708
330810
330912
331015
331118
331220
331322
331425
331527
331633
331732
331834
331937
332040
332142
332244
332346
332451
332551
332653
332756
332858
332961
333063
333165
333267
333370
333473
333626
333700
333812
333906
334008
334093
334202
334298
334407
334502
334613
334756
334812
334916
335023
335120
335225
335324
335428
335528
335636
335733
335838
335938
336043
336143
336247
336348
336453
336553
336660
336758
336862
336962
337065
337167
337273
337372
337495
337571
337681
337781
337886
337985
338089
338191
338295
338395
338500
338600
338706
338806
338910
339010
339114
339215
339319
339420
339524
339624
339729
339829
339936
340034
340138
340238
340342
340443
340548
340648
340751
340854
340960
341058
341163
341262
341367
341467
341571
341664
341777
341881
341979
342082
342186
342287
342390
342491
342595
342696
342800
342901
343009
343106
343210
343310
343414
343515
343619
343720
343825
343925
344024
344130
344235
344335
344438
344539
344643
344744
344848
344948
345054
345154
345257
345358
345462
345563
345668
345768
345872
345972
346079
346177
346275
346383
346489
346587
346691
346792
346896
346997
347101
347202
347305
347406
347510
347611
347714
347815
347919
348020
348124
348226
348332
348430
348535
348635
348739
348840
348944
349045
349148
349250
349355
349454
349558
349659
349762
349864
349967
350069
350172
350275
350373
350478
350602
350679
350787
350888
350991
351092
351197
351297
351404
351502
351605
351709
351815
351912
352016
352116
352220
352321
352427
352526
352630
352731
352836
352935
353038
353140
353244
353345
353451
353550
353655
353755
353858
353960
354063
354164
354269
354369
354505
354582
354691
354780
354890
354981
355089
355184
355294
355389
355496
355695
355796
355898
356001
356102
356205
356307
356410
356512
356614
356717
356819
356921
357024
357126
357229
357331
357433
357536
357638
357741
357843
357946
358048
358150
358253
358355
358458
358565
358664
358764
358867
358969
359071
359174
359276
359379
359481
359584
359686
359788
359890
359993
360095
360198
360300
360403
360505
360608
360710
360813
360915
361017
361119
361222
361324
361427
361529
361633
361734
361837
361939
362041
362143
362246
362348
362451
362553
362655
362758
362867
362964
363065
363167
363270
363372
363475
363577
363680
363782
363884
363987
364089
364191
364294
364396
364498
364601
364703
364806
364908
365011
365113
365216
365318
365420
365523
365625
365727
365830
365932
366035
366137
366239
366342
366444
366547
366649
366752
366853
366956
367060
367161
367268
367366
367468
367570
367673
367776
367878
367980
368084
368185
368287
368390
368492
368594
368697
368799
368902
369004
369107
369209
369311
369414
369516
369618
369721
369823
369926
370028
370131
370233
370335
370438
370540
370643
370745
370847
370950
371053
371154
371259
371359
371462
371564
371673
371769
371872
371974
372076
372178
372283
372383
372486
372588
372690
372793
372895
372997
373100
373202
373305
373407
373510
373612
373714
373817
373920
374022
374124
374226
374328
374431
374572
374643
374747
374851
374953
375048
375151
375258
375354
375466
375570
375668
375773
375872
375977
376077
376182
376282
376386
376489
376587
376691
376796
376896
377000
377101
377206
377306
377410
377511
377617
377715
377820
377920
378024
378125
378228
378330
378434
378534
378640
378739
378843
378944
379048
379148
379253
379344
379458
379559
379665
379764
379867
379968
380072
380173
380276
380378
380482
380583
380689
380787
380892
380992
381096
381197
381301
381402
381506
381606
381713
381812
381916
382016
382120
382222
382327
382426
382530
382630
382735
382836
382941
383040
383145
383245
383348
383450
383554
383654
383752
383860
383960
384064
384168
384269
384372
384473
384577
384678
384782
384885
384992
385088
385193
385293
385397
385497
385602
385702
385806
385907
386013
386113
386217
386317
386420
386522
386625
386726
386830
386931
387037
387136
387240
387341
387444
387546
387650
387750
387854
387955
388082
388159
388266
388365
388468
388569
388673
388774
388877
388979
389085
389184
389288
389388
389492
389593
389698
389798
389902
390003
390107
390207
390311
390413
390516
390617
390721
390822
390927
391026
391131
391231
391337
391436
391540
391646
391750
391849
391953
392051
392154
392256
392361
392464
392561
392666
392770
392870
392974
393074
393178
393280
393386
393484
393588
393689
393792
393894
393998
394098
394202
394306
394413
394509
394614
394714
394817
394918
395023
395123
395227
395328
395422
395521
395631
395727
395835
395931
396045
396141
396261
396341
396452
396632
396652
396755
396857
396959
397061
397164
397266
397368
397472
397573
397676
397778
397880
397982
398085
398187
398289
398392
398496
398597
398700
398801
398904
399007
399109
399211
399314
399416
399518
399621
399723
399825
399928
400031
400133
400235
400342
400440
400542
400645
400747
400849
400952
401054
401157
401259
401361
401464
401565
401670
401771
401873
401976
402078
402180
402283
402385
402488
402590
402694
402795
402897
403000
403102
403205
403307
403409
403512
403614
403716
403819
403921
404023
404126
404229
404330
404434
404536
404642
404742
404843
404945
405048
405150
405252
405355
405458
405560
405662
405765
405869
405969
406071
406174
406276
406379
406481
406584
406686
406788
406892
406993
407095
407198
407300
407402
407505
407608
407710
407812
407915
408017
408119
408222
408324
408427
408529
408631
408733
408836
408939
409045
409144
409246
409348
409451
409553
409655
409758
409860
409962
410064
410168
410269
410372
410474
410577
410679
410782
410884
410986
411091
411191
411293
411396
411498
411600
411704
411806
411908
412011
412113
412215
412317
412420
412522
412625
412727
412829
412932
413035
413136
413239
413342
413449
413547
413649
413752
413853
413956
414059
414161
414263
414366
414468
414570
414673
414775
414878
414980
415082
415184
415289
415389
415492
415594
415697
415799
415901
416004
416106
416209
416311
416437
416521
416626
416729
416831
416939
417036
417143
417229
417346
417445
417545
417651
417758
417856
417960
418059
418163
418264
418369
418469
418575
418674
418778
418879
418983
419083
419187
419288
419392
419493
419599
419698
419802
419902
420007
420108
420212
420312
420416
420517
420624
420722
420826
420926
421024
421132
421238
421336
421441
421540
421654
421742
421850
421951
422055
422155
422260
422360
422465
422565
422673
422770
422873
422975
423079
423179
423284
423384
423488
423589
423695
423794
423898
423999
424103
424203
424307
424408
424512
424613
424719
424818
424922
425023
425128
425228
425352
425428
425536
425637
425741
425842
425947
426046
426151
426251
426355
426456
426560
426661
426765
426865
426972
427071
427174
427275
427379
427480
427585
427685
427790
427890
427995
428094
428198
428299
428403
428504
428607
428709
428813
428916
429014
429118
429223
429323
429427
429528
429632
429733
429838
429938
430044
430142
430246
430347
430451
430552
430655
430757
430861
430962
431069
431166
431271
431371
431475
431576
431675
431781
431885
431985
432091
432190
432295
432395
432499
432599
432704
432805
432909
433010
433115
433214
433318
433419
433523
433624
433728
433828
433932
434033
434131
434239
434343
434443
434546
434648
434751
434852
434955
435057
435160
435262
435368
435467
435571
435671
435775
435876
435981
436081
436185
436287
436387
436489
436590
436697
436800
436900
437011
437092
437217
437296
437415
437505
437613
437712
437814
437917
438019
438121
438224
438326
438428
438531
438633
438735
438838
438940
439043
439146
439247
439350
439453
439555
439658
439760
439862
439964
440067
440170
440272
440374
440477
440579
440681
440784
440886
440988
441091
441193
441295
441398
441502
441603
441707
441808
441915
442013
442115
442217
442320
442422
442525
442627
442729
442831
442934
443036
443138
443241
443344
443446
443549
443651
443753
443856
443958
444060
444163
444265
444368
444470
444572
444675
444777
444880
444982
445084
445187
445289
445391
445494
445597
445700
445802
445903
446006
446109
446215
446315
446416
446518
446621
446722
446826
446927
447030
447132
447235
447337
447439
447542
447644
447747
447849
447951
448054
448156
448259
448361
448464
448566
448668
448771
448873
448976
449078
449180
449282
449385
449487
449590
449692
449795
449898
450000
450102
450204
450307
450409
450511
450619
450717
450819
450923
451024
451126
451228
451331
451433
451535
451641
451740
451843
451945
452047
452150
452252
452354
452457
452559
452662
452764
452866
452969
453072
453174
453276
453378
453481
453584
453686
453788
453891
453993
454097
454198
454300
454402
454505
454607
454710
454812
454915
455021
455121
455222
455323
455426
455529
455631
455733
455836
455938
456041
456143
456245
456348
456450
456553
456655
456758
456860
456962
457065
457167
457307
457378
457482
457586
457687
457789
457891
457996
458100
458199
458311
458407
458512
458611
458717
458814
458919
459018
459122
459223
459329
459428
459532
459632
459736
459837
459940
460041
460145
460247
460351
460451
460555
460656
460760
460861
460966
461066
461169
461270
461374
461475
461581
461677
461785
461885
461989
462090
462193
462294
462398
462499
462606
462704
462801
462910
463015
463114
463217
463318
463422
463526
463623
463728
463832
463933
464037
464137
464241
464342
464447
464548
464655
464753
464857
464956
465060
465161
465265
465366
465470
465571
465678
465776
465880
465980
466084
466186
466289
466390
466494
466595
466701
466799
466904
467004
467128
467205
467313
467414
467519
467619
467726
467824
467928
468029
468133
468234
468337
468438
468542
468643
468747
468848
468951
469053
469157
469257
469360
469462
469567
469666
469771
469872
469979
470077
470182
470282
470385
470486
470589
470691
470795
470896
471001
471100
471205
471305
471408
471512
471636
471710
471819
471920
472026
472125
472228
472329
472433
472534
472638
472739
472843
472943
473049
473149
473253
473353
473458
473558
473662
473763
473868
473968
474074
474173
474277
474378
474483
474582
474686
474787
474891
474992
475098
475196
475300
475402
475506
475606
475710
475811
475908
476016
476123
476220
476325
476426
476531
476630
476734
476835
476938
477039
477146
477244
477348
477450
477553
477653
477757
477858
477962
478063
478167
478269
478376
478473
478580
478678
478784
478882
478989
479087
479195
479293
479383
479492
479592
479694
479796
479899
480002
480104
480206
480310
480411
480513
480616
480719
480821
480923
481025
481128
481230
481334
481435
481537
481641
481742
481844
481947
482049
482152
482254
482356
482459
482561
482664
482766
482869
482971
483073
483176
483278
483380
483488
483585
483687
483790
483892
483994
484097
484200
484302
484404
484508
484609
484711
484814
484916
485019
485121
485223
485326
485428
485532
485633
485736
485838
485941
486043
486145
486248
486350
486452
486555
486657
486759
486862
486964
487066
487169
487272
487374
487476
487579
487681
487790
487887
487989
488091
488193
488295
488398
488500
488603
488707
488807
488910
489012
489115
489217
489320
489422
489524
489627
489731
489832
489933
490036
490139
490241
490343
490446
490548
490651
490753
490856
490957
491060
491163
491265
491367
491470
491572
491677
491777
491879
491981
492084
492191
492289
492391
492494
492596
492699
492800
492903
493006
493108
493210
493313
493415
493518
493621
493722
493824
493929
494030
494132
494235
494337
494439
494542
494644
494746
494849
494951
495054
495156
495259
495361
495463
495566
495668
495771
495873
495975
496078
496180
496283
496385
496488
496595
496692
496794
496897
496999
497102
497204
497306
497409
497511
497614
497716
497819
497921
498023
498128
498228
498330
498433
498535
498638
498740
498842
498944
499047
499150
499303
499368
499477
499561
499675
499768
499877
499972
500088
500188
500301
500448
500479
500592
500700
500796
500900
501000
501105
501205
501312
501410
501515
501636
501710
501820
501926
502025
502130
502230
502336
502433
502538
502639
502745
502844
502948
503048
503153
503254
503360
503458
503563
503662
503767
503867
503973
504072
504177
504277
504382
504486
504581
504687
504791
504892
504995
505096
505201
505301
505405
505506
505612
505711
505815
505915
506019
506120
506224
506325
506428
506530
506636
506735
506839
506939
507043
507144
507247
507349
507453
507555
507662
507758
507863
507963
508067
508168
508272
508373
508478
508578
508684
508783
508880
508988
509093
509192
509296
509397
509500
509601
509710
509806
509911
510011
510115
510216
510320
510421
510525
510626
510731
510831
510935
511035
511139
511240
511343
511445
511548
511653
511761
511858
511954
512059
512164
512264
512370
512469
512574
512674
512779
512878
512983
513083
513208
513284
513393
513493
513597
513698
513801
513902
514008
514107
514212
514311
514416
514517
514621
514721
514825
514926
515032
515131
515235
515336
515441
515540
515644
515745
515849
515952
516053
516155
516260
516360
516464
516564
516669
516769
516873
516974
517081
517179
517286
517384
517488
517590
517697
517793
517897
517998
518104
518203
518307
518408
518513
518613
518716
518817
518921
519022
519126
519226
519330
519432
519536
519636
519741
519841
519945
520046
520171
520257
520369
520451
520560
520655
520771
520853
520961
521056
521177
521368
521473
521574
521678
521780
521882
521984
522086
522189
522291
522393
522495
522599
522700
522803
522906
523008
523110
523213
523315
523418
523520
523623
523725
523828
523930
524032
524134
524237
524341
524441
524544
524646
524749
524851
524953
525056
525158
525261
525363
525472
525569
525670
525773
525875
525977
526079
526182
526284
526387
526489
526591
526694
526796
526899
527001
527104
527206
527308
527411
527513
527616
527718
527820
527923
528025
528128
528230
528333
528435
528539
528640
528742
528844
528947
529049
529151
529254
529356
529459
529561
529664
529766
529873
529971
530073
530175
530279
530380
530483
530585
530688
530790
530892
530995
531097
531200
531302
531404
531507
531621
531712
531814
531916
532019
532121
532223
532326
532429
532530
532633
532737
532838
532940
533043
533145
533247
533349
533452
533555
533657
533761
533861
533964
534066
534169
534276
534374
534476
534579
534681
534783
534886
534988
535090
535193
535295
535398
535500
535602
535705
535807
535910
536012
536115
536217
536320
536422
536524
536626
536729
536831
536935
537036
537138
537241
537343
537445
537548
537651
537753
537855
537959
538060
538162
538265
538367
538469
538577
538675
538777
538879
538982
539084
539187
539289
539391
539494
539596
539698
539801
539903
540006
540108
540248
540307
540424
540527
540630
540730
540839
540935
541040
541140
541245
541344
541444
541550
541655
541757
541855
541959
542063
542166
542264
542369
542473
542572
542677
542777
542882
542983
543087
543188
543295
543392
543496
543597
543700
543802
543907
544007
544110
544211
544317
544416
544520
544621
544725
544825
544929
545030
545135
545235
545342
545440
545545
545645
545749
545850
545973
546050
546159
546259
546365
546464
546567
546669
546772
546874
546978
547078
547182
547283
547387
547488
547593
547692
547797
547898
548001
548102
548206
548307
548410
548512
548618
548717
548821
548922
549025
549126
549230
549331
549435
549536
549642
549741
549845
549945
550049
550150
550254
550356
550463
550560
550666
550764
550869
550970
551073
551174
551278
551379
551482
551584
551686
551790
551894
551993
552098
552198
552302
552403
552506
552608
552715
552812
552916
553017
553121
553222
553326
553427
553531
553632
553738
553837
553941
554041
554146
554246
554350
554451
554555
554656
554753
554861
554967
555066
555169
555270
555374
555475
555579
555679
555783
555884
555988
556090
556194
556294
556397
556499
556603
556704
556807
556908
557012
557113
557217
557318
557422
557522
557626
557728
557833
557932
558038
558137
558243
558342
558447
558547
558651
558751
558855
558956
559081
559157
559265
559366
559471
559571
559675
559775
559880
559983
560080
560185
560291
560390
560494
560595
560699
560799
560903
561004
561099
561197
561314
561414
561537
561653
561726
561826
561924
562019
562204
562224
562330
562435
562533
562635
562738
562840
562942
563044
563149
563249
563352
563454
563556
563659
563761
563864
563966
564068
564172
564273
564376
564478
564581
564683
564786
564888
564991
565092
565195
565297
565400
565502
565605
565707
565809
565912
566014
566116
566219
566321
566424
566526
566629
566731
566839
566936
567038
567140
567243
567347
567448
567550
567653
567755
567857
567960
568062
568164
568267
568371
568472
568574
568676
568779
568881
568983
569086
569188
569291
569393
569496
569598
569700
569803
569905
570008
570110
570212
570314
570417
570520
570622
570724
570827
570929
571031
571142
571238
571339
571441
571545
571650
571749
571850
571953
572055
572157
572260
572363
572465
572569
572670
572772
572875
572977
573079
573182
573284
573387
573488
573592
573694
573796
573899
574001
574103
574205
574308
574410
574513
574616
574717
574820
574922
575025
575127
575230
575332
575435
575541
575639
575742
575844
575946
576049
576152
576254
576356
576458
576561
576663
576767
576868
576970
577073
577175
577277
577380
577483
577585
577687
577789
577892
577994
578097
578199
578301
578404
578506
578608
578711
578813
578916
579018
579121
579223
579326
579428
579530
579633
579735
579837
579945
580042
580145
580247
580349
580452
580554
580656
580759
580861
580965
581066
581169
581271
581373
581476
581578
581681
581783
581886
581988
582105
582199
582304
582399
582508
582611
582712
582814
582918
583016
583122
583216
583327
583454
583530
583636
583736
583839
583940
584045
584146
584252
584351
584456
584555
584658
584760
584863
584964
585068
585170
585277
585374
585479
585579
585683
585784
585887
585989
586093
586196
586294
586399
586504
586603
586707
586808
586912
587013
587117
587218
587325
587422
587527
587627
587730
587833
587939
588037
588140
588242
588348
588447
588551
588651
588755
588856
588960
589061
589165
589266
589372
589470
589574
589675
589778
589880
589985
590085
590189
590290
590396
590495
590600
590699
590803
590905
591010
591109
591213
591313
591418
591518
591645
591718
591827
591928
592032
592133
592230
592339
592444
592542
592648
592747
592851
592952
593056
593157
593260
593362
593466
593566
593673
593771
593875
593976
594080
594180
594286
594385
594489
594593
594690
594796
594902
595000
595104
595204
595309
595409
595513
595614
595721
595819
595923
596024
596128
596228
596332
596433
596557
596633
596742
596843
596947
597047
597151
597252
597357
597457
597561
597662
597769
597867
597971
598072
598176
598276
598380
598482
598586
598686
598792
598891
598994
599096
599201
599300
599405
599505
599609
599710
599814
599915
600019
600120
600223
600324
600428
600529
600633
600734
600838
600941
601038
601144
601248
601348
601452
601552
601651
601755
601859
601960
602064
602165
602269
602369
602473
602574
602678
602779
602883
602986
603089
603188
603285
603386
603489
603591
603694
603795
603898
604000
604103
604206
604308
604410
604512
604619
604717
604820
604922
605024
605127
605229
605332
605434
605537
605639
605741
605844
605946
606048
606151
606253
606355
606458
606560
606663
606765
606868
606970
607072
607176
607278
607380
607482
607584
607687
607789
607892
607994
608096
608199
608301
608404
608505
608608
608711
608813
608916
609022
609120
609223
609325
609427
609530
609633
609734
609837
609939
610042
610144
610247
610349
610451
610554
610656
610758
610861
610963
611066
611168
611271
611375
611476
611577
611683
611782
611886
611987
612090
612192
612295
612396
612500
612602
612705
612806
612909
613011
613115
613216
613332
613422
613525
613625
613728
613830
613933
614035
614139
614240
614343
614445
614548
614650
614752
614854
614957
615059
615163
615264
615367
615469
615573
615674
615777
615878
615981
616083
616187
616288
616391
616492
616597
616698
616800
616902
617005
617107
617211
617312
617415
617516
617620
617726
617825
617926
618029
618131
618234
618336
618438
618540
618643
618745
618849
618950
619053
619155
619258
619360
619462
619564
619667
619771
619872
619974
620077
620179
620281
620384
620487
620589
620691
620795
620896
620998
621100
621203
621305
621408
621510
622731
622785
622852
622971
623050
623164
623262
623372
623454
623564
623660
623769
623911
623974
624082
624180
624286
624391
624491
624595
624695
624800
624900
625007
625105
625210
625309
625414
625515
625620
625719
625823
625924
626029
626129
626234
626337
626433
626538
626642
626743
626848
626947
627052
627152
627259
627357
627462
627562
627666
627766
627872
627971
628075
628176
628283
628381
628487
628586
628691
628790
628894
628996
629099
629202
629301
629405
629509
629609
629714
629814
629918
630019
630124
630225
630331
630429
630533
630634
630731
630840
630945
631043
631148
631248
631355
631453
631556
631650
631762
631863
631967
632067
632171
632273
632380
632477
632581
632681
632786
632886
632991
633092
633196
633296
633403
633501
633606
633705
633809
633910
634015
634115
634220
634319
634424
634525
634630
634730
634833
634934
635059
635135
635243
635344
635448
635548
635655
635753
635857
635958
636062
636163
636267
636368
636472
636573
636680
636777
636883
636983
637087
637187
637292
637392
637497
637598
637704
637801
637906
638007
638111
638211
638315
638416
638520
638620
638726
638825
638930
639030
639134
639236
639340
639442
639539
639645
639751
639849
639953
640054
640158
640259
640364
640464
640568
640668
640775
640874
640978
641078
641183
641282
641386
641488
641591
641688
641797
641898
642001
642102
642207
642307
642411
642511
642616
642716
642852
642928
643038
643118
643232
643328
643439
643530
643645
643740
643848
644032
644143
644245
644347
644450
644552
644654
644757
644859
644962
645064
645166
645269
645372
645473
645576
645678
645781
645883
645987
646088
646190
646293
646395
646497
646600
646702
646804
646907
647011
647112
647214
647321
647419
647522
647623
647726
647829
647931
648033
648136
648238
648341
648443
648545
648647
648750
648852
648955
649057
649160
649262
649364
649467
649569
649672
649774
649877
649978
650081
650185
650286
650388
650490
650593
650696
650798
650900
651003
651105
651209
651310
651412
651515
651639
651721
651823
651924
652027
652129
652231
652334
652436
652538
652641
652744
652846
652948
653050
653153
653256
653358
653460
653563
653665
653768
653870
653972
654075
654177
654279
654382
654484
654587
654689
654791
654894
654996
655099
655201
655303
655407
655508
655610
655713
655815
655918
656025
656123
656225
656327
656430
656532
656634
656737
656839
656942
657044
657146
657249
657351
657454
657556
657658
657761
657863
657965
658068
658170
658273
658375
658478
658580
658682
658785
658887
658990
659092
659195
659297
659399
659502
659606
659706
659809
659911
660014
660116
660219
660321
660428
660526
660628
660730
660833
660935
661037
661140
661243
661345
661447
661549
661654
661754
661857
661959
662061
662164
662266
662368
662471
662574
662676
662779
662920
662979
663095
663198
663301
663400
663506
663600
663707
663812
663913
664016
664119
664220
664325
664425
664529
664629
664734
664834
664941
665039
665144
665243
665348
665449
665553
665653
665757
665858
665964
666063
666166
666268
666372
666472
666576
666677
666782
666882
666989
667087
667192
667292
667396
667496
667600
667701
667805
667906
668012
668115
668212
668316
668420
668520
668624
668724
668830
668930
669037
669135
669240
669339
669444
669544
669649
669749
669854
669954
670058
670159
670264
670364
670468
670568
670672
670773
670877
670977
671081
671183
671290
671387
671492
671592
671701
671797
671901
672001
672107
672207
672314
672412
672509
672617
672721
672820
672924
673025
673129
673232
673340
673436
673540
673640
673744
673844
673949
674050
674154
674254
674360
674459
674564
674664
674769
674868
674973
675073
675178
675278
675387
675484
675589
675688
675793
675893
675997
676097
676204
676302
676408
676507
676612
676712
676835
676911
677021
677122
677226
677326
677433
677531
677636
677736
677840
677941
678045
678145
678251
678350
678454
678555
678660
678760
678864
678965
679070
679170
679274
679374
679480
679579
679684
679784
679889
679989
680093
680193
680298
680398
680503
680603
680709
680807
680912
681013
681117
681220
681325
681422
681526
681651
681723
681832
681938
682036
682140
682241
682347
682446
682550
682651
682752
682856
682961
683060
683165
683265
683370
683470
683575
683674
683769
683867
683984
684076
684190
684286
684396
684492
684601
684697
684828
685011
685102
685204
685306
685408
685510
685613
685715
685819
685920
686022
686125
686227
686330
686432
686534
686636
686739
686841
686944
687046
687149
687251
687353
687456
687558
687660
687763
687865
687968
688070
688172
688275
688377
688480
688582
688685
688787
688889
688992
689099
689197
689299
689401
689503
689606
689708
689811
689913
690017
690118
690220
690323
690425
690528
690630
690732
690835
690937
691039
691142
691244
691347
691449
691551
691657
691757
691859
691961
692063
692166
692268
692371
692473
692576
692678
692780
692882
692985
693088
693190
693292
693403
693498
693600
693702
693805
693907
694009
694111
694215
694316
694419
694521
694623
694726
694828
694931
695033
695135
695239
695340
695443
695545
695647
695750
695852
695954
696057
696159
696262
696365
696467
696569
696672
696773
696876
696978
697081
697184
697286
697388
697491
697593
697695
697802
697900
698002
698105
698207
698310
698414
698515
698617
698719
698821
698924
699026
699129
699232
699333
699438
699538
699641
699743
699846
699948
700050
700153
700255
700358
700460
700562
700665
700768
700869
700972
701074
701177
701279
701382
701484
701586
701689
701791
701894
701996
702099
702206
702303
702406
702508
702612
702713
702815
702917
703020
703122
703225
703327
703429
703533
703636
703736
703839
703941
704044
704146
704249
704351
704454
704556
704658
704812
704893
704989
705069
705180
705306
705395
705500
705584
705698
705868
705894
705993
706102
706202
706307
706407
706512
706612
706716
706817
706923
707021
707125
707226
707330
707431
707535
707636
707740
707843
707943
708045
708150
708250
708354
708455
708560
708659
708764
708864
708971
709069
709173
709274
709379
709479
709583
709684
709788
709890
709989
710093
710197
710297
710402
710502
710607
710707
710811
710912
711019
711117
711222
711322
711425
711526
711637
711733
711839
711936
712042
712141
712246
712345
712449
712551
712654
712755
712859
712960
713064
713165
713269
713370
713473
713575
713679
713779
713883
713984
714089
714189
714286
714395
714500
714598
714703
714803
714908
715008
715111
715213
715319
715417
715521
715622
715725
715827
715931
716032
716136
716237
716343
716442
716546
716646
716750
716851
716955
717056
717160
717260
717366
717465
717570
717670
717774
717875
717979
718080
718184
718285
718392
718489
718613
718690
718798
718899
719002
719104
719208
719309
719416
719514
719617
719718
719822
719923
720026
720128
720232
720332
720438
720538
720642
720742
720847
720947
721051
721152
721255
721356
721462
721561
721660
721773
721871
721982
722079
722175
722282
722383
722483
722586
722692
722790
722896
722995
723100
723203
723300
723405
723509
723609
723716
723814
723917
724019
724124
724224
724327
724428
724532
724634
724741
724838
724942
725043
725147
725248
725352
725452
725557
725688
725767
725856
725959
726056
726159
726272
726364
726473
726582
726672
726858
726877
726982
727084
727186
727288
727391
727493
727595
727698
727800
727903
728005
728107
728209
728312
728415
728517
728619
728722
728826
728926
729029
729131
729234
729336
729439
729541
729643
729746
729850
729950
730053
730155
730258
730360
730463
730565
730671
730770
730872
730974
731077
731179
731281
731383
731486
731588
731691
731793
731895
731998
732100
732202
732306
732408
732510
732612
732715
732817
732920
733024
733124
733227
733329
733431
733534
733637
733739
733841
733944
734047
734148
734251
734353
734456
734558
734660
734763
734865
734968
735074
735173
735274
735377
735480
735582
735684
735787
735889
735992
736094
736196
736299
736401
736504
736606
736708
736811
736913
737016
737118
737220
737322
737425
737527
737630
737732
737835
737937
738039
738142
738246
738347
738449
738551
738653
738756
738858
738961
739064
739166
739268
739371
739478
739575
739678
739779
739882
739985
740088
740190
740293
740395
740497
740599
740702
740804
740907
741009
741111
741213
741316
741418
741521
741640
741728
741828
741931
742033
742136
742238
742340
742444
742545
742647
742750
742852
742954
743057
743159
743261
743364
743466
743569
743671
743781
743877
743978
744081
744183
744285
744388
744490
744593
744695
744797
744900
745002
745105
745207
745310
745412
745514
745617
745719
745821
745924
746026
746128
746231
746333
746436
746538
746761
746864
746963
747066
747162
747265
747360
747464
747563
747666
747763
747910
747968
748084
748185
748289
748389
748494
748594
748699
748800
748905
749004
749108
749209
749314
749413
749518
749618
749723
749823
749931
750028
750132
750232
750337
750438
750542
750642
750747
750847
750954
751052
751157
751256
751354
751462
751567
751660
751770
751873
751971
752076
752181
752280
752385
752485
752590
752690
752794
752894
753001
753100
753204
753304
753408
753509
753614
753714
753818
753918
754019
754124
754229
754328
754432
754533
754637
754737
754842
754942
755048
755147
755252
755352
755457
755557
755682
755758
755866
755967
756073
756171
756276
756376
756480
756581
756685
756785
756890
756990
757094
757196
757301
757401
757505
757605
757709
757809
757914
758014
758118
758219
758325
758424
758528
758628
758733
758833
758938
759038
759143
759243
759349
759447
759553
759652
759758
759858
759962
760063
760170
760269
760367
760472
760576
760677
760780
760881
760985
761086
761190
761291
761398
761496
761600
761703
761809
761906
762011
762110
762215
762315
762422
762520
762625
762724
762829
762929
763034
763134
763239
763339
763446
763544
763648
763749
763854
763954
764059
764158
764263
764363
764461
764569
764674
764772
764877
764977
765081
765182
765285
765386
765491
765591
765696
765796
765901
766001
766106
766206
766310
766411
766515
766615
766715
766822
766924
767025
767129
767227
767329
767430
767532
767635
767738
767844
767939
768042
768144
768246
768349
768451
768553
768658
768758
768861
768963
769065
769167
769270
769373
769475
769577
769680
769782
769884
769987
770089
770192
770294
770397
770499
770602
770704
770806
770908
771011
771113
771216
771318
771420
771523
771629
771728
771830
771932
772035
772137
772240
772347
772446
772547
772649
772752
772855
772957
773059
773161
773263
773366
773469
773571
773674
773776
773878
773981
774083
774185
774287
774390
774492
774595
774697
774799
774902
775004
775107
775209
775312
775414
775516
775619
775721
775824
775926
776029
776131
776233
776336
776438
776541
776643
776750
776848
776950
777054
777155
777257
777359
777462
777564
777666
777769
777871
777974
778078
778179
778281
778383
778486
778588
778690
778793
778896
778998
779100
779203
779304
779407
779510
779612
779715
779817
779919
780022
780124
780226
780329
780431
780533
780636
780738
780841
780943
781051
781149
781252
781353
781455
781557
781663
781762
781865
781967
782070
782171
782276
782377
782479
782582
782684
782786
782889
782991
783093
783196
783298
783401
783503
783606
783708
783810
783913
784015
784117
784220
784322
784425
784527
784630
784732
784834
784937
785039
785142
785244
785347
785453
785552
785653
785756
785858
785961
786063
786166
786268
786370
786474
786575
786677
786780
786882
786985
787087
787189
787292
787394
787497
787650
787724
787829
787913
788023
788118
788226
788321
788435
788518
788630
788773
788836
788944
789041
789143
789249
789348
789452
789552
789660
789757
789861
789962
790066
790166
790270
790371
790476
790576
790683
790781
790885
790986
791090
791190
791294
791395
791499
791600
791691
791805
791912
792009
792114
792215
792320
792419
792523
792624
792729
792829
792936
793033
793138
793238
793337
793444
793548
793648
793752
793853
793960
794057
794162
794262
794367
794468
794572
794672
794777
794880
794977
795082
795187
795286
795392
795491
795596
795696
795800
795901
796008
796106
796211
796311
796415
796515
796620
796720
796823
796925
797031
797129
797234
797334
797439
797539
797662
797738
797848
797949
798056
798154
798259
798358
798463
798563
798667
798768
798872
798973
799080
799178
799281
799382
799485
799587
799692
799792
799895
799997
800101
800201
800305
800407
800511
800611
800715
800816
800920
801020
801125
801225
801331
801430
801534
801640
801736
801840
801945
802047
802152
802250
802355
802454
802559
802659
802764
802863
802968
803068
803172
803273
803380
803478
803582
803683
803786
803888
803992
804092
804196
804300
804405
804502
804608
804707
804811
804912
805016
805116
805221
805321
805428
805526
805631
805731
805835
805935
806040
806140
806245
806345
806446
806551
806656
806755
806860
806959
807063
807165
807269
807369
807476
807574
807679
807779
807884
807983
808088
808188
808292
808393
808528
808605
808719
808804
808913
808996
809105
809201
809309
809405
809520
809702
809722
809820
809926
810024
810126
810228
810331
810433
810536
810638
810741
810843
810945
811048
811151
811253
811355
811457
811560
811667
811764
811867
811969
812072
812174
812276
812379
812481
812583
812688
812788
812891
812993
813096
813198
813300
813403
813505
813608
813710
813812
813915
814017
814120
814227
814326
814427
814529
814632
814734
814837
814939
815041
815144
815246
815348
815451
815553
815655
815758
815862
815963
816065
816167
816270
816372
816475
816577
816680
816782
816885
816986
817089
817191
817294
817396
817499
817601
817703
817806
817908
818011
818113
818215
818318
818420
818522
818630
818727
818829
818932
819035
819137
819239
819342
819444
819547
819649
819752
819854
819957
820059
820161
820263
820366
820468
820570
820673
820775
820878
820980
821084
821185
821287
821390
821492
821594
821698
821800
821902
822004
822106
822209
822311
822414
822516
822618
822721
822823
822925
823033
823131
823233
823335
823438
823539
823642
823745
823847
823949
824052
824154
824257
824359
824461
824564
824666
824769
824871
824973
825076
825178
825283
825383
825485
825588
825691
825793
825895
825998
826100
826203
826305
826407
826509
826612
826714
826816
826919
827021
827124
827226
827333
827432
827534
827636
827738
827841
827943
828045
828148
828250
828353
828455
828595
828655
828771
828874
828977
829077
829182
829277
829382
829488
829591
829691
829795
829896
830001
830101
830205
830306
830411
830511
830618
830721
830818
830920
831025
831125
831229
831330
831436
831535
831644
831741
831847
831947
832044
832149
832254
832354
832458
832559
832666
832764
832869
832968
833073
833173
833277
833378
833482
833582
833689
833788
833892
833992
834096
834196
834301
834402
834506
834606
834712
834811
834915
835016
835112
835221
835327
835426
835530
835630
835734
835835
835940
836040
836144
836245
836349
836450
836554
836654
836759
836859
836966
837064
837168
837269
837374
837473
837578
837679
837783
837883
837990
838088
838192
838293
838397
838497
838602
838703
838807
838909
839009
839113
839217
839317
839441
839517
839626
839727
839831
839931
840038
840136
840240
840340
840444
840545
840649
840750
840855
840955
841055
841159
841265
841364
841468
841569
841670
841772
841875
841975
842079
842181
842284
842385
842489
842590
842694
842794
842898
842999
843105
843205
843309
843410
843513
843614
843717
843828
843927
844023
844127
844229
844331
844433
844537
844638
844742
844843
844946
845048
845152
845253
845357
845457
845562
845662
845766
845867
845971
846072
846175
846276
846381
846481
846585
846686
846789
846890
846994
847095
847200
847303
847405
847505
847609
847710
847814
847914
848018
848119
848231
848325
848429
848530
848633
848734
848838
848939
849043
849143
849247
849348
849442
849555
849655
849760
849852
849963
850062
850163
850272
850376
850471
850645
850674
850777
850878
850980
851083
851184
851287
851389
851494
851594
851707
851803
851904
852006
852109
852211
852313
852415
852518
852621
852723
852825
852928
853030
853133
853235
853337
853440
853542
853645
853747
853849
853952
854054
854157
854259
854362
854463
854566
854669
854771
854873
854976
855078
855181
855283
855385
855487
855590
855694
855795
855897
856000
856107
856205
856307
856409
856511
856614
856716
856819
856921
857024
857126
857229
857331
857433
857536
857638
857740
857843
857945
858048
858150
858252
858354
858458
858559
858662
858764
858867
858969
859072
859174
859276
859378
859481
859583
859686
859788
859892
859993
860096
860198
860300
860402
860510
860608
860710
860812
860916
861017
861120
861222
861325
861426
861529
861635
861734
861836
861939
862041
862143
862246
862349
862450
862553
862656
862758
862860
862963
863065
863167
863270
863372
863475
863577
863679
863782
863884
863986
864090
864191
864294
864396
864498
864601
864703
864813
864910
865011
865114
865215
865317
865420
865522
865625
865727
865830
865932
866034
866137
866239
866341
866444
866546
866649
866751
866853
866956
867059
867161
867263
867366
867468
867570
867673
867775
867877
867980
868082
868184
868289
868389
868492
868594
868696
868799
868901
869003
869106
869214
869313
869414
869516
869618
869721
869823
869925
870027
870130
870233
870335
870490
870571
870665
870746
870857
870954
871048
871151
871264
871357
871473
871654
871677
871779
871880
871986
872084
872188
872289
872413
872493
872600
872698
872801
872902
873006
873107
873212
873312
873416
873519
873617
873723
873827
873927
874030
874131
874235
874336
874440
874541
874647
874746
874849
874950
875054
875155
875259
875360
875463
875565
875671
875769
875874
875975
876078
876179
876284
876384
876488
876590
876696
876798
876894
876998
877103
877203
877306
877407
877512
877613
877719
877818
877922
878022
878126
878227
878331
878432
878536
878636
878740
878842
878946
879046
879150
879251
879355
879456
879560
879661
879765
879866
879972
880070
880175
880275
880379
880480
880585
880685
880788
880890
880997
881094
881191
881300
881405
881504
881607
881710
881817
881917
882014
882119
882225
882323
882427
882528
882631
882733
882837
882937
883043
883142
883247
883347
883451
883552
883656
883756
883859
883961
884068
884166
884272
884371
884476
884576
884681
884781
884884
884985
885092
885190
885294
885394
885519
885595
885704
885805
885909
886009
886115
886214
886318
886419
886523
886624
886728
886828
886933
887033
887139
887238
887342
887443
887547
887647
887752
887853
887957
888057
888162
888262
888367
888467
888571
888672
888775
888877
888981
889082
889187
889286
889392
889491
889596
889696
889800
889902
890007
890105
890209
890310
890417
890515
890618
890720
890824
890924
891028
891129
891233
891364
891441
891536
891658
891733
891848
891967
892060
892158
892268
892453
892556
892658
892761
892863
892965
893067
893170
893278
893375
893477
893579
893681
893784
893886
893988
894091
894193
894295
894398
894502
894603
894705
894807
894910
895012
895116
895217
895320
895422
895526
895626
895729
895832
895934
896037
896139
896241
896344
896446
896548
896651
896754
896856
896958
897060
897163
897265
897368
897470
897572
897679
897777
897879
897982
898084
898187
898289
898392
898494
898597
898700
898801
898904
899006
899108
899211
899313
899416
899518
899621
899724
899825
899928
900030
900132
900235
900337
900439
900542
900644
900747
900849
900951
901054
901156
901259
901361
901463
901566
901670
901771
901873
901975
902083
902180
902283
902385
902488
902589
902692
902794
902897
902999
903102
903204
903306
903409
903512
903614
903717
903818
903923
904023
904126
904228
904331
904433
904536
904637
904740
904842
904945
905047
905150
905252
905355
905457
905559
905662
905764
905867
905969
906071
906174
906276
906384
906482
906583
906686
906788
906891
906993
907095
907197
907300
907402
907505
907607
907709
907812
907914
908017
908121
908222
908324
908427
908528
908631
908733
908836
908938
909041
909143
909245
909347
909450
909552
909655
909757
909860
909962
910065
910167
910269
910372
910474
910576
910679
910786
910884
910986
911088
911191
911294
911396
911498
911600
911704
911805
911908
912010
912113
912215
912439
912541
912626
912728
912825
912947
913034
913136
913248
913345
913453
913581
913648
913761
913862
913987
914063
914170
914271
914375
914475
914580
914680
914784
914884
914989
915089
915193
915294
915399
915500
915606
915704
915808
915909
916012
916114
916218
916319
916423
916524
916630
916728
916832
916932
917037
917137
917241
917343
917447
917549
917649
917752
917856
917956
918060
918162
918266
918368
918474
918571
918678
918776
918881
918981
919084
919185
919289
919391
919495
919595
919695
919800
919904
920005
920110
920210
920313
920415
920519
920619
920726
920824
920928
921029
921132
921234
921338
921438
921541
921648
921745
921848
921952
922053
922157
922257
922361
922462
922565
922667
922764
922873
922978
923076
923180
923281
923385
923486
923589
923690
923794
923895
924001
924101
924204
924305
924409
924510
924614
924715
924818
924920
925025
925124
925228
925329
925433
925534
925639
925739
925843
925946
926044
926149
926252
926354
926457
926558
926662
926763
926867
926968
927093
927169
927277
927378
927483
927582
927686
927786
927890
927991
928098
928196
928300
928401
928504
928606
928710
928811
928915
929015
929123
929221
929325
929425
929529
929630
929734
929835
929939
930039
930146
930244
930350
930449
930553
930654
930758
930859
930962
931063
931167
931268
931372
931474
931580
931706
931779
931883
931989
932087
932193
932293
932394
932489
932607
932688
932808
932899
933008
933109
933211
933308
933417
933522
933608
933718
933821
933923
934026
934128
934230
934334
934435
934537
934640
934742
934845
934947
935054
935152
935254
935356
935459
935561
935664
935765
935868
935971
936073
936175
936278
936380
936483
936585
936688
936790
936892
936995
937097
937200
937302
937404
937507
937609
937712
937814
937916
938019
938121
938224
938326
938428
938532
938633
938736
938838
938940
939043
939146
939247
939355
939454
939555
939657
939759
939862
939965
940066
940169
940271
940374
940476
940579
940681
940783
940886
940988
941091
941193
941296
941398
941500
941602
941706
941808
941910
942013
942114
942217
942319
942422
942524
942627
942731
942831
942934
943036
943138
943241
943343
943446
943548
943650
943759
943856
943957
944060
944162
944265
944367
944470
944572
944675
944777
944879
944981
945084
945187
945289
945391
945494
945596
945699
945801
945903
946005
946108
946210
946313
946415
946518
946620
946722
946825
946929
947030
947132
947234
947337
947439
947542
947644
947747
947848
947953
948054
948161
948259
948361
948463
948566
948668
948770
948873
948976
949078
949180
949282
949385
949487
949589
949692
949794
949897
949999
950101
950204
950307
950408
950511
950613
950716
950818
950921
951023
951127
951228
951330
951433
951535
951639
951740
951842
951945
952047
952151
952252
952354
952462
952560
952661
952764
952866
952969
953071
953173
953327
953393
953502
953587
953702
953785
953895
953990
954099
954194
954307
954448
954512
954615
954723
954820
954925
955024
955130
955229
955336
955435
955541
955639
955745
955844
955968
956044
956152
956253
956359
956458
956563
956663
956767
956867
956972
957072
957176
957277
957381
957482
957588
957687
957791
957892
957996
958096
958201
958301
958405
958506
958613
958710
958814
958915
959019
959120
959225
959325
959429
959529
959635
959735
959839
959939
960043
960144
960248
960352
960449
960556
960654
960759
960864
960963
961067
961168
961273
961373
961477
961577
961680
961783
961888
961987
962091
962192
962297
962397
962501
962602
962708
962806
962911
963011
963116
963216
963320
963421
963525
963626
963731
963830
963934
964035
964140
964240
964345
964445
964549
964649
964747
964855
964960
965058
965162
965263
965367
965468
965572
965673
965777
965878
965982
966082
966188
966288
966391
966492
966596
966697
966801
966902
967007
967107
967211
967312
967416
967517
967621
967721
967826
967927
968033
968131
968236
968336
968441
968540
968645
968746
968850
968950
969076
969153
969259
969360
969464
969564
969668
969769
969874
969976
970074
970179
970284
970384
970489
970589
970693
970793
970897
970998
971104
971203
971307
971407
971511
971635
971710
971817
971923
972022
972123
972227
972332
972431
972536
972637
972742
972842
972946
973046
973152
973251
973356
973458
973556
973661
973765
973865
973969
974070
974204
974280
974389
974467
974576
974672
974781
974878
974986
975081
975196
975380
975399
975497
975599
975701
975803
975906
976008
976110
976213
976315
976417
976520
976622
976725
976827
976930
977036
977134
977237
977341
977441
977544
977646
977748
977851
977953
978055
978158
978260
978364
978465
978568
978670
978772
978875
978977
979080
979182
979284
979386
979489
979591
979694
979796
979899
980001
980103
980206
980308
980411
980513
980616
980718
980820
980922
981025
981127
981230
981338
981436
981537
981643
981742
981844
981946
982049
982152
982254
982357
982459
982563
982664
982766
982868
982971
983073
983176
983278
983380
983482
983585
983687
983790
983892
983994
984097
984199
984302
984404
984506
984609
984711
984813
984916
985018
985121
985223
985326
985428
985531
985633
985740
985838
985940
986043
986145
986247
986350
986452
986554
986656
986761
986862
986964
987066
987169
987271
987374
987476
987579
987681
987783
987886
987988
988090
988193
988295
988397
988500
988602
988705
988807
988910
989012
989114
989217
989319
989422
989524
989626
989729
989831
989933
990036
990143
990241
990343
990445
990548
990651
990753
990855
990959
991060
991163
991265
991367
991470
991572
991675
991777
991879
991982
992084
992186
992289
992391
992493
992596
992698
992801
992903
993005
993108
993210
993313
993415
993517
993620
993722
993825
993927
994029
994132
994273
994332
994455
994545
994654
994754
994855
994959
995068
995166
995262
995368
995468
995574
995681
995780
995885
995984
996088
996190
996288
996392
996498
996597
996701
996802
996907
997007
997111
997211
997319
997416
997520
997611
997724
997826
997930
998031
998135
998235
998343
998440
998545
998645
998749
998850
998954
999055
999159
999259
999365
999464
999568
999669
999773
999874
999978
1.00008e+06
1.00018e+06
1.00028e+06
1.00039e+06
1.00049e+06
1.00059e+06
1.00069e+06
1.0008e+06
1.0009e+06
1.001e+06
1.0011e+06
1.00121e+06
1.00131e+06
1.00141e+06
1.00151e+06
1.00164e+06
1.00171e+06
1.00182e+06
1.00192e+06
1.00202e+06
1.00213e+06
1.00223e+06
1.00233e+06
1.00243e+06
1.00254e+06
1.00264e+06
1.00274e+06
1.00285e+06
1.00295e+06
1.00305e+06
1.00315e+06
1.00325e+06
1.00336e+06
1.00346e+06
1.00356e+06
1.00367e+06
1.00376e+06
1.00387e+06
1.00397e+06
1.00407e+06
1.00417e+06
1.00428e+06
1.00438e+06
1.00448e+06
1.00459e+06
1.00468e+06
1.00479e+06
1.00489e+06
1.00499e+06
1.0051e+06
1.0052e+06
1.0053e+06
1.0054e+06
1.00551e+06
1.00561e+06
1.00571e+06
1.00581e+06
1.00592e+06
1.00602e+06
1.00612e+06
1.00622e+06
1.00635e+06
1.00642e+06
1.00653e+06
1.00663e+06
1.00674e+06
1.00684e+06
1.00694e+06
1.00704e+06
1.00714e+06
1.00725e+06
1.00735e+06
1.00745e+06
1.00755e+06
1.00766e+06
1.00776e+06
1.00786e+06
1.00796e+06
1.00807e+06
1.00817e+06
1.00827e+06
1.00837e+06
1.00847e+06
1.00858e+06
1.00868e+06
1.00879e+06
1.00888e+06
1.00899e+06
1.00909e+06
1.00919e+06
1.00929e+06
1.0094e+06
1.0095e+06
1.0096e+06
1.0097e+06
1.00981e+06
1.00991e+06
1.01001e+06
1.01011e+06
1.01022e+06
1.01032e+06
1.01042e+06
1.01052e+06
1.01063e+06
1.01072e+06
1.01083e+06
1.01093e+06
1.01104e+06
1.01114e+06
1.01124e+06
1.01134e+06
1.01145e+06
1.01155e+06
1.01166e+06
1.01175e+06
1.01185e+06
1.01196e+06
1.01206e+06
1.01216e+06
1.01227e+06
1.01237e+06
1.01247e+06
1.01257e+06
1.01267e+06
1.01278e+06
1.01288e+06
1.01298e+06
1.01309e+06
1.01319e+06
1.01329e+06
1.01339e+06
1.0135e+06
1.01359e+06
1.0137e+06
1.0138e+06
1.0139e+06
1.014e+06
1.01411e+06
1.01421e+06
1.01431e+06
1.01441e+06
1.01452e+06
1.01462e+06
1.01472e+06
1.01482e+06
1.01493e+06
1.01503e+06
1.01513e+06
1.01523e+06
1.01534e+06
1.01543e+06
1.01554e+06
1.01564e+06
1.01575e+06
1.01584e+06
1.01595e+06
1.01605e+06
1.01617e+06
1.01635e+06
1.01645e+06
1.01656e+06
1.01666e+06
1.01676e+06
1.01686e+06
1.01697e+06
1.01707e+06
1.01717e+06
1.01727e+06
1.01738e+06
1.01748e+06
1.01758e+06
1.01768e+06
1.01779e+06
1.01789e+06
1.01799e+06
1.01809e+06
1.01819e+06
1.0183e+06
1.0184e+06
1.0185e+06
1.0186e+06
1.01871e+06
1.01881e+06
1.01891e+06
1.01901e+06
1.01912e+06
1.01922e+06
1.01932e+06
1.01942e+06
1.01953e+06
1.01963e+06
1.01973e+06
1.01983e+06
1.01994e+06
1.02004e+06
1.02014e+06
1.02024e+06
1.02035e+06
1.02045e+06
1.02055e+06
1.02065e+06
1.02075e+06
1.02086e+06
1.02096e+06
1.02106e+06
1.02116e+06
1.02127e+06
1.02137e+06
1.02147e+06
1.02157e+06
1.02168e+06
1.02178e+06
1.02188e+06
1.02198e+06
1.02209e+06
1.02219e+06
1.02229e+06
1.02239e+06
1.0225e+06
1.0226e+06
1.0227e+06
1.0228e+06
1.0229e+06
1.02301e+06
1.02311e+06
1.02321e+06
1.02331e+06
1.02342e+06
1.02352e+06
1.02362e+06
1.02372e+06
1.02383e+06
1.02393e+06
1.02403e+06
1.02413e+06
1.02424e+06
1.02434e+06
1.02444e+06
1.02454e+06
1.02465e+06
1.02475e+06
1.02485e+06
1.02495e+06
1.02506e+06
1.02516e+06
1.02526e+06
1.02536e+06
1.02546e+06
1.02557e+06
1.02567e+06
1.02577e+06
1.02587e+06
1.02598e+06
1.02608e+06
1.02618e+06
1.02628e+06
1.02639e+06
1.02649e+06
1.02659e+06
1.02669e+06
1.0268e+06
1.0269e+06
1.027e+06
1.0271e+06
1.02721e+06
1.02731e+06
1.02742e+06
1.02751e+06
1.02762e+06
1.02772e+06
1.02782e+06
1.02792e+06
1.02802e+06
1.02813e+06
1.02823e+06
1.02833e+06
1.02843e+06
1.02854e+06
1.02864e+06
1.02874e+06
1.02884e+06
1.02895e+06
1.02905e+06
1.02915e+06
1.02925e+06
1.02936e+06
1.02946e+06
1.02956e+06
1.02966e+06
1.02977e+06
1.02987e+06
1.02997e+06
1.03007e+06
1.03018e+06
1.03028e+06
1.03038e+06
1.03048e+06
1.03058e+06
1.03069e+06
1.03079e+06
1.03089e+06
1.03099e+06
1.0311e+06
1.0312e+06
1.0313e+06
1.0314e+06
1.03151e+06
1.03162e+06
1.03171e+06
1.03182e+06
1.03192e+06
1.03202e+06
1.03212e+06
1.03222e+06
1.03233e+06
1.03243e+06
1.03253e+06
1.03263e+06
1.03274e+06
1.03284e+06
1.03294e+06
1.03304e+06
1.03314e+06
1.03325e+06
1.03335e+06
1.03345e+06
1.03355e+06
1.03366e+06
1.03376e+06
1.03386e+06
1.03397e+06
1.03407e+06
1.03417e+06
1.03427e+06
1.03437e+06
1.03448e+06
1.03458e+06
1.03468e+06
1.03478e+06
1.03489e+06
1.03499e+06
1.03509e+06
1.03519e+06
1.03529e+06
1.0354e+06
1.0355e+06
1.0356e+06
1.0357e+06
1.03581e+06
1.03591e+06
1.03601e+06
1.03619e+06
1.03625e+06
1.03635e+06
1.03644e+06
1.03652e+06
1.03663e+06
1.03672e+06
1.03683e+06
1.03694e+06
1.03706e+06
1.03714e+06
1.03728e+06
1.03735e+06
1.03746e+06
1.03756e+06
1.03766e+06
1.03776e+06
1.03787e+06
1.03797e+06
1.03807e+06
1.03817e+06
1.03827e+06
1.03837e+06
1.03848e+06
1.03858e+06
1.03868e+06
1.03878e+06
1.03889e+06
1.03899e+06
1.03909e+06
1.0392e+06
1.03929e+06
1.0394e+06
1.0395e+06
1.0396e+06
1.03971e+06
1.03981e+06
1.03991e+06
1.04001e+06
1.04012e+06
1.04022e+06
1.04032e+06
1.04042e+06
1.04053e+06
1.04063e+06
1.04073e+06
1.04083e+06
1.04094e+06
1.04104e+06
1.04114e+06
1.04124e+06
1.04135e+06
1.04145e+06
1.04155e+06
1.04166e+06
1.04175e+06
1.04186e+06
1.04196e+06
1.04206e+06
1.04216e+06
1.04227e+06
1.04237e+06
1.04247e+06
1.04258e+06
1.04267e+06
1.04278e+06
1.04288e+06
1.04298e+06
1.04308e+06
1.04319e+06
1.04329e+06
1.0434e+06
1.04349e+06
1.0436e+06
1.0437e+06
1.0438e+06
1.0439e+06
1.04401e+06
1.04411e+06
1.04421e+06
1.04431e+06
1.04442e+06
1.04452e+06
1.04462e+06
1.04472e+06
1.04483e+06
1.04493e+06
1.04503e+06
1.04513e+06
1.04524e+06
1.04534e+06
1.04544e+06
1.04554e+06
1.04565e+06
1.04575e+06
1.04585e+06
1.04595e+06
1.04606e+06
1.04616e+06
1.04626e+06
1.04636e+06
1.04647e+06
1.04657e+06
1.04667e+06
1.04677e+06
1.04688e+06
1.04698e+06
1.04708e+06
1.04718e+06
1.04729e+06
1.04739e+06
1.04749e+06
1.04759e+06
1.0477e+06
1.0478e+06
1.0479e+06
1.048e+06
1.04812e+06
1.0482e+06
1.04831e+06
1.04841e+06
1.04851e+06
1.04861e+06
1.04872e+06
1.04882e+06
1.04892e+06
1.04902e+06
1.04913e+06
1.04923e+06
1.04933e+06
1.04943e+06
1.04954e+06
1.04964e+06
1.04974e+06
1.04984e+06
1.04995e+06
1.05005e+06
1.05015e+06
1.05025e+06
1.05036e+06
1.05046e+06
1.05056e+06
1.05066e+06
1.05077e+06
1.05087e+06
1.05097e+06
1.05107e+06
1.05118e+06
1.05128e+06
1.05138e+06
1.05148e+06
1.05158e+06
1.05169e+06
1.05179e+06
1.05189e+06
1.052e+06
1.0521e+06
1.0522e+06
1.0523e+06
1.0524e+06
1.05251e+06
1.05261e+06
1.05271e+06
1.05282e+06
1.05291e+06
1.05302e+06
1.05312e+06
1.05322e+06
1.05332e+06
1.05343e+06
1.05353e+06
1.05363e+06
1.05373e+06
1.05384e+06
1.05394e+06
1.05404e+06
1.05414e+06
1.05425e+06
1.05435e+06
1.05445e+06
1.05455e+06
1.05466e+06
1.05476e+06
1.05486e+06
1.05496e+06
1.05507e+06
1.05517e+06
1.05527e+06
1.05537e+06
1.05548e+06
1.05558e+06
1.05568e+06
1.05578e+06
1.05588e+06
1.05599e+06
1.05609e+06
1.05619e+06
1.0563e+06
1.0564e+06
1.0565e+06
1.0566e+06
1.05671e+06
1.05681e+06
1.0569e+06
1.05704e+06
1.05712e+06
1.05721e+06
1.05732e+06
1.05742e+06
1.05752e+06
1.05761e+06
1.05773e+06
1.05785e+06
1.05794e+06
1.05814e+06
1.05823e+06
1.05833e+06
1.05844e+06
1.05854e+06
1.05864e+06
1.05874e+06
1.05885e+06
1.05895e+06
1.05905e+06
1.05915e+06
1.05926e+06
1.05936e+06
1.05946e+06
1.05956e+06
1.05967e+06
1.05977e+06
1.05987e+06
1.05997e+06
1.06008e+06
1.06018e+06
1.06028e+06
1.06038e+06
1.06048e+06
1.06059e+06
1.06069e+06
1.06079e+06
1.06089e+06
1.061e+06
1.0611e+06
1.0612e+06
1.0613e+06
1.06141e+06
1.06151e+06
1.06163e+06
1.06171e+06
1.06182e+06
1.06192e+06
1.06202e+06
1.06212e+06
1.06223e+06
1.06233e+06
1.06243e+06
1.06253e+06
1.06263e+06
1.06274e+06
1.06284e+06
1.06294e+06
1.06304e+06
1.06315e+06
1.06325e+06
1.06335e+06
1.06345e+06
1.06356e+06
1.06366e+06
1.06376e+06
1.06386e+06
1.06397e+06
1.06407e+06
1.06417e+06
1.06427e+06
1.06438e+06
1.06448e+06
1.06458e+06
1.06469e+06
1.06478e+06
1.06489e+06
1.06499e+06
1.06509e+06
1.06519e+06
1.0653e+06
1.0654e+06
1.0655e+06
1.0656e+06
1.06571e+06
1.06581e+06
1.06591e+06
1.06601e+06
1.06612e+06
1.06622e+06
1.06632e+06
1.06642e+06
1.06653e+06
1.06663e+06
1.06673e+06
1.06683e+06
1.06694e+06
1.06704e+06
1.06714e+06
1.06724e+06
1.06734e+06
1.06745e+06
1.06755e+06
1.06765e+06
1.06775e+06
1.06786e+06
1.06796e+06
1.06806e+06
1.06816e+06
1.06827e+06
1.06837e+06
1.06847e+06
1.06857e+06
1.06868e+06
1.06878e+06
1.06888e+06
1.06899e+06
1.06909e+06
1.06919e+06
1.06929e+06
1.06939e+06
1.0695e+06
1.0696e+06
1.0697e+06
1.0698e+06
1.0699e+06
1.07001e+06
1.07011e+06
1.07021e+06
1.07031e+06
1.07042e+06
1.07052e+06
1.07062e+06
1.07072e+06
1.07083e+06
1.07093e+06
1.07103e+06
1.07113e+06
1.07124e+06
1.07134e+06
1.07144e+06
1.07154e+06
1.07165e+06
1.07175e+06
1.07185e+06

------------------------------------------------------------------------------------------------------------------------------------------------

packet size: 516
number of packets: 10000
RATE = 40183.10kbps, PPS = 9734.3
