Destination address set to 01:1B:19:00:00:00
Defaults: 01:1B:19:00:00:00 or 01:80:C2:00:00:0E
SIOCSHWTSTAMP: tx_type 1 requested, got 1; rx_filter 0 requested, got 0
setting ts_flags: 0x53
new ts_flags: 0x53


hw tx time, us: packets 10000:
relative abs time 1517964592544321600 ns
first packet abs time 1517964592589221681 ns
------------------------------------------------------------------------------------------------------------------------------------------------
44900.1
45127.7
45351.3
45530.8
45700.2
45836.8
46034.4
46242
46440.8
46643.2
46846.4
47038.3
47261
47461.8
47667.3
47870.5
48063.1
48279.3
48484.3
48683.4
48897
49096.7
49302.3
49495.2
49711.6
49917.4
50121.3
50327.2
50533.7
50736.3
50941.1
51145.2
51353
51556.9
51744.6
51968.3
52169.5
52376.2
52580.2
52785.1
52990.7
53195.1
53397.5
53609.2
53812.7
54015.4
54219.8
54424.7
54632.2
54837.9
55039.8
55241.3
55446.8
55655.2
55857.3
56061.9
56266.1
56471.8
56675.8
56881.3
57084.8
57291.2
57495.7
57699.8
57903.6
58109.7
58313.2
58519.2
58725
58927.6
59132.5
59338.2
59543.8
59748.7
59955.3
60158.8
60364.5
60567.2
60772.7
60977.4
61182.7
61386.6
61591
61790.7
62000.1
62196.1
62406
62609.4
62813.5
63020
63222.8
63428.6
63632.3
63836
64044.9
64248.7
64452
64656.3
64864.2
65068.9
65323.1
65531.6
65748.3
65937.7
66147.3
66282.3
66474.9
66678.5
66882.6
67087
67292
67496.4
67701.4
67905.9
68111.2
68317.1
68519.9
68726.2
68930
69134.8
69342.1
69544.6
69749.4
69954
70159.7
70367.4
70568.8
70773.6
70978.2
71183.8
71390.3
71591.8
71802.1
72005.2
72209.8
72415.9
72619.3
72823.6
73029
73233.1
73439.5
73643
73848
74052.2
74257.8
74461.9
74666.6
74871
75077
75280.9
75486.1
75690.6
75895.2
76100.1
76304.9
76509.8
76716.4
76919.9
77124
77329.1
77533.9
77740.7
77943.5
78148.3
78352.4
78558
78764.4
78967.5
79172.7
79377.2
79581.6
79789.9
79991.2
80196.1
80401
80605.6
80811.8
81015.9
81219.4
81424.9
81631.8
81836.1
82039.8
82243.6
82449
82653.9
82858.8
83063.7
83269
83472.4
83678.5
83882.4
84087.5
84292.7
84496.6
84700.9
84906.1
85327.1
85446.7
85550.6
85752.1
85958.7
86173.4
86451
86563.7
86764.9
86968.4
87175.6
87377.8
87582.6
87787.3
87992.8
88201.5
88402
88606.1
88811.3
89016.5
89223
89426.1
89630.5
89835
90040.9
90246.9
90449.4
90661.9
90860.4
91064.8
91269.3
91474
91691.3
91887.8
92090.4
92294.4
92500.2
92704.3
92908.4
93113.1
93318
93523.7
93727.7
93932.6
94137.1
94342.2
94548.3
94751.4
94960.2
95161.2
95365.9
95573.2
95775.7
95980.1
96184.9
96390
96597.1
96799
97003.4
97208.6
97414.9
97622.6
97823.2
98027.5
98232.6
98438.2
98645.3
98847.8
99052.1
99256.8
99466.2
99669.5
99870.4
100075
100281
100485
100690
100896
101099
101305
101510
101721
101925
102127
102331
102535
102737
102946
103149
103353
103557
103762
103970
104173
104382
104582
104787
104993
105195
105400
105605
105810
106055
106242
106435
106634
106890
107053
107228
107435
107640
107846
108051
108253
108459
108663
108868
109073
109277
109482
109686
109891
110097
110301
110506
110711
110916
111120
111327
111531
111738
111940
112144
112351
112554
112758
112963
113168
113375
113579
113783
113988
114193
114400
114603
114808
115012
115217
115423
115626
115831
116036
116240
116447
116650
116855
117060
117265
117469
117675
117879
118083
118289
118493
118698
118902
119107
119312
119516
119721
119927
120131
120336
120541
120748
120953
121155
121360
121565
121772
121975
122180
122385
122589
122793
122998
123204
123408
123613
123817
124023
124228
124432
124637
124844
125047
125252
125456
125661
125867
126070
126275
126479
126684
126889
127139
127334
127529
127727
127985
128127
128339
128549
128747
128952
129155
129360
129565
129771
129976
130183
130384
130590
130795
130999
131207
131409
131634
131854
132028
132235
132433
132642
132843
133047
133255
133457
133662
133866
134072
134279
134481
134685
134890
135095
135301
135505
135709
135914
136119
136324
136530
136734
136939
137139
137349
137555
137757
137963
138167
138371
138579
138782
138987
139191
139396
139602
139806
140010
140215
140420
140628
140830
141034
141238
141452
141653
141854
142058
142263
142467
142675
142878
143082
143287
143493
143697
143902
144106
144311
144516
144721
144924
145131
145335
145540
145749
145950
146154
146358
146563
146768
147033
147234
147439
147693
147832
148052
148236
148393
148597
148803
149008
149211
149417
149622
149827
150033
150236
150441
150645
150851
151056
151260
151464
151686
151875
152081
152284
152489
152693
152897
153102
153309
153511
153718
153922
154127
154331
154536
154741
154946
155150
155357
155560
155765
155970
156174
156381
156585
156789
156993
157199
157406
157607
157813
158018
158223
158431
158632
158837
159041
159246
159453
159656
159861
160066
160270
160478
160680
160884
161090
161294
161498
161706
161908
162113
162317
162523
162729
162932
163137
163342
163548
163753
163956
164162
164366
164571
164778
164980
165186
165391
165595
165803
166005
166209
166415
166619
166824
167028
167233
167438
167643
167886
168128
168315
168527
168712
168915
169105
169297
169501
169706
169910
170115
170316
170525
170730
170935
171139
171344
171548
171751
171958
172163
172367
172572
172777
172982
173189
173391
173596
173801
174005
174212
174415
174628
174825
175029
175237
175440
175643
175849
176053
176262
176462
176668
176873
177078
177284
177488
177691
177896
178101
178307
178511
178714
178925
179125
179331
179536
179740
179945
180150
180354
180559
180764
180969
181172
181378
181582
181783
181993
182198
182403
182609
182812
183016
183221
183419
183634
183836
184040
184244
184451
184660
184860
185063
185269
185474
185682
185883
186088
186293
186498
186705
186907
187112
187317
187522
187736
187932
188137
188341
188545
188750
189006
189197
189399
189601
189802
189981
190169
190376
190580
190784
190992
191194
191401
191604
191809
192015
192218
192422
192627
192831
193039
193241
193446
193650
193855
194061
194265
194470
194674
194879
195086
195288
195494
195703
195903
196108
196313
196518
196723
196927
197132
197337
197542
197746
197951
198156
198360
198565
198770
198975
199182
199386
199589
199794
200001
200204
200410
200613
200818
201022
201227
201435
201643
201839
202044
202248
202455
202661
202863
203068
203273
203478
203685
203886
204096
204300
204503
204706
204914
205115
205321
205526
205730
205935
206140
206344
206549
206754
206959
207164
207369
207573
207780
207983
208188
208392
208598
209025
209145
209247
209445
209652
209855
210149
210259
210459
210663
210873
211072
211277
211482
211730
211917
212113
212315
212521
212727
212933
213140
213340
213545
213750
213957
214163
214365
214568
214771
214978
215186
215388
215593
215797
216002
216214
216410
216617
216821
217025
217234
217428
217630
217835
218039
218247
218449
218654
218858
219063
219272
219473
219678
219882
220086
220294
220496
220702
220906
221111
221317
221551
221720
221932
222135
222341
222545
222750
222954
223160
223364
223569
223774
223978
224183
224388
224593
224798
225003
225204
225413
225619
225822
226027
226230
226436
226643
226847
227050
227256
227460
227667
227869
228074
228279
228483
228690
228893
229098
229303
229510
229739
229953
230157
230361
230565
230771
230942
231131
231333
231538
231744
231946
232151
232356
232560
232769
232974
233176
233379
233588
233789
233999
234199
234404
234609
234813
235019
235223
235427
235633
235841
236044
236247
236452
236656
236862
237069
237271
237477
237680
237886
238092
238295
238500
238704
238909
239115
239320
239524
239729
239934
240138
240343
240548
240756
240960
241162
241367
241571
241783
241982
242189
242393
242596
242800
243005
243210
243416
243620
243824
244029
244235
244440
244643
244848
245055
245257
245465
245667
245872
246079
246282
246488
246691
246895
247101
247309
247515
247715
247921
248125
248329
248534
248743
248944
249149
249357
249558
249763
249968
250174
250378
250584
250869
251036
251233
251425
251675
251822
252034
252241
252445
252651
252859
253060
253264
253469
253674
253885
254084
254288
254493
254698
254905
255107
255311
255516
255722
255928
256131
256336
256541
256745
256950
257156
257360
257564
257770
257973
258179
258380
258590
258793
258999
259203
259408
259612
259817
260021
260226
260432
260636
260841
261046
261253
261456
261661
261866
262070
262277
262479
262687
262889
263094
263303
263504
263707
263913
264117
264325
264527
264733
264937
265142
265348
265551
265756
265961
266165
266370
266576
266780
266988
267191
267394
267599
267804
268009
268214
268418
268624
268828
269033
269238
269442
269650
269852
270057
270261
270466
270673
270876
271081
271285
271485
271740
271933
272119
272319
272519
272719
272907
273111
273314
273520
273725
273929
274134
274339
274546
274749
274953
275157
275365
275571
275772
275980
276182
276387
276592
276796
277002
277205
277410
277615
277819
278026
278230
278434
278639
278847
279051
279253
279457
279663
279867
280075
280277
280482
280687
280892
281098
281301
281506
281715
281916
282122
282325
282530
282735
282940
283144
283353
283554
283759
283963
284168
284373
284577
284783
284988
285192
285397
285601
285810
286011
286216
286423
286626
286830
287035
287240
287446
287652
287855
288058
288264
288472
288673
288880
289083
289288
289496
289698
289902
290108
290312
290519
290722
290927
291131
291336
291542
291748
291951
292156
292360
292565
292815
293005
293204
293462
293658
293804
294021
294224
294428
294633
294838
295042
295247
295455
295656
295863
296066
296270
296475
296680
296887
297089
297293
297500
297704
297913
298114
298317
298523
298728
298935
299137
299342
299547
299755
299961
300163
300365
300570
300775
300980
301185
301391
301595
301802
302005
302210
302414
302619
302824
303028
303233
303438
303643
303848
304051
304256
304462
304666
304871
305077
305284
305485
305690
305895
306100
306307
306510
306714
306919
307123
307331
307533
307738
307943
308147
308355
308563
308763
308966
309172
309377
309581
309786
309992
310195
310400
310605
310811
311015
311220
311425
311646
311833
312036
312240
312446
312700
312956
313088
313303
313511
313715
313933
314069
314271
314475
314684
314885
315093
315294
315502
315706
315908
316113
316318
316523
316732
316932
317141
317345
317550
317756
317959
318164
318366
318571
318775
318982
319185
319390
319595
319799
320007
320208
320414
320618
320828
321030
321233
321437
321719
321852
322058
322261
322465
322670
322874
323082
323284
323488
323693
323898
324105
324307
324513
324717
324922
325129
325332
325536
325741
325946
326153
326355
326560
326765
326970
327174
327383
327588
327788
327994
328198
328404
328608
328812
329018
329222
329429
329638
329837
330041
330247
330456
330656
330861
331065
331270
331476
331685
331885
332090
332295
332502
332704
332909
333114
333318
333555
333791
334001
334195
334400
334605
334764
334979
335183
335386
335591
335796
336000
336204
336409
336616
336820
337023
337229
337433
337632
337844
338047
338253
338456
338662
338868
339072
339277
339482
339686
339892
340095
340300
340505
340709
340918
341120
341324
341528
341727
341945
342144
342348
342553
342758
342965
343167
343371
343576
343781
343988
344192
344396
344601
344806
345009
345216
345420
345624
345829
346034
346244
346446
346650
346854
347059
347264
347468
347672
347877
348082
348290
348492
348697
348902
349106
349313
349515
349720
349924
350130
350339
350540
350741
350949
351154
351361
351563
351772
351974
352178
352384
352587
352792
352997
353202
353406
353612
353816
354022
354226
354430
354682
354881
355082
355286
355503
355667
355847
356051
356255
356460
356667
356870
357075
357279
357483
357691
357893
358098
358303
358511
358715
358918
359124
359327
359535
359738
359944
360150
360350
360556
360762
360965
361170
361376
361579
361785
361989
362198
362400
362604
362808
363014
363218
363423
363627
363836
364037
364246
364447
364651
364856
365064
365266
365471
365675
365880
366086
366291
366495
366699
366908
367112
367319
367518
367727
367928
368136
368341
368542
368747
368952
369159
369362
369566
369771
369976
370181
370386
370590
370795
371000
371206
371410
371634
371820
372024
372232
372437
372642
372843
373048
373256
373459
373662
373869
374071
374279
374696
374810
374969
375158
375420
375553
375722
375935
376140
376345
376554
376753
376958
377164
377367
377575
377777
377982
378186
378392
378598
378800
379006
379211
379407
379622
379826
380030
380234
380440
380644
380849
381054
381258
381463
381667
381874
382078
382284
382488
382692
382899
383102
383307
383511
383720
383925
384126
384330
384535
384739
384949
385150
385354
385559
385764
385970
386175
386378
386583
386787
386995
387198
387403
387607
387812
388017
388221
388426
388631
388835
389041
389246
389450
389656
389860
390065
390269
390474
390679
390884
391088
391295
391497
391710
391911
392112
392319
392527
392728
392932
393137
393344
393546
393751
393956
394160
394371
394571
394775
394980
395185
395414
395623
395828
396038
396252
396443
396618
396808
397009
397214
397418
397623
397829
398033
398237
398443
398647
398852
399057
399262
399467
399673
399876
400081
400288
400491
400696
400900
401105
401310
401514
401722
401924
402129
402333
402539
402746
402949
403152
403358
403562
403768
403972
404179
404385
404586
404794
404996
405201
405405
405610
405815
406020
406228
406430
406634
406839
407044
407249
407453
407658
407863
408069
408272
408477
408682
408886
409097
409296
409501
409706
409911
410120
410324
410528
410730
410934
411142
411348
411549
411756
411959
412165
412371
412573
412778
412984
413191
413396
413597
413802
414006
414211
414417
414621
414826
415029
415235
415440
415648
415849
416058
416259
416529
416711
416918
417136
417307
417604
417717
417919
418121
418325
418534
418736
418941
419145
419350
419557
419760
419965
420169
420375
420581
420784
420992
421195
421398
421603
421806
422013
422218
422423
422627
422832
423037
423241
423445
423651
423855
424061
424265
424470
424675
424880
425085
425289
425490
425698
425904
426109
426312
426518
426722
426929
427132
427337
427542
427747
427954
428156
428361
428566
428771
428980
429181
429385
429589
429796
430001
430204
430408
430613
430818
431026
431228
431432
431639
431844
432047
432252
432457
432660
432865
433071
433276
433481
433686
433890
434099
434302
434504
434709
434914
435119
435325
435529
435733
435939
436142
436409
436651
436785
437003
437209
437400
437600
437765
437968
438172
438380
438582
438788
438991
439196
439402
439605
439810
440015
440220
440425
440629
440834
441038
441244
441448
441657
441860
442064
442271
442472
442682
442884
443087
443292
443496
443703
443906
444111
444316
444521
444727
444930
445135
445340
445545
445753
445954
446159
446364
446572
446778
446978
447182
447387
447592
447798
448002
448207
448411
448616
448821
449026
449230
449436
449640
449844
450050
450255
450459
450669
450869
451074
451279
451483
451693
451893
452099
452303
452507
452711
452918
453124
453326
453532
453736
453941
454149
454351
454555
454760
454968
455172
455378
455579
455784
455990
456195
456398
456603
456808
457012
457429
457543
457700
457951
458086
458299
458472
458675
458877
459079
459285
459490
459693
459898
460104
460309
460513
460718
460923
461127
461332
461539
461740
461947
462151
462356
462563
462769
462973
463175
463380
463590
463790
463994
464199
464404
464611
464814
465019
465223
465428
465635
465838
466042
466247
466452
466657
466862
467066
467266
467477
467681
467886
468091
468295
468500
468705
468909
469115
469319
469524
469728
469936
470139
470343
470547
470752
470959
471162
471367
471573
471773
471984
472187
472391
472596
472801
473007
473211
473416
473620
473824
474031
474235
474439
474644
474849
475054
475258
475464
475668
475876
476079
476282
476487
476691
476895
477101
477307
477511
477715
477920
478125
478346
478554
478762
478967
479172
479476
479530
479746
479950
480155
480362
480564
480769
480973
481178
481387
481591
481795
481998
482203
482408
482612
482816
483022
483226
483435
483636
483841
484044
484250
484459
484660
484864
485069
485274
485479
485685
485892
486093
486298
486502
486710
486913
487117
487322
487527
487733
487938
488141
488346
488551
488758
488960
489165
489370
489575
489782
489987
490189
490394
490599
490805
491008
491213
491418
491637
491830
492033
492242
492442
492647
492855
493057
493261
493466
493671
493875
494080
494285
494489
494694
494900
495106
495309
495514
495718
495924
496130
496333
496541
496743
496947
497154
497356
497561
497766
497972
498179
498384
498589
498794
498995
499232
499469
499663
499869
500081
500292
500439
500656
500858
501062
501266
501472
501689
501883
502088
502291
502495
502701
502906
503110
503315
503520
503724
503930
504133
504339
504547
504749
504953
505159
505363
505569
505772
505977
506182
506387
506594
506797
507001
507206
507411
507619
507821
508025
508229
508435
508642
508849
509051
509254
509458
509665
509868
510074
510277
510482
510687
510893
511097
511301
511506
511716
511920
512122
512325
512531
512735
512940
513146
513346
513554
513760
513966
514168
514372
514578
514783
514990
515193
515398
515601
515807
516017
516217
516422
516626
516831
517038
517242
517446
517653
517855
518062
518265
518470
518675
518879
519083
519288
519494
519699
519903
520108
520357
520553
520763
520954
521163
521343
521525
521730
521933
522137
522344
522548
522751
522956
523161
523368
523571
523775
523980
524185
524392
524594
524799
525004
525209
525415
525620
525823
526028
526232
526439
526641
526846
527052
527256
527461
527666
527871
528079
528280
528485
528691
528896
529099
529308
529509
529714
529923
530123
530329
530532
530741
530943
531147
531353
531556
531765
531967
532171
532376
532585
532788
532990
533196
533400
533604
533813
534014
534223
534425
534630
534836
535039
535244
535448
535657
535860
536066
536267
536472
536677
536882
537087
537291
537496
537701
537906
538111
538315
538520
538726
538930
539137
539339
539544
539748
539953
540374
540489
540593
540797
541010
541220
541503
541638
541821
542021
542230
542430
542635
542840
543045
543251
543453
543658
543864
544068
544275
544477
544682
544887
545093
545297
545502
545707
545911
546112
546321
546525
546730
546936
547140
547345
547551
547755
547959
548164
548368
548576
548779
548983
549188
549392
549600
549803
550007
550211
550418
550624
550827
551031
551236
551440
551649
551852
552055
552259
552465
552672
552874
553079
553283
553489
553694
553899
554103
554308
554512
554720
554924
555128
555332
555536
555741
555945
556152
556355
556560
556765
556970
557175
557379
557584
557790
557996
558199
558405
558609
558813
559020
559220
559428
559633
559837
560047
560248
560452
560656
560861
561091
561299
561481
561710
561900
562102
562279
562485
562686
562890
563094
563300
563508
563712
563917
564122
564323
564528
564733
564938
565146
565351
565552
565757
565965
566170
566373
566580
566784
566986
567194
567398
567601
567809
568010
568214
568422
568625
568829
569034
569239
569448
569648
569853
570058
570263
570469
570676
570877
571085
571288
571490
571701
571901
572109
572310
572515
572724
572925
573129
573336
573543
573745
573949
574157
574362
574563
574769
574972
575177
575382
575592
575797
575996
576202
576406
576611
576819
577024
577226
577430
577635
577841
578045
578250
578454
578663
578865
579072
579273
579482
579683
579891
580096
580297
580502
580707
580912
581116
581321
581527
581733
581936
582212
582392
582598
582801
583004
583276
583392
583593
583798
584002
584210
584413
584616
584821
585026
585233
585435
585641
585845
586050
586260
586461
586666
586869
587075
587282
587483
587689
587895
588098
588303
588509
588713
588918
589122
589327
589532
589736
589942
590146
590351
590558
590760
590966
591171
591375
591580
591780
591990
592198
592400
592606
592809
593013
593218
593423
593629
593833
594037
594243
594447
594656
594857
595062
595265
595471
595678
595881
596085
596290
596494
596697
596904
597109
597313
597519
597724
597929
598133
598338
598543
598747
598952
599158
599362
599566
599772
599976
600181
600385
600590
600796
601005
601205
601410
601634
601815
602071
602276
602481
602685
602890
603096
603290
603440
603643
603847
604054
604257
604461
604667
604872
605078
605281
605486
605691
605896
606100
606305
606509
606714
606919
607124
607329
607534
607739
607943
608147
608355
608557
608762
608967
609171
609378
609581
609786
609991
610196
610402
610606
610810
611015
611220
611428
611667
611849
612051
612255
612462
612666
612869
613079
613278
613487
613688
613893
614101
614302
614510
614712
614918
615125
615327
615531
615737
615941
616149
616350
616555
616760
616964
617172
617375
617579
617786
617988
618196
618399
618603
618810
619012
619219
619414
619619
619828
620029
620234
620438
620643
620851
621052
621259
621462
621678
621881
622084
622290
622495
622774
622958
623157
623365
623557
623762
623949
624146
624349
624553
624757
624961
625167
625372
625577
625781
625986
626191
626399
626600
626805
627009
627217
627420
627624
627829
628033
628241
628444
628647
628852
629058
629266
629468
629672
629876
630081
630289
630491
630699
630902
631105
631312
631514
631714
631925
632129
632335
632538
632743
632949
633153
633358
633563
633767
633973
634178
634381
634587
634791
634997
635197
635406
635613
635816
636020
636225
636430
636637
636840
637045
637249
637455
637662
637864
638069
638273
638477
638685
638888
639093
639298
639505
639710
639912
640116
640322
640526
640730
640936
641140
641345
641550
641753
641959
642165
642368
642574
642780
643029
643225
643431
643637
643841
644012
644195
644398
644603
644808
645014
645220
645422
645626
645830
646039
646242
646446
646651
646855
647063
647267
647473
647674
647879
648086
648292
648497
648698
648903
649113
649312
649518
649723
649927
650132
650340
650543
650747
650951
651156
651361
651565
651772
651979
652180
652386
652593
652794
652999
653207
653410
653613
653818
654027
654228
654436
654640
654845
655048
655256
655459
655661
655866
656076
656275
656482
656684
656890
657098
657299
657506
657708
657913
658122
658324
658532
658737
658937
659143
659351
659552
659756
659962
660167
660374
660576
660784
660989
661190
661396
661602
661807
662010
662214
662423
662624
663046
663160
663264
663521
663724
663948
664078
664283
664487
664692
664899
665101
665306
665511
665715
665922
666124
666330
666534
666739
666944
667150
667354
667557
667764
667968
668178
668379
668582
668786
668992
669197
669401
669607
669811
670016
670220
670425
670630
670835
671039
671247
671449
671655
671859
672064
672270
672477
672679
672882
673087
673298
673499
673702
673906
674112
674318
674522
674726
674931
675135
675343
675547
675750
675955
676159
676363
676569
676774
676974
677184
677388
677593
677798
678002
678208
678412
678618
678822
679027
679231
679437
679642
679847
680050
680256
680460
680668
680869
681075
681282
681483
681701
681896
682098
682304
682508
682716
682919
683123
683328
683532
683762
683971
684182
684389
684593
684797
684960
685152
685356
685561
685766
685970
686175
686380
686584
686791
686996
687199
687404
687609
687813
688021
688222
688428
688633
688838
689048
689247
689452
689657
689861
690069
690271
690476
690680
690887
691092
691298
691499
691709
691909
692116
692319
692523
692732
692937
693138
693347
693549
693756
693957
694164
694367
694571
694776
694981
695186
695391
695596
695800
696008
696210
696416
696620
696824
697029
697234
697444
697644
697853
698053
698260
698466
698668
698876
699081
699282
699490
699691
699896
700102
700306
700512
700719
700924
701129
701330
701536
701741
701944
702152
702354
702558
702763
702968
703173
703378
703583
703787
703992
704196
704402
704607
704886
705052
705242
705493
705690
705846
706057
706265
706470
706673
706881
707083
707288
707492
707698
707908
708108
708312
708517
708721
708928
709130
709336
709540
709745
709955
710156
710360
710565
710769
710973
711179
711384
711588
711794
711996
712201
712404
712609
712814
713019
713224
713428
713633
713838
714043
714254
714454
714657
714862
715065
715273
715475
715680
715886
716090
716297
716500
716705
716910
717116
717321
717524
717728
717934
718139
718345
718548
718748
718957
719162
719367
719572
719776
719981
720186
720391
720597
720801
721006
721211
721415
722182
722231
722447
722648
722852
723058
723266
723467
723674
723876
724081
724286
724490
724698
724899
725105
725310
725514
725758
725937
726137
726339
726546
726756
726930
727134
727339
727544
727750
727953
728158
728362
728567
728772
728976
729182
729387
729591
729796
730001
730206
730411
730615
730821
731026
731229
731434
731640
731844
732050
732252
732459
732663
732868
733075
733278
733482
733687
733892
734100
734301
734506
734711
734915
735127
735329
735530
735734
735940
736149
736349
736554
736759
736963
737169
737373
737578
737783
737987
738191
738398
738602
738807
739012
739216
739427
739626
739830
740035
740240
740446
740650
740858
741059
741264
741470
741690
741879
742083
742289
742496
742697
742902
743107
743312
743518
743726
743927
744132
744336
744543
744746
744950
745156
745360
745565
745769
745974
746182
746387
746589
746840
747044
747243
747444
747644
747845
748031
748247
748451
748656
748863
749066
749271
749476
749680
749888
750091
750294
750500
750705
750912
751115
751322
751524
751724
751938
752138
752342
752547
752752
752959
753162
753366
753571
753775
753982
754186
754390
754595
754800
755004
755209
755415
755620
755820
756030
756234
756438
756643
756847
757052
757259
757463
757667
757871
758076
758283
758487
758691
758896
759101
759307
759511
759716
759919
760126
760333
760534
760739
760944
761148
761356
761558
761766
761969
762173
762379
762582
762786
762992
763197
763401
763606
763810
764016
764221
764429
764632
764834
765039
765243
765449
765654
765858
766064
766268
766473
766779
766911
767136
767344
767548
767752
767945
768096
768298
768502
768709
768912
769116
769321
769526
769731
769935
770139
770345
770549
770756
770959
771164
771368
771573
771779
771983
772188
772397
772597
772802
773007
773212
773416
773621
773827
774031
774235
774441
774645
774850
775057
775260
775464
775669
775873
776080
776284
776489
776697
776898
777106
777308
777516
777717
777922
778130
778331
778536
778741
778946
779152
779355
779560
779765
779970
780176
780379
780584
780789
780994
781200
781403
781629
781815
782019
782225
782428
782632
782837
783042
783250
783453
783659
783864
784069
784270
784476
784683
784889
785089
785294
785506
785704
785908
786114
786318
786526
786728
786932
787138
787342
787576
787822
788016
788219
788428
788622
788806
789008
789206
789411
789614
789818
790024
790229
790434
790639
790843
791047
791253
791457
791671
791870
792072
792278
792482
792685
792894
793096
793304
793507
793711
793918
794121
794325
794530
794734
794944
795145
795349
795554
795759
795965
796169
796373
796578
796781
796989
797192
797397
797601
797800
798011
798217
798421
798625
798829
799036
799240
799444
799649
799854
800059
800263
800468
800673
800878
801082
801290
801492
801703
801903
802108
802313
802517
802722
802925
803130
803338
803540
803744
803950
804154
804363
804564
804768
804973
805178
805386
805588
805792
805996
806203
806410
806613
806817
807021
807227
807431
807637
807841
808045
808250
808455
808712
808905
809098
809302
809506
809683
809875
810075
810279
810484
810690
810897
811100
811303
811507
811721
811917
812122
812328
812532
812740
812942
813147
813351
813556
813763
813966
814170
814376
814580
814787
814989
815194
815399
815603
815812
816014
816218
816423
816631
816833
817037
817242
817446
817651
817856
818063
818269
818470
818680
818880
819087
819290
819495
819700
819905
820111
820314
820518
820723
820929
821136
821338
821544
821750
821953
822159
822362
822567
822771
822979
823183
823386
823590
823795
824003
824205
824410
824615
824819
825024
825229
825434
825639
825844
826048
826253
826457
826662
826867
827072
827276
827485
827690
827891
828096
828301
828723
828837
828940
829198
829445
829579
829747
829961
830164
830369
830575
830784
830983
831187
831393
831598
831806
832010
832213
832416
832621
832826
833031
833234
833440
833645
833850
834054
834259
834464
834668
834873
835081
835284
835488
835692
835897
836102
836307
836511
836716
836923
837125
837331
837536
837740
837948
838150
838354
838560
838765
838974
839176
839379
839579
839788
839995
840198
840402
840607
840812
841018
841221
841426
841649
841836
842038
842243
842447
842652
842856
843062
843267
843472
843676
843891
844085
844290
844495
844700
844904
845110
845317
845520
845724
845928
846133
846340
846542
846748
846953
847157
847366
847568
847772
847976
848185
848389
848592
848795
849001
849205
849435
849646
849845
850055
850262
850464
850639
850828
851034
851239
851443
851651
851853
852057
852261
852466
852672
852875
853081
853286
853491
853697
853900
854105
854309
854514
854720
854927
855129
855333
855538
855746
855948
856158
856358
856562
856768
856972
857176
857382
857586
857792
857995
858200
858405
858614
858815
859019
859224
859429
859634
859839
860044
860248
860455
860659
860863
861067
861276
861476
861686
861887
862093
862296
862501
862706
862911
863117
863320
863525
863729
863934
864142
864345
864548
864757
864959
865166
865368
865576
865777
865983
866189
866394
866600
866801
867006
867214
867416
867621
867826
868030
868235
868440
868645
868851
869054
869264
869464
869672
869874
870078
870286
870563
870735
870931
871129
871332
871553
871741
871943
872146
872351
872557
872760
872965
873170
873374
873583
873785
873989
874193
874398
874605
874808
875012
875217
875422
875629
875831
876037
876241
876446
876651
876861
877061
877264
877470
877675
877880
878084
878289
878493
878698
878904
879108
879313
879518
879722
879930
880132
880337
880542
880747
880955
881160
881362
881566
881775
881981
882183
882385
882589
882794
883001
883205
883409
883614
883818
884025
884229
884433
884638
884843
885047
885251
885456
885657
885867
886071
886276
886481
886686
886890
887095
887299
887505
887709
887915
888119
888324
888529
888734
888938
889143
889350
889553
889757
889963
890166
890375
890577
890782
890986
891191
891432
891633
891806
892068
892261
892429
892608
892811
893015
893221
893427
893629
893834
894041
894244
894449
894654
894858
895062
895268
895473
895681
895882
896087
896291
896497
896704
896906
897110
897316
897520
897732
897934
898138
898340
898544
898751
898955
899159
899363
899572
899776
899978
900183
900387
900594
900798
901002
901207
901416
901630
901824
902029
902231
902438
902644
902845
903050
903254
903461
903664
903869
904074
904282
904483
904690
904892
905099
905303
905507
905712
905917
906123
906327
906532
906736
906942
907151
907354
907556
907760
907965
908172
908374
908583
908784
908992
909195
909402
909602
909808
910013
910219
910422
910626
910837
911036
911244
911446
911655
911856
912060
912265
912516
912706
912907
913113
913315
913520
913718
913925
914125
914333
914538
914742
914947
915151
915355
915564
915766
915970
916176
916381
916588
916791
916995
917199
917405
917614
917814
918018
918223
918430
918636
918838
919043
919247
919452
919659
919862
920066
920271
920477
920681
920886
921091
921297
921500
921711
921906
922110
922316
922521
922729
922932
923134
923339
923543
923749
923955
924158
924363
924569
924773
924980
925183
925388
925592
925798
926007
926207
926412
926617
926820
927028
927228
927437
927640
927845
928053
928255
928458
928665
928869
929075
929279
929483
929689
929893
930098
930304
930508
930712
930917
931122
931326
931532
931752
931947
932150
932418
932600
932816
933023
933228
933432
933634
933771
933974
934178
934386
934588
934793
935001
935203
935410
935612
935821
936022
936230
936433
936636
936841
937046
937250
937455
937659
937864
938069
938275
938479
938684
938888
939094
939298
939504
939708
939912
940120
940322
940526
940734
940936
941140
941346
941550
941760
941961
942165
942370
942575
942782
942984
943193
943397
943599
943811
944011
944213
944418
944623
944829
945032
945237
945442
945647
945852
946055
946261
946465
946674
946875
947080
947284
947493
947694
947899
948108
948310
948517
948719
948923
949129
949333
949537
949742
949947
950153
950356
950562
950766
950971
951179
951381
951585
951791
951995
952203
952405
952611
952814
953019
953264
953495
953695
953887
954092
954298
954482
954679
954882
955087
955291
955498
955702
955905
956107
956315
956520
956725
956930
957134
957339
957544
957749
957954
958158
958363
958571
958772
958977
959183
959387
959593
959797
960001
960206
960414
960621
960822
961025
961231
961435
961644
961846
962049
962254
962459
962666
962869
963074
963277
963483
963687
963893
964098
964302
964507
964715
964918
965121
965325
965531
965735
965940
966146
966349
966555
966759
966965
967168
967374
967579
967784
967991
968193
968398
968603
968807
969014
969214
969422
969626
969831
970041
970242
970446
970651
970855
971063
971265
971469
971684
971881
972086
972290
972494
972700
972904
973108
973313
973521
973723
973927
974132
974380
974569
974773
974979
975183
975360
975549
975751
975956
976160
976368
976570
976775
976984
977184
977392
977595
977798
978003
978208
978416
978618
978823
979028
979236
979438
979641
979847
980052
980255
980463
980666
980871
981075
981281
981486
981695
981894
982100
982304
982510
982714
982919
983123
983328
983532
983740
983942
984151
984352
984557
984763
984967
985174
985375
985582
985792
985991
986195
986400
986605
986812
987015
987220
987424
987629
987835
988039
988243
988447
988654
988859
989066
989267
989472
989677
989883
990090
990292
990497
990701
990905
991111
991316
991519
991727
991929
992135
992340
992543
992749
992954
993160
993363
993568
993773
993977
994400
994522
994618
994824
995033
995242
995527
995640
995844
996045
996254
996454
996659
996864
997069
997276
997478
997673
997888
998093
998300
998503
998707
998912
999117
999321
999527
999731
999936
1.00014e+06
1.00034e+06
1.00055e+06
1.00076e+06
1.00096e+06
1.00116e+06
1.00137e+06
1.00157e+06
1.00177e+06
1.00199e+06
1.00219e+06
1.00239e+06
1.0026e+06
1.0028e+06
1.00301e+06
1.00321e+06
1.00342e+06
1.00362e+06
1.00383e+06
1.00403e+06
1.00424e+06
1.00444e+06
1.00465e+06
1.00485e+06
1.00506e+06
1.00526e+06
1.00546e+06
1.00567e+06
1.00587e+06
1.00608e+06
1.00628e+06
1.00648e+06
1.0067e+06
1.0069e+06
1.0071e+06
1.00731e+06
1.00751e+06
1.00772e+06
1.00792e+06
1.00813e+06
1.00833e+06
1.00854e+06
1.00874e+06
1.00895e+06
1.00915e+06
1.00936e+06
1.00956e+06
1.00977e+06
1.00997e+06
1.01018e+06
1.01038e+06
1.01059e+06
1.01078e+06
1.011e+06
1.0112e+06
1.0114e+06
1.01163e+06
1.01182e+06
1.01202e+06
1.01222e+06
1.01243e+06
1.01263e+06
1.01284e+06
1.01304e+06
1.01325e+06
1.01345e+06
1.01366e+06
1.01386e+06
1.01407e+06
1.01427e+06
1.01448e+06
1.01468e+06
1.01488e+06
1.01512e+06
1.01533e+06
1.01553e+06
1.01574e+06
1.01595e+06
1.01616e+06
1.01633e+06
1.01651e+06
1.01671e+06
1.01692e+06
1.01712e+06
1.01732e+06
1.01753e+06
1.01773e+06
1.01794e+06
1.01814e+06
1.01835e+06
1.01855e+06
1.01876e+06
1.01896e+06
1.01917e+06
1.01937e+06
1.01958e+06
1.01978e+06
1.01999e+06
1.02019e+06
1.0204e+06
1.0206e+06
1.0208e+06
1.02101e+06
1.02121e+06
1.02142e+06
1.02164e+06
1.02183e+06
1.02204e+06
1.02224e+06
1.02245e+06
1.02265e+06
1.02286e+06
1.02306e+06
1.02326e+06
1.02347e+06
1.02367e+06
1.02388e+06
1.02408e+06
1.02429e+06
1.02449e+06
1.0247e+06
1.0249e+06
1.02511e+06
1.02531e+06
1.02552e+06
1.02572e+06
1.02593e+06
1.02613e+06
1.02634e+06
1.02654e+06
1.02674e+06
1.02695e+06
1.02715e+06
1.02736e+06
1.02756e+06
1.02777e+06
1.02797e+06
1.02818e+06
1.02838e+06
1.02859e+06
1.0288e+06
1.029e+06
1.0292e+06
1.02941e+06
1.02961e+06
1.02982e+06
1.03002e+06
1.03023e+06
1.03043e+06
1.03064e+06
1.03084e+06
1.03105e+06
1.03125e+06
1.03145e+06
1.03167e+06
1.03187e+06
1.03207e+06
1.03227e+06
1.03248e+06
1.03268e+06
1.03289e+06
1.03309e+06
1.0333e+06
1.0335e+06
1.03371e+06
1.03391e+06
1.03412e+06
1.03432e+06
1.03453e+06
1.03473e+06
1.03494e+06
1.03514e+06
1.03534e+06
1.03555e+06
1.03576e+06
1.03596e+06
1.03624e+06
1.03642e+06
1.03661e+06
1.03681e+06
1.03701e+06
1.0372e+06
1.03741e+06
1.03762e+06
1.03782e+06
1.03803e+06
1.03824e+06
1.03844e+06
1.03864e+06
1.03885e+06
1.03905e+06
1.03926e+06
1.03947e+06
1.03967e+06
1.03987e+06
1.04008e+06
1.04028e+06
1.04048e+06
1.04069e+06
1.04089e+06
1.0411e+06
1.04131e+06
1.04151e+06
1.04172e+06
1.04192e+06
1.04212e+06
1.04233e+06
1.04253e+06
1.04274e+06
1.04294e+06
1.04315e+06
1.04335e+06
1.04356e+06
1.04376e+06
1.04397e+06
1.04417e+06
1.04438e+06
1.04458e+06
1.04479e+06
1.04499e+06
1.0452e+06
1.0454e+06
1.04561e+06
1.04581e+06
1.04601e+06
1.04622e+06
1.04642e+06
1.04663e+06
1.04683e+06
1.04704e+06
1.04724e+06
1.04745e+06
1.04765e+06
1.04786e+06
1.04806e+06
1.04826e+06
1.04847e+06
1.04868e+06
1.04888e+06
1.04909e+06
1.04929e+06
1.0495e+06
1.0497e+06
1.0499e+06
1.05011e+06
1.05031e+06
1.05052e+06
1.05072e+06
1.05093e+06
1.05113e+06
1.05134e+06
1.05154e+06
1.05175e+06
1.05195e+06
1.05216e+06
1.05236e+06
1.05257e+06
1.05277e+06
1.05298e+06
1.05318e+06
1.05339e+06
1.05359e+06
1.0538e+06
1.054e+06
1.05421e+06
1.05441e+06
1.05462e+06
1.05482e+06
1.05503e+06
1.05523e+06
1.05543e+06
1.05564e+06
1.05584e+06
1.05605e+06
1.05625e+06
1.05646e+06
1.05666e+06
1.05687e+06
1.05711e+06
1.0573e+06
1.0575e+06
1.05769e+06
1.05795e+06
1.05811e+06
1.05828e+06
1.05849e+06
1.05869e+06
1.0589e+06
1.0591e+06
1.05931e+06
1.05951e+06
1.05972e+06
1.05992e+06
1.06013e+06
1.06034e+06
1.06053e+06
1.06074e+06
1.06094e+06
1.06115e+06
1.06135e+06
1.06156e+06
1.06177e+06
1.06197e+06
1.06217e+06
1.06238e+06
1.06258e+06
1.06278e+06
1.06299e+06
1.06319e+06
1.0634e+06
1.06361e+06
1.06381e+06
1.06401e+06
1.06422e+06
1.06442e+06
1.06463e+06
1.06483e+06
1.06504e+06
1.06524e+06
1.06545e+06
1.06565e+06
1.06586e+06
1.06606e+06
1.06627e+06
1.06647e+06
1.06668e+06
1.06688e+06
1.06709e+06
1.06729e+06
1.0675e+06
1.0677e+06
1.06791e+06
1.06811e+06
1.06831e+06
1.06852e+06
1.06872e+06
1.06893e+06
1.06913e+06
1.06934e+06
1.06954e+06
1.06975e+06
1.06995e+06
1.07016e+06
1.07037e+06
1.07057e+06
1.07077e+06
1.07098e+06
1.07118e+06
1.07139e+06
1.07159e+06
1.0718e+06
1.07201e+06
1.07221e+06
1.07241e+06
1.07262e+06
1.07283e+06
1.07304e+06
1.07323e+06
1.07344e+06
1.07364e+06
1.07385e+06
1.07405e+06
1.07426e+06
1.07446e+06
1.07467e+06
1.07487e+06
1.07507e+06
1.07528e+06
1.07548e+06
1.07569e+06
1.0759e+06
1.0761e+06
1.0763e+06
1.07651e+06
1.07671e+06
1.07692e+06
1.07712e+06
1.07733e+06
1.07753e+06
1.07774e+06
1.07794e+06
1.07819e+06
1.07836e+06
1.07861e+06
1.07879e+06
1.07898e+06
1.07918e+06
1.07938e+06
1.07959e+06
1.07979e+06
1.08e+06
1.08021e+06
1.08041e+06
1.08061e+06
1.08082e+06
1.08102e+06
1.08123e+06
1.08143e+06
1.08164e+06
1.08184e+06
1.08205e+06
1.08225e+06
1.08246e+06
1.08266e+06
1.08287e+06
1.08307e+06
1.08328e+06
1.08348e+06
1.08368e+06
1.08389e+06
1.08409e+06
1.0843e+06
1.0845e+06
1.08471e+06
1.08491e+06
1.08512e+06
1.08532e+06
1.08553e+06
1.08573e+06
1.08594e+06
1.08615e+06
1.08635e+06
1.08655e+06
1.08676e+06
1.08696e+06
1.08717e+06
1.08737e+06
1.08757e+06
1.08778e+06
1.08798e+06
1.08819e+06
1.08839e+06
1.0886e+06
1.0888e+06
1.08901e+06
1.08921e+06
1.08942e+06
1.08962e+06
1.08983e+06
1.09003e+06
1.09024e+06
1.09044e+06
1.09065e+06
1.09085e+06
1.09106e+06
1.09126e+06
1.09147e+06
1.09167e+06
1.09188e+06
1.09208e+06
1.09229e+06
1.09249e+06
1.0927e+06
1.0929e+06
1.09311e+06
1.09331e+06
1.09351e+06
1.09372e+06
1.09392e+06
1.09413e+06
1.09433e+06
1.09454e+06
1.09474e+06
1.09495e+06
1.09515e+06
1.09536e+06
1.09556e+06
1.09577e+06
1.09597e+06
1.09618e+06
1.09638e+06
1.09659e+06
1.09679e+06
1.097e+06
1.0972e+06
1.09741e+06
1.09761e+06
1.09782e+06
1.09804e+06
1.09822e+06
1.09843e+06
1.09863e+06
1.09884e+06
1.09905e+06
1.09925e+06
1.09945e+06
1.09966e+06
1.09986e+06
1.10007e+06
1.10027e+06
1.10048e+06
1.10068e+06
1.10089e+06
1.10109e+06
1.1013e+06
1.1015e+06
1.10171e+06
1.10191e+06
1.10212e+06
1.10232e+06
1.10252e+06
1.10273e+06
1.10293e+06
1.10314e+06
1.10334e+06
1.10355e+06
1.10375e+06
1.10396e+06
1.10416e+06
1.10437e+06
1.10457e+06
1.10478e+06
1.10498e+06
1.10519e+06
1.10539e+06
1.1056e+06
1.1058e+06
1.10601e+06
1.10621e+06
1.10642e+06
1.10662e+06
1.10683e+06
1.10703e+06
1.10724e+06
1.10744e+06
1.10765e+06
1.10785e+06
1.10805e+06
1.10826e+06
1.10847e+06
1.10867e+06
1.10887e+06
1.10908e+06
1.10929e+06
1.10949e+06
1.10969e+06
1.1099e+06
1.1101e+06
1.11031e+06
1.11052e+06
1.11072e+06
1.11092e+06
1.11113e+06
1.11134e+06
1.11154e+06
1.11174e+06
1.11195e+06
1.11215e+06
1.11236e+06
1.11256e+06
1.11276e+06
1.11297e+06
1.11317e+06
1.11338e+06
1.11358e+06
1.11379e+06
1.11399e+06
1.1142e+06
1.1144e+06
1.11461e+06
1.11481e+06
1.11502e+06
1.11522e+06
1.11543e+06
1.11563e+06
1.11584e+06
1.11604e+06
1.11625e+06
1.11645e+06
1.11666e+06
1.11686e+06
1.11707e+06
1.11727e+06
1.11748e+06
1.11768e+06
1.11789e+06
1.11809e+06
1.11829e+06
1.1185e+06
1.1187e+06
1.11893e+06
1.11911e+06
1.11932e+06
1.11952e+06
1.11973e+06
1.11993e+06
1.12014e+06
1.12034e+06
1.12055e+06
1.12075e+06
1.12096e+06
1.12116e+06
1.12137e+06
1.12157e+06
1.12178e+06
1.12198e+06
1.12219e+06
1.12239e+06
1.1226e+06
1.1228e+06
1.123e+06
1.12321e+06
1.12341e+06
1.12362e+06
1.12382e+06
1.12403e+06
1.12424e+06
1.12444e+06
1.12464e+06
1.12485e+06
1.12505e+06
1.12526e+06
1.12546e+06
1.12567e+06
1.12587e+06
1.12608e+06
1.12628e+06
1.12649e+06
1.12669e+06
1.1269e+06
1.1271e+06
1.12731e+06
1.12751e+06
1.12771e+06
1.12792e+06
1.12812e+06
1.12833e+06
1.12853e+06
1.12874e+06
1.12894e+06
1.12915e+06
1.12935e+06
1.12956e+06
1.12976e+06
1.12997e+06
1.13017e+06
1.13038e+06
1.13058e+06
1.13079e+06
1.13099e+06
1.1312e+06
1.1314e+06
1.13161e+06
1.13182e+06
1.13203e+06
1.13223e+06
1.13243e+06
1.13264e+06
1.13284e+06
1.13304e+06
1.13324e+06
1.13345e+06
1.13366e+06
1.13386e+06
1.13406e+06
1.13427e+06
1.13447e+06
1.13468e+06
1.13488e+06
1.13509e+06
1.13529e+06
1.1355e+06
1.1357e+06
1.13591e+06
1.13611e+06
1.13632e+06
1.13652e+06
1.13673e+06
1.13693e+06
1.13713e+06
1.13734e+06
1.13754e+06
1.13775e+06
1.13795e+06
1.13816e+06
1.13836e+06
1.13857e+06
1.13877e+06
1.13898e+06
1.13918e+06
1.13939e+06
1.13959e+06
1.1398e+06
1.14e+06
1.14021e+06
1.14041e+06
1.14062e+06
1.14082e+06
1.14103e+06
1.14123e+06
1.14144e+06
1.14164e+06
1.14185e+06
1.14205e+06
1.14226e+06
1.14246e+06
1.14266e+06
1.14287e+06
1.14308e+06
1.14328e+06
1.14348e+06
1.14369e+06
1.14389e+06
1.1441e+06
1.1443e+06
1.14451e+06
1.14471e+06
1.14492e+06
1.14512e+06
1.14533e+06
1.14553e+06
1.14574e+06
1.14594e+06
1.14615e+06
1.14635e+06
1.14656e+06
1.14676e+06
1.14696e+06
1.14717e+06
1.14737e+06
1.14758e+06
1.14778e+06
1.14799e+06
1.14819e+06
1.1484e+06
1.1486e+06
1.14881e+06
1.14901e+06
1.14922e+06
1.14942e+06
1.14963e+06
1.14983e+06
1.15004e+06
1.15024e+06
1.15045e+06
1.15065e+06
1.15086e+06
1.15106e+06
1.15127e+06
1.15147e+06
1.15168e+06
1.15188e+06
1.15209e+06
1.15229e+06
1.1525e+06
1.1527e+06
1.1529e+06
1.15311e+06
1.15331e+06
1.15352e+06
1.15372e+06
1.15393e+06
1.15413e+06
1.15434e+06
1.15454e+06
1.15475e+06
1.15495e+06
1.15516e+06
1.15536e+06
1.15557e+06
1.15577e+06
1.15598e+06
1.15618e+06
1.15639e+06
1.15659e+06
1.1568e+06
1.157e+06
1.1572e+06
1.15741e+06
1.15761e+06
1.15782e+06
1.15802e+06
1.15823e+06
1.15843e+06
1.15864e+06
1.15885e+06
1.15905e+06
1.15925e+06
1.15946e+06
1.15966e+06
1.15989e+06
1.16007e+06
1.16028e+06
1.16048e+06
1.16069e+06
1.16089e+06
1.1611e+06
1.1613e+06
1.16151e+06
1.16179e+06
1.16192e+06
1.16212e+06
1.16232e+06
1.16253e+06
1.16273e+06
1.16294e+06
1.16314e+06
1.16335e+06
1.16355e+06
1.16376e+06
1.16396e+06
1.16416e+06
1.16437e+06
1.16458e+06
1.16478e+06
1.16498e+06
1.16519e+06
1.16539e+06
1.1656e+06
1.1658e+06
1.16601e+06
1.16621e+06
1.16642e+06
1.16662e+06
1.16683e+06
1.16703e+06
1.16724e+06
1.16744e+06
1.16765e+06
1.16785e+06
1.16806e+06
1.16826e+06
1.16847e+06
1.16867e+06
1.16887e+06
1.16908e+06
1.16929e+06
1.16949e+06
1.16969e+06
1.1699e+06
1.1701e+06
1.17031e+06
1.17051e+06
1.17072e+06
1.17092e+06
1.17113e+06
1.17133e+06
1.17154e+06
1.17174e+06
1.17195e+06
1.17215e+06
1.17236e+06
1.17256e+06
1.17277e+06
1.17297e+06
1.17318e+06
1.17338e+06
1.17359e+06
1.17379e+06
1.17399e+06
1.1742e+06
1.1744e+06
1.17461e+06
1.17481e+06
1.17502e+06
1.17522e+06
1.17543e+06
1.17563e+06
1.17584e+06
1.17604e+06
1.17625e+06
1.17645e+06
1.17666e+06
1.17686e+06
1.17707e+06
1.17727e+06
1.17748e+06
1.17768e+06
1.17789e+06
1.17809e+06
1.1783e+06
1.1785e+06
1.17871e+06
1.17891e+06
1.17911e+06
1.17932e+06
1.17952e+06
1.17973e+06
1.17993e+06
1.18014e+06
1.18034e+06
1.18055e+06
1.18077e+06
1.18096e+06
1.18116e+06
1.18137e+06
1.18157e+06
1.18178e+06
1.18198e+06
1.18219e+06
1.18239e+06
1.1826e+06
1.1828e+06
1.18301e+06
1.18321e+06
1.18342e+06
1.18362e+06
1.18382e+06
1.18403e+06
1.18423e+06
1.18444e+06
1.18464e+06
1.18485e+06
1.18506e+06
1.18526e+06
1.18546e+06
1.18567e+06
1.18587e+06
1.18608e+06
1.18628e+06
1.18649e+06
1.18669e+06
1.1869e+06
1.1871e+06
1.18731e+06
1.18751e+06
1.18772e+06
1.18792e+06
1.18813e+06
1.18833e+06
1.18853e+06
1.18874e+06
1.18894e+06
1.18915e+06
1.18935e+06
1.18956e+06
1.18976e+06
1.18997e+06
1.19018e+06
1.19038e+06
1.19058e+06
1.19079e+06
1.19099e+06
1.1912e+06
1.1914e+06
1.19161e+06
1.19181e+06
1.19202e+06
1.19222e+06
1.19243e+06
1.19263e+06
1.19284e+06
1.19304e+06
1.19325e+06
1.19345e+06
1.19366e+06
1.19386e+06
1.19406e+06
1.19427e+06
1.19448e+06
1.19468e+06
1.19488e+06
1.19509e+06
1.19529e+06
1.1955e+06
1.1957e+06
1.19591e+06
1.19611e+06
1.19632e+06
1.19652e+06
1.19673e+06
1.19693e+06
1.19714e+06
1.19734e+06
1.19755e+06
1.19775e+06
1.19796e+06
1.19816e+06
1.19837e+06
1.19857e+06
1.19877e+06
1.19898e+06
1.19918e+06
1.19939e+06
1.19959e+06
1.1998e+06
1.2e+06
1.20021e+06
1.20041e+06
1.20062e+06
1.20082e+06
1.20103e+06
1.20123e+06
1.20144e+06
1.20167e+06
1.20185e+06
1.20205e+06
1.20226e+06
1.20246e+06
1.20267e+06
1.20287e+06
1.20308e+06
1.20328e+06
1.20349e+06
1.20369e+06
1.2039e+06
1.2041e+06
1.2043e+06
1.20451e+06
1.20471e+06
1.20492e+06
1.20512e+06
1.20533e+06
1.20553e+06
1.20574e+06
1.20594e+06
1.20615e+06
1.20635e+06
1.20656e+06
1.20676e+06
1.20697e+06
1.20717e+06
1.20738e+06
1.20758e+06
1.20779e+06
1.20799e+06
1.2082e+06
1.2084e+06
1.2086e+06
1.20881e+06
1.20901e+06
1.20922e+06
1.20942e+06
1.20963e+06
1.20983e+06
1.21004e+06
1.21024e+06
1.21045e+06
1.21065e+06
1.21086e+06
1.21106e+06
1.21127e+06
1.21147e+06
1.21168e+06
1.21188e+06
1.21209e+06
1.21229e+06
1.2125e+06
1.2127e+06
1.21291e+06
1.21311e+06
1.21332e+06
1.21352e+06
1.21372e+06
1.21393e+06
1.21413e+06
1.21434e+06
1.21454e+06
1.21475e+06
1.21495e+06
1.21516e+06
1.21537e+06
1.21557e+06
1.21577e+06
1.21598e+06
1.21618e+06
1.21639e+06
1.21659e+06
1.2168e+06
1.217e+06
1.21721e+06
1.21741e+06
1.21762e+06
1.21782e+06
1.21802e+06
1.21823e+06
1.21843e+06
1.21864e+06
1.21884e+06
1.21905e+06
1.21925e+06
1.21946e+06
1.21966e+06
1.21987e+06
1.22007e+06
1.22028e+06
1.22048e+06
1.22069e+06
1.22089e+06
1.2211e+06
1.2213e+06
1.22151e+06
1.22174e+06
1.22192e+06
1.22212e+06
1.22233e+06
1.22253e+06
1.22274e+06
1.22294e+06
1.22314e+06
1.22335e+06
1.22355e+06
1.22376e+06
1.22396e+06
1.22417e+06
1.22437e+06
1.22458e+06
1.22478e+06
1.22499e+06
1.22519e+06
1.2254e+06
1.2256e+06
1.22581e+06
1.22601e+06
1.22622e+06
1.22642e+06
1.22663e+06
1.22683e+06
1.22704e+06
1.22724e+06
1.22745e+06
1.22765e+06
1.22786e+06
1.22806e+06
1.22826e+06
1.22847e+06
1.22867e+06
1.22888e+06
1.22909e+06
1.22929e+06
1.22949e+06
1.2297e+06
1.2299e+06
1.23011e+06
1.23031e+06
1.23052e+06
1.23072e+06
1.23093e+06
1.23113e+06
1.23134e+06
1.23154e+06
1.23175e+06
1.23195e+06
1.23216e+06
1.23236e+06
1.23257e+06
1.23277e+06
1.23297e+06
1.23318e+06
1.23338e+06
1.23359e+06
1.23379e+06
1.234e+06
1.2342e+06
1.23441e+06
1.23461e+06
1.23482e+06
1.23502e+06
1.23523e+06
1.23543e+06
1.23564e+06
1.23584e+06
1.23605e+06
1.23625e+06
1.23646e+06
1.23666e+06
1.23687e+06
1.23707e+06
1.23728e+06
1.23748e+06
1.23769e+06
1.23789e+06
1.23809e+06
1.2383e+06
1.23851e+06
1.23871e+06
1.23891e+06
1.23912e+06
1.23932e+06
1.23953e+06
1.23973e+06
1.23994e+06
1.24014e+06
1.24035e+06
1.24055e+06
1.24076e+06
1.24096e+06
1.24117e+06
1.24137e+06
1.24158e+06
1.24178e+06
1.24199e+06
1.24219e+06
1.2424e+06
1.2426e+06
1.2428e+06
1.24301e+06
1.24321e+06
1.24342e+06
1.24362e+06
1.24383e+06
1.24403e+06
1.24424e+06
1.24444e+06
1.24465e+06
1.24485e+06
1.24506e+06
1.24526e+06
1.24547e+06
1.24567e+06
1.24588e+06
1.24608e+06
1.24629e+06
1.24649e+06
1.2467e+06
1.2469e+06
1.24711e+06
1.24731e+06
1.24752e+06
1.24772e+06
1.24793e+06
1.24813e+06
1.24833e+06
1.24854e+06
1.24874e+06
1.24895e+06
1.24915e+06
1.24936e+06
1.24956e+06
1.24977e+06
1.24997e+06
1.25018e+06
1.25038e+06
1.25059e+06
1.25079e+06
1.251e+06
1.2512e+06
1.25141e+06
1.25162e+06
1.25183e+06
1.25204e+06
1.25224e+06
1.25244e+06
1.25265e+06
1.25285e+06
1.25306e+06
1.25326e+06
1.25347e+06
1.25367e+06
1.25388e+06
1.25409e+06
1.25429e+06
1.25449e+06
1.2547e+06
1.2549e+06
1.25511e+06
1.25531e+06
1.25552e+06
1.25572e+06
1.25592e+06
1.25613e+06
1.25634e+06
1.25654e+06
1.25674e+06
1.25695e+06
1.25715e+06
1.25736e+06
1.25755e+06
1.25776e+06
1.25796e+06
1.25817e+06
1.25837e+06
1.25858e+06
1.25878e+06
1.25899e+06
1.25919e+06
1.2594e+06
1.2596e+06
1.25981e+06
1.26001e+06
1.26022e+06
1.26042e+06
1.26063e+06
1.26083e+06
1.26103e+06
1.26124e+06
1.26144e+06
1.26165e+06
1.26185e+06
1.26206e+06
1.26226e+06
1.26247e+06
1.26267e+06
1.26288e+06
1.26308e+06
1.26329e+06
1.26349e+06
1.2637e+06
1.2639e+06
1.26411e+06
1.26431e+06
1.26452e+06
1.26472e+06
1.26493e+06
1.26513e+06
1.26534e+06
1.26554e+06
1.26575e+06
1.26595e+06
1.26615e+06
1.26636e+06
1.26656e+06
1.26677e+06
1.26697e+06
1.26718e+06
1.26738e+06
1.26759e+06
1.26779e+06
1.268e+06
1.2682e+06
1.26841e+06
1.26861e+06
1.26882e+06
1.26902e+06
1.26923e+06
1.26943e+06
1.26964e+06
1.26984e+06
1.27005e+06
1.27025e+06
1.27045e+06
1.27066e+06
1.27086e+06
1.27107e+06
1.27127e+06
1.27148e+06
1.27169e+06
1.27189e+06
1.2721e+06
1.2723e+06
1.2725e+06
1.27271e+06
1.27291e+06
1.27312e+06
1.27332e+06
1.27353e+06
1.27373e+06
1.27394e+06
1.27414e+06
1.27435e+06
1.27455e+06
1.27475e+06
1.27496e+06
1.27517e+06
1.27537e+06
1.27558e+06
1.27578e+06
1.27598e+06
1.27619e+06
1.27639e+06
1.2766e+06
1.2768e+06
1.27701e+06
1.27721e+06
1.27742e+06
1.27762e+06
1.27783e+06
1.27803e+06
1.27824e+06
1.27844e+06
1.27865e+06
1.27885e+06
1.27906e+06
1.27926e+06
1.27947e+06
1.27967e+06
1.27988e+06
1.28008e+06
1.28029e+06
1.28049e+06
1.28069e+06
1.2809e+06
1.2811e+06
1.28131e+06
1.28152e+06
1.28172e+06
1.28192e+06
1.28213e+06
1.28233e+06
1.28254e+06
1.28274e+06
1.28295e+06
1.28315e+06
1.28336e+06
1.28358e+06
1.28377e+06
1.28397e+06
1.28418e+06
1.28438e+06
1.28459e+06
1.28479e+06
1.285e+06
1.2852e+06
1.2854e+06
1.28561e+06
1.28581e+06
1.28602e+06
1.28622e+06
1.28643e+06
1.28663e+06
1.28684e+06
1.28704e+06
1.28725e+06
1.28745e+06
1.28766e+06
1.28786e+06
1.28807e+06
1.28827e+06
1.28848e+06
1.28868e+06
1.28889e+06
1.28909e+06
1.2893e+06
1.2895e+06
1.28971e+06
1.28991e+06
1.29011e+06
1.29032e+06
1.29052e+06
1.29073e+06
1.29094e+06
1.29114e+06
1.29134e+06
1.29155e+06
1.29176e+06
1.29196e+06
1.29216e+06
1.29237e+06
1.29257e+06
1.29278e+06
1.29298e+06
1.29319e+06
1.29339e+06
1.2936e+06
1.2938e+06
1.29401e+06
1.29421e+06
1.29442e+06
1.29462e+06
1.29482e+06
1.29503e+06
1.29523e+06
1.29544e+06
1.29564e+06
1.29585e+06
1.29605e+06
1.29626e+06
1.29646e+06
1.29667e+06
1.29687e+06
1.29708e+06
1.29728e+06
1.29749e+06
1.29769e+06
1.2979e+06
1.2981e+06
1.29831e+06
1.29851e+06
1.29872e+06
1.29892e+06
1.29913e+06
1.29933e+06
1.29953e+06
1.29974e+06
1.29994e+06
1.30015e+06
1.30036e+06
1.30056e+06
1.30076e+06
1.30097e+06
1.30117e+06
1.30138e+06
1.30158e+06
1.30179e+06
1.30199e+06
1.3022e+06
1.3024e+06
1.30261e+06
1.30281e+06
1.30302e+06
1.30322e+06
1.30343e+06
1.30363e+06
1.30384e+06
1.30404e+06
1.30425e+06
1.30445e+06
1.30466e+06
1.30486e+06
1.30506e+06
1.30527e+06
1.30547e+06
1.30568e+06
1.30588e+06
1.30609e+06
1.30629e+06
1.3065e+06
1.3067e+06
1.30691e+06
1.30711e+06
1.30732e+06
1.30752e+06
1.30773e+06
1.30793e+06
1.30814e+06
1.30834e+06
1.30855e+06
1.30875e+06
1.30896e+06
1.30916e+06
1.30937e+06
1.30957e+06
1.30978e+06
1.30998e+06
1.31018e+06
1.31039e+06
1.31059e+06
1.3108e+06
1.311e+06
1.31121e+06
1.31141e+06
1.31164e+06
1.31183e+06
1.31203e+06
1.31223e+06
1.31244e+06
1.31264e+06
1.31285e+06
1.31305e+06
1.31326e+06
1.31346e+06
1.31367e+06
1.31387e+06
1.31408e+06
1.31428e+06
1.31448e+06
1.31469e+06
1.31489e+06
1.3151e+06
1.3153e+06
1.31551e+06
1.31571e+06
1.31592e+06
1.31613e+06
1.31633e+06
1.31653e+06
1.31674e+06
1.31694e+06
1.31715e+06
1.31735e+06
1.31756e+06
1.31776e+06
1.31797e+06
1.31817e+06
1.31838e+06
1.31858e+06
1.31879e+06
1.31899e+06
1.3192e+06
1.3194e+06
1.3196e+06
1.31981e+06
1.32001e+06
1.32022e+06
1.32042e+06
1.32063e+06
1.32083e+06
1.32104e+06
1.32124e+06
1.32145e+06
1.32166e+06
1.32186e+06
1.32206e+06
1.32227e+06
1.32247e+06
1.32268e+06
1.32288e+06
1.32309e+06
1.32329e+06
1.3235e+06
1.3237e+06
1.32391e+06
1.32411e+06
1.32431e+06
1.32452e+06
1.32472e+06
1.32493e+06
1.32513e+06
1.32534e+06
1.32556e+06
1.32575e+06
1.32595e+06
1.32616e+06
1.32636e+06
1.32657e+06
1.32677e+06
1.32698e+06
1.32718e+06
1.32739e+06
1.32759e+06
1.3278e+06
1.328e+06
1.32821e+06
1.32841e+06
1.32862e+06
1.32882e+06
1.32903e+06
1.32923e+06
1.32944e+06
1.32964e+06
1.32984e+06
1.33005e+06
1.33025e+06
1.33046e+06
1.33066e+06
1.33087e+06
1.33107e+06
1.33128e+06
1.33148e+06
1.33169e+06
1.33189e+06
1.3321e+06
1.3323e+06
1.33251e+06
1.33271e+06
1.33292e+06
1.33312e+06
1.33333e+06
1.33353e+06
1.33374e+06
1.33394e+06
1.33415e+06
1.33435e+06
1.33455e+06
1.33476e+06
1.33497e+06
1.33517e+06
1.33537e+06
1.33558e+06
1.33578e+06
1.33599e+06
1.33619e+06
1.3364e+06
1.3366e+06
1.33681e+06
1.33701e+06
1.33722e+06
1.33742e+06
1.33763e+06
1.33783e+06
1.33804e+06
1.33824e+06
1.33845e+06
1.33865e+06
1.33886e+06
1.33906e+06
1.33927e+06
1.33947e+06
1.33967e+06
1.33988e+06
1.34008e+06
1.34029e+06
1.34049e+06
1.3407e+06
1.3409e+06
1.34111e+06
1.34131e+06
1.34152e+06
1.34173e+06
1.34193e+06
1.34213e+06
1.34234e+06
1.34254e+06
1.34275e+06
1.34295e+06
1.34316e+06
1.34336e+06
1.34357e+06
1.34377e+06
1.34398e+06
1.34418e+06
1.34439e+06
1.34459e+06
1.34479e+06
1.345e+06
1.3452e+06
1.34541e+06
1.34561e+06
1.34582e+06
1.34602e+06
1.34623e+06
1.34644e+06
1.34664e+06
1.34684e+06
1.34705e+06
1.34725e+06
1.34746e+06
1.34766e+06
1.34787e+06
1.34807e+06
1.34828e+06
1.34848e+06
1.34869e+06
1.34889e+06
1.34909e+06
1.3493e+06
1.3495e+06
1.34971e+06
1.34991e+06
1.35012e+06
1.35032e+06
1.35053e+06
1.35074e+06
1.35094e+06
1.35114e+06
1.35135e+06
1.35155e+06
1.35176e+06
1.35196e+06
1.35216e+06
1.35237e+06
1.35257e+06
1.35278e+06
1.35298e+06
1.35319e+06
1.35339e+06
1.3536e+06
1.3538e+06
1.35401e+06
1.35421e+06
1.35442e+06
1.35462e+06
1.35483e+06
1.35503e+06
1.35524e+06
1.35544e+06
1.35565e+06
1.35585e+06
1.35605e+06
1.35626e+06
1.35646e+06
1.35667e+06
1.35687e+06
1.35708e+06
1.35728e+06
1.35749e+06
1.35769e+06
1.3579e+06
1.3581e+06
1.35831e+06
1.35851e+06
1.35872e+06
1.35892e+06
1.35913e+06
1.35933e+06
1.35954e+06
1.35974e+06
1.35995e+06
1.36015e+06
1.36036e+06
1.36056e+06
1.36077e+06
1.36097e+06
1.36118e+06
1.36138e+06
1.36158e+06
1.36179e+06
1.362e+06
1.3622e+06
1.36241e+06
1.36261e+06
1.36282e+06
1.36302e+06
1.36323e+06
1.36343e+06
1.36364e+06
1.36384e+06
1.36404e+06
1.36425e+06
1.36445e+06
1.36466e+06
1.36486e+06
1.36507e+06
1.36527e+06
1.36548e+06
1.36568e+06
1.36589e+06
1.36609e+06
1.3663e+06
1.3665e+06
1.36671e+06
1.36691e+06
1.36712e+06
1.36732e+06
1.36753e+06
1.36773e+06
1.36794e+06
1.36814e+06
1.36835e+06
1.36855e+06
1.36876e+06
1.36896e+06
1.36916e+06
1.36937e+06
1.36958e+06
1.36978e+06
1.36998e+06
1.37019e+06
1.37039e+06
1.3706e+06
1.3708e+06
1.37101e+06
1.37121e+06
1.37142e+06
1.37164e+06
1.37183e+06
1.37203e+06
1.37224e+06
1.37244e+06
1.37265e+06
1.37285e+06
1.37306e+06
1.37326e+06
1.37347e+06
1.37367e+06
1.37387e+06
1.37408e+06
1.37428e+06
1.37449e+06
1.37469e+06
1.3749e+06
1.3751e+06
1.37531e+06
1.37551e+06
1.37572e+06
1.37592e+06
1.37613e+06
1.37633e+06
1.37654e+06
1.37674e+06
1.37695e+06
1.37715e+06
1.37736e+06
1.37756e+06
1.37777e+06
1.37797e+06
1.37818e+06
1.37838e+06
1.37858e+06
1.37879e+06
1.379e+06
1.3792e+06
1.3794e+06
1.37961e+06
1.37981e+06
1.38002e+06
1.38022e+06
1.38043e+06
1.38063e+06
1.38084e+06
1.38104e+06
1.38125e+06
1.38145e+06
1.38166e+06
1.38186e+06
1.38207e+06
1.38227e+06
1.38248e+06
1.38268e+06
1.38289e+06
1.38309e+06
1.3833e+06
1.3835e+06
1.3837e+06
1.38391e+06
1.38411e+06
1.38432e+06
1.38452e+06
1.38473e+06
1.38493e+06
1.38514e+06
1.38534e+06
1.38555e+06
1.38575e+06
1.38596e+06
1.38616e+06
1.38637e+06
1.38657e+06
1.38678e+06
1.38698e+06
1.38719e+06
1.38741e+06
1.3876e+06
1.3878e+06
1.38801e+06
1.38821e+06
1.38842e+06
1.38862e+06
1.38882e+06
1.38903e+06
1.38923e+06
1.38944e+06
1.38964e+06
1.38985e+06
1.39005e+06
1.39026e+06
1.39047e+06
1.39067e+06
1.39087e+06
1.39108e+06
1.39128e+06
1.39149e+06
1.3917e+06
1.3919e+06
1.3921e+06
1.39231e+06
1.39251e+06
1.39272e+06
1.39292e+06
1.39313e+06
1.39333e+06
1.39353e+06
1.39374e+06
1.39394e+06
1.39415e+06
1.39435e+06
1.39456e+06
1.39477e+06
1.39497e+06
1.39517e+06
1.39538e+06
1.39558e+06
1.39579e+06
1.39599e+06
1.3962e+06
1.3964e+06
1.39661e+06
1.39681e+06
1.39702e+06
1.39722e+06
1.39743e+06
1.39763e+06
1.39784e+06
1.39804e+06
1.39825e+06
1.39845e+06
1.39865e+06
1.39886e+06
1.39906e+06
1.39927e+06
1.39947e+06
1.39968e+06
1.39988e+06
1.40009e+06
1.40029e+06
1.4005e+06
1.4007e+06
1.40091e+06
1.40111e+06
1.40132e+06
1.40152e+06
1.40173e+06
1.40193e+06
1.40214e+06
1.40234e+06
1.40255e+06
1.40275e+06
1.40296e+06
1.40316e+06
1.40337e+06
1.40357e+06
1.40377e+06
1.40398e+06
1.40419e+06
1.40439e+06
1.40459e+06
1.4048e+06
1.405e+06
1.40521e+06
1.40541e+06
1.40562e+06
1.40582e+06
1.40603e+06
1.40623e+06
1.40644e+06
1.40664e+06
1.40685e+06
1.40705e+06
1.40726e+06
1.40746e+06
1.40767e+06
1.40787e+06
1.40807e+06
1.4083e+06
1.40849e+06
1.40869e+06
1.40889e+06
1.4091e+06
1.4093e+06
1.40951e+06
1.40971e+06
1.40992e+06
1.41012e+06
1.41033e+06
1.41053e+06
1.41074e+06
1.41094e+06
1.41115e+06
1.41135e+06
1.41156e+06
1.41177e+06
1.41197e+06
1.41217e+06
1.41238e+06
1.41258e+06
1.41279e+06
1.41299e+06
1.4132e+06
1.4134e+06
1.41361e+06
1.41381e+06
1.41401e+06
1.41422e+06
1.41442e+06
1.41463e+06
1.41483e+06
1.41504e+06
1.41524e+06
1.41545e+06
1.41566e+06
1.41586e+06
1.41606e+06
1.41627e+06
1.41647e+06
1.41668e+06
1.41688e+06
1.41709e+06
1.41729e+06
1.4175e+06
1.4177e+06
1.41791e+06
1.41811e+06
1.41831e+06
1.41852e+06
1.41872e+06
1.41893e+06
1.41913e+06
1.41934e+06
1.41954e+06
1.41975e+06
1.41995e+06
1.42016e+06
1.42036e+06
1.42057e+06
1.42077e+06
1.42098e+06
1.42118e+06
1.42139e+06
1.42159e+06
1.4218e+06
1.422e+06
1.42221e+06
1.42241e+06
1.42262e+06
1.42282e+06
1.42303e+06
1.42323e+06
1.42344e+06
1.42364e+06
1.42384e+06
1.42405e+06
1.42425e+06
1.42446e+06
1.42466e+06
1.42487e+06
1.42508e+06
1.42528e+06
1.42548e+06
1.42569e+06
1.42589e+06
1.4261e+06
1.4263e+06
1.42651e+06
1.42671e+06
1.42692e+06
1.42712e+06
1.42733e+06
1.42753e+06
1.42774e+06
1.42794e+06
1.42815e+06
1.42835e+06
1.42855e+06
1.42876e+06
1.42896e+06
1.42917e+06
1.42939e+06
1.42958e+06
1.42978e+06
1.42999e+06
1.43019e+06
1.4304e+06
1.4306e+06
1.43081e+06
1.43101e+06
1.43122e+06
1.43142e+06
1.43165e+06
1.43183e+06
1.43204e+06
1.43224e+06
1.43245e+06
1.43265e+06
1.43286e+06
1.43306e+06
1.43326e+06
1.43347e+06
1.43367e+06
1.43388e+06
1.43408e+06
1.43429e+06
1.43449e+06
1.4347e+06
1.4349e+06
1.43511e+06
1.43531e+06
1.43552e+06
1.43572e+06
1.43593e+06
1.43613e+06
1.43634e+06
1.43654e+06
1.43675e+06
1.43695e+06
1.43716e+06
1.43736e+06
1.43756e+06
1.43777e+06
1.43798e+06
1.43818e+06
1.43838e+06
1.43859e+06
1.4388e+06
1.439e+06
1.4392e+06
1.43941e+06
1.43961e+06
1.43982e+06
1.44002e+06
1.44023e+06
1.44043e+06
1.44064e+06
1.44084e+06
1.44105e+06
1.44125e+06
1.44146e+06
1.44167e+06
1.44187e+06
1.44207e+06
1.44228e+06
1.44248e+06
1.44268e+06
1.44289e+06
1.44309e+06
1.4433e+06
1.4435e+06
1.44371e+06
1.44391e+06
1.44412e+06
1.44432e+06
1.44453e+06
1.44473e+06
1.44494e+06
1.44514e+06
1.44535e+06
1.44555e+06
1.44576e+06
1.44596e+06
1.44617e+06
1.44637e+06
1.44658e+06
1.44678e+06
1.44699e+06
1.44719e+06
1.4474e+06
1.4476e+06
1.44781e+06
1.44801e+06
1.44822e+06
1.44842e+06
1.44862e+06
1.44883e+06
1.44903e+06
1.44924e+06
1.44944e+06
1.44965e+06
1.44985e+06
1.45006e+06
1.45028e+06
1.45047e+06
1.45067e+06
1.45088e+06
1.45108e+06
1.45129e+06
1.45149e+06
1.4517e+06
1.4519e+06
1.45211e+06
1.45231e+06
1.45252e+06
1.45272e+06
1.45292e+06
1.45313e+06
1.45333e+06
1.45354e+06
1.45374e+06
1.45395e+06
1.45415e+06
1.45436e+06
1.45456e+06
1.45477e+06
1.45497e+06
1.45518e+06
1.45538e+06
1.45559e+06
1.45579e+06
1.456e+06
1.4562e+06
1.45641e+06
1.45661e+06
1.45682e+06
1.45702e+06
1.45723e+06
1.45743e+06
1.45764e+06
1.45784e+06
1.45804e+06
1.45825e+06
1.45845e+06
1.45866e+06
1.45886e+06
1.45907e+06
1.45927e+06
1.45948e+06
1.45969e+06
1.45989e+06
1.46009e+06
1.4603e+06
1.4605e+06
1.46071e+06
1.46091e+06
1.46112e+06
1.46132e+06
1.46153e+06
1.46174e+06
1.46194e+06
1.46214e+06
1.46234e+06
1.46255e+06
1.46275e+06
1.46296e+06
1.46316e+06
1.46337e+06
1.46357e+06
1.46378e+06
1.46399e+06
1.46419e+06
1.46439e+06
1.4646e+06
1.4648e+06
1.46501e+06
1.46521e+06
1.46542e+06
1.46562e+06
1.46583e+06
1.46603e+06
1.46624e+06
1.46644e+06
1.46665e+06
1.46685e+06
1.46706e+06
1.46726e+06
1.46746e+06
1.46767e+06
1.46787e+06
1.46808e+06
1.46828e+06
1.46849e+06
1.46869e+06
1.4689e+06
1.4691e+06
1.46931e+06
1.46951e+06
1.46972e+06
1.46992e+06
1.47013e+06
1.47033e+06
1.47054e+06
1.47074e+06
1.47095e+06
1.47115e+06
1.47136e+06
1.47156e+06
1.47177e+06
1.47197e+06
1.47218e+06
1.47238e+06
1.47258e+06
1.47279e+06
1.47299e+06
1.4732e+06
1.47341e+06
1.47361e+06
1.47381e+06
1.47402e+06
1.47422e+06
1.47443e+06
1.47463e+06
1.47484e+06
1.47504e+06
1.47525e+06
1.47545e+06
1.47566e+06
1.47586e+06
1.47607e+06
1.47627e+06
1.47648e+06
1.47668e+06
1.47689e+06
1.47709e+06
1.47729e+06
1.4775e+06
1.4777e+06
1.47791e+06
1.47811e+06
1.47832e+06
1.47852e+06
1.47873e+06
1.47893e+06
1.47914e+06
1.47934e+06
1.47955e+06
1.47975e+06
1.47996e+06
1.48016e+06
1.48037e+06
1.48057e+06
1.48078e+06
1.48098e+06
1.48119e+06
1.48139e+06
1.48159e+06
1.4818e+06
1.48201e+06
1.48221e+06
1.48241e+06
1.48262e+06
1.48283e+06
1.48303e+06
1.48323e+06
1.48344e+06
1.48364e+06
1.48385e+06
1.48405e+06
1.48426e+06
1.48446e+06
1.48467e+06
1.48487e+06
1.48508e+06
1.48528e+06
1.48549e+06
1.48569e+06
1.4859e+06
1.4861e+06
1.48631e+06
1.48651e+06
1.48672e+06
1.48692e+06
1.48713e+06
1.48733e+06
1.48753e+06
1.48774e+06
1.48794e+06
1.48815e+06
1.48835e+06
1.48856e+06
1.48876e+06
1.48897e+06
1.48917e+06
1.48938e+06
1.48958e+06
1.48979e+06
1.48999e+06
1.4902e+06
1.4904e+06
1.49061e+06
1.49081e+06
1.49102e+06
1.49122e+06
1.49143e+06
1.49165e+06
1.49184e+06
1.49204e+06
1.49226e+06
1.49245e+06
1.49265e+06
1.49286e+06
1.49306e+06
1.49327e+06
1.49347e+06
1.49368e+06
1.49388e+06
1.49409e+06
1.49429e+06
1.4945e+06
1.4947e+06
1.49491e+06
1.49511e+06
1.49532e+06
1.49552e+06
1.49573e+06
1.49593e+06
1.49614e+06
1.49634e+06
1.49655e+06
1.49675e+06
1.49695e+06
1.49716e+06
1.49736e+06
1.49757e+06
1.49777e+06
1.49798e+06
1.49818e+06
1.49839e+06
1.49859e+06
1.4988e+06
1.499e+06
1.49921e+06
1.49941e+06
1.49962e+06
1.49982e+06
1.50003e+06
1.50023e+06
1.50044e+06
1.50064e+06
1.50085e+06
1.50105e+06
1.50126e+06
1.50146e+06
1.50167e+06
1.50187e+06
1.50207e+06
1.50228e+06
1.50248e+06
1.50269e+06
1.50289e+06
1.5031e+06
1.5033e+06
1.50351e+06
1.50372e+06
1.50392e+06
1.50412e+06
1.50433e+06
1.50453e+06
1.50474e+06
1.50494e+06
1.50515e+06
1.50535e+06
1.50556e+06
1.50576e+06
1.50597e+06
1.50617e+06
1.50637e+06
1.50658e+06
1.50679e+06
1.50699e+06
1.5072e+06
1.5074e+06
1.5076e+06
1.50781e+06
1.50802e+06
1.50822e+06
1.50842e+06
1.50863e+06
1.50883e+06
1.50904e+06
1.50924e+06
1.50945e+06
1.50965e+06
1.50986e+06
1.51006e+06
1.51027e+06
1.51047e+06
1.51068e+06
1.51088e+06
1.51109e+06
1.51129e+06
1.51149e+06
1.5117e+06
1.5119e+06
1.51211e+06
1.51231e+06
1.51252e+06
1.51272e+06
1.51293e+06
1.51313e+06
1.51334e+06
1.51354e+06
1.51375e+06
1.51395e+06
1.51416e+06
1.51436e+06
1.51457e+06
1.51477e+06
1.51498e+06
1.51518e+06
1.51539e+06
1.51559e+06
1.5158e+06
1.516e+06
1.51621e+06
1.51641e+06
1.51661e+06
1.51682e+06
1.51702e+06
1.51723e+06
1.51744e+06
1.51764e+06
1.51784e+06
1.51805e+06
1.51825e+06
1.51846e+06
1.51866e+06
1.51887e+06
1.51907e+06
1.51928e+06
1.51948e+06
1.51969e+06
1.51989e+06
1.5201e+06
1.5203e+06
1.52051e+06
1.52071e+06
1.52092e+06
1.52112e+06
1.52133e+06
1.52153e+06
1.52174e+06
1.52194e+06
1.52214e+06
1.52235e+06
1.52255e+06
1.52276e+06
1.52296e+06
1.52317e+06
1.52337e+06
1.52358e+06
1.52378e+06
1.52399e+06
1.52419e+06
1.5244e+06
1.5246e+06
1.52481e+06
1.52501e+06
1.52522e+06
1.52542e+06
1.52563e+06
1.52583e+06
1.52604e+06
1.52624e+06
1.52645e+06
1.52665e+06
1.52686e+06
1.52706e+06
1.52726e+06
1.52747e+06
1.52767e+06
1.52788e+06
1.52808e+06
1.52829e+06
1.52849e+06
1.5287e+06
1.5289e+06
1.52911e+06
1.52931e+06
1.52952e+06
1.52972e+06
1.52993e+06
1.53013e+06
1.53034e+06
1.53054e+06
1.53075e+06
1.53095e+06
1.53115e+06
1.53136e+06
1.53156e+06
1.53177e+06
1.53197e+06
1.53218e+06
1.53238e+06
1.53259e+06
1.53279e+06
1.533e+06
1.5332e+06
1.53341e+06
1.53361e+06
1.53382e+06
1.53402e+06
1.53425e+06
1.53443e+06
1.53464e+06
1.53484e+06
1.53505e+06
1.53525e+06
1.53546e+06
1.53566e+06
1.53587e+06
1.53607e+06
1.53628e+06
1.53648e+06
1.53668e+06
1.53689e+06
1.53709e+06
1.5373e+06
1.5375e+06
1.53771e+06
1.53791e+06
1.53812e+06
1.53833e+06
1.53853e+06
1.53873e+06
1.53894e+06
1.53914e+06
1.53935e+06
1.53955e+06
1.53976e+06
1.53996e+06
1.54017e+06
1.54037e+06
1.54058e+06
1.54078e+06
1.54098e+06
1.54119e+06
1.5414e+06
1.5416e+06
1.54181e+06
1.54201e+06
1.54221e+06
1.54242e+06
1.54263e+06
1.54283e+06
1.54303e+06
1.54324e+06
1.54344e+06
1.54365e+06
1.54385e+06
1.54406e+06
1.54426e+06
1.54447e+06
1.54467e+06
1.54488e+06
1.54508e+06
1.54529e+06
1.54549e+06
1.5457e+06
1.5459e+06
1.54611e+06
1.54631e+06
1.54651e+06
1.54672e+06
1.54692e+06
1.54713e+06
1.54733e+06
1.54754e+06
1.54775e+06
1.54795e+06
1.54815e+06
1.54836e+06
1.54856e+06
1.54877e+06
1.54897e+06
1.54918e+06
1.54938e+06
1.54959e+06
1.54979e+06
1.55e+06
1.5502e+06
1.55041e+06
1.55061e+06
1.55082e+06
1.55102e+06
1.55122e+06
1.55143e+06
1.55164e+06
1.55184e+06
1.55205e+06
1.55225e+06
1.55245e+06
1.55266e+06
1.55286e+06
1.55307e+06
1.55327e+06
1.55348e+06
1.55368e+06
1.55389e+06
1.55409e+06
1.5543e+06
1.5545e+06
1.55471e+06
1.55491e+06
1.55513e+06
1.55532e+06
1.55553e+06
1.55573e+06
1.55593e+06
1.55614e+06
1.55634e+06
1.55655e+06
1.55675e+06
1.55696e+06
1.55716e+06
1.55737e+06
1.55757e+06
1.55778e+06
1.55798e+06
1.55819e+06
1.55839e+06
1.5586e+06
1.5588e+06
1.55901e+06
1.55921e+06
1.55942e+06
1.55962e+06
1.55983e+06
1.56003e+06
1.56024e+06
1.56044e+06
1.56065e+06
1.56085e+06
1.56105e+06
1.56126e+06
1.56147e+06
1.56167e+06
1.56187e+06
1.56208e+06
1.56228e+06
1.56249e+06
1.56269e+06
1.5629e+06
1.5631e+06
1.56331e+06
1.56351e+06
1.56372e+06
1.56392e+06
1.56413e+06
1.56433e+06
1.56454e+06
1.56474e+06
1.56495e+06
1.56515e+06
1.56536e+06
1.56556e+06
1.56577e+06
1.56597e+06
1.56617e+06
1.56638e+06
1.56658e+06
1.56679e+06
1.56699e+06
1.5672e+06
1.5674e+06
1.56761e+06
1.56781e+06
1.56802e+06
1.56822e+06
1.56843e+06
1.56863e+06
1.56884e+06
1.56904e+06
1.56925e+06
1.56945e+06
1.56966e+06
1.56986e+06
1.57007e+06
1.57027e+06
1.57047e+06
1.57068e+06
1.57089e+06
1.57109e+06
1.57129e+06
1.5715e+06
1.57171e+06
1.57191e+06
1.57211e+06
1.57232e+06
1.57252e+06
1.57273e+06
1.57293e+06
1.57314e+06
1.57334e+06
1.57355e+06
1.57375e+06
1.57396e+06
1.57416e+06
1.57437e+06
1.57457e+06
1.57478e+06
1.57498e+06
1.57519e+06
1.57539e+06
1.57559e+06
1.5758e+06
1.576e+06
1.57621e+06
1.57641e+06
1.57662e+06
1.57682e+06
1.57703e+06
1.57724e+06
1.57744e+06
1.57764e+06
1.57785e+06
1.57805e+06
1.57826e+06
1.57846e+06
1.57867e+06
1.57887e+06
1.57908e+06
1.57928e+06
1.57949e+06
1.57969e+06
1.5799e+06
1.5801e+06
1.58031e+06
1.58051e+06
1.58072e+06
1.58092e+06
1.58112e+06
1.58133e+06
1.58153e+06
1.58174e+06
1.58194e+06
1.58215e+06
1.58236e+06
1.58256e+06
1.58276e+06
1.58297e+06
1.58317e+06
1.58338e+06
1.58358e+06
1.58379e+06
1.58399e+06
1.5842e+06
1.5844e+06
1.58461e+06
1.58481e+06
1.58502e+06
1.58522e+06
1.58542e+06
1.58563e+06
1.58583e+06
1.58604e+06
1.58624e+06
1.58645e+06
1.58666e+06
1.58686e+06
1.58706e+06
1.58727e+06
1.58747e+06
1.58768e+06
1.58788e+06
1.58809e+06
1.58829e+06
1.5885e+06
1.5887e+06
1.58891e+06
1.58911e+06
1.58932e+06
1.58952e+06
1.58973e+06
1.58993e+06
1.59013e+06
1.59034e+06
1.59055e+06
1.59075e+06
1.59095e+06
1.59116e+06
1.59136e+06
1.59157e+06
1.59177e+06
1.59198e+06
1.59218e+06
1.59239e+06
1.59259e+06
1.5928e+06
1.593e+06
1.59321e+06
1.59341e+06
1.59362e+06
1.59382e+06
1.59403e+06
1.59423e+06
1.59444e+06
1.59464e+06
1.59485e+06
1.59505e+06
1.59526e+06
1.59546e+06
1.59566e+06
1.59587e+06
1.59608e+06
1.59628e+06
1.59648e+06
1.59669e+06
1.59689e+06
1.59712e+06
1.5973e+06
1.59751e+06
1.59771e+06
1.59792e+06
1.59812e+06
1.59833e+06
1.59853e+06
1.59874e+06
1.59894e+06
1.59915e+06
1.59935e+06
1.59956e+06
1.59976e+06
1.59997e+06
1.60017e+06
1.60037e+06
1.60058e+06
1.60078e+06
1.60099e+06
1.60119e+06
1.6014e+06
1.6016e+06
1.60181e+06
1.60201e+06
1.60222e+06
1.60242e+06
1.60263e+06
1.60283e+06
1.60304e+06
1.60324e+06
1.60345e+06
1.60365e+06
1.60386e+06
1.60406e+06
1.60427e+06
1.60447e+06
1.60468e+06
1.60488e+06
1.60508e+06
1.60529e+06
1.6055e+06
1.6057e+06
1.60591e+06
1.60611e+06
1.60631e+06
1.60652e+06
1.60672e+06
1.60693e+06
1.60713e+06
1.60734e+06
1.60754e+06
1.60775e+06
1.60795e+06
1.60816e+06
1.60836e+06
1.60857e+06
1.60877e+06
1.60898e+06
1.60918e+06
1.60939e+06
1.60959e+06
1.6098e+06
1.61e+06
1.61021e+06
1.61041e+06
1.61061e+06
1.61082e+06
1.61102e+06
1.61123e+06
1.61143e+06
1.61164e+06
1.61184e+06
1.61205e+06
1.61225e+06
1.61246e+06
1.61266e+06
1.61287e+06
1.61307e+06
1.61328e+06
1.61348e+06
1.61369e+06
1.61389e+06
1.6141e+06
1.6143e+06
1.61451e+06
1.61471e+06
1.61492e+06
1.61512e+06
1.61532e+06
1.61553e+06
1.61573e+06
1.61594e+06
1.61614e+06
1.61635e+06
1.61655e+06
1.61676e+06
1.61697e+06
1.61717e+06
1.61737e+06
1.61758e+06
1.61778e+06
1.61799e+06
1.61819e+06
1.6184e+06
1.6186e+06
1.61881e+06
1.61901e+06
1.61922e+06
1.61942e+06
1.61963e+06
1.61983e+06
1.62003e+06
1.62024e+06
1.62044e+06
1.62065e+06
1.62085e+06
1.62106e+06
1.62127e+06
1.62147e+06
1.62168e+06
1.62188e+06
1.62208e+06
1.62229e+06
1.62249e+06
1.6227e+06
1.6229e+06
1.62311e+06
1.62331e+06
1.62352e+06
1.62372e+06
1.62393e+06
1.62413e+06
1.62434e+06
1.62454e+06
1.62475e+06
1.62495e+06
1.62515e+06
1.62536e+06
1.62556e+06
1.62577e+06
1.62597e+06
1.62618e+06
1.62639e+06
1.62659e+06
1.62679e+06
1.627e+06
1.6272e+06
1.62741e+06
1.62761e+06
1.62782e+06
1.62802e+06
1.62823e+06
1.62843e+06
1.62864e+06
1.62884e+06
1.62905e+06
1.62925e+06
1.62946e+06
1.62966e+06
1.62987e+06
1.63007e+06
1.63027e+06
1.63048e+06
1.63069e+06
1.63089e+06
1.63109e+06
1.6313e+06
1.6315e+06
1.63171e+06
1.63191e+06
1.63212e+06
1.63232e+06
1.63253e+06
1.63273e+06
1.63294e+06
1.63314e+06
1.63335e+06
1.63355e+06
1.63376e+06
1.63396e+06
1.63417e+06
1.63437e+06
1.63458e+06
1.63478e+06
1.63498e+06
1.63519e+06
1.63539e+06
1.6356e+06
1.6358e+06
1.63601e+06
1.63621e+06
1.63642e+06
1.63662e+06
1.63683e+06
1.63703e+06
1.63724e+06
1.63744e+06
1.63765e+06
1.63785e+06
1.63806e+06
1.63826e+06
1.63847e+06
1.63867e+06
1.63888e+06
1.6391e+06
1.63929e+06
1.63949e+06
1.6397e+06
1.6399e+06
1.64011e+06
1.64031e+06
1.64051e+06
1.64072e+06
1.64092e+06
1.64113e+06
1.64133e+06
1.64154e+06
1.64175e+06
1.64195e+06
1.64216e+06
1.64236e+06
1.64257e+06
1.64276e+06
1.64297e+06
1.64318e+06
1.64338e+06
1.64358e+06
1.64379e+06
1.64399e+06
1.6442e+06
1.6444e+06
1.64461e+06
1.64481e+06
1.64502e+06
1.64522e+06
1.64543e+06
1.64563e+06
1.64584e+06
1.64604e+06
1.64625e+06
1.64645e+06
1.64665e+06
1.64686e+06
1.64706e+06
1.64727e+06
1.64748e+06
1.64768e+06
1.64788e+06
1.64809e+06
1.64829e+06
1.6485e+06
1.6487e+06
1.64891e+06
1.64911e+06
1.64932e+06
1.64952e+06
1.64973e+06
1.64993e+06
1.65014e+06
1.65034e+06
1.65055e+06
1.65075e+06
1.65096e+06
1.65116e+06
1.65136e+06
1.65157e+06
1.65178e+06
1.65198e+06
1.65219e+06
1.65239e+06
1.65259e+06
1.6528e+06
1.65301e+06
1.65323e+06
1.65343e+06
1.65363e+06
1.65384e+06
1.65404e+06
1.65425e+06
1.65445e+06
1.65465e+06
1.65486e+06
1.65506e+06
1.65527e+06
1.65547e+06
1.65568e+06
1.65588e+06
1.65609e+06
1.6563e+06
1.6565e+06
1.6567e+06
1.65691e+06
1.65711e+06
1.65732e+06
1.65752e+06
1.65773e+06
1.65793e+06
1.65814e+06
1.65834e+06
1.65855e+06
1.65875e+06
1.65896e+06
1.65916e+06
1.65937e+06
1.65956e+06
1.65977e+06
1.65999e+06
1.66017e+06
1.66038e+06
1.66058e+06
1.66079e+06
1.661e+06
1.6612e+06
1.6614e+06
1.66161e+06
1.66181e+06
1.66202e+06
1.66222e+06
1.66243e+06
1.66263e+06
1.66284e+06
1.66304e+06
1.66325e+06
1.66345e+06
1.66366e+06
1.66386e+06
1.66406e+06
1.66427e+06
1.66447e+06
1.66468e+06
1.66488e+06
1.66509e+06
1.6653e+06
1.6655e+06
1.6657e+06
1.66591e+06
1.66611e+06
1.66632e+06
1.66652e+06
1.66673e+06
1.66693e+06
1.66714e+06
1.66734e+06
1.66755e+06
1.66775e+06
1.66796e+06
1.66816e+06
1.66837e+06
1.66857e+06
1.66877e+06
1.66898e+06
1.66918e+06
1.66939e+06
1.66959e+06
1.6698e+06
1.67e+06
1.67021e+06
1.67041e+06
1.67062e+06
1.67082e+06
1.67103e+06
1.67123e+06
1.67144e+06
1.67165e+06
1.67185e+06
1.67205e+06
1.67226e+06
1.67246e+06
1.67267e+06
1.67287e+06
1.67308e+06
1.67328e+06
1.67349e+06
1.67369e+06
1.67389e+06
1.6741e+06
1.6743e+06
1.67451e+06
1.67472e+06
1.67492e+06
1.67512e+06
1.67533e+06
1.67553e+06
1.67574e+06
1.67594e+06
1.67615e+06
1.67635e+06
1.67656e+06
1.67676e+06
1.67697e+06
1.67717e+06
1.67738e+06
1.67758e+06
1.67779e+06
1.67799e+06
1.6782e+06
1.6784e+06
1.67861e+06
1.67881e+06
1.67901e+06
1.67922e+06
1.67942e+06
1.67963e+06
1.67983e+06
1.68004e+06
1.68024e+06
1.68045e+06
1.68065e+06
1.68086e+06
1.68106e+06
1.68127e+06
1.68147e+06
1.68168e+06
1.68188e+06
1.68209e+06
1.68229e+06
1.6825e+06
1.6827e+06
1.68291e+06
1.68311e+06
1.68332e+06
1.68352e+06
1.68372e+06
1.68393e+06
1.68414e+06
1.68434e+06
1.68454e+06
1.68475e+06
1.68495e+06
1.68516e+06
1.68536e+06
1.68557e+06
1.68577e+06
1.68598e+06
1.68618e+06
1.68639e+06
1.68659e+06
1.6868e+06
1.687e+06
1.68721e+06
1.68741e+06
1.68762e+06
1.68782e+06
1.68803e+06
1.68823e+06
1.68844e+06
1.68864e+06
1.68884e+06
1.68905e+06
1.68925e+06
1.68946e+06
1.68966e+06
1.68987e+06
1.69007e+06
1.69028e+06
1.69048e+06
1.69069e+06
1.69089e+06
1.6911e+06
1.6913e+06
1.69151e+06
1.69172e+06
1.69192e+06
1.69212e+06
1.69233e+06
1.69253e+06
1.69274e+06
1.69294e+06
1.69315e+06
1.69335e+06
1.69356e+06
1.69376e+06
1.69396e+06
1.69417e+06
1.69437e+06
1.69458e+06
1.69478e+06
1.69499e+06
1.69519e+06
1.6954e+06
1.6956e+06
1.69581e+06
1.69601e+06
1.69622e+06
1.69642e+06
1.69663e+06
1.69683e+06
1.69704e+06
1.69724e+06
1.69745e+06
1.69765e+06
1.69786e+06
1.69806e+06
1.69827e+06
1.69847e+06
1.69867e+06
1.69888e+06
1.69908e+06
1.69929e+06
1.69949e+06
1.6997e+06
1.69991e+06
1.70011e+06
1.70031e+06
1.70052e+06
1.70072e+06
1.70093e+06
1.70113e+06
1.70134e+06
1.70154e+06
1.70175e+06
1.70197e+06
1.70216e+06
1.70236e+06
1.70257e+06
1.70277e+06
1.70298e+06
1.70318e+06
1.70339e+06
1.70359e+06
1.70379e+06
1.704e+06
1.7042e+06
1.70441e+06
1.70461e+06
1.70482e+06
1.70502e+06
1.70523e+06
1.70543e+06
1.70564e+06
1.70584e+06
1.70605e+06
1.70625e+06
1.70646e+06
1.70666e+06
1.70687e+06
1.70707e+06
1.70728e+06
1.70748e+06
1.70769e+06
1.70789e+06
1.7081e+06
1.7083e+06
1.70851e+06
1.70871e+06
1.70891e+06
1.70912e+06
1.70933e+06
1.70953e+06
1.70973e+06
1.70994e+06
1.71014e+06
1.71035e+06
1.71055e+06
1.71076e+06
1.71096e+06
1.71117e+06
1.71137e+06
1.71158e+06
1.71178e+06
1.71199e+06
1.71219e+06
1.7124e+06
1.7126e+06
1.71281e+06
1.71301e+06
1.71322e+06
1.71342e+06
1.71362e+06
1.71383e+06
1.71403e+06
1.71424e+06
1.71444e+06
1.71465e+06
1.71485e+06
1.71506e+06
1.71526e+06
1.71547e+06
1.71567e+06
1.71588e+06
1.71608e+06
1.71629e+06
1.71649e+06
1.7167e+06
1.7169e+06
1.71711e+06
1.71731e+06
1.71752e+06
1.71772e+06
1.71793e+06
1.71813e+06
1.71834e+06
1.71854e+06
1.71875e+06
1.71895e+06
1.71915e+06
1.71936e+06
1.71956e+06
1.71977e+06
1.71997e+06
1.72018e+06
1.72038e+06
1.72059e+06
1.72079e+06
1.721e+06
1.7212e+06
1.72141e+06
1.72163e+06
1.72182e+06
1.72202e+06
1.72223e+06
1.72243e+06
1.72264e+06
1.72284e+06
1.72305e+06
1.72325e+06
1.72346e+06
1.72366e+06
1.72386e+06
1.72407e+06
1.72427e+06
1.72448e+06
1.72468e+06
1.72489e+06
1.72509e+06
1.7253e+06
1.7255e+06
1.72571e+06
1.72591e+06
1.72612e+06
1.72632e+06
1.72653e+06
1.72673e+06
1.72694e+06
1.72714e+06
1.72735e+06
1.72755e+06
1.72775e+06
1.72796e+06
1.72817e+06
1.72837e+06
1.72857e+06
1.72878e+06
1.72898e+06
1.72919e+06
1.72939e+06
1.7296e+06
1.7298e+06
1.73001e+06
1.73022e+06
1.73042e+06
1.73062e+06
1.73083e+06
1.73103e+06
1.73124e+06
1.73144e+06
1.73165e+06
1.73185e+06
1.73206e+06
1.73226e+06
1.73247e+06
1.73267e+06
1.73288e+06
1.73308e+06
1.73328e+06
1.73349e+06
1.73369e+06
1.7339e+06
1.7341e+06
1.73431e+06
1.73452e+06
1.73472e+06
1.73492e+06
1.73513e+06
1.73533e+06
1.73554e+06
1.73574e+06
1.73595e+06
1.73615e+06
1.73636e+06
1.73656e+06
1.73677e+06
1.73697e+06
1.73718e+06
1.73738e+06
1.73759e+06
1.73779e+06
1.73799e+06
1.7382e+06
1.7384e+06
1.73861e+06
1.73881e+06
1.73902e+06
1.73922e+06
1.73943e+06
1.73964e+06
1.73984e+06
1.74004e+06
1.74025e+06
1.74045e+06
1.74066e+06
1.74086e+06
1.74107e+06
1.74127e+06
1.74148e+06
1.74169e+06
1.74189e+06
1.74209e+06
1.7423e+06
1.7425e+06
1.7427e+06
1.74291e+06
1.74311e+06
1.74332e+06
1.74352e+06
1.74373e+06
1.74395e+06
1.74414e+06
1.74434e+06
1.74455e+06
1.74475e+06
1.74496e+06
1.74516e+06
1.74537e+06
1.74557e+06
1.74578e+06
1.74598e+06
1.74619e+06
1.74639e+06
1.7466e+06
1.7468e+06
1.74701e+06
1.74721e+06
1.74742e+06
1.74762e+06
1.74783e+06
1.74803e+06
1.74823e+06
1.74844e+06
1.74864e+06
1.74885e+06
1.74905e+06
1.74926e+06
1.74946e+06
1.74967e+06
1.74987e+06
1.75008e+06
1.75028e+06
1.75049e+06
1.75069e+06
1.7509e+06
1.7511e+06
1.75131e+06
1.75151e+06
1.75172e+06
1.75192e+06
1.75212e+06
1.75233e+06
1.75253e+06
1.75274e+06
1.75294e+06
1.75315e+06
1.75335e+06
1.75356e+06
1.75376e+06
1.75397e+06
1.75417e+06
1.75438e+06
1.75458e+06
1.75478e+06
1.75499e+06
1.75519e+06
1.7554e+06
1.7556e+06
1.75581e+06
1.75601e+06
1.75622e+06
1.75643e+06
1.75663e+06
1.75683e+06
1.75704e+06
1.75724e+06
1.75745e+06
1.75765e+06
1.75786e+06
1.75806e+06
1.75827e+06
1.75847e+06
1.75868e+06
1.75888e+06
1.75908e+06
1.75929e+06
1.7595e+06
1.7597e+06
1.7599e+06
1.76011e+06
1.76031e+06
1.76052e+06
1.76073e+06
1.76093e+06
1.76113e+06
1.76134e+06
1.76154e+06
1.76175e+06
1.76196e+06
1.76216e+06
1.76236e+06
1.76257e+06
1.76278e+06
1.76298e+06
1.76318e+06
1.76339e+06
1.76359e+06
1.7638e+06
1.764e+06
1.76421e+06
1.76441e+06
1.76462e+06
1.76484e+06
1.76503e+06
1.76523e+06
1.76544e+06
1.76564e+06
1.76585e+06
1.76605e+06
1.76626e+06
1.76646e+06
1.76667e+06
1.76687e+06
1.76707e+06
1.76728e+06
1.76748e+06
1.76769e+06
1.76789e+06
1.7681e+06
1.76832e+06
1.76851e+06
1.76871e+06
1.76892e+06
1.76913e+06
1.76933e+06
1.76953e+06
1.76974e+06
1.76994e+06
1.77015e+06
1.77035e+06
1.77056e+06
1.77076e+06
1.77097e+06
1.77117e+06
1.77138e+06
1.77158e+06
1.77179e+06
1.77199e+06
1.7722e+06
1.7724e+06
1.7726e+06
1.77281e+06
1.77301e+06
1.77322e+06
1.77342e+06
1.77363e+06
1.77383e+06
1.77404e+06
1.77424e+06
1.77445e+06
1.77465e+06
1.77486e+06
1.77506e+06
1.77527e+06
1.77547e+06
1.77568e+06
1.77588e+06
1.77609e+06
1.77629e+06
1.7765e+06
1.7767e+06
1.77691e+06
1.77711e+06
1.77731e+06
1.77752e+06
1.77772e+06
1.77793e+06
1.77813e+06
1.77834e+06
1.77855e+06
1.77875e+06
1.77895e+06
1.77916e+06
1.77936e+06
1.77957e+06
1.77977e+06
1.77998e+06
1.78018e+06
1.78039e+06
1.78059e+06
1.7808e+06
1.781e+06
1.78121e+06
1.78141e+06
1.78164e+06
1.78182e+06
1.78202e+06
1.78223e+06
1.78243e+06
1.78264e+06
1.78284e+06
1.78305e+06
1.78325e+06
1.78346e+06
1.78366e+06
1.78387e+06
1.78407e+06
1.78428e+06
1.78448e+06
1.78469e+06
1.78489e+06
1.7851e+06
1.7853e+06
1.78551e+06
1.78571e+06
1.78592e+06
1.78612e+06
1.78633e+06
1.78653e+06
1.78673e+06
1.78694e+06
1.78714e+06
1.78735e+06
1.78755e+06
1.78776e+06
1.78797e+06
1.78817e+06
1.78837e+06
1.78858e+06
1.78878e+06
1.78899e+06
1.78919e+06
1.7894e+06
1.7896e+06
1.78981e+06
1.79001e+06
1.79022e+06
1.79042e+06
1.79063e+06
1.79083e+06
1.79104e+06
1.79124e+06
1.79144e+06
1.79165e+06
1.79185e+06
1.79206e+06
1.79226e+06
1.79247e+06
1.79267e+06
1.79288e+06
1.79308e+06
1.79329e+06
1.79349e+06
1.7937e+06
1.7939e+06
1.79411e+06
1.79431e+06
1.79452e+06
1.79472e+06
1.79493e+06
1.79513e+06
1.79534e+06
1.79554e+06
1.79575e+06
1.79595e+06
1.79616e+06
1.79636e+06
1.79656e+06
1.79677e+06
1.79697e+06
1.79718e+06
1.79739e+06
1.79759e+06
1.79779e+06
1.798e+06
1.7982e+06
1.79841e+06
1.79861e+06
1.79882e+06
1.79902e+06
1.79923e+06
1.79943e+06
1.79964e+06
1.79984e+06
1.80005e+06
1.80025e+06
1.80046e+06
1.80066e+06
1.80087e+06
1.80107e+06
1.80128e+06
1.80148e+06
1.80169e+06
1.80189e+06
1.80209e+06
1.8023e+06
1.8025e+06
1.80271e+06
1.80291e+06
1.80312e+06
1.80332e+06
1.80353e+06
1.80373e+06
1.80394e+06
1.80414e+06
1.80435e+06
1.80455e+06
1.80476e+06
1.80496e+06
1.80517e+06
1.80537e+06
1.80558e+06
1.80578e+06
1.80598e+06
1.80619e+06
1.80639e+06
1.8066e+06
1.80682e+06
1.80701e+06
1.80721e+06
1.80742e+06
1.80762e+06
1.80783e+06
1.80803e+06
1.80824e+06
1.80844e+06
1.80865e+06
1.80885e+06
1.80906e+06
1.80926e+06
1.80947e+06
1.80967e+06
1.80988e+06
1.81008e+06
1.81029e+06
1.81049e+06
1.8107e+06
1.8109e+06
1.81111e+06
1.81131e+06
1.81151e+06
1.81172e+06
1.81192e+06
1.81213e+06
1.81233e+06
1.81254e+06
1.81274e+06
1.81295e+06
1.81315e+06
1.81336e+06
1.81356e+06
1.81377e+06
1.81397e+06
1.81418e+06
1.81438e+06
1.81459e+06
1.81479e+06
1.815e+06
1.8152e+06
1.81541e+06
1.81561e+06
1.81582e+06
1.81602e+06
1.81623e+06
1.81643e+06
1.81663e+06
1.81684e+06
1.81704e+06
1.81725e+06
1.81745e+06
1.81766e+06
1.81786e+06
1.81807e+06
1.81827e+06
1.81848e+06
1.81868e+06
1.81889e+06
1.81909e+06
1.8193e+06
1.8195e+06
1.81971e+06
1.81991e+06
1.82012e+06
1.82032e+06
1.82053e+06
1.82073e+06
1.82094e+06
1.82114e+06
1.82134e+06
1.82155e+06
1.82176e+06
1.82196e+06
1.82216e+06
1.82237e+06
1.82258e+06
1.82278e+06
1.82298e+06
1.82319e+06
1.82339e+06
1.8236e+06
1.8238e+06
1.82401e+06
1.82421e+06
1.82442e+06
1.82462e+06
1.82483e+06
1.82503e+06
1.82524e+06
1.82544e+06
1.82565e+06
1.82585e+06
1.82605e+06
1.82626e+06
1.82646e+06
1.82667e+06
1.82687e+06
1.82708e+06
1.82728e+06
1.82749e+06
1.82769e+06
1.8279e+06
1.8281e+06
1.82831e+06
1.82851e+06
1.82872e+06
1.82892e+06
1.82913e+06
1.82933e+06
1.82954e+06
1.82974e+06
1.82995e+06
1.83015e+06
1.83036e+06
1.83056e+06
1.83077e+06
1.83097e+06
1.83117e+06
1.83138e+06
1.83158e+06
1.83179e+06
1.832e+06
1.8322e+06
1.8324e+06
1.83261e+06
1.83281e+06
1.83302e+06
1.83322e+06
1.83343e+06
1.83363e+06
1.83384e+06
1.83404e+06
1.83425e+06
1.83445e+06
1.83466e+06
1.83486e+06
1.83507e+06
1.83527e+06
1.83548e+06
1.83568e+06
1.83589e+06
1.83609e+06
1.83629e+06
1.8365e+06
1.8367e+06
1.83691e+06
1.83711e+06
1.83732e+06
1.83752e+06
1.83773e+06
1.83793e+06
1.83814e+06
1.83834e+06
1.83855e+06
1.83875e+06
1.83896e+06
1.83916e+06
1.83937e+06
1.83957e+06
1.83978e+06
1.83998e+06
1.84019e+06
1.84039e+06
1.8406e+06
1.8408e+06
1.84101e+06
1.84121e+06
1.84142e+06
1.84164e+06
1.84182e+06
1.84203e+06
1.84223e+06
1.84244e+06
1.84264e+06
1.84285e+06
1.84305e+06
1.84326e+06
1.84346e+06
1.84367e+06
1.84387e+06
1.84408e+06
1.84428e+06
1.84449e+06
1.84469e+06
1.8449e+06
1.8451e+06
1.84531e+06
1.84551e+06
1.84572e+06
1.84592e+06
1.84612e+06
1.84633e+06
1.84653e+06
1.84674e+06
1.84694e+06
1.84715e+06
1.84735e+06
1.84756e+06
1.84778e+06
1.84797e+06
1.84817e+06
1.84838e+06
1.84858e+06
1.84879e+06
1.84899e+06
1.8492e+06
1.8494e+06
1.84961e+06
1.84981e+06
1.85002e+06
1.85022e+06
1.85042e+06
1.85063e+06
1.85084e+06
1.85104e+06
1.85124e+06
1.85145e+06
1.85166e+06
1.85186e+06
1.85206e+06
1.85227e+06
1.85247e+06
1.85268e+06
1.85288e+06
1.85309e+06
1.85329e+06
1.8535e+06
1.8537e+06
1.85391e+06
1.85411e+06
1.85432e+06
1.85452e+06
1.85473e+06
1.85493e+06
1.85514e+06
1.85534e+06
1.85555e+06
1.85575e+06
1.85595e+06
1.85616e+06
1.85636e+06
1.85657e+06
1.85677e+06
1.85698e+06
1.85719e+06
1.85739e+06
1.85759e+06
1.8578e+06
1.858e+06
1.85821e+06
1.85841e+06
1.85862e+06
1.85882e+06
1.85903e+06
1.85923e+06
1.85944e+06
1.85964e+06
1.85985e+06
1.86005e+06
1.86026e+06
1.86046e+06
1.86067e+06
1.86087e+06
1.86107e+06
1.86128e+06
1.86148e+06
1.86169e+06
1.86189e+06
1.8621e+06
1.8623e+06
1.86251e+06
1.86271e+06
1.86292e+06
1.86312e+06
1.86333e+06
1.86353e+06
1.86374e+06
1.86394e+06
1.86415e+06
1.86435e+06
1.86456e+06
1.86476e+06
1.86497e+06
1.86517e+06
1.86537e+06
1.86558e+06
1.86578e+06
1.86599e+06
1.86619e+06
1.8664e+06
1.86661e+06
1.86681e+06
1.86701e+06
1.86722e+06
1.86742e+06
1.86763e+06
1.86783e+06
1.86804e+06
1.86824e+06
1.86845e+06
1.86867e+06
1.86886e+06
1.86906e+06
1.86927e+06
1.86947e+06
1.86968e+06
1.86988e+06
1.87009e+06
1.87029e+06
1.87049e+06
1.8707e+06
1.8709e+06
1.87111e+06
1.87131e+06
1.87152e+06
1.87173e+06
1.87193e+06
1.87213e+06
1.87234e+06
1.87254e+06
1.87275e+06
1.87295e+06
1.87316e+06
1.87336e+06
1.87357e+06
1.87377e+06
1.87398e+06
1.87418e+06
1.87439e+06
1.87459e+06
1.8748e+06
1.875e+06
1.8752e+06
1.87541e+06
1.87561e+06
1.87582e+06
1.87603e+06
1.87623e+06
1.87643e+06
1.87664e+06
1.87684e+06
1.87705e+06
1.87725e+06
1.87746e+06
1.87766e+06
1.87787e+06
1.87807e+06
1.87828e+06
1.87848e+06
1.87869e+06
1.87889e+06
1.8791e+06
1.8793e+06
1.87951e+06
1.87971e+06
1.87992e+06
1.88012e+06
1.88033e+06
1.88053e+06
1.88073e+06
1.88094e+06
1.88114e+06
1.88135e+06
1.88155e+06
1.88176e+06
1.88196e+06
1.88217e+06
1.88237e+06
1.88258e+06
1.88278e+06
1.88299e+06
1.88319e+06
1.8834e+06
1.8836e+06
1.88381e+06
1.88401e+06
1.88422e+06
1.88442e+06
1.88463e+06
1.88483e+06
1.88504e+06
1.88524e+06
1.88545e+06
1.88565e+06
1.88585e+06
1.88606e+06
1.88626e+06
1.88647e+06
1.88667e+06
1.88688e+06
1.88708e+06
1.88729e+06
1.88749e+06
1.8877e+06
1.8879e+06
1.88811e+06
1.88831e+06
1.88852e+06
1.88872e+06
1.88893e+06
1.88913e+06
1.88934e+06
1.88954e+06
1.88975e+06
1.88995e+06
1.89015e+06
1.89036e+06
1.89056e+06
1.89077e+06
1.89097e+06
1.89118e+06
1.89138e+06
1.89159e+06
1.8918e+06
1.892e+06
1.8922e+06
1.89241e+06
1.89261e+06
1.89282e+06
1.89302e+06
1.89323e+06
1.89343e+06
1.89364e+06
1.89384e+06
1.89405e+06
1.89425e+06
1.89446e+06
1.89466e+06
1.89487e+06
1.89507e+06
1.89527e+06
1.89548e+06
1.89568e+06
1.89589e+06
1.89609e+06
1.8963e+06
1.8965e+06
1.89671e+06
1.89691e+06
1.89712e+06
1.89732e+06
1.89753e+06
1.89773e+06
1.89794e+06
1.89814e+06
1.89835e+06
1.89855e+06
1.89876e+06
1.89896e+06
1.89917e+06
1.89937e+06
1.89957e+06
1.89978e+06
1.89998e+06
1.90019e+06
1.90039e+06
1.9006e+06
1.9008e+06
1.90101e+06
1.90122e+06
1.90142e+06
1.90164e+06
1.90183e+06
1.90203e+06
1.90224e+06
1.90244e+06
1.90265e+06
1.90285e+06
1.90306e+06
1.90326e+06
1.90347e+06
1.90367e+06
1.90388e+06
1.90408e+06
1.90429e+06
1.90449e+06
1.90469e+06
1.9049e+06
1.9051e+06
1.90531e+06
1.90551e+06
1.90572e+06
1.90592e+06
1.90613e+06
1.90633e+06
1.90654e+06
1.90674e+06
1.90695e+06
1.90715e+06
1.90736e+06
1.90756e+06
1.90777e+06
1.90797e+06
1.90818e+06
1.90838e+06
1.90859e+06
1.90879e+06
1.909e+06
1.9092e+06
1.90941e+06
1.90961e+06
1.90982e+06
1.91002e+06
1.91022e+06
1.91043e+06
1.91065e+06
1.91084e+06
1.91104e+06
1.91125e+06
1.91145e+06
1.91167e+06
1.91186e+06
1.91207e+06
1.91227e+06
1.91248e+06
1.91268e+06
1.91289e+06
1.91309e+06
1.9133e+06
1.9135e+06
1.91371e+06
1.91391e+06
1.91412e+06
1.91432e+06
1.91452e+06
1.91473e+06
1.91493e+06
1.91514e+06
1.91534e+06
1.91555e+06
1.91575e+06
1.91596e+06
1.91616e+06
1.91637e+06
1.91657e+06
1.91678e+06
1.91698e+06
1.91719e+06
1.91739e+06
1.9176e+06
1.9178e+06
1.91801e+06
1.91821e+06
1.91842e+06
1.91862e+06
1.91883e+06
1.91903e+06
1.91924e+06
1.91944e+06
1.91964e+06
1.91985e+06
1.92006e+06
1.92026e+06
1.92046e+06
1.92067e+06
1.92087e+06
1.92108e+06
1.92128e+06
1.92149e+06
1.9217e+06
1.9219e+06
1.9221e+06
1.92231e+06
1.92251e+06
1.92272e+06
1.92292e+06
1.92313e+06
1.92333e+06
1.92354e+06
1.92374e+06
1.92395e+06
1.92415e+06
1.92435e+06
1.92456e+06
1.92476e+06
1.92497e+06
1.92517e+06
1.92538e+06
1.92558e+06
1.92579e+06
1.92599e+06
1.9262e+06
1.9264e+06
1.92661e+06
1.92681e+06
1.92702e+06
1.92722e+06
1.92743e+06
1.92763e+06
1.92784e+06
1.92804e+06
1.92825e+06
1.92845e+06
1.92866e+06
1.92886e+06
1.92906e+06
1.92927e+06
1.92948e+06
1.92968e+06
1.92988e+06
1.93009e+06
1.93029e+06
1.9305e+06
1.9307e+06
1.93091e+06
1.93111e+06
1.93132e+06
1.93154e+06
1.93173e+06
1.93193e+06
1.93214e+06
1.93234e+06
1.93255e+06
1.93275e+06
1.93296e+06
1.93316e+06
1.93337e+06
1.93357e+06
1.93378e+06
1.93398e+06
1.93419e+06
1.93439e+06
1.93459e+06
1.9348e+06
1.935e+06
1.93521e+06
1.93541e+06
1.93562e+06
1.93583e+06
1.93603e+06
1.93623e+06
1.93644e+06
1.93664e+06
1.93685e+06
1.93705e+06
1.93726e+06
1.93746e+06
1.93767e+06
1.93787e+06
1.93808e+06
1.93828e+06
1.93849e+06
1.93869e+06
1.9389e+06
1.9391e+06
1.93931e+06
1.93951e+06
1.93971e+06
1.93992e+06
1.94012e+06
1.94033e+06
1.94053e+06
1.94074e+06
1.94094e+06
1.94115e+06
1.94135e+06
1.94156e+06
1.94177e+06
1.94197e+06
1.94217e+06
1.94238e+06
1.94258e+06
1.94279e+06
1.94299e+06
1.9432e+06
1.9434e+06
1.94361e+06
1.94381e+06
1.94401e+06
1.94422e+06
1.94442e+06
1.94463e+06
1.94483e+06
1.94504e+06
1.94525e+06
1.94545e+06
1.94565e+06
1.94586e+06
1.94606e+06
1.94627e+06
1.94647e+06
1.94668e+06
1.94688e+06
1.94709e+06
1.94729e+06
1.9475e+06
1.9477e+06
1.94791e+06
1.94811e+06
1.94832e+06
1.94852e+06
1.94873e+06
1.94893e+06
1.94914e+06
1.94934e+06
1.94954e+06
1.94975e+06
1.94995e+06
1.95016e+06
1.95036e+06
1.95057e+06
1.95077e+06
1.95098e+06
1.95118e+06
1.95139e+06
1.95159e+06
1.9518e+06
1.952e+06
1.95221e+06
1.95241e+06
1.95263e+06
1.95282e+06
1.95303e+06
1.95323e+06
1.95344e+06
1.95364e+06
1.95385e+06
1.95405e+06
1.95425e+06
1.95446e+06
1.95467e+06
1.95487e+06
1.95507e+06
1.95528e+06
1.95548e+06
1.95569e+06
1.95589e+06
1.9561e+06
1.9563e+06
1.95651e+06
1.95671e+06
1.95692e+06
1.95712e+06
1.95733e+06
1.95753e+06
1.95774e+06
1.95794e+06
1.95815e+06
1.95835e+06
1.95856e+06
1.95876e+06
1.95897e+06
1.95917e+06
1.95937e+06
1.95958e+06
1.95978e+06
1.95999e+06
1.96019e+06
1.9604e+06
1.9606e+06
1.96081e+06
1.96101e+06
1.96122e+06
1.96142e+06
1.96165e+06
1.96183e+06
1.96204e+06
1.96224e+06
1.96245e+06
1.96265e+06
1.96286e+06
1.96306e+06
1.96327e+06
1.96347e+06
1.96368e+06
1.96388e+06
1.96409e+06
1.96429e+06
1.96449e+06
1.9647e+06
1.9649e+06
1.96511e+06
1.96531e+06
1.96552e+06
1.96572e+06
1.96593e+06
1.96613e+06
1.96634e+06
1.96654e+06
1.96675e+06
1.96695e+06
1.96716e+06
1.96736e+06
1.96757e+06
1.96777e+06
1.96798e+06
1.96818e+06
1.96839e+06
1.96859e+06
1.96879e+06
1.969e+06
1.9692e+06
1.96941e+06
1.96961e+06
1.96982e+06
1.97002e+06
1.97023e+06
1.97044e+06
1.97064e+06
1.97084e+06
1.97105e+06
1.97125e+06
1.97146e+06
1.97167e+06
1.97187e+06
1.97207e+06
1.97228e+06
1.97248e+06
1.97269e+06
1.97289e+06
1.9731e+06
1.9733e+06
1.97352e+06
1.97371e+06
1.97392e+06
1.97412e+06
1.97432e+06
1.97453e+06
1.97473e+06
1.97494e+06
1.97514e+06
1.97535e+06
1.97555e+06
1.97576e+06
1.97596e+06
1.97617e+06
1.97637e+06
1.97658e+06
1.97678e+06
1.97699e+06
1.97719e+06
1.9774e+06
1.9776e+06
1.97781e+06
1.97801e+06
1.97822e+06
1.97842e+06
1.97863e+06
1.97883e+06
1.97903e+06
1.97924e+06
1.97944e+06
1.97965e+06
1.97986e+06
1.98006e+06
1.98026e+06
1.98047e+06
1.98067e+06
1.98088e+06
1.98108e+06
1.98129e+06
1.98149e+06
1.9817e+06
1.9819e+06
1.98211e+06
1.98231e+06
1.98252e+06
1.98272e+06
1.98293e+06
1.98313e+06
1.98334e+06
1.98354e+06
1.98375e+06
1.98395e+06
1.98415e+06
1.98436e+06
1.98456e+06
1.98477e+06
1.98497e+06
1.98518e+06
1.98538e+06
1.98559e+06
1.98579e+06
1.986e+06
1.9862e+06
1.98641e+06
1.98661e+06
1.98682e+06
1.98702e+06
1.98723e+06
1.98743e+06
1.98764e+06
1.98784e+06
1.98805e+06
1.98825e+06
1.98845e+06
1.98866e+06
1.98886e+06
1.98907e+06
1.98928e+06
1.98948e+06
1.98968e+06
1.98989e+06
1.99009e+06
1.9903e+06
1.9905e+06
1.99071e+06
1.99091e+06
1.99112e+06
1.99132e+06
1.99153e+06
1.99174e+06
1.99194e+06
1.99214e+06
1.99235e+06
1.99255e+06
1.99276e+06
1.99296e+06
1.99317e+06
1.99337e+06
1.99357e+06
1.99378e+06
1.99398e+06
1.99419e+06
1.99439e+06
1.9946e+06
1.9948e+06
1.99501e+06
1.99521e+06
1.99542e+06
1.99562e+06
1.99583e+06
1.99603e+06
1.99624e+06
1.99644e+06
1.99665e+06
1.99685e+06
1.99706e+06
1.99726e+06
1.99747e+06
1.99767e+06
1.99788e+06
1.99808e+06
1.99829e+06
1.99849e+06
1.9987e+06
1.9989e+06
1.9991e+06
1.99931e+06
1.99951e+06
1.99972e+06
1.99992e+06
2.00013e+06
2.00033e+06
2.00054e+06
2.00074e+06
2.00095e+06
2.00115e+06
2.00136e+06
2.00156e+06
2.00177e+06
2.00197e+06
2.00218e+06
2.00238e+06
2.00259e+06
2.00279e+06
2.003e+06
2.0032e+06
2.0034e+06
2.00361e+06
2.00381e+06
2.00402e+06
2.00422e+06
2.00443e+06
2.00463e+06
2.00484e+06
2.00504e+06
2.00525e+06
2.00545e+06
2.00566e+06
2.00586e+06
2.00607e+06
2.00627e+06
2.00648e+06
2.00668e+06
2.00689e+06
2.00709e+06
2.0073e+06
2.0075e+06
2.00771e+06
2.00791e+06
2.00812e+06
2.00832e+06
2.00852e+06
2.00873e+06
2.00893e+06
2.00914e+06
2.00934e+06
2.00955e+06
2.00975e+06
2.00996e+06
2.01016e+06
2.01037e+06
2.01057e+06
2.01078e+06
2.01098e+06
2.01119e+06
2.01139e+06
2.0116e+06
2.0118e+06
2.01201e+06
2.01221e+06
2.01242e+06
2.01262e+06
2.01283e+06
2.01303e+06
2.01323e+06
2.01344e+06
2.01364e+06
2.01385e+06
2.01405e+06
2.01426e+06
2.01448e+06
2.01467e+06
2.01487e+06
2.01508e+06
2.01528e+06
2.01549e+06
2.01569e+06
2.0159e+06
2.0161e+06
2.01631e+06
2.01651e+06
2.01672e+06
2.01692e+06
2.01713e+06
2.01733e+06
2.01754e+06
2.01774e+06
2.01795e+06
2.01815e+06
2.01835e+06
2.01856e+06
2.01876e+06
2.01897e+06
2.01917e+06
2.01938e+06
2.01958e+06
2.01979e+06
2.01999e+06
2.0202e+06
2.0204e+06
2.02061e+06
2.02081e+06
2.02102e+06
2.02122e+06
2.02143e+06
2.02164e+06
2.02184e+06
2.02204e+06
2.02225e+06
2.02245e+06
2.02266e+06
2.02286e+06
2.02307e+06
2.02327e+06
2.02347e+06
2.02368e+06
2.02389e+06
2.02409e+06
2.02429e+06
2.0245e+06
2.0247e+06
2.02491e+06
2.02511e+06
2.02532e+06
2.02552e+06
2.02573e+06
2.02593e+06
2.02614e+06
2.02634e+06
2.02655e+06
2.02675e+06
2.02696e+06
2.02716e+06
2.02737e+06
2.02757e+06
2.02778e+06
2.02798e+06
2.02819e+06
2.02839e+06
2.02859e+06
2.0288e+06
2.029e+06
2.02921e+06
2.02941e+06
2.02962e+06
2.02982e+06
2.03003e+06
2.03023e+06
2.03044e+06
2.03064e+06
2.03085e+06
2.03105e+06
2.03126e+06
2.03146e+06
2.03167e+06
2.03187e+06
2.03208e+06
2.03228e+06
2.03249e+06
2.03269e+06
2.0329e+06
2.0331e+06
2.03331e+06
2.03351e+06
2.03371e+06
2.03392e+06
2.03412e+06
2.03433e+06
2.03453e+06
2.03474e+06
2.03494e+06
2.03515e+06
2.03537e+06
2.03556e+06
2.03576e+06
2.03597e+06
2.03617e+06
2.03638e+06
2.03658e+06
2.03679e+06
2.03699e+06
2.0372e+06
2.0374e+06
2.03761e+06
2.03781e+06
2.03801e+06
2.03822e+06
2.03842e+06
2.03863e+06
2.03883e+06
2.03904e+06
2.03924e+06
2.03945e+06
2.03966e+06
2.03986e+06
2.04006e+06
2.04027e+06
2.04047e+06
2.04068e+06
2.04088e+06
2.04109e+06
2.04129e+06
2.0415e+06
2.04171e+06
2.04191e+06
2.04211e+06
2.04232e+06
2.04252e+06
2.04273e+06
2.04293e+06
2.04313e+06
2.04334e+06
2.04354e+06
2.04375e+06
2.04395e+06
2.04416e+06
2.04436e+06
2.04457e+06
2.04478e+06
2.04498e+06
2.04518e+06
2.04539e+06
2.04559e+06
2.0458e+06
2.046e+06
2.04621e+06
2.04641e+06
2.04662e+06
2.04682e+06
2.04703e+06
2.04723e+06
2.04743e+06
2.04764e+06
2.04785e+06
2.04805e+06
2.04825e+06
2.04846e+06
2.04866e+06
2.04887e+06
2.04907e+06
2.04928e+06
2.04948e+06
2.04969e+06
2.04989e+06
2.0501e+06
2.0503e+06
2.05051e+06
2.05071e+06
2.05092e+06
2.05112e+06
2.05133e+06
2.05153e+06
2.05174e+06
2.05194e+06
2.05215e+06
2.05235e+06
2.05255e+06
2.05276e+06
2.05296e+06
2.05317e+06
2.05337e+06
2.05358e+06
2.05378e+06
2.05399e+06
2.05419e+06
2.0544e+06
2.0546e+06
2.05481e+06
2.05501e+06
2.05522e+06
2.05542e+06
2.05563e+06
2.05583e+06
2.05604e+06
2.05624e+06
2.05645e+06
2.05665e+06
2.05686e+06
2.05706e+06
2.05727e+06
2.05747e+06
2.05767e+06
2.05788e+06
2.05808e+06
2.05829e+06
2.0585e+06
2.0587e+06
2.0589e+06
2.05911e+06
2.05931e+06
2.05952e+06
2.05972e+06
2.05993e+06
2.06013e+06
2.06034e+06
2.06054e+06
2.06075e+06
2.06095e+06
2.06116e+06
2.06136e+06
2.06157e+06
2.06177e+06
2.06198e+06
2.06218e+06
2.06238e+06
2.06259e+06
2.06279e+06
2.063e+06
2.0632e+06
2.06341e+06
2.06361e+06
2.06382e+06
2.06402e+06
2.06423e+06
2.06443e+06
2.06464e+06
2.06484e+06
2.06505e+06
2.06525e+06
2.06546e+06
2.06566e+06
2.06587e+06
2.06607e+06
2.06628e+06
2.06648e+06
2.06669e+06
2.06689e+06
2.0671e+06
2.0673e+06
2.0675e+06
2.06771e+06
2.06792e+06
2.06812e+06
2.06832e+06
2.06853e+06
2.06873e+06
2.06894e+06
2.06914e+06
2.06935e+06
2.06955e+06
2.06976e+06
2.06996e+06
2.07017e+06
2.07037e+06
2.07058e+06
2.07078e+06
2.07099e+06
2.07119e+06
2.0714e+06
2.0716e+06
2.07181e+06
2.07201e+06
2.07222e+06
2.07242e+06
2.07262e+06
2.07283e+06
2.07303e+06
2.07324e+06
2.07344e+06
2.07365e+06
2.07385e+06
2.07406e+06
2.07426e+06
2.07447e+06
2.07467e+06
2.07488e+06
2.07508e+06
2.07529e+06
2.07549e+06
2.0757e+06
2.0759e+06
2.07611e+06
2.07631e+06
2.07652e+06
2.07672e+06
2.07692e+06
2.07713e+06
2.07735e+06
2.07754e+06
2.07774e+06
2.07795e+06
2.07815e+06
2.07836e+06
2.07856e+06
2.07877e+06
2.07897e+06
2.07918e+06
2.07939e+06
2.07959e+06
2.07979e+06
2.08e+06
2.0802e+06
2.08041e+06
2.08061e+06
2.08082e+06
2.08102e+06
2.08123e+06
2.08143e+06
2.08164e+06
2.08184e+06
2.08205e+06
2.08225e+06
2.08246e+06
2.08266e+06
2.08286e+06
2.08307e+06
2.08327e+06
2.08348e+06
2.08369e+06
2.08389e+06
2.08409e+06
2.0843e+06
2.0845e+06
2.08471e+06
2.08491e+06
2.08512e+06
2.08532e+06
2.08553e+06
2.08573e+06
2.08594e+06
2.08614e+06
2.08635e+06
2.08655e+06
2.08676e+06
2.08696e+06
2.08716e+06
2.08737e+06
2.08757e+06
2.08778e+06
2.08798e+06
2.08819e+06
2.08839e+06
2.0886e+06
2.0888e+06
2.08901e+06
2.08921e+06
2.08942e+06
2.08962e+06
2.08983e+06
2.09003e+06
2.09024e+06
2.09044e+06
2.09065e+06
2.09085e+06
2.09106e+06
2.09126e+06
2.09146e+06
2.09167e+06
2.09188e+06
2.09208e+06
2.09228e+06
2.09249e+06
2.09269e+06
2.09291e+06

------------------------------------------------------------------------------------------------------------------------------------------------

packet size: 516
number of packets: 10000
RATE = 20154.18kbps, PPS = 4882.3
