Destination address set to 01:1B:19:00:00:00
Defaults: 01:1B:19:00:00:00 or 01:80:C2:00:00:0E
SIOCSHWTSTAMP: tx_type 1 requested, got 1; rx_filter 0 requested, got 0
setting ts_flags: 0x53
new ts_flags: 0x53


gap of hw tx time, us: packets 10000:
------------------------------------------------------------------------------------------------------------------------------------------------
0
107.158
107.327
107.147
107.022
107.192
107.207
107.21
107.305
107.071
107.248
107.335
107.015
107.211
107.233
107.285
107.079
107.211
107.207
107.184
107.229
107.169
107.369
107.135
107.098
107.24
107.166
107.177
107.203
107.173
107.255
107.169
107.207
107.203
107.293
107.072
107.225
107.354
107.071
107.184
107.2
107.176
107.278
107.128
107.207
107.297
107.203
107.15
107.185
107.376
107.022
107.184
107.425
106.97
107.207
107.199
107.241
107.455
106.906
107.184
107.207
107.206
107.192
107.218
107.184
107.264
107.12
107.199
107.218
107.222
107.184
107.199
107.185
107.225
107.192
107.207
107.191
107.211
107.199
107.151
107.233
107.206
107.203
107.342
107.031
107.195
107.229
107.203
107.188
107.211
107.218
107.158
107.447
106.966
107.226
107.177
107.398
107.008
107.195
107.166
107.24
107.199
107.192
107.218
107.158
107.361
107.056
107.41
107.015
107.184
107.2
107.206
107.196
107.188
107.24
107.361
107.154
107.064
107.188
107.203
107.166
107.308
107.135
107.173
107.218
107.271
107.177
107.27
107.113
107.177
107.207
107.184
107.207
107.225
107.199
107.17
107.221
107.185
107.21
107.263
107.203
107.094
107.327
107.098
107.199
107.2
107.255
107.143
107.218
107.184
107.207
107.207
107.203
107.192
107.214
107.192
107.184
107.199
107.211
107.191
107.215
107.218
107.206
107.177
107.199
107.218
107.2
107.184
107.207
107.176
107.2
107.206
107.2
107.203
107.199
107.184
107.214
107.192
107.199
107.203
107.2
107.413
106.993
107.199
107.195
107.256
107.15
107.192
107.211
107.191
107.241
107.169
107.196
107.394
107.008
107.177
107.221
107.203
107.2
107.191
107.433
106.973
107.331
107.094
107.184
107.185
107.206
107.185
107.218
107.229
107.184
107.184
107.185
107.218
107.199
107.184
107.35
107.082
107.249
107.15
107.297
107.071
107.211
107.195
107.203
107.279
107.112
107.211
107.207
107.248
107.15
107.211
107.199
107.184
107.199
107.32
107.071
107.207
107.203
107.199
107.192
107.207
107.199
107.203
107.222
107.184
107.214
107.177
107.226
107.176
107.2
107.361
107.048
107.192
107.199
107.222
107.177
107.199
107.203
107.199
107.192
107.199
107.218
107.188
107.211
107.184
107.207
107.199
107.211
107.191
107.264
107.127
107.218
107.192
107.192
107.207
107.221
107.196
107.192
107.191
107.2
107.191
107.218
107.192
107.199
107.192
107.214
107.196
107.207
107.191
107.391
107
107.215
107.248
107.154
107.184
107.222
107.21
107.192
107.192
107.207
107.176
107.207
107.218
107.207
107.192
107.191
107.196
107.199
107.199
107.2
107.191
107.207
107.203
107.32
107.071
107.199
107.433
106.985
107.191
107.2
107.199
107.199
107.203
107.207
107.192
107.199
107.203
107.188
107.21
107.192
107.207
107.207
107.308
107.158
107.12
107.207
107.199
107.211
107.184
107.207
107.191
107.207
107.218
107.192
107.192
107.214
107.188
107.207
107.199
107.184
107.207
107.233
107.165
107.203
107.192
107.199
107.207
107.196
107.206
107.207
107.192
107.21
107.192
107.207
107.192
107.191
107.207
107.211
107.184
107.207
107.191
107.215
107.195
107.199
107.2
107.199
107.203
107.207
107.191
107.2
107.199
107.225
107.192
107.199
107.192
107.207
107.188
107.207
107.199
107.199
107.192
107.199
107.199
107.203
107.192
107.207
107.199
107.203
107.199
107.207
107.192
107.21
107.192
107.207
107.207
107.184
107.203
107.195
107.203
107.192
107.207
107.207
107.195
107.199
107.2
107.199
107.203
107.207
107.191
107.2
107.199
107.203
107.199
107.207
107.192
107.21
107.188
107.211
107.191
107.207
107.275
107.142
107.177
107.222
107.177
107.199
107.323
107.102
107.176
107.207
107.184
107.233
107.177
107.207
107.184
107.207
107.199
107.199
107.233
107.17
107.199
107.21
107.192
107.199
107.192
107.335
107.075
107.199
107.199
107.2
107.199
107.199
107.196
107.214
107.184
107.207
107.199
107.211
107.191
107.207
107.184
107.218
107.192
107.207
107.192
107.206
107.192
107.211
107.184
107.207
107.199
107.21
107.192
107.399
107.007
107.199
107.233
107.17
107.191
107.207
107.192
107.192
107.206
107.203
107.2
107.191
107.226
107.192
107.191
107.207
107.192
107.199
107.199
107.203
107.2
107.199
107.199
107.211
107.191
107.207
107.417
106.974
107.199
107.211
107.184
107.207
107.199
107.218
107.184
107.2
107.191
107.226
107.18
107.211
107.192
107.199
107.218
107.192
107.191
107.192
107.207
107.21
107.192
107.207
107.192
107.206
107.192
107.211
107.191
107.192
107.207
107.346
107.052
107.203
107.2
107.199
107.199
107.211
107.191
107.207
107.199
107.192
107.32
107.09
107.184
107.207
107.199
107.211
107.191
107.2
107.199
107.192
107.21
107.199
107.2
107.199
107.199
107.211
107.184
107.214
107.184
107.241
107.169
107.214
107.185
107.199
107.199
107.199
107.211
107.199
107.207
107.184
107.203
107.248
107.151
107.199
107.199
107.211
107.191
107.207
107.192
107.207
107.191
107.211
107.192
107.199
107.203
107.207
107.191
107.369
107.022
107.215
107.195
107.199
107.192
107.199
107.226
107.184
107.199
107.207
107.192
107.192
107.21
107.199
107.2
107.199
107.192
107.218
107.391
107.015
107.248
107.135
107.203
107.199
107.2
107.206
107.433
106.97
107.191
107.192
107.271
107.135
107.203
107.207
107.192
107.199
107.203
107.195
107.203
107.192
107.199
107.207
107.233
107.169
107.2
107.199
107.199
107.207
107.195
107.32
107.071
107.207
107.203
107.199
107.192
107.214
107.192
107.211
107.191
107.207
107.184
107.218
107.207
107.207
107.177
107.424
106.974
107.207
107.195
107.271
107.12
107.218
107.188
107.192
107.203
107.199
107.29
107.128
107.191
107.2
107.248
107.15
107.199
107.203
107.2
107.191
107.211
107.207
107.191
107.192
107.207
107.199
107.203
107.199
107.2
107.199
107.199
107.211
107.191
107.2
107.199
107.207
107.195
107.199
107.433
106.973
107.275
107.143
107.191
107.192
107.184
107.233
107.177
107.199
107.192
107.425
106.981
107.203
107.199
107.2
107.297
107.101
107.203
107.207
107.192
107.199
107.199
107.211
107.191
107.192
107.199
107.218
107.192
107.207
107.184
107.369
107.037
107.199
107.203
107.241
107.15
107.207
107.203
107.207
107.214
107.162
107.233
107.184
107.199
107.215
107.176
107.207
107.203
107.207
107.184
107.214
107.211
107.214
107.177
107.199
107.184
107.207
107.192
107.218
107.184
107.199
107.207
107.207
107.195
107.207
107.192
107.21
107.192
107.199
107.2
107.199
107.199
107.26
107.142
107.192
107.199
107.207
107.199
107.211
107.184
107.207
107.199
107.211
107.191
107.2
107.191
107.233
107.192
107.192
107.199
107.199
107.256
107.147
107.191
107.222
107.169
107.211
107.199
107.207
107.184
107.199
107.207
107.211
107.191
107.2
107.191
107.207
107.41
107
107.192
107.206
107.196
107.199
107.286
107.113
107.199
107.199
107.203
107.199
107.264
107.127
107.207
107.203
107.199
107.2
107.191
107.226
107.207
107.176
107.2
107.206
107.241
107.162
107.191
107.207
107.184
107.207
107.218
107.192
107.199
107.192
107.214
107.188
107.199
107.207
107.184
107.211
107.199
107.199
107.207
107.192
107.199
107.203
107.199
107.32
107.113
107.244
107.139
107.184
107.192
107.207
107.192
107.218
107.199
107.199
107.192
107.199
107.203
107.207
107.192
107.191
107.207
107.203
107.44
106.959
107.199
107.199
107.203
107.199
107.2
107.206
107.192
107.203
107.199
107.2
107.191
107.211
107.195
107.211
107.184
107.214
107.207
107.196
107.191
107.2
107.199
107.199
107.32
107.09
107.192
107.199
107.199
107.199
107.203
107.2
107.199
107.199
107.203
107.199
107.192
107.214
107.192
107.211
107.191
107.2
107.191
107.279
107.124
107.206
107.2
107.199
107.199
107.203
107.207
107.199
107.199
107.2
107.21
107.233
107.151
107.199
107.192
107.218
107.191
107.192
107.342
107.072
107.191
107.196
107.207
107.206
107.196
107.207
107.191
107.207
107.184
107.207
107.203
107.207
107.184
107.207
107.203
107.207
107.191
107.192
107.286
107.131
107.181
107.218
107.199
107.192
107.199
107.199
107.203
107.207
107.192
107.256
107.146
107.199
107.2
107.199
107.192
107.218
107.191
107.222
107.177
107.199
107.218
107.199
107.185
107.221
107.17
107.218
107.191
107.215
107.184
107.199
107.203
107.199
107.192
107.44
106.966
107.211
107.191
107.207
107.192
107.199
107.203
107.207
107.192
107.191
107.418
106.992
107.199
107.192
107.207
107.199
107.199
107.203
107.2
107.199
107.192
107.21
107.271
107.135
107.192
107.199
107.203
107.199
107.2
107.199
107.192
107.218
107.191
107.207
107.199
107.192
107.203
107.214
107.185
107.214
107.188
107.188
107.21
107.2
107.199
107.207
107.195
107.199
107.2
107.503
106.895
107.233
107.169
107.222
107.169
107.207
107.199
107.203
107.2
107.199
107.199
107.282
107.12
107.2
107.199
107.207
107.191
107.203
107.2
107.417
107
107.207
107.184
107.222
107.184
107.184
107.203
107.214
107.192
107.199
107.192
107.211
107.184
107.207
107.199
107.203
107.199
107.199
107.35
107.075
107.173
107.203
107.199
107.2
107.191
107.218
107.192
107.199
107.192
107.214
107.324
107.079
107.191
107.2
107.199
107.192
107.206
107.425
106.978
107.199
107.192
107.218
107.191
107.2
107.191
107.207
107.203
107.207
107.184
107.29
107.165
107.169
107.192
107.207
107.199
107.192
107.203
107.199
107.192
107.199
107.203
107.199
107.199
107.2
107.218
107.18
107.226
107.184
107.327
107.071
107.192
107.203
107.199
107.2
107.218
107.173
107.21
107.199
107.2
107.199
107.256
107.142
107.203
107.207
107.432
106.963
107.199
107.199
107.2
107.199
107.203
107.207
107.191
107.2
107.191
107.2
107.417
107
107.192
107.199
107.192
107.218
107.206
107.2
107.191
107.192
107.203
107.207
107.192
107.199
107.199
107.211
107.191
107.192
107.207
107.207
107.195
107.199
107.2
107.199
107.199
107.211
107.191
107.44
106.951
107.207
107.199
107.331
107.072
107.199
107.203
107.207
107.191
107.2
107.424
106.993
107.199
107.207
107.21
107.166
107.218
107.192
107.191
107.207
107.199
107.2
107.274
107.12
107.2
107.206
107.192
107.203
107.199
107.2
107.368
107.041
107.192
107.207
107.241
107.157
107.192
107.211
107.191
107.192
107.207
107.346
107.052
107.211
107.192
107.199
107.199
107.203
107.199
107.192
107.207
107.199
107.207
107.203
107.184
107.199
107.207
107.211
107.191
107.207
107.184
107.215
107.188
107.229
107.177
107.21
107.188
107.211
107.206
107.399
106.977
107.207
107.199
107.218
107.185
107.199
107.199
107.211
107.191
107.2
107.191
107.218
107.188
107.203
107.2
107.191
107.2
107.218
107.349
107.034
107.199
107.218
107.188
107.211
107.184
107.207
107.199
107.192
107.21
107.207
107.32
107.09
107.184
107.199
107.192
107.207
107.199
107.425
106.977
107.207
107.192
107.21
107.192
107.207
107.192
107.199
107.199
107.211
107.191
107.2
107.191
107.207
107.199
107.203
107.2
107.206
107.192
107.226
107.176
107.207
107.184
107.211
107.199
107.199
107.2
107.199
107.203
107.207
107.191
107.2
107.191
107.207
107.199
107.203
107.192
107.214
107.211
107.192
107.191
107.207
107.192
107.225
107.192
107.199
107.185
107.199
107.199
107.211
107.285
107.113
107.192
107.199
107.203
107.199
107.192
107.207
107.417
106.993
107.191
107.207
107.184
107.222
107.184
107.211
107.192
107.199
107.199
107.211
107.191
107.2
107.191
107.218
107.192
107.207
107.192
107.368
107.03
107.211
107.191
107.2
107.199
107.207
107.195
107.448
106.951
107.206
107.185
107.353
107.056
107.207
107.184
107.222
107.184
107.211
107.199
107.207
107.203
107.184
107.199
107.207
107.207
107.184
107.203
107.207
107.184
107.207
107.218
107.192
107.214
107.169
107.199
107.218
107.192
107.207
107.357
107.034
107.195
107.207
107.199
107.2
107.191
107.226
107.184
107.199
107.2
107.342
107.056
107.211
107.191
107.2
107.191
107.241
107.169
107.207
107.192
107.199
107.199
107.203
107.199
107.2
107.191
107.218
107.188
107.218
107.177
107.199
107.207
107.211
107.191
107.2
107.191
107.207
107.203
107.199
107.192
107.207
107.199
107.203
107.199
107.2
107.199
107.207
107.191
107.203
107.2
107.199
107.199
107.203
107.199
107.2
107.199
107.199
107.203
107.199
107.2
107.199
107.199
107.226
107.176
107.215
107.44
106.969
107.177
107.199
107.207
107.214
107.17
107.218
107.312
107.079
107.199
107.425
106.977
107.278
107.121
107.206
107.211
107.192
107.184
107.207
107.289
107.117
107.191
107.211
107.184
107.207
107.199
107.211
107.191
107.2
107.191
107.218
107.192
107.207
107.192
107.199
107.199
107.211
107.191
107.207
107.184
107.218
107.192
107.196
107.203
107.199
107.192
107.233
107.199
107.177
107.191
107.233
107.177
107.207
107.184
107.199
107.2
107.225
107.433
106.951
107.199
107.203
107.278
107.128
107.192
107.199
107.199
107.211
107.191
107.2
107.417
106.992
107.192
107.263
107.128
107.214
107.192
107.199
107.203
107.207
107.184
107.226
107.184
107.207
107.184
107.207
107.199
107.211
107.191
107.376
107.023
107.21
107.192
107.199
107.2
107.191
107.207
107.207
107.21
107.185
107.199
107.214
107.188
107.199
107.192
107.214
107.192
107.211
107.421
106.97
107.191
107.215
107.191
107.211
107.184
107.207
107.199
107.199
107.203
107.2
107.191
107.2
107.21
107.207
107.192
107.206
107.196
107.199
107.376
107.023
107.191
107.207
107.275
107.135
107.192
107.206
107.192
107.203
107.199
107.2
107.199
107.225
107.173
107.211
107.184
107.207
107.199
107.211
107.199
107.184
107.207
107.207
107.21
107.184
107.192
107.199
107.207
107.211
107.184
107.312
107.094
107.199
107.203
107.199
107.192
107.199
107.207
107.203
107.199
107.2
107.27
107.139
107.192
107.207
107.192
107.21
107.188
107.203
107.199
107.192
107.207
107.207
107.188
107.214
107.199
107.184
107.2
107.214
107.195
107.192
107.199
107.207
107.199
107.211
107.184
107.199
107.207
107.203
107.199
107.2
107.199
107.203
107.199
107.32
107.079
107.432
106.966
107.211
107.191
107.2
107.199
107.199
107.203
107.199
107.2
107.191
107.207
107.297
107.105
107.207
107.184
107.211
107.195
107.203
107.2
107.206
107.192
107.203
107.199
107.207
107.192
107.199
107.203
107.207
107.199
107.207
107.338
107.072
107.176
107.2
107.199
107.203
107.192
107.206
107.249
107.15
107.199
107.211
107.199
107.199
107.192
107.203
107.199
107.207
107.192
107.206
107.192
107.211
107.191
107.192
107.207
107.199
107.192
107.21
107.421
106.97
107.2
107.289
107.12
107.2
107.206
107.211
107.199
107.192
107.192
107.21
107.188
107.211
107.191
107.215
107.176
107.207
107.199
107.38
107.015
107.199
107.2
107.233
107.176
107.192
107.207
107.462
106.94
107.199
107.2
107.191
107.207
107.203
107.207
107.192
107.199
107.21
107.245
107.154
107.192
107.206
107.192
107.199
107.203
107.207
107.192
107.203
107.199
107.207
107.192
107.206
107.192
107.211
107.206
107.185
107.191
107.218
107.384
107.03
107.203
107.195
107.196
107.192
107.191
107.207
107.184
107.218
107.192
107.199
107.192
107.214
107.192
107.199
107.203
107.2
107.199
107.21
107.188
107.211
107.192
107.214
107.177
107.21
107.199
107.207
107.192
107.199
107.218
107.278
107.106
107.206
107.192
107.203
107.199
107.207
107.192
107.207
107.195
107.207
107.256
107.127
107.211
107.195
107.196
107.214
107.192
107.21
107.207
107.192
107.199
107.192
107.199
107.211
107.206
107.185
107.191
107.211
107.199
107.207
107.192
107.199
107.207
107.203
107.447
106.936
107.199
107.207
107.203
107.207
107.192
107.199
107.199
107.196
107.199
107.214
107.184
107.207
107.203
107.199
107.192
107.199
107.211
107.222
107.191
107.2
107.199
107.282
107.12
107.192
107.192
107.206
107.192
107.211
107.191
107.207
107.256
107.143
107.195
107.199
107.192
107.199
107.211
107.207
107.191
107.207
107.335
107.056
107.203
107.199
107.192
107.207
107.199
107.211
107.188
107.21
107.184
107.218
107.207
107.184
107.2
107.206
107.196
107.192
107.206
107.207
107.192
107.199
107.203
107.207
107.184
107.214
107.192
107.203
107.214
107.192
107.207
107.192
107.21
107.184
107.207
107.184
107.2
107.206
107.211
107.44
106.951
107.199
107.203
107.207
107.199
107.192
107.199
107.203
107.199
107.2
107.199
107.225
107.173
107.211
107.192
107.462
106.936
107.203
107.199
107.192
107.214
107.185
107.21
107.207
107.184
107.207
107.199
107.211
107.191
107.2
107.199
107.199
107.203
107.199
107.2
107.199
107.192
107.199
107.21
107.207
107.192
107.207
107.21
107.184
107.2
107.191
107.211
107.207
107.191
107.207
107.256
107.146
107.192
107.207
107.192
107.199
107.203
107.199
107.192
107.214
107.184
107.215
107.195
107.199
107.192
107.207
107.203
107.199
107.199
107.222
107.177
107.21
107.181
107.21
107.207
107.207
107.203
107.192
107.206
107.192
107.184
107.218
107.192
107.214
107.185
107.432
106.966
107.211
107.263
107.12
107.207
107.207
107.191
107.185
107.21
107.214
107.192
107.203
107.199
107.2
107.199
107.199
107.203
107.199
107.2
107.199
107.199
107.203
107.222
107.184
107.192
107.207
107.458
107.094
107.034
107.207
107.199
107.211
107.278
107.105
107.199
107.207
107.203
107.207
107.199
107.199
107.226
107.184
107.199
107.185
107.206
107.218
107.173
107.211
107.192
107.304
107.113
107.192
107.191
107.2
107.199
107.207
107.195
107.391
107
107.207
107.199
107.211
107.188
107.203
107.191
107.211
107.199
107.207
107.353
107.045
107.196
107.199
107.199
107.207
107.184
107.218
107.188
107.203
107.192
107.214
107.211
107.177
107.206
107.207
107.184
107.218
107.192
107.199
107.23
107.161
107.226
107.184
107.222
107.192
107.184
107.21
107.185
107.214
107.192
107.214
107.184
107.211
107.191
107.222
107.188
107.188
107.203
107.207
107.192
107.206
107.192
107.203
107.199
107.207
107.192
107.199
107.387
107.015
107.2
107.233
107.169
107.199
107.199
107.2
107.199
107.207
107.195
107.357
107.057
107.199
107.203
107.188
107.195
107.215
107.199
107.192
107.191
107.211
107.184
107.207
107.199
107.211
107.191
107.192
107.207
107.199
107.297
107.105
107.2
107.191
107.207
107.207
107.233
107.154
107.207
107.203
107.199
107.207
107.263
107.128
107.199
107.211
107.191
107.2
107.199
107.368
107.034
107.199
107.2
107.199
107.199
107.199
107.203
107.192
107.199
107.211
107.214
107.199
107.192
107.199
107.211
107.44
106.951
107.192
107.199
107.199
107.218
107.192
107.192
107.199
107.192
107.206
107.203
107.2
107.199
107.199
107.282
107.12
107.2
107.199
107.199
107.203
107.199
107.207
107.192
107.199
107.199
107.211
107.192
107.206
107.185
107.206
107.388
107.022
107.192
107.199
107.203
107.199
107.2
107.199
107.203
107.207
107.191
107.2
107.353
107.045
107.203
107.214
107.185
107.206
107.192
107.459
106.943
107.192
107.207
107.207
107.191
107.203
107.2
107.199
107.199
107.211
107.191
107.2
107.199
107.21
107.192
107.207
107.192
107.206
107.196
107.391
107.007
107.2
107.199
107.199
107.203
107.207
107.192
107.206
107.196
107.195
107.369
107.034
107.206
107.218
107.192
107.192
107.192
107.199
107.218
107.207
107.176
107.2
107.225
107.181
107.188
107.206
107.2
107.199
107.203
107.203
107.304
107.091
107.191
107.215
107.191
107.203
107.2
107.206
107.433
106.966
107.195
107.2
107.191
107.207
107.199
107.203
107.2
107.191
107.207
107.207
107.195
107.2
107.199
107.207
107.191
107.203
107.192
107.214
107.192
107.211
107.191
107.207
107.184
107.233
107.173
107.218
107.185
107.206
107.192
107.354
107.041
107.222
107.176
107.207
107.203
107.207
107.447
106.936
107.226
107.184
107.199
107.2
107.191
107.207
107.199
107.211
107.192
107.191
107.312
107.098
107.199
107.207
107.184
107.207
107.196
107.214
107.192
107.199
107.199
107.203
107.271
107.192
107.135
107.21
107.192
107.207
107.192
107.368
107.03
107.211
107.191
107.192
107.199
107.207
107.203
107.207
107.192
107.191
107.207
107.203
107.199
107.207
107.192
107.199
107.203
107.207
107.192
107.319
107.079
107.203
107.199
107.192
107.207
107.199
107.203
107.207
107.192
107.206
107.192
107.226
107.176
107.2
107.349
107.049
107.203
107.199
107.192
107.233
107.207
107.184
107.192
107.192
107.218
107.18
107.199
107.218
107.185
107.191
107.241
107.177
107.184
107.199
107.199
107.207
107.203
107.207
107.35
107.041
107.203
107.199
107.199
107.2
107.199
107.203
107.195
107.203
107.2
107.191
107.207
107.203
107.199
107.207
107.184
107.215
107.191
107.312
107.091
107.199
107.203
107.207
107.191
107.207
107.192
107.391
107.004
107.214
107.192
107.199
107.199
107.218
107.184
107.207
107.184
107.226
107.301
107.09
107.184
107.214
107.196
107.195
107.203
107.207
107.184
107.207
107.192
107.21
107.192
107.207
107.192
107.21
107.199
107.2
107.191
107.207
107.312
107.098
107.192
107.199
107.199
107.211
107.191
107.207
107.433
106.969
107.192
107.278
107.121
107.199
107.199
107.211
107.191
107.2
107.199
107.192
107.206
107.211
107.192
107.199
107.192
107.233
107.176
107.391
107.008
107.207
107.195
107.199
107.2
107.206
107.192
107.203
107.199
107.207
107.184
107.218
107.192
107.199
107.192
107.207
107.304
107.106
107.191
107.207
107.192
107.21
107.192
107.207
107.192
107.206
107.192
107.211
107.191
107.2
107.191
107.207
107.199
107.218
107.185
107.214
107.184
107.218
107.376
107.008
107.218
107.199
107.184
107.199
107.2
107.191
107.207
107.211
107.191
107.369
107.022
107.215
107.191
107.203
107.2
107.199
107.203
107.207
107.191
107.192
107.199
107.218
107.181
107.21
107.2
107.199
107.199
107.211
107.191
107.207
107.184
107.384
107.041
107.192
107.184
107.214
107.185
107.21
107.207
107.192
107.206
107.192
107.203
107.207
107.199
107.218
107.173
107.211
107.191
107.215
107.176
107.218
107.181
107.218
107.207
107.184
107.199
107.211
107.191
107.207
107.226
107.176
107.192
107.199
107.376
107.023
107.199
107.211
107.349
107.042
107.206
107.241
107.391
107.105
107.057
107.206
107.203
107.256
107.173
107.218
107.177
107.207
107.176
107.188
107.188
107.207
107.203
107.308
107.09
107.192
107.199
107.207
107.203
107.199
107.222
107.177
107.218
107.192
107.191
107.2
107.199
107.199
107.203
107.207
107.184
107.199
107.376
107.034
107.214
107.192
107.192
107.199
107.218
107.192
107.192
107.199
107.199
107.203
107.199
107.207
107.184
107.207
107.203
107.199
107.2
107.21
107.301
107.098
107.191
107.2
107.214
107.192
107.191
107.211
107.44
106.951
107.233
107.192
107.176
107.2
107.191
107.215
107.184
107.21
107.2
107.206
107.192
107.207
107.21
107.177
107.199
107.207
107.199
107.395
107.008
107.191
107.211
107.398
107.008
107.192
107.191
107.218
107.192
107.207
107.192
107.199
107.192
107.21
107.207
107.184
107.199
107.207
107.459
106.943
107.2
107.206
107.241
107.154
107.199
107.207
107.199
107.196
107.214
107.184
107.2
107.214
107.184
107.211
107.191
107.207
107.184
107.2
107.21
107.199
107.192
107.207
107.199
107.199
107.203
107.192
107.207
107.21
107.188
107.203
107.2
107.191
107.207
107.211
107.255
107.136
107.214
107.188
107.199
107.207
107.184
107.241
107.165
107.211
107.191
107.207
107.192
107.21
107.192
107.32
107.071
107.207
107.199
107.211
107.191
107.192
107.226
107.436
106.943
107.218
107.282
107.094
107.207
107.196
107.206
107.207
107.192
107.192
107.21
107.199
107.192
107.199
107.207
107.199
107.203
107.2
107.391
107.015
107.195
107.199
107.2
107.191
107.203
107.211
107.195
107.207
107.184
107.211
107.365
107.033
107.2
107.222
107.195
107.207
107.191
107.2
107.184
107.226
107.176
107.199
107.192
107.222
107.184
107.199
107.211
107.192
107.199
107.312
107.09
107.199
107.2
107.199
107.199
107.203
107.192
107.398
107
107.218
107.192
107.207
107.256
107.135
107.192
107.21
107.199
107.2
107.191
107.218
107.192
107.207
107.184
107.214
107.192
107.211
107.534
106.864
107.184
107.215
107.297
107.097
107.192
107.214
107.185
107.233
107.191
107.2
107.312
107.094
107.195
107.199
107.185
107.199
107.192
107.225
107.433
106.951
107.214
107.188
107.188
107.21
107.192
107.218
107.188
107.211
107.184
107.214
107.184
107.215
107.195
107.199
107.192
107.207
107.338
107.072
107.191
107.2
107.199
107.248
107.15
107.211
107.192
107.199
107.199
107.211
107.191
107.192
107.207
107.21
107.181
107.225
107.177
107.207
107.203
107.203
107.21
107.192
107.207
107.203
107.184
107.199
107.2
107.206
107.192
107.203
107.199
107.2
107.191
107.211
107.199
107.207
107.192
107.199
107.402
107.008
107.199
107.192
107.199
107.199
107.233
107.169
107.192
107.199
107.207
107.211
107.199
107.199
107.184
107.215
107.191
107.226
107.169
107.222
107.226
107.176
107.199
107.234
107.15
107.207
107.195
107.199
107.192
107.207
107.199
107.211
107.191
107.2
107.199
107.218
107.184
107.199
107.192
107.463
106.954
107.192
107.293
107.106
107.191
107.215
107.191
107.211
107.184
107.199
107.207
107.211
107.191
107.207
107.297
107.094
107.203
107.207
107.391
107.007
107.196
107.207
107.191
107.207
107.184
107.218
107.188
107.211
107.199
107.192
107.21
107.192
107.215
107.191
107.211
107.18
107.203
107.463
106.928
107.207
107.203
107.188
107.21
107.192
107.207
107.21
107.192
107.207
107.184
107.214
107.192
107.203
107.192
107.214
107.184
107.2
107.21
107.406
106.985
107.207
107.199
107.203
107.199
107.192
107.199
107.207
107.203
107.199
107.2
107.191
107.207
107.211
107.184
107.207
107.191
107.207
107.203
107.207
107.184
107.233
107.177
107.207
107.199
107.218
107.165
107.207
107.211
107.184
107.207
107.191
107.207
107.211
107.207
107.176
107.199
107.207
107.459
106.951
107.192
107.206
107.196
107.195
107.203
107.2
107.191
107.211
107.195
107.226
107.169
107.214
107.211
107.192
107.191
107.2
107.199
107.207
107.21
107.192
107.199
107.199
107.192
107.211
107.199
107.192
107.191
107.207
107.203
107.384
107.015
107.199
107.226
107.184
107.191
107.192
107.199
107.215
107.191
107.203
107.2
107.199
107.199
107.211
107.191
107.2
107.199
107.192
107.21
107.207
107.192
107.199
107.199
107.192
107.21
107.207
107.399
107.003
107.192
107.199
107.192
107.214
107.196
107.207
107.191
107.207
107.192
107.383
107.034
107.2
107.176
107.222
107.188
107.195
107.203
107.207
107.192
107.226
107.176
107.237
107.177
107.191
107.192
107.218
107.23
107.191
107.154
107.418
107.007
107.192
107.192
107.199
107.218
107.192
107.191
107.463
106.928
107.215
107.289
107.113
107.192
107.206
107.192
107.203
107.199
107.207
107.192
107.207
107.191
107.211
107.192
107.199
107.199
107.203
107.199
107.2
107.199
107.21
107.256
107.143
107.184
107.233
107.173
107.211
107.191
107.207
107.184
107.207
107.192
107.218
107.192
107.191
107.207
107.211
107.191
107.2
107.199
107.199
107.203
107.207
107.207
107.176
107.207
107.211
107.191
107.192
107.199
107.215
107.195
107.207
107.192
107.199
107.199
107.203
107.199
107.207
107.184
107.312
107.106
107.191
107.2
107.225
107.192
107.192
107.199
107.192
107.191
107.215
107.195
107.203
107.26
107.135
107.199
107.211
107.191
107.192
107.248
107.166
107.195
107.207
107.192
107.214
107.188
107.199
107.199
107.2
107.191
107.207
107.218
107.192
107.192
107.191
107.467
106.943
107.23
107.169
107.191
107.218
107.181
107.218
107.184
107.214
107.192
107.203
107.207
107.192
107.214
107.32
107.082
107.2
107.191
107.406
106.989
107.207
107.199
107.192
107.199
107.199
107.203
107.207
107.192
107.199
107.199
107.211
107.191
107.2
107.225
107.181
107.184
107.21
107.2
107.191
107.207
107.203
107.199
107.2
107.191
107.211
107.414
106.984
107.2
107.206
107.196
107.207
107.285
107.106
107.191
107.218
107.264
107.127
107.418
106.973
107.2
107.21
107.293
107.106
107.199
107.226
107.176
107.199
107.2
107.398
107
107.211
107.207
107.304
107.079
107.21
107.192
107.207
107.192
107.199
107.199
107.211
107.191
107.2
107.199
107.199
107.192
107.218
107.184
107.342
107.057
107.218
107.191
107.192
107.207
107.21
107.192
107.463
106.928
107.222
107.297
107.09
107.207
107.207
107.176
107.215
107.21
107.184
107.192
107.207
107.199
107.211
107.191
107.2
107.199
107.199
107.41
106.992
107.2
107.199
107.248
107.162
107.191
107.192
107.199
107.215
107.195
107.207
107.376
107.022
107.192
107.203
107.215
107.176
107.207
107.199
107.203
107.207
107.184
107.207
107.199
107.203
107.199
107.2
107.191
107.211
107.199
107.207
107.184
107.214
107.185
107.218
107.191
107.207
107.184
107.448
106.958
107.203
107.192
107.32
107.086
107.203
107.199
107.207
107.184
107.215
107.207
107.187
107.2
107.191
107.215
107.188
107.27
107.143
107.192
107.203
107.199
107.199
107.249
107.15
107.218
107.184
107.196
107.203
107.191
107.211
107.199
107.199
107.215
107.195
107.23
107.161
107.199
107.2
107.191
107.219
107.187
107.313
107.09
107.199
107.199
107.192
107.21
107.2
107.199
107.207
107.191
107.211
107.192
107.191
107.207
107.211
107.191
107.406
106.985
107.2
107.21
107.215
107.184
107.199
107.199
107.211
107.184
107.214
107.192
107.199
107.199
107.211
107.184
107.214
107.192
107.203
107.199
107.2
107.191
107.219
107.187
107.226
107.192
107.199
107.18
107.215
107.191
107.2
107.191
107.219
107.187
107.211
107.335
107.056
107.199
107.199
107.203
107.207
107.184
107.207
107.305
107.101
107.188
107.199
107.297
107.121
107.191
107.2
107.214
107.196
107.187
107.203
107.192
107.207
107.199
107.199
107.203
107.192
107.207
107.207
107.195
107.199
107.2
107.206
107.192
107.203
107.199
107.343
107.06
107.207
107.191
107.218
107.173
107.215
107.191
107.218
107.2
107.191
107.297
107.087
107.225
107.192
107.184
107.215
107.203
107.191
107.199
107.207
107.184
107.215
107.195
107.203
107.188
107.207
107.199
107.211
107.207
107.184
107.255
107.155
107.187
107.203
107.2
107.21
107.181
107.203
107.391
107.015
107.203
107.222
107.176
107.192
107.207
107.207
107.184
107.218
107.184
107.207
107.191
107.207
107.203
107.215
107.176
107.226
107.188
107.191
107.203
107.2
107.191
107.219
107.184
107.214
107.199
107.2
107.195
107.207
107.184
107.222
107.184
107.199
107.203
107.199
107.2
107.191
107.211
107.199
107.199
107.2
107.199
107.211
107.187
107.211
107.192
107.199
107.199
107.211
107.191
107.219
107.18
107.226
107.172
107.226
107.177
107.191
107.369
107.064
107.176
107.192
107.207
107.207
107.195
107.188
107.211
107.199
107.199
107.331
107.071
107.2
107.199
107.199
107.203
107.207
107.192
107.199
107.199
107.207
107.195
107.192
107.199
107.207
107.203
107.414
106.985
107.191
107.207
107.267
107.151
107.184
107.191
107.219
107.191
107.199
107.207
107.192
107.218
107.192
107.191
107.207
107.211
107.199
107.199
107.2
107.319
107.064
107.199
107.211
107.188
107.21
107.184
107.219
107.191
107.199
107.335
107.064
107.203
107.199
107.199
107.192
107.199
107.207
107.218
107.184
107.192
107.207
107.304
107.106
107.191
107.2
107.191
107.2
107.21
107.207
107.192
107.199
107.203
107.199
107.199
107.192
107.207
107.211
107.187
107.203
107.2
107.191
107.207
107.211
107.191
107.192
107.215
107.184
107.225
107.335
107.049
107.191
107.211
107.195
107.196
107.214
107.192
107.192
107.21
107.207
107.327
107.064
107.203
107.199
107.192
107.199
107.207
107.199
107.203
107.207
107.184
107.215
107.191
107.211
107.191
107.2
107.417
106.985
107.199
107.207
107.248
107.162
107.188
107.195
107.215
107.184
107.199
107.203
107.391
107.015
107.184
107.248
107.158
107.199
107.203
107.192
107.199
107.215
107.195
107.199
107.2
107.207
107.184
107.218
107.191
107.2
107.199
107.338
107.064
107.207
107.192
107.199
107.199
107.211
107.191
107.425
106.966
107.215
107.188
107.206
107.192
107.207
107.199
107.211
107.191
107.2
107.398
107.008
107.191
107.203
107.192
107.207
107.218
107.184
107.207
107.184
107.218
107.192
107.195
107.211
107.184
107.207
107.192
107.21
107.199
107.207
107.184
107.207
107.199
107.211
107.192
107.207
107.184
107.218
107.191
107.2
107.191
107.328
107.078
107.203
107.2
107.207
107.191
107.211
107.191
107.2
107.199
107.218
107.18
107.211
107.192
107.207
107.203
107.187
107.203
107.2
107.191
107.282
107.128
107.199
107.192
107.215
107.191
107.218
107.184
107.399
107.015
107.196
107.221
107.177
107.192
107.199
107.218
107.192
107.191
107.192
107.199
107.219
107.184
107.206
107.249
107.15
107.199
107.211
107.327
107.056
107.215
107.199
107.191
107.203
107.192
107.199
107.207
107.211
107.191
107.2
107.312
107.086
107.211
107.199
107.199
107.218
107.192
107.207
107.176
107.2
107.191
107.234
107.176
107.199
107.2
107.199
107.199
107.211
107.192
107.263
107.127
107.2
107.21
107.2
107.233
107.165
107.199
107.354
107.049
107.191
107.199
107.2
107.206
107.204
107.199
107.199
107.192
107.218
107.192
107.206
107.192
107.207
107.195
107.207
107.192
107.199
107.199
107.211
107.192
107.206
107.184
107.2
107.206
107.211
107.417
106.989
107.203
107.207
107.248
107.143
107.176
107.207
107.199
107.211
107.184
107.207
107.395
107.015
107.192
107.248
107.142
107.207
107.199
107.211
107.192
107.207
107.184
107.21
107.2
107.199
107.191
107.219
107.221
107.177
107.184
107.215
107.191
107.211
107.192
107.199
107.191
107.215
107.195
107.2
107.199
107.199
107.203
107.207
107.192
107.199
107.191
107.207
107.196
107.214
107.199
107.184
107.275
107.15
107.185
107.199
107.191
107.207
107.203
107.207
107.192
107.199
107.331
107.067
107.204
107.206
107.192
107.211
107.206
107.192
107.346
107.037
107.207
107.203
107.192
107.207
107.199
107.207
107.195
107.2
107.191
107.199
107.211
107.203
107.196
107.221
107.192
107.211
107.172
107.219
107.191
107.192
107.199
107.226
107.184
107.192
107.199
107.211
107.199
107.199
107.184
107.207
107.199
107.211
107.192
107.191
107.199
107.207
107.203
107.406
106.993
107.191
107.256
107.15
107.204
107.199
107.199
107.211
107.191
107.2
107.199
107.191
107.211
107.207
107.192
107.191
107.199
107.215
107.338
107.064
107.192
107.207
107.191
107.211
107.192
107.214
107.425
106.958
107.218
107.185
107.206
107.2
107.206
107.196
107.192
107.206
107.2
107.409
106.985
107.207
107.192
107.199
107.199
107.203
107.2
107.191
107.211
107.195
107.203
107.2
107.191
107.207
107.447
106.963
107.192
107.199
107.199
107.353
107.049
107.2
107.199
107.191
107.207
107.192
107.211
107.199
107.199
107.199
107.203
107.2
107.199
107.191
107.207
107.203
107.2
107.206
107.263
107.128
107.203
107.207
107.241
107.15
107.199
107.211
107.413
106.978
107.199
107.199
107.203
107.207
107.184
107.215
107.191
107.207
107.196
107.199
107.398
107
107.203
107.2
107.199
107.199
107.199
107.211
107.192
107.199
107.199
107.199
107.203
107.2
107.199
107.199
107.203
107.207
107.192
107.206
107.2
107.203
107.191
107.207
107.199
107.2
107.191
107.211
107.289
107.109
107.192
107.32
107.071
107.233
107.177
107.199
107.297
107.113
107.192
107.199
107.191
107.215
107.195
107.196
107.195
107.207
107.203
107.301
107.098
107.199
107.199
107.211
107.188
107.195
107.199
107.215
107.195
107.199
107.35
107.049
107.199
107.199
107.203
107.2
107.199
107.21
107.188
107.218
107.192
107.207
107.203
107.192
107.188
107.218
107.191
107.192
107.192
107.21
107.2
107.199
107.199
107.199
107.218
107.185
107.368
107.263
106.959
107.218
107.192
107.199
107.191
107.207
107.2
107.203
107.199
107.191
107.207
107.41
106.993
107.199
107.248
107.162
107.206
107.192
107.192
107.199
107.199
107.203
107.2
107.199
107.191
107.219
107.188
107.203
107.199
107.199
107.199
107.211
107.192
107.206
107.2
107.218
107.176
107.207
107.417
106.974
107.199
107.211
107.192
107.199
107.199
107.211
107.191
107.207
107.192
107.417
106.985
107.199
107.2
107.199
107.199
107.199
107.2
107.203
107.199
107.199
107.199
107.203
107.245
107.154
107.191
107.211
107.196
107.203
107.199
107.199
107.248
107.162
107.391
107.041
107.158
107.226
107.191
107.185
107.191
107.207
107.199
107.211
107.18
107.211
107.199
107.199
107.203
107.207
107.184
107.199
107.211
107.199
107.192
107.214
107.192
107.203
107.429
106.977
107.192
107.199
107.203
107.196
107.203
107.191
107.207
107.211
107.188
107.21
107.391
107.041
107.158
107.256
107.147
107.191
107.207
107.211
107.191
107.207
107.192
107.218
107.184
107.222
107.192
107.191
107.2
107.195
107.199
107.357
107.057
107.184
107.199
107.203
107.2
107.206
107.233
107.158
107.192
107.218
107.184
107.207
107.203
107.188
107.211
107.206
107.192
107.203
107.196
107.21
107.192
107.199
107.203
107.207
107.192
107.206
107.184
107.207
107.203
107.2
107.285
107.113
107.203
107.207
107.192
107.199
107.191
107.207
107.361
107.049
107.192
107.214
107.226
107.169
107.192
107.199
107.191
107.215
107.195
107.335
107.056
107.207
107.203
107.207
107.192
107.191
107.207
107.192
107.21
107.207
107.184
107.207
107.199
107.203
107.2
107.191
107.207
107.199
107.203
107.286
107.113
107.191
107.215
107.203
107.192
107.199
107.218
107.398
106.985
107.215
107.24
107.143
107.199
107.211
107.199
107.199
107.184
107.207
107.203
107.2
107.199
107.207
107.195
107.207
107.192
107.206
107.346
107.057
107.199
107.199
107.192
107.191
107.207
107.203
107.2
107.206
107.192
107.211
107.315
107.083
107.192
107.199
107.203
107.207
107.192
107.206
107.192
107.199
107.2
107.203
107.199
107.207
107.184
107.218
107.184
107.199
107.2
107.218
107.191
107.207
107.192
107.207
107.195
107.222
107.177
107.199
107.199
107.211
107.188
107.251
107.151
107.199
107.199
107.211
107.192
107.199
107.338
107.072
107.18
107.218
107.184
107.207
107.199
107.211
107.192
107.199
107.199
107.192
107.21
107.2
107.199
107.199
107.432
106.967
107.203
107.206
107.185
107.214
107.203
107.192
107.191
107.2
107.206
107.211
107.192
107.199
107.199
107.259
107.158
107.185
107.199
107.218
107.184
107.207
107.192
107.191
107.207
107.211
107.188
107.203
107.199
107.199
107.199
107.354
107.049
107.199
107.192
107.206
107.203
107.207
107.184
107.448
106.958
107.211
107.192
107.327
107.071
107.211
107.191
107.2
107.191
107.215
107.195
107.222
107.248
107.12
107.2
107.233
107.191
107.192
107.192
107.218
107.199
107.184
107.2
107.191
107.207
107.207
107.195
107.207
107.192
107.192
107.206
107.211
107.192
107.199
107.248
107.158
107.188
107.207
107.191
107.207
107.199
107.211
107.192
107.199
107.192
107.206
107.203
107.2
107.199
107.199
107.203
107.203
107.196
107.206
107.192
107.207
107.195
107.2
107.191
107.222
107.184
107.2
107.21
107.199
107.192
107.218
107.184
107.207
107.184
107.207
107.199
107.192
107.274
107.136
107.199
107.199
107.2
107.203
107.199
107.207
107.184
107.218
107.192
107.206
107.192
107.211
107.191
107.207
107.192
107.199
107.203
107.196
107.368
107.034
107.199
107.199
107.451
106.959
107.192
107.199
107.327
107.075
107.2
107.199
107.199
107.199
107.203
107.429
106.962
107.215
107.191
107.2
107.203
107.206
107.192
107.226
107.191
107.185
107.199
107.207
107.191
107.211
107.188
107.195
107.256
107.15
107.203
107.215
107.184
107.199
107.192
107.21
107.23
107.176
107.192
107.199
107.203
107.2
107.191
107.207
107.199
107.211
107.192
107.199
107.192
107.218
107.191
107.2
107.206
107.185
107.206
107.2
107.195
107.222
107.184
107.211
107.18
107.233
107.267
107.109
107.199
107.211
107.192
107.206
107.185
107.206
107.218
107.185
107.191
107.271
107.135
107.211
107.192
107.191
107.2
107.218
107.188
107.203
107.199
107.199
107.203
107.207
107.192
107.199
107.199
107.361
107.034
107.207
107.27
107.143
107.184
107.207
107.196
107.454
106.944
107.203
107.199
107.2
107.191
107.226
107.199
107.192
107.199
107.207
107.203
107.207
107.173
107.21
107.192
107.199
107.199
107.207
107.196
107.199
107.199
107.211
107.27
107.121
107.199
107.199
107.199
107.211
107.192
107.199
107.199
107.207
107.192
107.21
107.248
107.151
107.195
107.199
107.2
107.199
107.199
107.211
107.191
107.207
107.199
107.192
107.203
107.207
107.192
107.199
107.192
107.218
107.188
107.203
107.191
107.207
107.218
107.192
107.199
107.207
107.177
107.304
107.105
107.2
107.199
107.199
107.199
107.211
107.192
107.199
107.192
107.206
107.263
107.147
107.192
107.21
107.192
107.199
107.2
107.206
107.185
107.206
107.2
107.203
107.191
107.233
107.173
107.203
107.357
107.042
107.192
107.233
107.199
107.199
107.184
107.192
107.56
106.959
107.083
107.206
107.327
107.064
107.203
107.2
107.199
107.192
107.21
107.414
106.985
107.199
107.192
107.214
107.195
107.207
107.184
107.2
107.21
107.207
107.192
107.285
107.113
107.199
107.2
107.203
107.199
107.199
107.199
107.376
107.027
107.199
107.192
107.206
107.203
107.2
107.199
107.207
107.191
107.211
107.327
107.064
107.192
107.206
107.211
107.192
107.206
107.192
107.218
107.184
107.207
107.199
107.192
107.211
107.191
107.207
107.192
107.199
107.192
107.218
107.192
107.206
107.192
107.199
107.459
106.944
107.199
107.21
107.192
107.207
107.192
107.255
107.136
107.206
107.203
107.2
107.199
107.199
107.199
107.211
107.192
107.191
107.207
107.199
107.203
107.2
107.199
107.192
107.21
107.207
107.199
107.192
107.199
107.199
107.203
107.2
107.199
107.207
107.191
107.211
107.192
107.199
107.192
107.21
107.207
107.199
107.421
106.978
107.191
107.211
107.192
107.199
107.192
107.214
107.188
107.214
107.184
107.215
107.274
107.128
107.184
107.207
107.199
107.203
107.222
107.177
107.191
107.207
107.203
107.203
107.252
107.143
107.207
107.191
107.226
107.184
107.184
107.2
107.21
107.222
107.199
107.169
107.241
107.173
107.184
107.218
107.192
107.199
107.199
107.211
107.192
107.206
107.192
107.211
107.191
107.2
107.199
107.297
107.105
107.207
107.184
107.207
107.192
107.21
107.196
107.417
106.977
107.207
107.192
107.218
107.192
107.199
107.192
107.199
107.21
107.207
107.184
107.211
107.195
107.211
107.188
107.21
107.192
107.211
107.357
107.056
107.184
107.215
107.188
107.199
107.192
107.199
107.455
106.955
107.191
107.2
107.334
107.057
107.206
107.211
107.342
107.049
107.199
107.425
106.977
107.207
107.184
107.215
107.191
107.211
107.192
107.206
107.192
107.203
107.199
107.44
107.023
107.146
107.188
107.211
107.255
107.136
107.192
107.394
107.015
107.207
107.207
107.192
107.191
107.2
107.199
107.21
107.2
107.191
107.218
107.192
107.192
107.207
107.188
107.214
107.192
107.206
107.192
107.211
107.191
107.192
107.207
107.199
107.199
107.211
107.192
107.199
107.192
107.218
107.285
107.113
107.192
107.199
107.199
107.233
107.17
107.199
107.425
106.973
107.203
107.207
107.192
107.222
107.176
107.211
107.199
107.207
107.177
107.199
107.199
107.218
107.199
107.2
107.191
107.211
107.192
107.199
107.199
107.199
107.203
107.2
107.191
107.207
107.207
107.203
107.184
107.207
107.199
107.353
107.049
107.207
107.184
107.207
107.199
107.203
107.429
106.977
107.185
107.218
107.191
107.2
107.191
107.2
107.199
107.218
107.192
107.206
107.282
107.181
107.12
107.218
107.184
107.207
107.199
107.211
107.38
107.003
107.226
107.173
107.218
107.199
107.192
107.192
107.304
107.113
107.192
107.353
107.038
107.206
107.203
107.207
107.233
107.158
107.199
107.211
107.192
107.206
107.185
107.225
107.184
107.207
107.192
107.192
107.206
107.211
107.192
107.304
107.087
107.206
107.203
107.207
107.192
107.199
107.199
107.211
107.192
107.199
107.192
107.206
107.196
107.214
107.184
107.2
107.206
107.203
107.2
107.199
107.199
107.207
107.184
107.211
107.199
107.207
107.36
107.042
107.192
107.206
107.192
107.207
107.304
107.091
107.199
107.199
107.203
107.207
107.334
107.057
107.192
107.206
107.203
107.207
107.192
107.432
106.959
107.207
107.203
107.199
107.199
107.207
107.192
107.21
107.184
107.207
107.203
107.207
107.192
107.199
107.207
107.203
107.191
107.2
107.199
107.207
107.195
107.207
107.192
107.27
107.128
107.203
107.199
107.207
107.192
107.199
107.192
107.218
107.192
107.199
107.199
107.199
107.203
107.207
107.184
107.207
107.199
107.211
107.184
107.207
107.199
107.203
107.196
107.21
107.192
107.192
107.297
107.12
107.184
107.207
107.192
107.206
107.203
107.215
107.191
107.192
107.199
107.226
107.184
107.192
107.199
107.199
107.203
107.222
107.177
107.199
107.199
107.211
107.192
107.191
107.207
107.199
107.203
107.384
107.015
107.192
107.206
107.211
107.192
107.191
107.2
107.473
106.936
107.2
107.191
107.354
107.056
107.207
107.192
107.199
107.207
107.191
107.218
107.185
107.199
107.207
107.191
107.203
107.2
107.206
107.192
107.211
107.191
107.2
107.199
107.192
107.206
107.226
107.177
107.206
107.226
107.165
107.388
107.022
107.192
107.207
107.191
107.207
107.203
107.192
107.192
107.206
107.2
107.36
107.042
107.207
107.191
107.203
107.2
107.206
107.185
107.206
107.203
107.2
107.199
107.207
107.191
107.211
107.192
107.214
107.184
107.211
107.188
107.21
107.207
107.177
107.206
107.211
107.199
107.192
107.199
107.199
107.2
107.21
107.192
107.199
107.199
107.211
107.184
107.207
107.192
107.203
107.203
107.21
107.184
107.2
107.206
107.207
107.196
107.199
107.376
107.015
107.21
107.2
107.199
107.192
107.21
107.192
107.207
107.206
107.185
107.206
107.346
107.064
107.192
107.199
107.199
107.2
107.203
107.439
106.952
107.221
107.188
107.215
107.176
107.215
107.21
107.192
107.192
107.191
107.222
107.29
107.097
107.207
107.192
107.199
107.207
107.203
107.192
107.376
107.022
107.211
107.188
107.24
107.162
107.199
107.199
107.211
107.192
107.191
107.207
107.203
107.196
107.203
107.199
107.199
107.203
107.207
107.192
107.206
107.192
107.199
107.2
107.195
107.207
107.207
107.191
107.211
107.192
107.206
107.29
107.128
107.173
107.218
107.176
107.207
107.192
107.21
107.429
106.97
107.199
107.29
107.112
107.207
107.192
107.192
107.21
107.207
107.192
107.191
107.2
107.218
107.191
107.2
107.199
107.199
107.199
107.211
107.192
107.199
107.192
107.218
107.191
107.207
107.184
107.478
106.947
107.192
107.199
107.35
107.041
107.218
107.184
107.2
107.206
107.192
107.199
107.203
107.2
107.206
107.2
107.21
107.184
107.192
107.199
107.2
107.206
107.203
107.294
107.105
107.199
107.211
107.188
107.203
107.191
107.2
107.206
107.2
107.24
107.154
107.278
107.132
107.199
107.207
107.192
107.199
107.203
107.35
107.12
107.12
107.207
107.218
107.184
107.2
107.206
107.185
107.21
107.222
107.192
107.184
107.192
107.214
107.195
107.215
107.184
107.192
107.21
107.207
107.192
107.191
107.207
107.199
107.203
107.2
107.199
107.199
107.199
107.211
107.263
107.135
107.192
107.199
107.2
107.199
107.195
107.211
107.188
107.207
107.203
107.206
107.192
107.207
107.195
107.2
107.383
107.015
107.192
107.21
107.2
107.191
107.207
107.211
107.18
107.218
107.192
107.199
107.203
107.203
107.203
107.192
107.207
107.188
107.206
107.2
107.199
107.192
107.199
107.218
107.192
107.199
107.192
107.218
107.191
107.2
107.199
107.304
107.098
107.199
107.2
107.206
107.192
107.199
107.2
107.394
107.008
107.199
107.199
107.282
107.166
107.154
107.199
107.211
107.191
107.222
107.184
107.207
107.203
107.192
107.184
107.207
107.203
107.195
107.203
107.2
107.191
107.207
107.199
107.211
107.188
107.195
107.47
106.936
107.2
107.21
107.184
107.207
107.199
107.211
107.199
107.192
107.199
107.211
107.191
107.2
107.191
107.215
107.191
107.211
107.18
107.203
107.2
107.206
107.2
107.203
107.199
107.199
107.207
107.184
107.218
107.192
107.199
107.192
107.21
107.207
107.199
107.241
107.169
107.199
107.185
107.199
107.199
107.203
107.199
107.207
107.199
107.192
107.207
107.195
107.2
107.199
107.44
106.958
107.2
107.21
107.192
107.199
107.233
107.177
107.192
107.199
107.192
107.206
107.2
107.203
107.27
107.121
107.319
107.083
107.207
107.191
107.391
107.015
107.203
107.207
107.263
107.128
107.199
107.211
107.192
107.199
107.199
107.199
107.203
107.207
107.192
107.207
107.191
107.226
107.192
107.176
107.207
107.207
107.195
107.207
107.184
107.207
107.199
107.211
107.192
107.206
107.192
107.211
107.188
107.21
107.184
107.2
107.206
107.203
107.2
107.454
106.937
107.218
107.206
107.181
107.203
107.21
107.192
107.207
107.192
107.199
107.199
107.226
107.191
107.207
107.402
107
107.173
107.203
107.2
107.214
107.184
107.207
107.225
107.17
107.191
107.2
107.439
106.97
107.2
107.199
107.199
107.211
107.191
107.2
107.199
107.192
107.206
107.192
107.226
107.184
107.199
107.207
107.195
107.207
107.184
107.207
107.203
107.199
107.2
107.312
107.079
107.21
107.199
107.207
107.192
107.199
107.199
107.395
107.008
107.191
107.2
107.214
107.195
107.215
107.191
107.203
107.203
107.2
107.188
107.199
107.192
107.214
107.195
107.2
107.199
107.207
107.195
107.199
107.2
107.191
107.233
107.173
107.203
107.2
107.199
107.192
107.199
107.203
107.207
107.199
107.199
107.207
107.195
107.196
107.195
107.207
107.199
107.2
107.203
107.199
107.199
107.199
107.2
107.21
107.184
107.2
107.206
107.203
107.2
107.199
107.199
107.211
107.199
107.192
107.206
107.2
107.191
107.211
107.192
107.236
107.155
107.206
107.2
107.203
107.191
107.207
107.192
107.207
107.203
107.199
107.207
107.191
107.196
107.214
107.192
107.199
107.199
107.203
107.2
107.191
107.207
107.199
107.2
107.203
107.199
107.192
107.312
107.097
107.207
107.207
107.218
107.184
107.199
107.185
107.391
107.022
107.188
107.199
107.279
107.12
107.199
107.207
107.195
107.2
107.199
107.376
107.022
107.211
107.192
107.206
107.185
107.218
107.188
107.21
107.184
107.2
107.206
107.226
107.173
107.203
107.192
107.206
107.196
107.207
107.191
107.312
107.098
107.207
107.192
107.199
107.199
107.199
107.203
107.448
106.951
107.207
107.282
107.12
107.192
107.191
107.215
107.199
107.21
107.185
107.214
107.184
107.199
107.2
107.199
107.21
107.185
107.206
107.203
107.2
107.199
107.199
107.199
107.211
107.192
107.206
107.185
107.206
107.203
107.207
107.192
107.207
107.191
107.226
107.177
107.191
107.2
107.21
107.188
107.211
107.199
107.207
107.203
107.199
107.192
107.199
107.192
107.21
107.199
107.2
107.199
107.199
107.199
107.331
107.072
107.221
107.177
107.331
107.079
107.192
107.199
107.192
107.21
107.207
107.192
107.199
107.199
107.211
107.364
107.034
107.192
107.199
107.199
107.203
107.2
107.199
107.192
107.206
107.203
107.2
107.233
107.165
107.199
107.211
107.184
107.207
107.199
107.203
107.196
107.21
107.184
107.226
107.44
106.94
107.21
107.192
107.192
107.214
107.21
107.207
107.169
107.207
107.199
107.203
107.2
107.199
107.199
107.199
107.203
107.2
107.199
107.199
107.199
107.211
107.192
107.199
107.199
107.211
107.191
107.237
107.331
107.03
107.199
107.211
107.192
107.199
107.199
107.369
107.033
107.207
107.184
107.2
107.206
107.203
107.2
107.206
107.185
107.218
107.191
107.207
107.192
107.199
107.199
107.226
107.177
107.214
107.297
107.086
107.2
107.203
107.206
107.211
107.184
107.207
107.383
107.008
107.199
107.199
107.282
107.121
107.191
107.207
107.199
107.211
107.192
107.383
107.008
107.218
107.191
107.2
107.199
107.192
107.21
107.207
107.192
107.199
107.192
107.248
107.161
107.2
107.195
107.203
107.192
107.203
107.207
107.319
107.079
107.199
107.203
107.207
107.184
107.215
107.33
107.312
106.967
107.191
107.192
107.207
107.195
107.2
107.191
107.207
107.199
107.211
107.192
107.199
107.199
107.211
107.191
107.207
107.192
107.207
107.184
107.21
107.2
107.199
107.24
107.17
107.206
107.185
107.191
107.207
107.203
107.199
107.376
107.03
107.185
107.233
107.184
107.214
107.177
107.214
107.196
107.199
107.192
107.214
107.192
107.199
107.192
107.21
107.192
107.199
107.199
107.211
107.192
107.199
107.192
107.206
107.297
107.113
107.184
107.207
107.199
107.2
107.203
107.297
107.094
107.218
107.191
107.2
107.263
107.135
107.376
107.034
107.192
107.206
107.192
107.192
107.199
107.218
107.192
107.199
107.192
107.199
107.241
107.169
107.192
107.214
107.192
107.218
107.184
107.218
107.319
107.064
107.215
107.184
107.199
107.199
107.218
107.192
107.192
107.199
107.203
107.293
107.106
107.199
107.192
107.218
107.191
107.207
107.184
107.215
107.195
107.199
107.2
107.206
107.192
107.199
107.203
107.207
107.207
107.177
107.21
107.241
107.334
107.015
107.2
107.218
107.184
107.214
107.192
107.199
107.192
107.203
107.207
107.191
107.207
107.199
107.467
106.951
107.184
107.214
107.184
107.211
107.192
107.199
107.192
107.214
107.195
107.207
107.312
107.079
107.199
107.211
107.192
107.191
107.207
107.199
107.203
107.207
107.192
107.199
107.29
107.12
107.192
107.191
107.2
107.206
107.203
107.376
107.023
107.207
107.191
107.203
107.2
107.206
107.185
107.214
107.195
107.207
107.192
107.203
107.214
107.192
107.192
107.199
107.199
107.199
107.203
107.207
107.233
107.184
107.354
107.06
107.162
107.191
107.207
107.203
107.199
107.2
107.199
107.199
107.199
107.211
107.349
107.042
107.199
107.211
107.191
107.192
107.222
107.184
107.199
107.211
107.192
107.206
107.395
107.004
107.192
107.21
107.229
107.17
107.184
107.21
107.2
107.206
107.185
107.233
107.191
107.192
107.184
107.222
107.196
107.199
107.192
107.47
106.921
107.21
107.196
107.225
107.177
107.192
107.21
107.196
107.203
107.191
107.256
107.162
107.191
107.207
107.192
107.192
107.206
107.192
107.211
107.406
106.985
107.206
107.203
107.2
107.199
107.192
107.218
107.191
107.2
107.199
107.376
107.022
107.203
107.2
107.199
107.199
107.199
107.211
107.406
106.985
107.192
107.21
107.199
107.207
107.184
107.215
107.191
107.211
107.192
107.191
107.335
107.083
107.191
107.2
107.191
107.215
107.191
107.211
107.192
107.199
107.199
107.305
107.097
107.207
107.184
107.207
107.199
107.203
107.2
107.199
107.199
107.199
107.203
107.2
107.191
107.215
107.191
107.211
107.199
107.199
107.185
107.206
107.203
107.207
107.184
107.215
107.191
107.2
107.203
107.199
107.199
107.199
107.2
107.203
107.191
107.207
107.466
106.929
107.207
107.206
107.185
107.206
107.211
107.192
107.191
107.207
107.199
107.211
107.312
107.071
107.207
107.207
107.195
107.207
107.192
107.192
107.206
107.218
107.185
107.199
107.297
107.109
107.188
107.214
107.184
107.207
107.199
107.388
107.015
107.206
107.192
107.218
107.173
107.218
107.192
107.199
107.203
107.207
107.207
107.233
107.15
107.199
107.203
107.207
107.192
107.207
107.195
107.335
107.064
107.199
107.368
107.042
107.188
107.21
107.192
107.462
106.944
107.184
107.211
107.199
107.203
107.207
107.188
107.203
107.199
107.207
107.24
107.162
107.192
107.206
107.192
107.203
107.199
107.192
107.207
107.199
107.199
107.2
107.248
107.161
107.207
107.196
107.188
107.21
107.184
107.207
107.376
107.034
107.192
107.221
107.339
107.049
107.191
107.2
107.199
107.207
107.191
107.211
107.192
107.206
107.192
107.199
107.196
107.214
107.184
107.331
107.068
107.218
107.192
107.191
107.2
107.206
107.218
107.406
107.049
107.136
107.21
107.286
107.098
107.199
107.199
107.214
107.226
107.169
107.192
107.192
107.21
107.207
107.192
107.199
107.263
107.147
107.191
107.207
107.192
107.199
107.199
107.211
107.199
107.192
107.192
107.218
107.191
107.207
107.192
107.199
107.199
107.203
107.215
107.191
107.185
107.206
107.455
106.955
107.184
107.32
107.086
107.211
107.192
107.199
107.199
107.207
107.195
107.215
107.191
107.218
107.192
107.214
107.17
107.206
107.185
107.424
106.985
107.222
107.177
107.248
107.154
107.207
107.192
107.191
107.207
107.199
107.203
107.2
107.199
107.207
107.218
107.184
107.192
107.206
107.185
107.218
107.191
107.2
107.263
107.135
107.199
107.203
107.2
107.206
107.192
107.211
107.319
107.072
107.199
107.199
107.203
107.207
107.192
107.191
107.207
107.214
107.181
107.214
107.211
107.18
107.218
107.207
107.177
107.191
107.2
107.409
107
107.207
107.192
107.192
107.21
107.207
107.192
107.206
107.192
107.207
107.192
107.248
107.154
107.207
107.191
107.211
107.192
107.191
107.207
107.346
107.053
107.21
107.192
107.218
107.18
107.211
107.192
107.47
106.947
107.207
107.191
107.2
107.199
107.184
107.199
107.226
107.184
107.199
107.192
107.207
107.195
107.207
107.184
107.2
107.206
107.211
107.398
106.985
107.207
107.211
107.191
107.2
107.199
107.199
107.192
107.214
107.196
107.191
107.384
107.022
107.203
107.2
107.199
107.207
107.191
107.211
107.192
107.191
107.2
107.218
107.191
107.207
107.184
107.215
107.191
107.2
107.203
107.199
107.214
107.177
107.225
107.192
107.199
107.218
107.166
107.425
106.985
107.199
107.199
107.199
107.203
107.207
107.192
107.207
107.191
107.203
107.391
107.015
107.192
107.199
107.2
107.203
107.191
107.215
107.191
107.211
107.192
107.199
107.199
107.192
107.21
107.2
107.191
107.207
107.199
107.211
107.327
107.064
107.199
107.207
107.218
107.184
107.192
107.207
107.458
106.944
107.192
107.206
107.185
107.225
107.184
107.192
107.214
107.192
107.199
107.2
107.203
107.199
107.192
107.199
107.207
107.203
107.199
107.417
106.981
107.203
107.2
107.206
107.185
107.21
107.199
107.2
107.199
107.199
107.199
107.388
107.015
107.191
107.2
107.218
107.188
107.203
107.191
107.2
107.206
107.2
107.203
107.214
107.192
107.21
107.184
107.207
107.184
107.222
107.188
107.196
107.203
107.199
107.192
107.206
107.2
107.21
107.399
106.992
107.192
107.207
107.199
107.195
107.248
107.158
107.2
107.203
107.199
107.207
107.191
107.211
107.192
107.206
107.192
107.199
107.203
107.2
107.191
107.207
107.199
107.248
107.155
107.191
107.207
107.211
107.188
107.21
107.184
107.35
107.049
107.24
107.185
107.206
107.17
107.233
107.263
107.113
107.199
107.199
107.203
107.222
107.177
107.191
107.2
107.206
107.2
107.203
107.199
107.207
107.191
107.211
107.192
107.199
107.199
107.199
107.41
107
107.184
107.2
107.199
107.218
107.192
107.199
107.192
107.206
107.203
107.207
107.192
107.199
107.199
107.203
107.2
107.206
107.192
107.211
107.191
107.192
107.207
107.207
107.191
107.203
107.207
107.199
107.2
107.199
107.192
107.203
107.199
107.207
107.191
107.2
107.203
107.199
107.199
107.425
106.977
107.207
107.192
107.312
107.086
107.203
107.2
107.199
107.199
107.207
107.192
107.203
107.191
107.207
107.199
107.2
107.203
107.191
107.207
107.199
107.248
107.162
107.192
107.199
107.218
107.199
107.2
107.184
107.192
107.229
107.338
107.042
107.199
107.207
107.214
107.177
107.195
107.207
107.199
107.211
107.188
107.33
107.072
107.192
107.203
107.195
107.211
107.191
107.207
107.207
107.188
107.199
107.207
107.192
107.206
107.203
107.2
107.424
106.974
107.207
107.192
107.267
107.135
107.199
107.199
107.211
107.192
107.191
107.207
107.391
107.026
107.192
107.229
107.155
107.206
107.2
107.21
107.192
107.207
107.203
107.191
107.2
107.206
107.192
107.199
107.2
107.195
107.207
107.199
107.199
107.192
107.211
107.191
107.215
107.191
107.203
107.421
106.978
107.199
107.211
107.188
107.21
107.192
107.199
107.203
107.207
107.192
107.199
107.192
107.206
107.2
107.21
107.192
107.199
107.203
107.188
107.211
107.199
107.192
107.214
107.195
107.207
107.192
107.207
107.191
107.211
107.199
107.199
107.192
107.199
107.203
107.2
107.199
107.192
107.21
107.207
107.192
107.199
107.319
107.091
107.191
107.207
107.184
107.207
107.199
107.211
107.192
107.199
107.192
107.206
107.203
107.192
107.207
107.207
107.195
107.199
107.2
107.199
107.199
107.218
107.181
107.218
107.383
107
107.199
107.211
107.199
107.192
107.192
107.206
107.203
107.2
107.191
107.207
107.199
107.2
107.203
107.191
107.2
107.218
107.188
107.203
107.199
107.207
107.191
107.2
107.203
107.199
107.199
107.211
107.18
107.211
107.191
107.207
107.199
107.211
107.192
107.319
107.079
107.199
107.192
107.218
107.192
107.192
107.199
107.21
107.2
107.199
107.199
107.218
107.181
107.203
107.342
107.082
107.222
107.169
107.241
107.143
107.192
107.225
107.184
107.192
107.207
107.199
107.338
107.072
107.192
107.199
107.233
107.165
107.203
107.2
107.199
107.199
107.199
107.327
107.076
107.199
107.199
107.199
107.203
107.207
107.192
107.199
107.211
107.191
107.2
107.206
107.185
107.206
107.203
107.192
107.199
107.207
107.203
107.271
107.128
107.191
107.207
107.211
107.188
107.21
107.192
107.398
106.993
107.225
107.226
107.158
107.192
107.214
107.192
107.203
107.199
107.207
107.199
107.192
107.203
107.206
107.192
107.203
107.196
107.203
107.199
107.199
107.199
107.2
107.203
107.191
107.207
107.211
107.413
106.978
107.191
107.2
107.319
107.113
107.169
107.222
107.192
107.218
107.176
107.2
107.199
107.214
107.188
107.207
107.192
107.206
107.211
107.188
107.195
107.207
107.184
107.215
107.191
107.211
107.192
107.199
107.199
107.199
107.203
107.207
107.192
107.192
107.21
107.196
107.203
107.199
107.199
107.211
107.188
107.203
107.319
107.09
107.188
107.211
107.192
107.206
107.192
107.199
107.211
107.199
107.184
107.207
107.199
107.203
107.215
107.176
107.207
107.218
107.181
107.21
107.263
107.128
107.203
107.207
107.398
107
107.192
107.199
107.196
107.207
107.199
107.248
107.15
107.211
107.192
107.199
107.192
107.21
107.199
107.207
107.192
107.192
107.199
107.218
107.192
107.206
107.192
107.211
107.191
107.2
107.199
107.199
107.203
107.207
107.192
107.206
107.185
107.218
107.18
107.211
107.199
107.199
107.196
107.206
107.2
107.214
107.395
107.015
107.176
107.2
107.199
107.192
107.289
107.12
107.2
107.191
107.2
107.214
107.259
107.136
107.191
107.207
107.203
107.207
107.192
107.199
107.199
107.207
107.195
107.2
107.229
107.177
107.191
107.211
107.184
107.207
107.192
107.334
107.075
107.2
107.206
107.218
107.173
107.207
107.196
107.206
107.192
107.207
107.188
107.214
107.207
107.192
107.191
107.203
107.2
107.199
107.192
107.199
107.207
107.203
107.191
107.2
107.21
107.199
107.2
107.199
107.192
107.206
107.192
107.211
107.199
107.21
107.192
107.199
107.2
107.191
107.2
107.214
107.195
107.207
107.184
107.211
107.199
107.207
107.335
107.048
107.207
107.207
107.195
107.207
107.184
107.222
107.433
106.958
107.196
107.214
107.192
107.218
107.176
107.2
107.199
107.199
107.199
107.403
107.003
107.203
107.185
107.206
107.324
107.086
107.192
107.207
107.191
107.192
107.211
107.199
107.192
107.206
107.203
107.207
107.184
107.215
107.191
107.361
107.079
107.162
107.199
107.199
107.203
107.207
107.184
107.2
107.221
107.196
107.319
107.064
107.207
107.211
107.191
107.207
107.184
107.207
107.218
107.181
107.203
107.214
107.184
107.207
107.195
107.2
107.421
106.977
107.192
107.218
107.256
107.142
107.185
107.214
107.195
107.207
107.192
107.199
107.199
107.211
107.192
107.255
107.136
107.206
107.2
107.203
107.191
107.2
107.206
107.211
107.192
107.191
107.2
107.233
107.191
107.192
107.184
107.215
107.199
107.203
107.184
107.214
107.192
107.192
107.21
107.429
106.97
107.199
107.203
107.207
107.192
107.206
107.207
107.184
107.2
107.21
107.399
106.992
107.199
107.192
107.211
107.199
107.192
107.218
107.436
106.955
107.199
107.207
107.255
107.147
107.184
107.214
107.192
107.199
107.203
107.2
107.199
107.207
107.195
107.207
107.229
107.162
107.199
107.207
107.21
107.185
107.199
107.334
107.057
107.225
107.185
107.199
107.192
107.206
107.218
107.185
107.199
107.192
107.206
107.211
107.192
107.199
107.203
107.421
106.977
107.207
107.192
107.282
107.109
107.21
107.2
107.206
107.185
107.199
107.21
107.399
107.007
107.2
107.191
107.211
107.192
107.199
107.199
107.211
107.188
107.21
107.184
107.207
107.199
107.203
107.2
107.199
107.192
107.21
107.188
107.233
107.169
107.207
107.218
107.192
107.192
107.206
107.192
107.203
107.286
107.135
107.553
106.921
107.113
107.214
107.278
107.203
107.128
107.192
107.278
107.113
107.184
107.214
107.184
107.218
107.185
107.214
107.282
107.109
107.195
107.271
107.143
107.184
107.199
107.211
107.207
107.191
107.2
107.361
107.048
107.2
107.176
107.249
107.161
107.214
107.185
107.199
107.192
107.218
107.191
107.2
107.199
107.199
107.199
107.211
107.192
107.191
107.215
107.199
107.195
107.207
107.184
107.207
107.199
107.203
107.433
106.966
107.199
107.192
107.207
107.21
107.192
107.192
107.206
107.203
107.2
107.206
107.391
107
107.2
107.259
107.135
107.2
107.225
107.192
107.192
107.214
107.192
107.218
107.191
107.2
107.191
107.2
107.191
107.203
107.2
107.361
107.03
107.214
107.195
107.2
107.199
107.207
107.203
107.357
107.161
107.064
107.207
107.203
107.199
107.2
107.199
107.233
107.184
107.184
107.2
107.199
107.199
107.199
107.192
107.218
107.192
107.192
107.206
107.211
107.192
107.206
107.264
107.131
107.199
107.2
107.191
107.215
107.191
107.211
107.192
107.206
107.185
107.206
107.211
107.199
107.192
107.199
107.199
107.211
107.192
107.334
107.057
107.218
107.191
107.207
107.192
107.192
107.199
107.21
107.2
107.199
107.199
107.203
107.199
107.2
107.191
107.44
106.966
107.211
107.192
107.285
107.106
107.206
107.203
107.2
107.199
107.199
107.218
107.391
107.008
107.199
107.195
107.196
107.195
107.2
107.191
107.207
107.199
107.2
107.203
107.199
107.199
107.199
107.203
107.2
107.191
107.215
107.361
107.041
107.188
107.21
107.185
107.214
107.188
107.214
107.192
107.327
107.075
107.207
107.192
107.206
107.192
107.192
107.21
107.2
107.191
107.215
107.184
107.218
107.192
107.199
107.199
107.211
107.188
107.21
107.184
107.215
107.191
107.203
107.215
107.233
107.158
107.191
107.218
107.185
107.199
107.207
107.191
107.203
107.2
107.206
107.185
107.206
107.203
107.2
107.199
107.199
107.339
107.06
107.203
107.199
107.199
107.199
107.203
107.2
107.199
107.199
107.199
107.211
107.192
107.199
107.192
107.206
107.203
107.207
107.184
107.215
107.274
107.117
107.203
107.206
107.192
107.199
107.203
107.207
107.399
106.992
107.199
107.218
107.185
107.199
107.214
107.196
107.188
107.21
107.184
107.207
107.199
107.192
107.211
107.191
107.207
107.203
107.199
107.23
107.169
107.199
107.192
107.218
107.192
107.199
107.192
107.447
106.962
107.207
107.184
107.233
107.166
107.233
107.368
107.015
107.192
107.199
107.211
107.199
107.184
107.215
107.191
107.218
107.181
107.203
107.199
107.199
107.275
107.135
107.192
107.207
107.195
107.199
107.286
107.169
107.143
107.207
107.353
107.042
107.206
107.185
107.27
107.128
107.211
107.206
107.185
107.206
107.2
107.203
107.191
107.207
107.199
107.203
107.2
107.199
107.192
107.218
107.188
107.21
107.192
107.192
107.21
107.207
107.192
107.436
106.962
107.203
107.196
107.297
107.097
107.222
107.203
107.199
107.185
107.206
107.185
107.424
106.985
107.207
107.192
107.199
107.199
107.207
107.196
107.191
107.207
107.207
107.192
107.203
107.206
107.2
107.191
107.211
107.192
107.206
107.35
107.049
107.195
107.207
107.184
107.218
107.188
107.211
107.18
107.203
107.207
107.199
107.203
107.2
107.191
107.207
107.199
107.196
107.207
107.206
107.185
107.214
107.195
107.207
107.192
107.199
107.214
107.192
107.188
107.199
107.2
107.218
107.191
107.203
107.196
107.192
107.206
107.203
107.196
107.372
107.03
107.199
107.2
107.21
107.184
107.207
107.199
107.203
107.2
107.206
107.192
107.207
107.195
107.207
107.192
107.199
107.199
107.211
107.192
107.199
107.214
107.192
107.195
107.207
107.226
107.173
107.191
107.226
107.184
107.192
107.289
107.113
107.199
107.2
107.199
107.192
107.206
107.2
107.409
107
107.185
107.27
107.139
107.2
107.191
107.207
107.199
107.211
107.192
107.206
107.207
107.184
107.203
107.207
107.184
107.215
107.191
107.361
107.042
107.191
107.207
107.211
107.191
107.207
107.184
107.207
107.199
107.203
107.222
107.312
107.098
107.165
107.196
107.207
107.304
107.12
107.391
106.985
107.2
107.206
107.222
107.173
107.199
107.192
107.207
107.192
107.21
107.199
107.2
107.199
107.214
107.184
107.203
107.207
107.184
107.207
107.361
107.041
107.2
107.199
107.192
107.214
107.192
107.203
107.191
107.215
107.195
107.188
107.211
107.199
107.203
107.203
107.184
107.218
107.192
107.199
107.199
107.211
107.192
107.206
107.192
107.218
107.181
107.451
106.951
107.199
107.203
107.207
107.192
107.191
107.2
107.218
107.191
107.2
107.191
107.433
106.977
107.199
107.264
107.135
107.199
107.207
107.184
107.233
107.177
107.207
107.195
107.207
107.207
107.184
107.192
107.199
107.207
107.203
107.191
107.207
107.199
107.218
107.185
107.214
107.177
107.233
107.176
107.2
107.206
107.192
107.192
107.214
107.196
107.191
107.207
107.199
107.211
107.192
107.199
107.192
107.206
107.2
107.203
107.199
107.192
107.21
107.196
107.203
107.199
107.199
107.256
107.154
107.192
107.206
107.192
107.211
107.191
107.192
107.263
107.151
107.191
107.192
107.211
107.199
107.199
107.199
107.203
107.2
107.199
107.192
107.21
107.222
107.391
107
107.188
107.203
107.195
107.222
107.177
107.192
107.206
107.226
107.177
107.199
107.192
107.214
107.184
107.211
107.199
107.199
107.192
107.21
107.2
107.191
107.207
107.199
107.203
107.207
107.192
107.271
107.131
107.196
107.203
107.199
107.199
107.203
107.196
107.21
107.192
107.199
107.199
107.211
107.192
107.191
107.2
107.206
107.203
107.207
107.192
107.207
107.191
107.2
107.203
107.455
106.943
107.218
107.184
107.343
107.048
107.2
107.206
107.211
107.192
107.199
107.192
107.218
107.191
107.207
107.192
107.207
107.191
107.203
107.2
107.199
107.199
107.203
107.297
107.102
107.199
107.203
107.195
107.211
107.192
107.199
107.368
107.038
107.195
107.222
107.233
107.169
107.192
107.207
107.256
107.112
107.2
107.233
107.191
107.192
107.192
107.199
107.233
107.177
107.192
107.199
107.199
107.211
107.191
107.192
107.207
107.207
107.191
107.211
107.192
107.199
107.192
107.206
107.203
107.2
107.199
107.199
107.199
107.207
107.196
107.191
107.207
107.226
107.191
107.185
107.191
107.2
107.21
107.199
107.2
107.206
107.185
107.206
107.203
107.207
107.207
107.199
107.203
107.184
107.2
107.221
107.17
107.206
107.211
107.192
107.206
107.192
107.455
107.098
107.049
107.206
107.192
107.199
107.203
107.2
107.191
107.207
107.199
107.211
107.192
107.191
107.222
107.196
107.191
107.2
107.199
107.199
107.199
107.211
107.192
107.206
107.192
107.199
107.192
107.218
107.184
107.215
107.184
107.21
107.2
107.191
107.207
107.199
107.203
107.2
107.191
107.226
107.18
107.226
107.32
107.063
107.185
107.206
107.2
107.21
107.184
107.207
107.203
107.207
107.192
107.206
107.354
107.049
107.188
107.21
107.184
107.207
107.199
107.2
107.203
107.199
107.199
107.203
107.196
107.21
107.184
107.207
107.425
106.985
107.192
107.27
107.143
107.184
107.218
107.207
107.169
107.218
107.188
107.203
107.2
107.206
107.185
107.218
107.18
107.211
107.199
107.192
107.206
107.203
107.2
107.199
107.192
107.214
107.195
107.455
106.936
107.2
107.206
107.211
107.192
107.191
107.207
107.203
107.196
107.21
107.192
107.199
107.199
107.203
107.215
107.191
107.185
107.206
107.203
107.207
107.184
107.207
107.29
107.12
107.192
107.191
107.207
107.226
107.191
107.207
107.361
107.015
107.199
107.211
107.192
107.199
107.199
107.207
107.192
107.203
107.199
107.361
107.037
107.203
107.2
107.206
107.192
107.207
107.195
107.2
107.199
107.21
107.192
107.196
107.203
107.199
107.199
107.199
107.203
107.207
107.184
107.305
107.101
107.203
107.2
107.199
107.192
107.206
107.203
107.207
107.192
107.207
107.267
107.124
107.203
107.206
107.192
107.199
107.218
107.192
107.207
107.199
107.184
107.203
107.2
107.206
107.192
107.199
107.369
107.041
107.192
107.207
107.21
107.181
107.203
107.199
107.353
107.045
107.203
107.207
107.35
107.041
107.199
107.203
107.2
107.199
107.199
107.44
106.962
107.2
107.199
107.199
107.199
107.211
107.207
107.199
107.192
107.203
107.191
107.294
107.097
107.222
107.188
107.207
107.192
107.199
107.199
107.192
107.207
107.203
107.191
107.2
107.248
107.169
107.192
107.199
107.203
107.207
107.342
107.049
107.199
107.199
107.199
107.211
107.192
107.191
107.207
107.192
107.207
107.203
107.206
107.2
107.191
107.211
107.192
107.191
107.2
107.206
107.2
107.21
107.192
107.199
107.199
107.211
107.192
107.206
107.207
107.184
107.203
107.271
107.128
107.199
107.199
107.203
107.2
107.206
107.185
107.206
107.203
107.207
107.184
107.215
107.191
107.211
107.192
107.383
107.015
107.207
107.188
107.229
107.177
107.199
107.192
107.466
106.944
107.206
107.192
107.354
107.041
107.207
107.191
107.215
107.191
107.203
107.437
106.962
107.199
107.203
107.199
107.2
107.191
107.215
107.191
107.203
107.286
107.128
107.177
107.225
107.199
107.177
107.207
107.207
107.191
107.207
107.196
107.199
107.192
107.199
107.271
107.139
107.199
107.207
107.191
107.211
107.192
107.368
107.023
107.206
107.196
107.214
107.192
107.207
107.195
107.199
107.215
107.176
107.207
107.222
107.177
107.21
107.199
107.2
107.206
107.211
107.192
107.191
107.185
107.206
107.211
107.199
107.192
107.199
107.207
107.425
106.97
107.199
107.199
107.199
107.203
107.2
107.191
107.2
107.206
107.211
107.192
107.191
107.207
107.211
107.191
107.237
107.154
107.207
107.376
107.034
107.192
107.199
107.199
107.199
107.203
107.2
107.191
107.207
107.192
107.21
107.343
107.056
107.199
107.211
107.188
107.21
107.184
107.226
107.199
107.207
107.192
107.199
107.203
107.207
107.176
107.207
107.192
107.222
107.176
107.297
107.106
107.199
107.199
107.207
107.195
107.2
107.191
107.2
107.206
107.211
107.192
107.199
107.192
107.218
107.391
107.007
107.192
107.199
107.199
107.2
107.203
107.199
107.192
107.206
107.2
107.21
107.192
107.21
107.207
107.192
107.207
107.176
107.2
107.206
107.196
107.207
107.191
107.215
107.184
107.21
107.2
107.349
107.042
107.218
107.191
107.207
107.184
107.207
107.199
107.211
107.192
107.206
107.185
107.206
107.418
106.985
107.191
107.207
107.192
107.218
107.192
107.191
107.2
107.214
107.192
107.387
107.007
107.207
107.203
107.23
107.169
107.191
107.2
107.496
106.928
107.192
107.199
107.339
107.067
107.188
107.2
107.214
107.192
107.191
107.44
106.97
107.184
107.207
107.199
107.211
107.184
107.214
107.185
107.214
107.192
107.203
107.297
107.101
107.199
107.211
107.192
107.199
107.199
107.199
107.203
107.207
107.184
107.215
107.267
107.131
107.196
107.191
107.207
107.211
107.188
107.21
107.192
107.199
107.199
107.203
107.2
107.297
107.135
107.165
107.218
107.2
107.184
107.192
107.221
107.188
107.207
107.199
107.185
107.218
107.191
107.301
107.098
107.199
107.199
107.211
107.192
107.199
107.199
107.192
107.207
107.21
107.29
107.101
107.199
107.2
107.203
107.199
107.199
107.192
107.199
107.211
107.199
107.192
107.206
107.2
107.203
107.191
107.207
107.199
107.203
107.2
107.214
107.177
107.206
107.211
107.192
107.206
107.192
107.199
107.354
107.049
107.199
107.207
107.327
107.067
107.2
107.199
107.192
107.199
107.21
107.207
107.192
107.199
107.199
107.2
107.203
107.206
107.192
107.199
107.309
107.101
107.192
107.192
107.206
107.211
107.184
107.391
107.008
107.218
107.188
107.274
107.12
107.2
107.206
107.2
107.203
107.199
107.207
107.199
107.195
107.207
107.184
107.215
107.199
107.203
107.192
107.199
107.192
107.199
107.207
107.21
107.192
107.192
107.21
107.196
107.203
107.199
107.304
107.106
107.191
107.207
107.192
107.199
107.199
107.211
107.425
106.973
107.192
107.192
107.21
107.207
107.184
107.207
107.199
107.211
107.184
107.207
107.199
107.199
107.203
107.2
107.199
107.192
107.206
107.388
107.015
107.214
107.203
107.237
107.143
107.225
107.184
107.219
107.172
107.203
107.2
107.349
107.049
107.199
107.2
107.21
107.192
107.207
107.44
106.962
107.192
107.206
107.192
107.199
107.203
107.192
107.207
107.199
107.199
107.2
107.304
107.098
107.192
107.21
107.215
107.184
107.199
107.207
107.191
107.207
107.196
107.206
107.185
107.206
107.203
107.2
107.199
107.199
107.218
107.342
107.042
107.199
107.199
107.199
107.203
107.207
107.184
107.215
107.191
107.211
107.192
107.206
107.192
107.199
107.203
107.207
107.192
107.21
107.188
107.324
107.094
107.191
107.192
107.199
107.2
107.21
107.184
107.448
106.958
107.203
107.2
107.191
107.2
107.199
107.21
107.207
107.184
107.234
107.176
107.207
107.199
107.192
107.214
107.196
107.191
107.222
107.361
107.008
107.206
107.203
107.222
107.184
107.185
107.218
107.188
107.203
107.199
107.192
107.361
107.056
107.192
107.214
107.184
107.211
107.18
107.466
106.936
107.218
107.188
107.211
107.192
107.199
107.199
107.192
107.21
107.2
107.199
107.312
107.086
107.211
107.192
107.206
107.192
107.203
107.199
107.2
107.199
107.192
107.21
107.271
107.128
107.24
107.151
107.199
107.21
107.207
107.361
107.038
107.218
107.176
107.2
107.206
107.192
107.199
107.203
107.207
107.192
107.199
107.199
107.207
107.196
107.206
107.192
107.199
107.2
107.21
107.297
107.094
107.199
107.211
107.192
107.191
107.2
107.206
107.44
106.97
107.192
107.297
107.101
107.203
107.2
107.206
107.196
107.199
107.199
107.207
107.192
107.199
107.203
107.199
107.2
107.214
107.192
107.199
107.192
107.203
107.191
107.2
107.376
107.033
107.2
107.199
107.199
107.211
107.191
107.365
107.026
107.2
107.218
107.199
107.192
107.199
107.192
107.199
107.207
107.21
107.192
107.207
107.184
107.218
107.184
107.214
107.185
107.206
107.369
107.049
107.184
107.222
107.176
107.226
107.177
107.206
107.185
107.206
107.203
107.207
107.184
107.215
107.195
107.192
107.207
107.199
107.192
107.218
107.27
107.128
107.192
107.21
107.192
107.207
107.184
107.207
107.199
107.211
107.191
107.2
107.199
107.199
107.199
107.211
107.184
107.199
107.207
107.199
107.203
107.2
107.199
107.207
107.191
107.211
107.188
107.451
106.951
107.199
107.203
107.207
107.192
107.214
107.203
107.2
107.184
107.206
107.192
107.199
107.219
107.191
107.192
107.192
107.206
107.207
107.387
107.008
107.199
107.203
107.245
107.154
107.191
107.207
107.199
107.192
107.211
107.199
107.368
107.034
107.196
107.21
107.192
107.192
107.206
107.203
107.2
107.199
107.192
107.206
107.203
107.2
107.199
107.207
107.195
107.199
107.2
107.319
107.072
107.206
107.203
107.2
107.199
107.207
107.191
107.211
107.192
107.206
107.185
107.289
107.12
107.207
107.184
107.2
107.206
107.203
107.2
107.191
107.207
107.199
107.203
107.207
107.192
107.199
107.199
107.203
107.2
107.191
107.207
107.211
107.191
107.207
107.181
107.21
107.199
107.207
107.305
107.105
107.177
107.218
107.191
107.215
107.184
107.199
107.199
107.226
107.177
107.206
107.192
107.207
107.211
107.191
107.192
107.192
107.206
107.2
107.203
107.199
107.192
107.218
107.191
107.2
107.191
107.207
107.203
107.207
107.192
107.199
107.199
107.211
107.191
107.2
107.191
107.2
107.206
107.2
107.195
107.214
107.211
107.192
107.191
107.207
107.448
106.936
107.199
107.21
107.2
107.199
107.218
107.192
107.207
107.214
107.176
107.192
107.199
107.203
107.2
107.206
107.546
106.853
107.195
107.2
107.391
107
107.206
107.203
107.2
107.191
107.2
107.214
107.192
107.203
107.199
107.383
107.015
107.211
107.192
107.206
107.185
107.206
107.203
107.2
107.199
107.207
107.195
107.199
107.2
107.206
107.192
107.211
107.188
107.21
107.192
107.199
107.199
107.211
107.192
107.206
107.185
107.214
107.195
107.222
107.192
107.184
107.297
107.113
107.192
107.206
107.192
107.199
107.203
107.207
107.192
107.199
107.192
107.218
107.192
107.206
107.185
107.214
107.195
107.2
107.199
107.192
107.21
107.196
107.203
107.206
107.185
107.218
107.188
107.21
107.361
107.023
107.225
107.207
107.184
107.207
107.192
107.21
107.181
107.203
107.199
107.207
107.191
107.211
107.192
107.199
107.199
107.207
107.195
107.207
107.184
107.207
107.199
107.211
107.192
107.199
107.199
107.402
106.997
107.21
107.192
107.199
107.256
107.154
107.188
107.203
107.192
107.214
107.195
107.207
107.184
107.207
107.199
107.211
107.192
107.199
107.192
107.206
107.203
107.207
107.226
107.158
107.206
107.211
107.199
107.207
107.203
107.207
107.312
107.071
107.192
107.199
107.199
107.211
107.192
107.199
107.192
107.214
107.195
107.207
107.184
107.207
107.207
107.203
107.192
107.206
107.196
107.199
107.196
107.203
107.199
107.192
107.206
107.211
107.192
107.398
106.993
107.21
107.199
107.207
107.184
107.215
107.184
107.218
107.192
107.206
107.192
107.199
107.203
107.2
107.214
107.192
107.191
107.2
107.21
107.192
107.207
107.199
107.195
107.2
107.199
107.192
107.225
107.192
107.192
107.207
107.304
107.094
107.195
107.207
107.192
107.199
107.199
107.203
107.391
107.008
107.192
107.214
107.192
107.203
107.191
107.2
107.206
107.211
107.192
107.376
107.015
107.206
107.203
107.207
107.207
107.184
107.218
107.207
107.18
107.196
107.192
107.248
107.177
107.184
107.191
107.207
107.199
107.211
107.192
107.199
107.192
107.206
107.203
107.207
107.192
107.207
107.191
107.459
106.944
107.191
107.305
107.105
107.199
107.2
107.199
107.192
107.21
107.207
107.192
107.199
107.199
107.199
107.203
107.207
107.192
107.192
107.206
107.203
107.2
107.199
107.192
107.206
107.203
107.207
107.184
107.234
107.172
107.219
107.199
107.184
107.199
107.207
107.195
107.207
107.192
107.192
107.206
107.192
107.211
107.199
107.199
107.203
107.199
107.2
107.191
107.207
107.203
107.327
107.072
107.199
107.199
107.207
107.195
107.207
107.192
107.41
106.981
107.21
107.2
107.285
107.106
107.218
107.191
107.2
107.191
107.215
107.376
107.018
107.192
107.199
107.207
107.211
107.188
107.21
107.192
107.214
107.184
107.219
107.184
107.207
107.191
107.211
107.188
107.21
107.192
107.199
107.203
107.207
107.192
107.199
107.207
107.203
107.188
107.21
107.44
106.951
107.203
107.309
107.09
107.199
107.192
107.218
107.191
107.2
107.191
107.207
107.199
107.211
107.192
107.199
107.192
107.21
107.215
107.391
107
107.21
107.184
107.203
107.203
107.2
107.184
107.21
107.199
107.2
107.191
107.384
107.022
107.219
107.184
107.199
107.192
107.218
107.191
107.2
107.199
107.199
107.203
107.207
107.192

------------------------------------------------------------------------------------------------------------------------------------------------
max val(#4907) = 107.56us
min val(#9622) = 106.85us
peak-to-peak = 0.71us
mean +- RMS = 107.20 +- 0.06 us

packet size: 516
number of packets: 10000
RATE = 38507.47kbps, PPS = 9328.4
