Destination address set to 01:1B:19:00:00:00
Defaults: 01:1B:19:00:00:00 or 01:80:C2:00:00:0E
SIOCSHWTSTAMP: tx_type 1 requested, got 1; rx_filter 0 requested, got 0
setting ts_flags: 0x53
new ts_flags: 0x53


gap of hw tx time, us: packets 10000:
------------------------------------------------------------------------------------------------------------------------------------------------
0
107.255
107.384
107.086
107.049
107.207
107.225
107.143
107.2
107.225
107.432
106.978
5430.45
107.184
862.989
107.369
839.139
107.421
820.218
4416.59
107.241
732.112
107.015
954.32
107.312
107.09
107.166
107.225
107.214
107.192
107.199
107.328
107.075
107.199
10165.7
107.225
107.312
107.294
106.985
107.218
107.263
107.113
107.214
107.218
107.207
107.184
107.192
107.184
107.207
107.221
107.196
107.192
107.237
107.146
107.162
107.214
107.241
107.206
107.192
107.177
107.233
107.312
107.079
107.214
107.184
107.219
107.199
107.199
107.312
460.763
107.03
108.463
107.267
107.199
107.286
107.041
107.207
107.706
106.718
107.207
107.203
107.2
107.199
107.199
107.199
107.203
107.2
107.184
107.184
107.207
107.225
107.2
107.199
107.191
107.207
107.203
107.2
107.191
107.207
107.199
107.218
107.177
107.192
107.191
107.207
107.327
107.091
107.199
107.304
107.094
107.203
107.192
107.199
107.199
107.207
107.169
107.2
107.233
107.169
107.229
107.203
107.2
107.199
107.199
107.203
107.196
107.191
107.211
107.199
107.169
107.226
107.173
107.289
107.143
107.203
107.199
107.2
107.199
107.191
107.2
107.21
107.2
107.184
107.191
107.207
107.184
107.218
107.497
106.917
107.199
107.2
107.203
107.229
107.188
107.199
107.165
107.2
107.203
107.222
107.191
107.203
107.2
107.191
107.207
107.192
107.21
107.2
107.199
107.191
107.207
107.184
107.211
107.177
107.229
107.41
106.992
107.256
107.135
107.199
107.207
107.203
107.192
107.383
107.015
107.192
107.184
107.218
107.2
107.206
107.207
107.203
107.2
107.191
107.463
106.943
107.2
107.203
107.199
107.169
107.207
107.206
107.203
107.215
107.199
107.199
107.203
107.2
107.191
107.215
107.195
107.196
107.203
107.184
107.191
107.222
107.184
107.459
106.951
107.207
107.199
107.203
107.2
107.199
107.199
107.199
107.2
107.203
107.199
107.297
107.086
107.199
107.219
107.199
107.191
107.211
107.196
107.195
107.207
107.191
107.207
107.192
107.211
107.191
107.207
107.203
107.199
107.192
107.207
107.466
106.925
107.21
107.2
107.191
107.241
107.158
107.225
107.2
107.15
107.241
107.248
107.154
107.192
107.199
107.207
107.191
107.211
107.199
107.192
107.176
107.192
107.23
107.18
107.237
107.192
107.195
107.207
107.184
107.207
107.207
107.191
107.211
107.184
107.207
107.176
107.192
107.222
107.218
107.192
107.199
107.211
107.191
107.2
107.206
107.2
107.191
107.2
107.203
107.206
107.177
107.199
107.226
107.199
107.305
107.086
107.192
107.21
107.2
107.199
107.207
107.191
107.203
107.184
107.207
107.192
107.312
107.113
107.192
107.206
107.2
107.191
107.203
107.2
107.206
107.192
107.199
107.203
107.2
107.199
107.207
107.203
107.191
107.2
107.199
107.207
107.191
107.203
107.23
107.169
107.21
107.181
107.199
107.195
107.215
107.207
107.195
107.462
106.937
107.199
107.207
107.345
107.057
107.192
107.184
107.376
107.041
107.207
107.192
107.199
107.207
107.199
107.195
107.2
107.199
107.207
107.195
107.207
107.207
107.176
107.199
107.376
107.031
107.203
107.206
107.192
107.203
107.207
107.376
107.015
107.225
107.166
107.199
107.195
107.222
107.425
106.966
107.203
107.2
107.454
106.944
107.199
107.211
107.192
107.199
107.184
107.199
107.211
107.327
107.079
107.21
107.192
107.207
107.192
107.199
107.199
107.199
107.203
107.2
107.199
107.191
107.215
107.203
107.199
107.192
107.207
107.191
107.433
106.97
107.199
107.368
107.023
107.218
107.192
107.184
107.222
107.169
107.233
107.192
107.206
107.2
107.191
107.211
107.192
107.214
107.192
107.191
107.211
107.199
107.192
107.225
107.173
107.203
107.2
107.199
107.207
107.199
107.195
107.35
107.049
107.207
107.184
107.199
107.192
107.203
107.278
107.135
107.2
107.203
107.206
107.2
107.191
107.211
107.192
107.206
107.192
107.199
107.196
107.312
107.101
107.203
107.188
107.203
107.192
107.214
107.376
107.015
107.203
107.2
107.191
107.192
107.233
107.414
106.97
107.199
107.207
107.191
107.203
107.2
107.206
107.2
107.203
107.236
107.162
107.192
107.319
107.083
107.196
107.203
107.206
107.2
107.191
107.211
107.192
107.199
107.225
107.279
107.097
107.2
107.199
107.192
107.206
107.211
107.192
107.206
107.2
107.191
107.38
107.023
107.199
107.21
107.188
107.203
107.2
107.199
107.207
107.191
107.226
107.177
107.24
107.166
107.191
107.433
106.97
107.214
107.218
107.184
107.222
107.162
107.199
107.199
107.203
107.207
107.192
107.199
107.199
107.199
107.211
107.207
107.184
107.225
107.173
107.489
106.914
107.199
107.207
107.191
107.211
107.199
107.199
107.2
107.191
107.218
107.2
107.184
107.225
107.173
107.211
107.192
107.206
107.2
107.191
107.312
107.091
107.199
107.225
107.177
107.207
107.184
107.447
106.967
107.191
107.211
107.455
106.936
107.207
107.203
107.199
107.199
107.199
107.2
107.199
107.316
107.079
107.199
107.199
107.211
107.191
107.2
107.199
107.207
107.195
107.207
107.199
107.207
107.192
107.21
107.286
107.098
107.206
107.2
107.424
106.97
107.207
107.376
107.008
107.214
107.203
107.192
107.199
107.24
107.158
107.211
107.192
107.199
107.207
107.233
107.169
107.192
107.199
107.199
107.203
107.207
107.192
107.236
107.17
107.191
107.211
107.192
107.199
107.207
107.195
107.196
107.203
107.206
107.192
107.226
107.184
107.192
107.496
106.91
107.191
107.211
107.192
107.206
107.2
107.191
107.203
107.2
107.199
107.199
107.402
107.015
107.185
107.206
107.2
107.195
107.199
107.2
107.383
107.023
107.195
107.207
107.199
107.192
107.207
107.218
107.184
107.199
107.192
107.199
107.199
107.2
107.203
107.199
107.207
107.191
107.203
107.2
107.199
107.207
107.191
107.203
107.2
107.206
107.2
107.191
107.211
107.192
107.206
107.192
107.199
107.203
107.2
107.206
107.2
107.191
107.2
107.443
106.959
107.199
107.199
107.211
107.192
107.199
107.199
107.199
107.203
107.2
107.206
107.2
107.191
107.211
107.192
107.199
107.207
107.21
107.192
107.192
107.199
107.207
107.195
107.365
107.041
107.192
107.207
107.191
107.203
107.2
107.206
107.2
107.191
107.305
107.09
107.207
107.207
107.191
107.211
107.192
107.191
107.215
107.191
107.211
107.192
107.199
107.207
107.191
107.218
107.192
107.199
107.2
107.195
107.199
107.2
107.199
107.207
107.191
107.203
107.2
107.214
107.225
107.192
107.192
107.177
107.36
107.046
107.191
107.211
107.192
107.199
107.21
107.188
107.211
107.207
107.206
107.203
107.173
107.218
107.185
107.319
107.087
107.195
107.207
107.192
107.191
107.218
107.188
107.211
107.192
107.206
107.2
107.297
107.105
107.184
107.214
107.433
106.958
107.211
107.192
107.206
107.192
107.199
107.2
107.203
107.206
107.2
107.191
107.2
107.203
107.199
107.207
107.191
107.203
107.2
107.199
107.207
107.203
107.214
107.177
107.191
107.207
107.199
107.211
107.192
107.206
107.2
107.218
107.199
107.192
107.191
107.218
107.192
107.192
107.192
107.206
107.185
107.206
107.211
107.199
107.192
107.192
107.206
107.211
107.192
107.206
107.2
107.203
107.263
107.12
107.207
107.199
107.207
107.203
107.383
107.015
107.2
107.21
107.192
107.192
107.206
107.2
107.282
107.12
107.192
107.199
107.199
107.203
107.207
107.184
107.207
107.207
107.191
107.211
107.192
107.206
107.256
107.135
107.211
107.192
107.214
107.21
107.192
107.192
107.207
107.184
107.207
107.191
107.211
107.207
107.184
107.214
107.184
107.44
106.963
107.206
107.2
107.203
107.191
107.2
107.199
107.207
107.191
107.2
107.289
107.12
107.192
107.203
107.196
107.21
107.192
107.207
107.199
107.203
107.192
107.199
107.225
107.44
106.936
107.207
107.192
107.199
107.199
107.203
107.361
107.034
107.211
107.218
107.184
107.207
107.184
107.233
107.165
107.203
107.2
107.206
107.2
107.191
107.211
107.192
107.221
107.211
107.192
107.199
107.207
107.161
107.215
107.191
107.203
107.215
107.184
107.402
106.996
107.203
107.2
107.221
107.203
107.185
107.206
107.279
107.112
107.2
107.195
107.199
107.192
107.214
107.203
107.188
107.218
107.2
107.184
107.222
107.195
107.248
107.263
107.079
107.2
107.184
107.21
107.2
107.206
107.2
107.466
106.936
107.207
107.206
107.17
107.225
107.192
107.192
107.199
107.192
107.21
107.207
107.192
107.206
107.185
107.24
107.177
107.192
107.199
107.289
107.109
107.211
107.192
107.199
107.199
107.199
107.211
107.192
107.199
107.207
107.21
107.184
107.207
107.192
107.225
107.166
107.21
107.2
107.214
107.353
107.03
107.218
107.294
107.09
107.222
107.176
107.233
107.17
107.206
107.2
107.203
107.191
107.2
107.199
107.207
107.199
107.195
107.2
107.199
107.222
107.259
107.12
107.2
107.199
107.207
107.203
107.191
107.2
107.199
107.21
107.279
107.112
107.2
107.199
107.368
107.038
107.195
107.2
107.199
107.207
107.195
107.199
107.2
107.199
107.222
107.176
107.218
107.185
107.199
107.327
107.075
107.196
107.203
107.199
107.207
107.191
107.203
107.32
107.158
107.128
107.199
107.203
107.192
107.199
107.207
107.439
106.963
107.199
107.214
107.196
107.199
107.192
107.199
107.184
107.215
107.203
107.278
107.113
107.221
107.185
107.24
107.154
107.2
107.206
107.203
107.188
107.211
107.192
107.24
107.421
106.944
107.203
107.192
107.191
107.215
107.191
107.369
107.034
107.191
107.23
107.18
107.214
107.2
107.184
107.207
107.191
107.211
107.192
107.199
107.207
107.191
107.203
107.2
107.206
107.2
107.191
107.203
107.278
107.128
107.192
107.203
107.207
107.192
107.206
107.2
107.191
107.211
107.278
107.113
107.207
107.191
107.369
107.034
107.199
107.21
107.188
107.211
107.192
107.199
107.207
107.218
107.184
107.222
107.191
107.203
107.185
107.191
107.207
107.192
107.225
107.32
107.079
107.177
107.206
107.2
107.191
107.226
107.177
107.221
107.177
107.211
107.199
107.192
107.199
107.207
107.195
107.199
107.2
107.199
107.222
107.176
107.218
107.177
107.568
106.846
107.195
107.207
107.248
107.135
107.2
107.206
107.203
107.207
107.192
107.225
107.166
107.218
107.192
107.199
107.207
107.191
107.203
107.2
107.368
107.041
107.188
107.2
107.21
107.192
107.199
107.199
107.474
106.929
107.199
107.207
107.191
107.203
107.2
107.199
107.203
107.195
107.211
107.192
107.199
107.225
107.301
107.072
107.21
107.192
107.199
107.41
107
107.184
107.214
107.282
107.113
107.222
107.184
107.199
107.2
107.21
107.184
107.192
107.214
107.215
107.203
107.184
107.192
107.199
107.21
107.188
107.226
107.199
107.177
107.207
107.191
107.203
107.2
107.199
107.21
107.188
107.2
107.195
107.199
107.215
107.191
107.207
107.196
107.206
107.185
107.21
107.203
107.395
107
107.207
107.191
107.203
107.2
107.199
107.199
107.297
107.113
107.199
107.192
107.207
107.191
107.203
107.2
107.206
107.185
107.206
107.211
107.192
107.375
107.031
107.203
107.191
107.2
107.199
107.207
107.203
107.191
107.2
107.206
107.2
107.195
107.199
107.2
107.206
107.2
107.191
107.2
107.21
107.192
107.207
107.191
107.203
107.2
107.199
107.417
106.981
107.211
107.192
107.206
107.2
107.191
107.211
107.398
107
107.218
107.192
107.271
107.113
107.206
107.215
107.191
107.188
107.207
107.192
107.207
107.191
107.211
107.192
107.199
107.21
107.188
107.203
107.2
107.199
107.207
107.327
107.075
107.184
107.207
107.207
107.191
107.203
107.2
107.319
107.087
107.191
107.203
107.215
107.191
107.2
107.195
107.455
106.944
107.199
107.402
106.996
107.203
107.2
107.199
107.207
107.191
107.211
107.192
107.206
107.2
107.195
107.207
107.192
107.206
107.2
107.195
107.199
107.2
107.221
107.177
107.207
107.21
107.369
107.015
107.207
107.191
107.203
107.207
107.192
107.207
107.312
107.09
107.192
107.199
107.225
107.185
107.191
107.2
107.206
107.2
107.191
107.211
107.199
107.192
107.207
107.218
107.199
107.177
107.214
107.177
107.206
107.203
107.2
107.199
107.425
106.988
107.188
107.2
107.199
107.207
107.191
107.226
107.177
107.199
107.207
107.191
107.211
107.192
107.206
107.433
106.958
107.2
107.203
107.214
107.184
107.199
107.203
107.391
107.008
107.199
107.203
107.199
107.2
107.191
107.215
107.323
107.079
107.192
107.199
107.207
107.274
107.128
107.192
107.454
106.952
107.191
107.403
107
107.206
107.2
107.21
107.184
107.2
107.199
107.297
107.101
107.211
107.192
107.255
107.151
107.195
107.199
107.2
107.199
107.207
107.199
107.199
107.196
107.199
107.391
107.007
107.211
107.192
107.199
107.376
107.022
107.203
107.32
107.086
107.2
107.191
107.203
107.47
106.929
107.21
107.188
107.211
107.184
107.214
107.192
107.203
107.199
107.207
107.417
106.967
107.206
107.331
107.534
106.737
107.207
107.195
107.414
106.985
107.199
107.199
107.297
107.105
107.207
107.207
107.192
107.33
107.072
107.192
107.278
107.128
107.21
107.192
107.192
107.206
107.185
107.391
107.018
107.2
107.199
107.624
106.774
107.203
107.2
107.199
107.207
107.191
107.211
107.199
107.199
107.2
107.191
107.211
107.199
107.184
107.215
107.191
107.207
107.196
107.409
106.997
107.191
107.203
107.2
107.225
107.199
107.173
107.226
107.177
107.206
107.2
107.255
107.139
107.207
107.192
107.207
107.195
107.199
107.222
107.218
107.158
107.218
107.376
107.008
107.199
107.207
107.191
107.38
107.023
107.199
107.319
107.098
107.199
107.185
107.24
107.32
107.037
107.2
107.203
107.206
107.2
107.191
107.211
107.192
107.206
107.2
107.191
107.211
107.192
107.199
107.432
106.966
107.211
107.192
107.417
106.989
107.199
107.203
107.192
107.199
107.21
107.207
107.207
107.192
107.184
107.192
107.206
107.203
107.2
107.199
107.207
107.191
107.203
107.421
107
107.185
107.195
107.624
106.775
107.206
107.2
107.199
107.195
107.2
107.206
107.331
107.072
107.191
107.2
107.199
107.21
107.196
107.203
107.192
107.206
107.192
107.199
107.211
107.192
107.206
107.2
107.195
107.207
107.192
107.199
107.263
107.135
107.211
107.192
107.199
107.21
107.188
107.203
107.2
107.199
107.207
107.218
107.184
107.199
107.192
107.207
107.191
107.211
107.192
107.199
107.207
107.191
107.331
107.072
107.206
107.203
107.192
107.207
107.192
107.206
107.2
107.195
107.207
107.192
107.206
107.2
107.191
107.211
107.192
107.24
107.184
107.192
107.35
107.041
107.192
107.207
107.409
106.985
107.2
107.206
107.305
107.086
107.211
107.255
107.136
107.199
107.211
107.191
107.2
107.199
107.199
107.199
107.211
107.192
107.199
107.207
107.191
107.203
107.2
107.342
107.064
107.218
107.236
107.155
107.184
107.207
107.195
107.335
107.064
107.214
107.21
107.173
107.203
107.2
107.225
107.278
107.106
107.199
107.192
107.199
107.207
107.195
107.207
107.207
107.184
107.207
107.297
107.097
107.2
107.191
107.271
107.135
107.211
107.192
107.199
107.207
107.191
107.203
107.2
107.199
107.207
107.191
107.203
107.2
107.206
107.2
107.191
107.203
107.2
107.199
107.225
107.177
107.222
107.177
107.199
107.207
107.191
107.211
107.192
107.199
107.199
107.199
107.2
107.203
107.199
107.192
107.206
107.211
107.192
107.688
106.71
107.199
107.211
107.207
107.184
107.207
107.199
107.297
107.105
107.207
107.192
107.203
107.206
107.185
107.206
107.203
107.188
107.203
107.207
107.192
107.199
107.207
107.195
107.215
107.199
107.184
107.361
107.094
107.147
107.206
107.2
107.191
107.211
107.192
107.334
107.075
107.188
107.211
107.192
107.206
107.2
107.451
106.951
107.199
107.192
107.417
106.985
107.199
107.207
107.192
107.207
107.195
107.222
107.177
107.199
107.199
107.199
107.267
107.143
107.199
107.2
107.191
107.203
107.2
107.206
107.248
107.162
107.192
107.192
107.496
106.91
107.191
107.211
107.376
107.015
107.207
107.319
107.075
107.2
107.199
107.207
107.218
107.176
107.207
107.192
107.207
107.191
107.2
107.203
107.206
107.2
107.191
107.211
107.199
107.199
107.185
107.24
107.177
107.192
107.199
107.207
107.195
107.199
107.2
107.304
107.102
107.195
107.256
107.143
107.199
107.207
107.195
107.207
107.192
107.199
107.207
107.191
107.211
107.192
107.199
107.199
107.203
107.207
107.192
107.199
107.199
107.214
107.196
107.199
107.192
107.207
107.199
107.203
107.199
107.192
107.222
107.176
107.203
107.2
107.214
107.21
107.2
107.391
106.985
107.199
107.21
107.188
107.211
107.192
107.206
107.192
107.211
107.199
107.199
107.263
107.128
107.207
107.195
107.2
107.206
107.2
107.248
107.154
107.192
107.199
107.207
107.488
106.914
107.199
107.192
107.207
107.191
107.203
107.2
107.206
107.2
107.184
107.225
107.185
107.206
107.203
107.188
107.203
107.2
107.206
107.2
107.191
107.2
107.21
107.425
106.974
107.191
107.203
107.2
107.199
107.207
107.191
107.203
107.192
107.207
107.207
107.218
107.199
107.184
107.248
107.151
107.191
107.211
107.199
107.214
107.185
107.199
107.203
107.192
107.199
107.207
107.191
107.211
107.192
107.199
107.199
107.327
107.075
107.207
107.192
107.207
107.191
107.203
107.2
107.191
107.215
107.191
107.211
107.192
107.199
107.207
107.195
107.199
107.2
107.199
107.207
107.191
107.211
107.192
107.206
107.233
107.162
107.214
107.192
107.199
107.2
107.195
107.222
107.184
107.192
107.21
107.192
107.207
107.192
107.206
107.218
107.177
107.214
107.433
106.958
107.2
107.206
107.196
107.192
107.206
107.2
107.191
107.203
107.215
107.206
107.203
107.173
107.2
107.203
107.221
107.185
107.191
107.226
107.177
107.199
107.199
107.199
107.211
107.207
107.191
107.218
107.384
107
107.192
107.199
107.199
107.218
107.192
107.192
107.206
107.192
107.199
107.218
107.192
107.199
107.185
107.206
107.211
107.192
107.199
107.207
107.195
107.207
107.192
107.206
107.2
107.191
107.203
107.2
107.199
107.207
107.191
107.2
107.203
107.199
107.207
107.184
107.218
107.192
107.199
107.222
107.188
107.191
107.207
107.192
107.21
107.188
107.203
107.2
107.225
107.173
107.199
107.218
107.192
107.192
107.207
107.191
107.211
107.192
107.199
107.207
107.191
107.211
107.192
107.199
107.207
107.255
107.147
107.199
107.199
107.2
107.191
107.211
107.192
107.199
107.207
107.191
107.339
107.064
107.199
107.21
107.2
107.199
107.192
107.199
107.207
107.458
106.966
107.17
107.206
107.192
107.199
107.211
107.432
106.966
107.203
107.192
107.207
107.192
107.199
107.225
107.391
106.993
107.192
107.199
107.225
107.2
107.176
107.207
107.207
107.192
107.191
107.226
107.177
107.199
107.207
107.191
107.211
107.192
107.199
107.21
107.188
107.211
107.192
107.199
107.207
107.199
107.195
107.2
107.206
107.218
107.192
107.184
107.2
107.206
107.2
107.203
107.191
107.207
107.192
107.474
106.924
107.226
107.398
106.985
107.2
107.191
107.203
107.2
107.199
107.21
107.188
107.203
107.207
107.199
107.2
107.203
107.191
107.2
107.206
107.2
107.191
107.203
107.2
107.199
107.207
107.191
107.211
107.184
107.214
107.2
107.383
107.019
107.192
107.342
107.064
107.191
107.203
107.2
107.221
107.203
107.173
107.203
107.207
107.192
107.199
107.218
107.192
107.199
107.207
107.425
106.958
107.2
107.21
107.192
107.207
107.203
107.199
107.425
106.966
107.207
107.191
107.203
107.207
107.192
107.255
107.147
107.207
107.192
107.206
107.192
107.199
107.203
107.2
107.199
107.207
107.203
107.199
107.192
107.206
107.192
107.361
107.049
107.192
107.206
107.2
107.191
107.203
107.2
107.349
107.042
107.206
107.203
107.23
107.169
107.207
107.191
107.211
107.192
107.206
107.203
107.188
107.2
107.21
107.199
107.2
107.206
107.203
107.185
107.214
107.21
107.173
107.211
107.199
107.192
107.199
107.203
107.207
107.192
107.199
107.207
107.191
107.211
107.192
107.199
107.207
107.191
107.211
107.383
107.008
107.199
107.199
107.211
107.192
107.206
107.2
107.191
107.211
107.199
107.218
107.196
107.195
107.192
107.192
107.206
107.218
107.192
107.192
107.192
107.199
107.207
107.195
107.207
107.192
107.206
107.2
107.191
107.211
107.184
107.207
107.207
107.191
107.267
107.143
107.199
107.2
107.191
107.203
107.2
107.206
107.2
107.191
107.211
107.192
107.206
107.2
107.191
107.211
107.349
107.042
107.207
107.191
107.211
107.192
107.206
107.2
107.191
107.2
107.203
107.221
107.185
107.191
107.211
107.199
107.192
107.207
107.191
107.211
107.199
107.192
107.199
107.199
107.211
107.192
107.206
107.2
107.203
107.199
107.199
107.271
107.128
107.191
107.203
107.2
107.199
107.207
107.191
107.203
107.207
107.199
107.2
107.191
107.211
107.192
107.199
107.398
107
107.211
107.192
107.199
107.207
107.191
107.203
107.2
107.199
107.207
107.203
107.199
107.192
107.199
107.207
107.191
107.226
107.177
107.199
107.207
107.195
107.196
107.203
107.225
107.181
107.195
107.196
107.21
107.199
107.2
107.191
107.203
107.2
107.199
107.207
107.195
107.199
107.192
107.207
107.207
107.191
107.211
107.199
107.192
107.207
107.191
107.226
107.177
107.199
107.207
107.191
107.211
107.192
107.214
107.192
107.191
107.211
107.361
107.03
107.21
107.188
107.211
107.192
107.199
107.207
107.191
107.203
107.2
107.206
107.2
107.195
107.207
107.192
107.199
107.207
107.191
107.211
107.192
107.199
107.207
107.191
107.211
107.192
107.199
107.207
107.191
107.211
107.192
107.199
107.207
107.184
107.21
107.2
107.233
107.191
107.173
107.403
107.007
107.214
107.185
107.206
107.196
107.192
107.221
107.185
107.191
107.203
107.2
107.199
107.21
107.188
107.203
107.207
107.199
107.192
107.447
106.955
107.2
107.199
107.207
107.191
107.203
107.2
107.439
106.97
107.188
107.211
107.312
107.086
107.203
107.188
107.211
107.192
107.206
107.2
107.191
107.211
107.192
107.206
107.192
107.199
107.203
107.2
107.199
107.207
107.195
107.196
107.203
107.199
107.207
107.191
107.2
107.203
107.199
107.361
107.064
107.176
107.207
107.207
107.192
107.21
107.184
107.2
107.199
107.21
107.421
106.978
107.199
107.192
107.199
107.199
107.203
107.2
107.199
107.207
107.195
107.199
107.286
107.113
107.207
107.191
107.211
107.192
107.206
107.2
107.274
107.12
107.192
107.222
107.21
107.2
107.184
107.192
107.221
107.185
107.191
107.211
107.199
107.192
107.21
107.188
107.211
107.192
107.199
107.199
107.199
107.211
107.199
107.199
107.2
107.203
107.199
107.192
107.199
107.207
107.191
107.211
107.199
107.199
107.203
107.429
106.97
107.192
107.206
107.312
107.087
107.195
107.271
107.128
107.21
107.188
107.211
107.192
107.199
107.207
107.21
107.184
107.207
107.199
107.2
107.21
107.207
107.177
107.368
107.045
107.177
107.21
107.2
107.221
107.185
107.21
107.184
107.2
107.206
107.2
107.233
107.158
107.203
107.199
107.207
107.191
107.203
107.429
106.977
107.2
107.191
107.211
107.192
107.199
107.207
107.191
107.211
107.192
107.199
107.289
107.113
107.199
107.2
107.199
107.207
107.225
107.169
107.2
107.206
107.2
107.191
107.211
107.199
107.192
107.207
107.402
107
107.192
107.199
107.199
107.199
107.203
107.215
107.191
107.2
107.203
107.191
107.2
107.206
107.2
107.21
107.192
107.192
107.218
107.428
106.944
107.207
107.203
107.199
107.199
107.199
107.203
107.2
107.206
107.2
107.191
107.331
107.072
107.206
107.2
107.191
107.203
107.2
107.206
107.2
107.21
107.199
107.185
107.206
107.2
107.199
107.195
107.2
107.206
107.218
107.406
106.97
107.207
107.207
107.192
107.203
107.191
107.207
107.192
107.207
107.191
107.203
107.248
107.151
107.207
107.195
107.199
107.2
107.199
107.432
106.966
107.211
107.192
107.206
107.2
107.191
107.211
107.192
107.199
107.207
107.195
107.207
107.192
107.199
107.207
107.191
107.211
107.192
107.199
107.207
107.191
107.203
107.2
107.206
107.218
107.188
107.188
107.207
107.192
107.207
107.191
107.226
107.184
107.192
107.207
107.383
107.019
107.184
107.207
107.207
107.191
107.211
107.199
107.192
107.207
107.191
107.2
107.203
107.199
107.207
107.191
107.203
107.2
107.199
107.44
106.958
107.211
107.192
107.327
107.079
107.195
107.207
107.192
107.199
107.199
107.199
107.211
107.192
107.206
107.192
107.199
107.211
107.192
107.206
107.192
107.199
107.2
107.203
107.199
107.199
107.199
107.211
107.192
107.214
107.192
107.361
107.033
107.2
107.199
107.248
107.15
107.226
107.177
107.199
107.207
107.191
107.444
106.959
107.199
107.207
107.203
107.199
107.199
107.192
107.207
107.191
107.226
107.177
107.191
107.218
107.188
107.211
107.199
107.207
107.192
107.195
107.207
107.199
107.192
107.207
107.218
107.184
107.199
107.199
107.2
107.199
107.192
107.361
107.048
107.2
107.195
107.199
107.2
107.199
107.21
107.188
107.211
107.199
107.199
107.2
107.199
107.195
107.192
107.207
107.207
107.191
107.211
107.192
107.199
107.207
107.195
107.44
106.959
107.199
107.207
107.195
107.199
107.207
107.214
107.185
107.191
107.211
107.199
107.199
107.203
107.196
107.21
107.185
107.199
107.207
107.191
107.211
107.192
107.199
107.368
107.034
107.207
107.192
107.199
107.21
107.188
107.203
107.369
107.03
107.207
107.191
107.248
107.162
107.199
107.185
107.206
107.203
107.192
107.207
107.199
107.199
107.203
107.2
107.206
107.2
107.21
107.192
107.192
107.199
107.207
107.289
107.105
107.207
107.192
107.207
107.191
107.203
107.2
107.285
107.121
107.195
107.207
107.192
107.221
107.203
107.192
107.391
107.015
107.192
107.346
107.037
107.203
107.2
107.199
107.207
107.195
107.207
107.199
107.199
107.2
107.191
107.211
107.192
107.199
107.207
107.191
107.211
107.192
107.206
107.2
107.191
107.211
107.192
107.447
106.959
107.206
107.196
107.192
107.225
107.181
107.274
107.143
107.169
107.207
107.207
107.191
107.211
107.192
107.199
107.199
107.199
107.211
107.192
107.199
107.207
107.191
107.376
107.027
107.191
107.215
107.191
107.203
107.2
107.199
107.361
107.037
107.203
107.2
107.206
107.2
107.195
107.203
107.203
107.192
107.199
107.44
106.962
107.2
107.199
107.192
107.206
107.226
107.177
107.206
107.203
107.2
107.206
107.279
107.12
107.192
107.218
107.176
107.2
107.221
107.185
107.282
107.12
107.199
107.199
107.2
107.184
107.21
107.2
107.413
106.993
107.191
107.354
107.049
107.206
107.2
107.191
107.211
107.192
107.199
107.207
107.195
107.207
107.199
107.207
107.192
107.184
107.21
107.2
107.199
107.207
107.191
107.203
107.2
107.199
107.207
107.191
107.211
107.199
107.192
107.334
107.076
107.191
107.279
107.127
107.192
107.199
107.203
107.2
107.206
107.2
107.21
107.192
107.214
107.184
107.2
107.21
107.184
107.207
107.369
107.03
107.199
107.203
107.199
107.214
107.185
107.191
107.369
107.034
107.206
107.2
107.248
107.154
107.192
107.206
107.185
107.206
107.218
107.185
107.199
107.207
107.191
107.226
107.192
107.206
107.203
107.192
107.192
107.199
107.184
107.305
107.101
107.203
107.2
107.206
107.2
107.191
107.218
107.192
107.192
107.207
107.191
107.211
107.192
107.206
107.185
107.206
107.211
107.192
107.361
107.045
107.191
107.211
107.192
107.199
107.207
107.195
107.199
107.2
107.206
107.192
107.226
107.184
107.192
107.199
107.207
107.184
107.21
107.192
107.214
107.2
107.191
107.211
107.192
107.206
107.218
107.2
107.312
107.064
107.206
107.275
107.116
107.226
107.177
107.221
107.203
107.173
107.203
107.2
107.199
107.207
107.203
107.199
107.192
107.206
107.185
107.21
107.199
107.2
107.206
107.2
107.191
107.211
107.199
107.369
107.022
107.199
107.203
107.192
107.207
107.222
107.18
107.207
107.192
107.206
107.2
107.191
107.203
107.207
107.192
107.207
107.191
107.211
107.192
107.199
107.207
107.191
107.305
107.098
107.206
107.2
107.199
107.195
107.2
107.206
107.29
107.109
107.203
107.192
107.206
107.2
107.21
107.207
107.184
107.192
107.225
107.192
107.192
107.199
107.192
107.199
107.199
107.211
107.192
107.199
107.207
107.191
107.211
107.192
107.199
107.207
107.191
107.211
107.199
107.207
107.184
107.218
107.192
107.192
107.199
107.207
107.21
107.192
107.192
107.221
107.196
107.199
107.263
107.121
107.199
107.207
107.191
107.203
107.2
107.191
107.215
107.191
107.211
107.192
107.199
107.207
107.195
107.207
107.192
107.199
107.192
107.218
107.199
107.192
107.199
107.203
107.372
107.026
107.2
107.199
107.199
107.199
107.211
107.199
107.199
107.192
107.203
107.448
106.966
107.191
107.2
107.191
107.226
107.177
107.199
107.207
107.191
107.211
107.192
107.304
107.12
107.173
107.211
107.192
107.191
107.215
107.191
107.297
107.106
107.206
107.192
107.199
107.203
107.2
107.199
107.207
107.191
107.203
107.207
107.199
107.2
107.195
107.207
107.192
107.199
107.207
107.195
107.207
107.192
107.199
107.225
107.185
107.191
107.207
107.199
107.2
107.191
107.203
107.215
107.184
107.192
107.206
107.203
107.2
107.199
107.207
107.191
107.211
107.192
107.206
107.2
107.191
107.226
107.177
107.199
107.207
107.191
107.203
107.2
107.206
107.218
107.173
107.203
107.2
107.199
107.207
107.203
107.199
107.192
107.199
107.199
107.199
107.203
107.2
107.199
107.199
107.192
107.274
107.136
107.206
107.2
107.191
107.203
107.2
107.447
106.959
107.191
107.203
107.2
107.221
107.196
107.184
107.199
107.207
107.199
107.2
107.297
107.094
107.203
107.206
107.2
107.195
107.207
107.192
107.293
107.113
107.191
107.203
107.2
107.206
107.192
107.199
107.203
107.2
107.206
107.361
107.03
107.211
107.199
107.192
107.207
107.191
107.203
107.2
107.199
107.207
107.195
107.222
107.177
107.206
107.2
107.21
107.184
107.2
107.225
107.207
107.165
107.203
107.2
107.455
106.951
107.195
107.207
107.335
107.063
107.2
107.282
107.112
107.2
107.199
107.199
107.211
107.199
107.192
107.206
107.192
107.207
107.203
107.192
107.199
107.207
107.199
107.203
107.199
107.192
107.199
107.199
107.211
107.192
107.199
107.199
107.199
107.211
107.199
107.256
107.143
107.191
107.218
107.185
107.206
107.2
107.191
107.2
107.203
107.199
107.207
107.191
107.211
107.207
107.21
107.199
107.192
107.184
107.2
107.214
107.21
107.173
107.203
107.207
107.192
107.207
107.203
107.191
107.207
107.184
107.207
107.199
107.203
107.2
107.199
107.222
107.18
107.372
107.027
107.199
107.207
107.191
107.203
107.2
107.199
107.225
107.185
107.199
107.192
107.233
107.191
107.192
107.184
107.2
107.199
107.207
107.195
107.214
107.192
107.192
107.207
107.191
107.211
107.192
107.206
107.2
107.191
107.211
107.192
107.199
107.207
107.191
107.211
107.192
107.206
107.203
107.188
107.211
107.192
107.206
107.192
107.207
107.195
107.2
107.391
107.015
107.191
107.211
107.192
107.199
107.207
107.191
107.203
107.2
107.199
107.225
107.192
107.184
107.2
107.214
107.192
107.199
107.218
107.192
107.184
107.207
107.21
107.184
107.207
107.192
107.207
107.191
107.211
107.192
107.206
107.2
107.191
107.211
107.192
107.199
107.21
107.188
107.211
107.192
107.199
107.207
107.191
107.203
107.2
107.199
107.192
107.206
107.211
107.192
107.206
107.192
107.199
107.2
107.203
107.191
107.218
107.192
107.207
107.192
107.199
107.207
107.191
107.203
107.2
107.206
107.2
107.195
107.207
107.192
107.236
107.17
107.206
107.188
107.463
106.943
107.2
107.191
107.211
107.192
107.199
107.207
107.21
107.192
107.184
107.222
107.192
107.191
107.211
107.199
107.199
107.2
107.199
107.203
107.192
107.199
107.207
107.195
107.207
107.192
107.199
107.406
107.011
107.184
107.207
107.192
107.207
107.199
107.218
107.184
107.192
107.199
107.199
107.211
107.192
107.199
107.192
107.225
107.192
107.192
107.199
107.192
107.206
107.203
107.2
107.206
107.2
107.191
107.2
107.203
107.206
107.2
107.191
107.211
107.192
107.199
107.207
107.195
107.207
107.192
107.206
107.203
107.196
107.203
107.425
106.973
107.203
107.188
107.203
107.2
107.221
107.185
107.195
107.207
107.192
107.191
107.215
107.203
107.199
107.192
107.191
107.215
107.21
107.184
107.2
107.206
107.2
107.218
107.184
107.192
107.199
107.462
106.936
107.211
107.184
107.207
107.207
107.195
107.293
107.106
107.199
107.192
107.206
107.211
107.192
107.191
107.207
107.199
107.203
107.2
107.199
107.199
107.199
107.211
107.383
107.015
107.2
107.195
107.207
107.192
107.206
107.192
107.384
107.026
107.192
107.206
107.2
107.203
107.199
107.192
107.199
107.207
107.199
107.203
107.192
107.199
107.207
107.191
107.211
107.192
107.221
107.196
107.199
107.181
107.218
107.191
107.203
107.192
107.199
107.2
107.199
107.199
107.199
107.203
107.2
107.206
107.2
107.195
107.199
107.2
107.199
107.432
106.966
107.203
107.376
107.023
107.207
107.195
107.199
107.2
107.199
107.225
107.173
107.203
107.222
107.177
107.207
107.218
107.191
107.185
107.206
107.192
107.199
107.211
107.199
107.192
107.207
107.191
107.211
107.192
107.199
107.207
107.346
107.048
107.2
107.304
107.102
107.191
107.203
107.2
107.199
107.207
107.191
107.211
107.192
107.206
107.203
107.188
107.2
107.203
107.206
107.391
107.019
107.184
107.2
107.199
107.225
107.173
107.211
107.391
107.015
107.192
107.195
107.207
107.192
107.199
107.225
107.173
107.2
107.203
107.206
107.2
107.195
107.207
107.199
107.192
107.21
107.188
107.211
107.192
107.206
107.2
107.312
107.082
107.2
107.199
107.327
107.071
107.211
107.192
107.304
107.087
107.21
107.199
107.2
107.206
107.2
107.195
107.429
106.977
107.192
107.207
107.191
107.211
107.192
107.199
107.207
107.203
107.195
107.196
107.199
107.199
107.203
107.207
107.192
107.206
107.2
107.218
107.184
107.199
107.207
107.192
107.191
107.218
107.185
107.199
107.207
107.191
107.211
107.342
107.056
107.192
107.211
107.199
107.192
107.199
107.207
107.353
107.056
107.177
107.207
107.21
107.188
107.203
107.207
107.199
107.2
107.191
107.211
107.192
107.199
107.207
107.191
107.218
107.185
107.199
107.207
107.191
107.211
107.192
107.199
107.207
107.191
107.226
107.177
107.206
107.2
107.191
107.211
107.192
107.199
107.207
107.191
107.203
107.2
107.199
107.21
107.188
107.211
107.312
107.079
107.207
107.191
107.211
107.192
107.199
107.207
107.191
107.203
107.192
107.214
107.185
107.206
107.203
107.192
107.448
106.966
107.21
107.192
107.199
107.192
107.222
107.18
107.207
107.192
107.214
107.21
107.185
107.199
107.192
107.24
107.169
107.188
107.211
107.199
107.192
107.199
107.203
107.199
107.2
107.199
107.207
107.191
107.2
107.203
107.206
107.2
107.191
107.2
107.195
107.214
107.192
107.192
107.21
107.207
107.192
107.207
107.199
107.195
107.2
107.206
107.192
107.199
107.211
107.199
107.192
107.207
107.191
107.203
107.2
107.206
107.203
107.192
107.207
107.214
107.177
107.207
107.21
107.192
107.199
107.214
107.185
107.195
107.207
107.447
106.944
107.21
107.188
107.203
107.2
107.199
107.207
107.191
107.211
107.192
107.199
107.207
107.191
107.203
107.2
107.199
107.199
107.199
107.203
107.312
107.087
107.207
107.191
107.226
107.184
107.214
107.196
107.199
107.192
107.192
107.199
107.207
107.191
107.203
107.2
107.206
107.2
107.191
107.211
107.192
107.199
107.207
107.191
107.211
107.192
107.206
107.2
107.191
107.203
107.2
107.206
107.203
107.196
107.195
107.215
107.184
107.192
107.214
107.353
107.049
107.199
107.2
107.195
107.199
107.2
107.206
107.2
107.191
107.226
107.177
107.199
107.207
107.184
107.207
107.203
107.214
107.192
107.402
106.992
107.2
107.199
107.207
107.21
107.192
107.192
107.391
107.015
107.195
107.199
107.279
107.12
107.199
107.199
107.211
107.199
107.192
107.474
106.928
107.207
107.192
107.199
107.207
107.195
107.199
107.207
107.199
107.192
107.199
107.211
107.192
107.199
107.207
107.195
107.207
107.192
107.199
107.312
107.09
107.199
107.2
107.191
107.215
107.191
107.211
107.192
107.206
107.2
107.383
107.019
107.192
107.199
107.21
107.188
107.2
107.21
107.207
107.192
107.195
107.199
107.249
107.15
107.207
107.21
107.207
107.192
107.184
107.199
107.233
107.177
107.192
107.199
107.199
107.199
107.203
107.2
107.206
107.2
107.195
107.199
107.2
107.206
107.2
107.191
107.203
107.2
107.206
107.215
107.188
107.199
107.192
107.199
107.199
107.203
107.222
107.383
106.985
107.233
107.173
107.211
107.192
107.199
107.207
107.394
107
107.2
107.206
107.271
107.12
107.211
107.222
107.169
107.207
107.191
107.203
107.2
107.199
107.207
107.191
107.203
107.2
107.199
107.21
107.192
107.199
107.2
107.327
107.079
107.191
107.211
107.192
107.214
107.195
107.207
107.192
107.199
107.218
107.181
107.191
107.211
107.192
107.199
107.44
106.958
107.203
107.391
107.008
107.192
107.218
107.199
107.192
107.199
107.207
107.191
107.211
107.192
107.199
107.248
107.15
107.211
107.199
107.184
107.218
107.188
107.211
107.233
107.158
107.207
107.191
107.203
107.2
107.199
107.207
107.353
107.049
107.192
107.199
107.192
107.206
107.211
107.192
107.191
107.215
107.191
107.211
107.199
107.192
107.207
107.199
107.203
107.192
107.206
107.403
107.007
107.184
107.2
107.199
107.207
107.191
107.218
107.185
107.206
107.2
107.195
107.278
107.121
107.221
107.185
107.191
107.203
107.2
107.199
107.207
107.191
107.211
107.192
107.199
107.248
107.15
107.211
107.192
107.206
107.185
107.334
107.075
107.2
107.199
107.207
107.191
107.2
107.21
107.192
107.207
107.191
107.211
107.199
107.207
107.203
107.207
107.425
106.951
107.199
107.391
107.007
107.211
107.192
107.206
107.2
107.195
107.207
107.192
107.206
107.2
107.195
107.199
107.23
107.169
107.207
107.191
107.211
107.192
107.199
107.199
107.211
107.199
107.192
107.191
107.215
107.184
107.218
107.192
107.199
107.207
107.21
107.184
107.2
107.199
107.225
107.185
107.199
107.184
107.229
107.203
107.192
107.192
107.199
107.192
107.199
107.207
107.402
106.993
107.206
107.2
107.191
107.211
107.192
107.206
107.391
107
107.203
107.2
107.285
107.121
107.191
107.211
107.199
107.192
107.207
107.191
107.203
107.2
107.199
107.207
107.195
107.199
107.2
107.199
107.207
107.191
107.203
107.207
107.192
107.207
107.191
107.2
107.203
107.206
107.196
107.316
107.09
107.192
107.199
107.207
107.184
107.214
107.196
107.214
107.207
107.195
107.376
107.015
107.214
107.185
107.21
107.192
107.199
107.192
107.199
107.199
107.211
107.199
107.192
107.207
107.191
107.203
107.207
107.192
107.207
107.191
107.203
107.2
107.206
107.2
107.195
107.199
107.2
107.206
107.2
107.21
107.184
107.312
107.113
107.2
107.191
107.184
107.207
107.199
107.2
107.199
107.218
107.177
107.199
107.207
107.191
107.203
107.2
107.413
106.993
107.195
107.207
107.184
107.207
107.199
107.203
107.399
107
107.206
107.192
107.199
107.203
107.207
107.192
107.207
107.203
107.199
107.199
107.199
107.2
107.191
107.203
107.2
107.199
107.207
107.191
107.203
107.2
107.214
107.323
107.173
107.09
107.215
107.184
107.207
107.184
107.218
107.327
107.086
107.177
107.199
107.211
107.199
107.199
107.2
107.195
107.199
107.2
107.206
107.2
107.195
107.207
107.192
107.199
107.207
107.195
107.207
107.192
107.199
107.207
107.248
107.146
107.2
107.199
107.207
107.191
107.211
107.192
107.24
107.166
107.199
107.203
107.192
107.206
107.203
107.192
107.365
107.034
107.206
107.312
107.083
107.207
107.192
107.199
107.207
107.191
107.203
107.2
107.221
107.2
107.195
107.192
107.199
107.199
107.203
107.406
106.985
107.2
107.199
107.207
107.191
107.203
107.2
107.406
107
107.195
107.207
107.199
107.184
107.215
107.233
107.169
107.192
107.199
107.207
107.191
107.203
107.2
107.199
107.199
107.218
107.184
107.207
107.199
107.2
107.191
107.339
107.071
107.215
107.184
107.191
107.211
107.199
107.192
107.327
107.075
107.207
107.192
107.199
107.207
107.191
107.203
107.455
106.944
107.207
107.394
107
107.2
107.206
107.2
107.203
107.191
107.2
107.206
107.2
107.191
107.203
107.256
107.143
107.207
107.195
107.207
107.192
107.199
107.199
107.218
107.184
107.207
107.199
107.2
107.191
107.218
107.181
107.372
107.038
107.195
107.32
107.071
107.23
107.184
107.191
107.203
107.192
107.207
107.207
107.191
107.211
107.192
107.199
107.207
107.199
107.203
107.192
107.191
107.215
107.195
107.199
107.207
107.199
107.192
107.203
107.199
107.2
107.206
107.29
107.101
107.211
107.233
107.158
107.207
107.195
107.199
107.2
107.199
107.203
107.195
107.203
107.2
107.199
107.21
107.192
107.199
107.2
107.334
107.072
107.191
107.211
107.199
107.192
107.207
107.195
107.335
107.064
107.199
107.207
107.21
107.181
107.203
107.222
107.203
107.191
107.181
107.203
107.199
107.207
107.195
107.207
107.199
107.192
107.207
107.195
107.207
107.192
107.206
107.249
107.146
107.199
107.2
107.225
107.181
107.191
107.226
107.177
107.206
107.2
107.191
107.211
107.192
107.206
107.2
107.21
107.192
107.192
107.312
107.094
107.191
107.211
107.192
107.206
107.192
107.199
107.203
107.2
107.206
107.2
107.195
107.207
107.192
107.199
107.207
107.191
107.211
107.192
107.199
107.21
107.192
107.199
107.2
107.199
107.199
107.199
107.297
107.106
107.206
107.234
107.169
107.214
107.177
107.214
107.195
107.188
107.211
107.199
107.199
107.2
107.21
107.192
107.192
107.206
107.2
107.191
107.218
107.192
107.192
107.207
107.191
107.203
107.2
107.327
107.079
107.203
107.199
107.192
107.199
107.21
107.188
107.211
107.192
107.206
107.192
107.226
107.191
107.185
107.199
107.199
107.203
107.214
107.185
107.199
107.207
107.191
107.267
107.136
107.191
107.207
107.199
107.211
107.184
107.207
107.248
107.162
107.191
107.2
107.199
107.207
107.191
107.211
107.192
107.214
107.192
107.191
107.211
107.192
107.199
107.207
107.21
107.192
107.207
107.207
107.184
107.191
107.226
107.184
107.192
107.207
107.191
107.203
107.207
107.192
107.207
107.191
107.203
107.2
107.199
107.192
107.206
107.211
107.192
107.199
107.207
107.191
107.249
107.154
107.206
107.192
107.199
107.211
107.199
107.199
107.2
107.203
107.206
107.192
107.192
107.207
107.191
107.2
107.203
107.206
107.192
107.199
107.211
107.192
107.199
107.207
107.327
107.067
107.23
107.169
107.207
107.203
107.199
107.199
107.192
107.207
107.191
107.403
107
107.199
107.199
107.203
107.199
107.2
107.199
107.21
107.196
107.203
107.192
107.263
107.162
107.172
107.211
107.199
107.192
107.199
107.211
107.263
107.143
107.199
107.192
107.218
107.184
107.192
107.206
107.2
107.191
107.203
107.2
107.206
107.2
107.184
107.218
107.199
107.199
107.2
107.191
107.211
107.184
107.207
107.199
107.211
107.199
107.192
107.191
107.215
107.203
107.199
107.192
107.191
107.215
107.191
107.211
107.199
107.184
107.215
107.199
107.203
107.192
107.199
107.207
107.199
107.195
107.2
107.206
107.2
107.191
107.203
107.2
107.206
107.2
107.191
107.211
107.199
107.192
107.21
107.207
107.207
107.177
107.214
107.211
107.191
107.184
107.2
107.206
107.2
107.191
107.226
107.169
107.214
107.2
107.458
106.944
107.184
107.414
106.985
107.206
107.211
107.192
107.206
107.2
107.195
107.196
107.203
107.199
107.192
107.27
107.139
107.215
107.199
107.199
107.203
107.192
107.192
107.27
107.136
107.195
107.199
107.2
107.206
107.2
107.191
107.211
107.192
107.199
107.327
107.071
107.211
107.192
107.191
107.207
107.199
107.211
107.192
107.199
107.207
107.191
107.211
107.192
107.206
107.2
107.417
106.985
107.192
107.199
107.207
107.191
107.2
107.203
107.417
106.989
107.184
107.218
107.192
107.199
107.199
107.241
107.169
107.199
107.192
107.226
107.176
107.199
107.215
107.184
107.21
107.188
107.203
107.2
107.206
107.185
107.206
107.211
107.192
107.214
107.184
107.199
107.211
107.192
107.199
107.207
107.195
107.207
107.199
107.215
107.184
107.195
107.207
107.455
106.936
107.21
107.192
107.207
107.199
107.192
107.21
107.2
107.191
107.2
107.199
107.207
107.191
107.211
107.199
107.192
107.207
107.191
107.2
107.203
107.206
107.2
107.191
107.226
107.184
107.192
107.21
107.188
107.203
107.2
107.206
107.207
107.188
107.327
107.072
107.206
107.2
107.191
107.211
107.192
107.199
107.207
107.195
107.199
107.2
107.199
107.207
107.191
107.203
107.429
106.97
107.207
107.199
107.218
107.177
107.199
107.207
107.191
107.211
107.192
107.222
107.203
107.191
107.192
107.192
107.206
107.2
107.191
107.211
107.192
107.199
107.207
107.191
107.203
107.2
107.199
107.207
107.195
107.207
107.192
107.353
107.053
107.203
107.199
107.192
107.199
107.199
107.199
107.211
107.192
107.206
107.2
107.191
107.207
107.196
107.199
107.462
106.948
107.199
107.192
107.206
107.2
107.21
107.192
107.192
107.206
107.215
107.176
107.203
107.2
107.214
107.192
107.199
107.195
107.2
107.199
107.207
107.191
107.211
107.192
107.206
107.2
107.191
107.211
107.192
107.199
107.207
107.191
107.211
107.192
107.206
107.2
107.195
107.207
107.192
107.199
107.207
107.191
107.203
107.2
107.199
107.207
107.199
107.192
107.203
107.206
107.203
107.188
107.211
107.192
107.199
107.207
107.191
107.211
107.417
106.974
107.207
107.191
107.211
107.192
107.199
107.207
107.21
107.192
107.199
107.215
107.176
107.203
107.207
107.192
107.199
107.207
107.191
107.211
107.184
107.214
107.2
107.191
107.211
107.192
107.199
107.199
107.199
107.203
107.2
107.199
107.207
107.191
107.211
107.192
107.206
107.2
107.199
107.195
107.207
107.207
107.207
107.195
107.192
107.199
107.192
107.207
107.191
107.2
107.203
107.199
107.199
107.199
107.203
107.2
107.206
107.192
107.199
107.211
107.192
107.199
107.207
107.191
107.211
107.192
107.199
107.207
107.195
107.207
107.383
107.015
107.203
107.188
107.2
107.203
107.199
107.207
107.191
107.211
107.199
107.192
107.207
107.195
107.199
107.192
107.207
107.199
107.199
107.211
107.192
107.199
107.207
107.21
107.207
107.177
107.199
107.425
107
107.176
107.2
107.214
107.211
107.184
107.248
107.143
107.199
107.199
107.203
107.207
107.192
107.222
107.184
107.191
107.203
107.2
107.199
107.199
107.199
107.203
107.35
107.049
107.207
107.191
107.211
107.192
107.206
107.2
107.338
107.064
107.199
107.199
107.2
107.191
107.203
107.2
107.206
107.204
107.191
107.199
107.2
107.199
107.207
107.195
107.207
107.192
107.206
107.192
107.199
107.207
107.196
107.199
107.207
107.191
107.211
107.184
107.214
107.215
107.195
107.184
107.2
107.214
107.207
107.176
107.207
107.188
107.207
107.391
107.011
107.199
107.335
107.064
107.207
107.191
107.203
107.2
107.206
107.192
107.199
107.2
107.203
107.199
107.207
107.191
107.2
107.203
107.44
106.966
107.195
107.203
107.196
107.199
107.222
107.203
107.184
107.199
107.211
107.188
107.304
107.087
107.21
107.248
107.151
107.195
107.196
107.203
107.199
107.256
107.142
107.211
107.192
107.199
107.207
107.191
107.203
107.2
107.206
107.346
107.057
107.199
107.192
107.206
107.2
107.191
107.211
107.335
107.056
107.207
107.191
107.203
107.207
107.192
107.207
107.191
107.2
107.203
107.206
107.219
107.191
107.184
107.2
107.199
107.192
107.233
107.176
107.207
107.199
107.2
107.267
107.127
107.207
107.192
107.207
107.191
107.211
107.192
107.263
107.143
107.191
107.203
107.2
107.206
107.2
107.376
107.21
107.008
107.206
107.185
107.206
107.203
107.192
107.215
107.199
107.191
107.211
107.192
107.199
107.207
107.191
107.203
107.207
107.2
107.191
107.44
106.97
107.192
107.199
107.207
107.191
107.203
107.2
107.199
107.207
107.191
107.203
107.313
107.094
107.214
107.195
107.184
107.2
107.199
107.207
107.207
107.187
107.2
107.199
107.211
107.187
107.211
107.192
107.199
107.207
107.195
107.207
107.192
107.199
107.207
107.191
107.211
107.192
107.199
107.207
107.191
107.203
107.207
107.2
107.199
107.203
107.191
107.207
107.2
107.199
107.21
107.192
107.184
107.222
107.207
107.184
107.195
107.2
107.207
107.199
107.191
107.203
107.279
107.128
107.199
107.191
107.211
107.192
107.207
107.199
107.203
107.199
107.199
107.192
107.211
107.187
107.203
107.2
107.391
107.015
107.203
107.188
107.203
107.199
107.199
107.207
107.203
107.192
107.199
107.226
107.176
107.207
107.207
107.199
107.192
107.195
107.203
107.196
107.199
107.207
107.191
107.211
107.192
107.199
107.207
107.425
106.969
107.2
107.214
107.297
107.086
107.203
107.192
107.215
107.203
107.187
107.203
107.2
107.199
107.199
107.211
107.191
107.2
107.199
107.207
107.191
107.211
107.192
107.199
107.207
107.191
107.211
107.192
107.199
107.207
107.195
107.207
107.192
107.199
107.211
107.187
107.203
107.2
107.207
107.203
107.187
107.203
107.422
107
107.203
107.191
107.192
107.207
107.199
107.192
107.195
107.207
107.192
107.207
107.199
107.191
107.203
107.2
107.207
107.199
107.195
107.207
107.263
107.128
107.207
107.191
107.203
107.2
107.199
107.207
107.191
107.203
107.2
107.207
107.199
107.218
107.176
107.196
107.218
107.184
107.203
107.215
107.184
107.199
107.199
107.207
107.203
107.192
107.199
107.44
106.97
107.191
107.2
107.199
107.199
107.199
107.203
107.433
106.966
107.207
107.191
107.324
107.079
107.207
107.214
107.176
107.211
107.192
107.207
107.199
107.191
107.203
107.2
107.199
107.207
107.191
107.211
107.192
107.199
107.207
107.353
107.038
107.21
107.192
107.192
107.233
107.176
107.215
107.334
107.057
107.191
107.203
107.237
107.177
107.192
107.191
107.2
107.203
107.199
107.425
106.977
107.207
107.192
107.207
107.199
107.191
107.211
107.192
107.199
107.211
107.187
107.211
107.192
107.207
107.199
107.199
107.203
107.192
107.199
107.271
107.135
107.195
107.207
107.192
107.199
107.199
107.211
107.192
107.199
107.207
107.338
107.064
107.192
107.199
107.207
107.203
107.191
107.2
107.207
107.199
107.203
107.199
107.199
107.192
107.207
107.21
107.433
106.958
107.2
107.218
107.184
107.191
107.2
107.207
107.424
106.974
107.203
107.207
107.207
107.184
107.191
107.211
107.192
107.199
107.207
107.191
107.203
107.207
107.192
107.199
107.199
107.211
107.192
107.199
107.207
107.191
107.219
107.353
107.045
107.207
107.18
107.199
107.2
107.214
107.192
107.346
107.056
107.192
107.222
107.218
107.157
107.219
107.184
107.199
107.207
107.191
107.437
106.966
107.207
107.199
107.191
107.203
107.192
107.207
107.207
107.191
107.211
107.192
107.285
107.113
107.199
107.211
107.192
107.199
107.207
107.191
107.211
107.199
107.192
107.207
107.191
107.204
107.199
107.199
107.398
107
107.204
107.342
107.056
107.222
107.195
107.185
107.199
107.199
107.207
107.191
107.2
107.21
107.215
107.191
107.184
107.204
107.206
107.44
106.959
107.191
107.211
107.192
107.199
107.207
107.191
107.444
106.966
107.2
107.199
107.312
107.083
107.206
107.2
107.199
107.191
107.211
107.192
107.199
107.207
107.191
107.2
107.203
107.199
107.207
107.195
107.207
107.192
107.207
107.36
107.03
107.2
107.203
107.199
107.207
107.191
107.211
107.192
107.199
107.207
107.191
107.241
107.162
107.191
107.215
107.191
107.204
107.214
107.417
106.974
107.21
107.207
107.192
107.192
107.218
107.191
107.185
107.199
107.199
107.207
107.282
107.12
107.192
107.207
107.191
107.199
107.204
107.199
107.207
107.199
107.191
107.211
107.192
107.207
107.218
107.191
107.391
106.985
107.207
107.353
107.064
107.192
107.192
107.214
107.211
107.191
107.185
107.199
107.199
107.207
107.191
107.313
107.274
107.023
107.199
107.191
107.211
107.199
107.2
107.199
107.184
107.211
107.199
107.44
106.966
107.191
107.204
107.199
107.207
107.199
107.191
107.204
107.199
107.199
107.207
107.191
107.211
107.192
107.199
107.207
107.191
107.211
107.199
107.2
107.203
107.187
107.369
107.034
107.199
107.207
107.191
107.204
107.195
107.226
107.338
107.056
107.185
107.199
107.24
107.166
107.191
107.211
107.192
107.207
107.199
107.199
107.203
107.192
107.207
107.199
107.195
107.207
107.192
107.207
107.184
107.206
107.204
107.199
107.199
107.207
107.195
107.207
107.192
107.199
107.207
107.274
107.117
107.203
107.199
107.199
107.203
107.207
107.192
107.207
107.199
107.192
107.353
107.049
107.199
107.211
107.188
107.21
107.192
107.207
107.199
107.203
107.214
107.177
107.199
107.207
107.192
107.203
107.206
107.2
107.199
107.21
107.181
107.203
107.199
107.207
107.432
106.963
107.199
107.207
107.199
107.192
107.203
107.27
107.128
107.211
107.188
107.21
107.192
107.207
107.199
107.195
107.207
107.192
107.199
107.207
107.203
107.192
107.206
107.361
107.057
107.191
107.185
107.199
107.207
107.199
107.195
107.357
107.042
107.207
107.199
107.192
107.203
107.206
107.192
107.192
107.218
107.188
107.203
107.207
107.199
107.192
107.203
107.199
107.207
107.199
107.192
107.203
107.199
107.207
107.289
107.105
107.207
107.192
107.199
107.207
107.192
107.21
107.278
107.105
107.215
107.192
107.21
107.192
107.222
107.184
107.218
107.177
107.206
107.2
107.203
107.188
107.199
107.203
107.214
107.192
107.21
107.192
107.192
107.207
107.199
107.21
107.185
107.199
107.214
107.196
107.188
107.203
107.199
107.199
107.199
107.2
107.203
107.199
107.199
107.211
107.191
107.327
107.072
107.199
107.278
107.121
107.21
107.192
107.199
107.207
107.192
107.218
107.184
107.199
107.207
107.192
107.21
107.192
107.199
107.207
107.368
107.027
107.199
107.214
107.211
107.191
107.185
107.199
107.383
107.03
107.185
107.21
107.199
107.192
107.211
107.188
107.203
107.199
107.199
107.432
106.985
107.185
107.199
107.199
107.207
107.192
107.203
107.199
107.199
107.207
107.192
107.297
107.105
107.207
107.218
107.176
107.271
107.135
107.207
107.29
107.112
107.185
107.206
107.207
107.192
107.192
107.218
107.184
107.222
107.195
107.357
107.32
106.906
107.199
107.207
107.203
107.199
107.192
107.207
107.218
107.173
107.225
107.192
107.184
107.207
107.203
107.188
107.21
107.184
107.215
107.203
107.192
107.199
107.207
107.199
107.21
107.192
107.192
107.327
107.071
107.203
107.278
107.121
107.207
107.214
107.195
107.185
107.206
107.215
107.176
107.218
107.279
107.112
107.2
107.304
107.087
107.21
107.192
107.199
107.207
107.192
107.21
107.199
107.2
107.199
107.192
107.21
107.199
107.192
107.256
107.135
107.218
107.192
107.199
107.192
107.207
107.439
106.963
107.199
107.207
107.192
107.21
107.192
107.207
107.199
107.192
107.203
107.199
107.297
107.101
107.2
107.21
107.192
107.207
107.203
107.188
107.281
107.121
107.199
107.207
107.192
107.21
107.192
107.199
107.226
107.173
107.203
107.199
107.199
107.207
107.21
107.207
107.177
107.199
107.207
107.192
107.21
107.192
107.199
107.218
107.181
107.21
107.192
107.207
107.199
107.192
107.21
107.184
107.207
107.207
107.203
107.192
107.206
107.207
107.207
107.195
107.192
107.192
107.278
107.128
107.195
107.2
107.206
107.2
107.218
107.176
107.2
107.199
107.207
107.199
107.192
107.21
107.192
107.207
107.199
107.203
107.192
107.199
107.207
107.199
107.192
107.21
107.199
107.2
107.199
107.195
107.252
107.147
107.199
107.207
107.192
107.21
107.192
107.207
107.199
107.192
107.206
107.196
107.214
107.211
107.191
107.192
107.199
107.192
107.207
107.192
107.218
107.184
107.199
107.207
107.192
107.203
107.199
107.285
107.121
107.195
107.207
107.192
107.199
107.207
107.203
107.192
107.199
107.199
107.207
107.195
107.2
107.206
107.2
107.199
107.192
107.203
107.206
107.192
107.211
107.188
107.218
107.184
107.199
107.207
107.192
107.203
107.199
107.199
107.207
107.195
107.207
107.192
107.199
107.207
107.192
107.203
107.199
107.199
107.226
107.191
107.192
107.199
107.185
107.233
107.173
107.203
107.199
107.207
107.184
107.21
107.215
107.184
107.199
107.207
107.192
107.21
107.192
107.199
107.211
107.191
107.207
107.192
107.207
107.191
107.203
107.207
107.192
107.199
107.207
107.203
107.199
107.192
107.207
107.214
107.195
107.185
107.206
107.2
107.199
107.192
107.21
107.192
107.199
107.207
107.192
107.203
107.199
107.199
107.207
107.192
107.21
107.192
107.199
107.207
107.278
107.139
107.177
107.192
107.214
107.192
107.203
107.199
107.207
107.191
107.2
107.368
107.034
107.192
107.214
107.192
107.206
107.196
107.199
107.192
107.207
107.21
107.192
107.222
107.184
107.21
107.192
107.455
106.936
107.199
107.2
107.225
107.177
107.214
107.192
107.447
106.955
107.192
107.199
107.199
107.2
107.203
107.199
107.199
107.207
107.192
107.21
107.192
107.199
107.207
107.192
107.203
107.199
107.199
107.207
107.192
107.203
107.199
107.199
107.192
107.207
107.21
107.192
107.199
107.207
107.192
107.203
107.199
107.199
107.207
107.195
107.207
107.192
107.199
107.207
107.192
107.21
107.44
106.959
107.199
107.192
107.21
107.192
107.207
107.199
107.195
107.2
107.199
107.207
107.199
107.199
107.203
107.199
107.218
107.2
107.191
107.185
107.199
107.199
107.218
107.199
107.192
107.192
107.214
107.391
107.211
106.985
107.199
107.368
107.038
107.195
107.2
107.199
107.199
107.207
107.192
107.21
107.214
107.177
107.207
107.218
107.184
107.199
107.192
107.199
107.2
107.21
107.192
107.229
107.196
107.191
107.192
107.462
106.922
107.214
107.192
107.21
107.192
107.199
107.29
107.109
107.21
107.192
107.192
107.214
107.192
107.21
107.192
107.199
107.207
107.199
107.203
107.192
107.207
107.199
107.376
107.026
107.192
107.207
107.199
107.195
107.2
107.199
107.376
107.03
107.192
107.218
107.248
107.143
107.199
107.199
107.203
107.199
107.192
107.222
107.18
107.2
107.206
107.192
107.207
107.192
107.21
107.192
107.199
107.199
107.2
107.21
107.192
107.207
107.218
107.173
107.199
107.203
107.199
107.207
107.195
107.2
107.199
107.207
107.191
107.2
107.203
107.421
106.985
107.199
107.195
107.207
107.184
107.207
107.199
107.2
107.203
107.199
107.199
107.207
107.192
107.203
107.221
107.17
107.206
107.211
107.192
107.206
107.2
107.191
107.207
107.196
107.199
107.199
107.207
107.192
107.21
107.192
107.199
107.192
107.207
107.289
107.12
107.192
107.199
107.215
107.184
107.203
107.199
107.211
107.191
107.207
107.199
107.192
107.207
107.192
107.203
107.391
107.007
107.207
107.192
107.21
107.192
107.207
107.199
107.195
107.2
107.199
107.199
107.211
107.206
107.192
107.199
107.2
107.199
107.192
107.218
107.191
107.215
107.184
107.203
107.192
107.199
107.199
107.207
107.192
107.203
107.191
107.312
107.102
107.192
107.203
107.191
107.207
107.207
107.192
107.203
107.199
107.199
107.199
107.207
107.203
107.192
107.207
107.417
106.977
107.207
107.192
107.207
107.199
107.203
107.192
107.206
107.192
107.207
107.192
107.203
107.199
107.207
107.199
107.195
107.222
107.177
107.199
107.207
107.192
107.21
107.192
107.199
107.207
107.195
107.207
107.199
107.192
107.199
107.211
107.199
107.192
107.199
107.207
107.192
107.21
107.192
107.199
107.207
107.192
107.21
107.192
107.207
107.199
107.195
107.2
107.199
107.199
107.207
107.192
107.21
107.199
107.2
107.199
107.192
107.21
107.376
107.015
107.207
107.192
107.21
107.192
107.207
107.199
107.192
107.21
107.207
107.44
106.97
107.173
107.203
107.199
107.225
107.173
107.2
107.21
107.184
107.207
107.207
107.192
107.21
107.192
107.199
107.211
107.195
107.203
107.192
107.207
107.199
107.192
107.21
107.184
107.215
107.199
107.192
107.424
106.978
107.199
107.207
107.192
107.21
107.207
107.199
107.192
107.192
107.225
107.177
107.199
107.207
107.192
107.21
107.192
107.199
107.199
107.207
107.203
107.184
107.215
107.199
107.192
107.203
107.199
107.462
106.944
107.192
107.21
107.192
107.207
107.199
107.192
107.203
107.199
107.207
107.203
107.188
107.203
107.199
107.199
107.207
107.195
107.207
107.199
107.192
107.211
107.188
107.21
107.192
107.207
107.199
107.192
107.218
107.206
107.2
107.361
107.033
107.192
107.207
107.248
107.143
107.21
107.2
107.184
107.199
107.207
107.447
106.955
107.192
107.199
107.207
107.192
107.21
107.192
107.207
107.199
107.192
107.199
107.316
107.086
107.207
107.203
107.199
107.184
107.207
107.207
107.297
107.098
107.199
107.207
107.199
107.195
107.207
107.184
107.207
107.207
107.192
107.203
107.199
107.207
107.199
107.192
107.203
107.199
107.199
107.192
107.21
107.207
107.192
107.199
107.211
107.206
107.207
107.199
107.177
107.226
107.173
107.21
107.192
107.199
107.199
107.466
106.944
107.214
107.192
107.338
107.049
107.207
107.286
107.113
107.199
107.195
107.207
107.192
107.207
107.199
107.192
107.21
107.192
107.199
107.207
107.21
107.2
107.199
107.376
107.015
107.21
107.173
107.233
107.177
107.207
107.192
107.203
107.221
107.185
107.199
107.267
107.135
107.192
107.214
107.192
107.192
107.21
107.447
106.952
107.199
107.192
107.21
107.192
107.207
107.199
107.192
107.21
107.192
107.199
107.312
107.087
107.21
107.192
107.199
107.207
107.192
107.21
107.297
107.102
107.199
107.192
107.21
107.192
107.199
107.207
107.425
106.977
107.192
107.199
107.226
107.184
107.192
107.221
107.177
107.207
107.192
107.203
107.214
107.192
107.199
107.225
107.177
107.184
107.215
107.199
107.192
107.203
107.206
107.215
107.184
107.192
107.206
107.196
107.199
107.207
107.195
107.35
107.049
107.207
107.203
107.191
107.2
107.199
107.199
107.207
107.192
107.203
107.206
107.192
107.211
107.188
107.203
107.199
107.199
107.207
107.395
107.007
107.192
107.207
107.191
107.203
107.207
107.192
107.199
107.207
107.192
107.21
107.263
107.151
107.203
107.173
107.21
107.192
107.199
107.462
106.955
107.2
107.191
107.2
107.199
107.195
107.207
107.184
107.215
107.199
107.192
107.199
107.203
107.207
107.199
107.192
107.21
107.192
107.199
107.207
107.192
107.21
107.192
107.214
107.192
107.192
107.21
107.192
107.199
107.207
107.192
107.203
107.199
107.214
107.192
107.218
107.184
107.192
107.207
107.199
107.195
107.207
107.233
107.166
107.199
107.195
107.2
107.206
107.192
107.207
107.192
107.21
107.192
107.199
107.474
106.925
107.21
107.192
107.349
107.057
107.203
107.199
107.192
107.199
107.199
107.2
107.21
107.192
107.199
107.214
107.188
107.207
107.192
107.199
107.211
107.188
107.203
107.199
107.192
107.218
107.188
107.21
107.192
107.222
107.203
107.364
107.019
107.207
107.184
107.271
107.128
107.206
107.203
107.2
107.199
107.192
107.466
106.936
107.199
107.207
107.199
107.192
107.203
107.199
107.207
107.192
107.203
107.199
107.199
107.207
107.192
107.203
107.206
107.192
107.207
107.192
107.21
107.192
107.199
107.207
107.203
107.192
107.199
107.207
107.203
107.188
107.203
107.199
107.199
107.199
107.218
107.185
107.199
107.199
107.207
107.192
107.225
107.177
107.207
107.199
107.195
107.2
107.199
107.214
107.192
107.21
107.185
107.229
107.169
107.207
107.195
107.2
107.206
107.2
107.199
107.203
107.192
107.199
107.304
107.102
107.203
107.188
107.203
107.192
107.214
107.192
107.218
107.176
107.207
107.207
107.192
107.199
107.203
107.214
107.384
107.018
107.185
107.199
107.199
107.207
107.192
107.218
107.376
107.007
107.207
107.192
107.282
107.12
107.199
107.207
107.192
107.21
107.214
107.185
107.199
107.192
107.21
107.184
107.207
107.207
107.195
107.2
107.199
107.199
107.207
107.316
107.086
107.192
107.207
107.199
107.203
107.214
107.184
107.305
107.094
107.192
107.21
107.199
107.185
107.214
107.21
107.421
106.963
107.214
107.369
107.018
107.207
107.199
107.192
107.207
107.192
107.203
107.206
107.2
107.199
107.192
107.203
107.199
107.207
107.199
107.192
107.203
107.199
107.207
107.225
107.166
107.203
107.199
107.207
107.199
107.192
107.21
107.192
107.207
107.199
107.297
107.094
107.203
107.199
107.207
107.192
107.21
107.192
107.192
107.214
107.192
107.203
107.199
107.207
107.199
107.192
107.402
107.007
107.2
107.218
107.424
107.061
107.225
107.09
107.406
106.993
107.225
107.158
107.215
107.176
107.222
107.203
107.177
107.319
107.102
107.225
107.17
107.289
107.109
107.184
107.282
107.117
107.203
107.192
107.214
107.195
107.207
107.312
107.094
107.192
107.192
107.203
107.214
107.184
107.226
107.3
107.083
107.199
107.215
107.184
107.192
107.203
107.191
107.448
106.966
107.192
107.394
107.008
107.207
107.199
107.192
107.203
107.199
107.207
107.199
107.192
107.203
107.199
107.248
107.162
107.191
107.2
107.195
107.203
107.207
107.192
107.203
107.199
107.199
107.207
107.192
107.203
107.191
107.215
107.353
107.038
107.21
107.305
107.109
107.184
107.192
107.203
107.206
107.2
107.199
107.21
107.185
107.206
107.192
107.226
107.191
107.192
107.222
107.177
107.199
107.192
107.21
107.184
107.207
107.207
107.192
107.402
107.007
107.192
107.207
107.271
107.131
107.199
107.192
107.207
107.203
107.192
107.199
107.199
107.211
107.195
107.203
107.192
107.199
107.207
107.195
107.207
107.192
107.199
107.327
107.072
107.203
107.199
107.207
107.191
107.203
107.207
107.192
107.207
107.203
107.188
107.203
107.199
107.207
107.199
107.21
107.185
107.203
107.387
107.015
107.192
107.203
107.206
107.207
107.211
107.188
107.195
107.192
107.199
107.207
107.24
107.162
107.199
107.192
107.207
107.192
107.203
107.206
107.192
107.207
107.199
107.203
107.192
107.192
107.233
107.195
107.342
107.06
107.173
107.316
107.105
107.192
107.199
107.192
107.199
107.2
107.21
107.192
107.199
107.222
107.177
107.21
107.192
107.207
107.203
107.188
107.203
107.199
107.207
107.199
107.192
107.21
107.199
107.391
107.004
107.196
107.206
107.203
107.192
107.207
107.192
107.21
107.199
107.192
107.199
107.2
107.203
107.199
107.199
107.207
107.195
107.196
107.203
107.222
107.184
107.192
107.33
107.079
107.192
107.199
107.2
107.21
107.199
107.192
107.32
107.097
107.185
107.199
107.207
107.199
107.199
107.196
107.199
107.207
107.199
107.192
107.21
107.192
107.199
107.207
107.192
107.21
107.192
107.199
107.207
107.218
107.184
107.192
107.199
107.207
107.192
107.199
107.203
107.207
107.203
107.229
107.169
107.192
107.199
107.207
107.192
107.21
107.192
107.207
107.191
107.2
107.312
107.097
107.192
107.199
107.2
107.203
107.199
107.207
107.218
107.173
107.225
107.177
107.207
107.191
107.2
107.203
107.199
107.214
107.184
107.211
107.192
107.199
107.199
107.211
107.391
107
107.199
107.199
107.207
107.203
107.199
107.192
107.199
107.207
107.195
107.207
107.192
107.199
107.207
107.195
107.215
107.184
107.207
107.199
107.192
107.21
107.196
107.323
107.071
107.2
107.199
107.21
107.2
107.191
107.215
107.308
107.086
107.2
107.203
107.188
107.21
107.192
107.199
107.199
107.2
107.21
107.192
107.207
107.199
107.195
107.2
107.199
107.199
107.207
107.192
107.203
107.199
107.207
107.24
107.151
107.21
107.192
107.199
107.211
107.188
107.203
107.24
107.158
107.226
107.173
107.21
107.192
107.199
107.214
107.185
107.21
107.214
107.177
107.207
107.192
107.225
107.177
107.207
107.199
107.192
107.203
107.206
107.192
107.207
107.203
107.195
107.196
107.207
107.199
107.192
107.21
107.192
107.207
107.199
107.192
107.203
107.398
106.993
107.206
107.203
107.286
107.105
107.2
107.24
107.166
107.21
107.192
107.207
107.203
107.195
107.203
107.199
107.2
107.191
107.2
107.203
107.199
107.207
107.184
107.334
107.083
107.184
107.207
107.211
107.188
107.21
107.199
107.192
107.226
107.191
107.192
107.199
107.271
107.132
107.188
107.218
107.184
107.199
107.399
106.992
107.218
107.192
107.199
107.199
107.2
107.203
107.199
107.199
107.207
107.203
107.248
107.15
107.192
107.192
107.207
107.21
107.192
107.199
107.233
107.166
107.21
107.192
107.222
107.184
107.192
107.225
107.346
107.03
107.211
107.229
107.162
107.206
107.2
107.199
107.203
107.199
107.199
107.192
107.199
107.2
107.21
107.192
107.199
107.207
107.192
107.199
107.203
107.199
107.207
107.195
107.2
107.199
107.199
107.207
107.192
107.203
107.199
107.289
107.117
107.192
107.24
107.162
107.207
107.191
107.218
107.185
107.199
107.199
107.207
107.192
107.199
107.225
107.192
107.211
107.176
107.2
107.334
107.064
107.192
107.207
107.203
107.206
107.2
107.199
107.199
107.196
107.199
107.207
107.199
107.192
107.199
107.203
107.192
107.214
107.192
107.402
107
107.199
107.207
107.192
107.203
107.199
107.199
107.199
107.207
107.203
107.192
107.199
107.207
107.192
107.21
107.192
107.207
107.199
107.195
107.248
107.158
107.2
107.199
107.192
107.21
107.192
107.207
107.376
107.033
107.192
107.199
107.192
107.199
107.2
107.203
107.206
107.215
107.184
107.21
107.192
107.199
107.2
107.203
107.191
107.207
107.192
107.413
106.993
107.195
107.203
107.203
107.192
107.207
107.192
107.203
107.199
107.199
107.207
107.192
107.203
107.199
107.24
107.17
107.206
107.207
107.192
107.207
107.203
107.18
107.196
107.206
107.192
107.211
107.188
107.203
107.199
107.207
107.199
107.192
107.21
107.192
107.199
107.207
107.192
107.21
107.192
107.199
107.207
107.203
107.207
107.184
107.199
107.207
107.192
107.203
107.199
107.199
107.207
107.195
107.207
107.192
107.199
107.207
107.192
107.21
107.184
107.207
107.207
107.199
107.211
107.184
107.207
107.199
107.192
107.203
107.199
107.263
107.143
107.218
107.177
107.206
107.192
107.207
107.192
107.21
107.188
107.211
107.191
107.2
107.203
107.206
107.192
107.207
107.192
107.21
107.192
107.199
107.207
107.192
107.199
107.203
107.199
107.207
107.195
107.207
107.192
107.207
107.191
107.2
107.199
107.203
107.199
107.207
107.203
107.199
107.192
107.199
107.207
107.192
107.21
107.192
107.199
107.211
107.188
107.21
107.192
107.199
107.207
107.195
107.222
107.177
107.199
107.211
107.191
107.207
107.192
107.207
107.214
107.195
107.192
107.192
107.199
107.207
107.21
107.207
107.177
107.207
107.199
107.192
107.203
107.199
107.199
107.207
107.195
107.2
107.199
107.199
107.199
107.2
107.21
107.192
107.199
107.207
107.192
107.21
107.192
107.222
107.203
107.191
107.185
107.199
107.199
107.199
107.218
107.185
107.206
107.192
107.199
107.2
107.199
107.203
107.376
107.03
107.184
107.327
107.083
107.199
107.207
107.195
107.207
107.192
107.199
107.207
107.192
107.199
107.21
107.192
107.207
107.192
107.199
107.425
106.985
107.199
107.203
107.199
107.192
107.199
107.211
107.398
107
107.199
107.192
107.211
107.206
107.185
107.206
107.192
107.199
107.2
107.218
107.184
107.207
107.199
107.192
107.21
107.192
107.207
107.199
107.192
107.21
107.192
107.199
107.199
107.2
107.21
107.192
107.199
107.207
107.192
107.203
107.199
107.199
107.207
107.192
107.21
107.192
107.199
107.455
106.944
107.203
107.406
106.992
107.207
107.192
107.21
107.199
107.2
107.199
107.195
107.2
107.199
107.199
107.207
107.192
107.21
107.192
107.207
107.199
107.192
107.203
107.27
107.128
107.226
107.173
107.21
107.199
107.192
107.207
107.368
107.042
107.184
107.327
107.079
107.192
107.21
107.192
107.192
107.199
107.207
107.203
107.199
107.199
107.207
107.192
107.21
107.192
107.199
107.425
106.981
107.196
107.199
107.199
107.207
107.21
107.181
107.425
106.985
107.199
107.192
107.203
107.199
107.207
107.24
107.151
107.21
107.192
107.214
107.211
107.176
107.207
107.192
107.199
107.207
107.192
107.21
107.192
107.207
107.184
107.353
107.064
107.192
107.199
107.199
107.2
107.203
107.199
107.334
107.072
107.192
107.21
107.207
107.184
107.207
107.192
107.466
106.936
107.199
107.207
107.192
107.203
107.214
107.184
107.207
107.192
107.21
107.199
107.207
107.196
107.188
107.203
107.206
107.192
107.211
107.206
107.192
107.199
107.192
107.207
107.203
107.199
107.192
107.199
107.211
107.191
107.2
107.383
107.015
107.207
107.192
107.21
107.192
107.199
107.207
107.192
107.21
107.192
107.199
107.207
107.192
107.203
107.199
107.207
107.199
107.192
107.21
107.192
107.199
107.207
107.192
107.21
107.192
107.199
107.211
107.188
107.21
107.192
107.199
107.207
107.192
107.251
107.151
107.199
107.207
107.192
107.203
107.199
107.214
107.207
107.192
107.188
107.199
107.199
107.226
107.173
107.203
107.342
107.079
107.184
107.195
107.2
107.199
107.192
107.214
107.192
107.21
107.192
107.199
107.207
107.192
107.203
107.199
107.462
106.944
107.192
107.203
107.199
107.222
107.184
107.199
107.203
107.192
107.199
107.214
107.203
107.185
107.229
107.233
107.143
107.192
107.21
107.188
107.203
107.207
107.192
107.21
107.207
107.184
107.192
107.21
107.207
107.192
107.199
107.384
107.026
107.192
107.199
107.207
107.191
107.203
107.2
107.199
107.192
107.214
107.192
107.21
107.192
107.199
107.207
107.192
107.21
107.192
107.199
107.207
107.195
107.207
107.199
107.192
107.226
107.176
107.207
107.207
107.177
107.218
107.188
107.225
107.184
107.218
107.181
107.192
107.21
107.192
107.199
107.207
107.195
107.207
107.192
107.207
107.203
107.188
107.203
107.199
107.199
107.207
107.192
107.203
107.191
107.207
107.207
107.192
107.203
107.334
107.064
107.211
107.188
107.21
107.192
107.207
107.191
107.2
107.203
107.199
107.413
106.993
107.192
107.199
107.203
107.297
107.109
107.195
107.207
107.192
107.207
107.199
107.184
107.218
107.192
107.199
107.207
107.192
107.21
107.192
107.199
107.207
107.21
107.192
107.199
107.207
107.211
107.173
107.383
107.019
107.207
107.199
107.195
107.207
107.192
107.199
107.207
107.195
107.2
107.206
107.192
107.211
107.199
107.199
107.199
107.2
107.203
107.421
106.97
107.214
107.184
107.207
107.207
107.203
107.184
107.432
106.974
107.192
107.203
107.199
107.199
107.207
107.192
107.21
107.192
107.199
107.207
107.192
107.21
107.192
107.199
107.207
107.192
107.21
107.192
107.199
107.192
107.21
107.207
107.192
107.199
107.207
107.192
107.203
107.199
107.199
107.346
107.053
107.21
107.184
107.23
107.184
107.203
107.192
107.199
107.207
107.199
107.41
107
107.184
107.199
107.207
107.195
107.207
107.192
107.222
107.169
107.207
107.203
107.27
107.128
107.207
107.192
107.21
107.192
107.199
107.211
107.255
107.143
107.199
107.192
107.199
107.2
107.21
107.184
107.215
107.191
107.203
107.207
107.199
107.192
107.207
107.195
107.207
107.192
107.207
107.184
107.21
107.207
107.192
107.199
107.207
107.192
107.21
107.421
106.978
107.199
107.192
107.199
107.203
107.199
107.207
107.417
106.978
107.199
107.222
107.282
107.097
107.207
107.248
107.151
107.199
107.192
107.206
107.188
107.23
107.199
107.177
107.21
107.192
107.199
107.207
107.192
107.206
107.196
107.353
107.053
107.192
107.21
107.188
107.203
107.199
107.2
107.203
107.206
107.207
107.192
107.225
107.192
107.177
107.192
107.481
106.928
107.207
107.399
106.992
107.207
107.195
107.2
107.199
107.199
107.199
107.2
107.21
107.199
107.2
107.267
107.124
107.203
107.199
107.199
107.211
107.191
107.2
107.263
107.158
107.184
107.192
107.203
107.199
107.199
107.207
107.387
107.008
107.199
107.207
107.199
107.192
107.199
107.203
107.199
107.207
107.192
107.218
107.191
107.207
107.192
107.21
107.421
106.97
107.2
107.424
106.993
107.177
107.206
107.2
107.199
107.192
107.203
107.199
107.207
107.199
107.192
107.315
107.094
107.192
107.207
107.192
107.21
107.192
107.199
107.207
107.192
107.203
107.199
107.199
107.207
107.195
107.2
107.199
107.199
107.207
107.346
107.056
107.192
107.199
107.207
107.192
107.21
107.192
107.207
107.199
107.192
107.206
107.226
107.177
107.199
107.203
107.462
106.921
107.207
107.414
106.985
107.21
107.207
107.192
107.218
107.173
107.203
107.214
107.184
107.222
107.203
107.177
107.199
107.214
107.192
107.192
107.21
107.192
107.199
107.207
107.192
107.21
107.192
107.199
107.207
107.192
107.21
107.192
107.199
107.207
107.195
107.2
107.199
107.207
107.214
107.195
107.192
107.199
107.185
107.206
107.2
107.203
107.199
107.199
107.199
107.207
107.436
106.959
107.207
107.199
107.192
107.21
107.192
107.207
107.417
106.974
107.203
107.199
107.312
107.094
107.199
107.192
107.199
107.211
107.203
107.188
107.21
107.192
107.199
107.211
107.188
107.21
107.192
107.199
107.207
107.192
107.21
107.192
107.199
107.207
107.192
107.203
107.199
107.199
107.222
107.323
107.057
107.206
107.192
107.233
107.192
107.173
107.203
107.214
107.211
107.191
107.406
106.978
107.199
107.199
107.2
107.21
107.192
107.199
107.207
107.192
107.203
107.199
107.207
107.199
107.195
107.2
107.199
107.207
107.191
107.203
107.2
107.199
107.207
107.199
107.192
107.203
107.199
107.192
107.206
107.2
107.199
107.203
107.41
106.996
107.192
107.21
107.192
107.199
107.207
107.192
107.199
107.203
107.199
107.199
107.203
107.207
107.184
107.448
106.985
107.191
107.185
107.221
107.185
107.199
107.21
107.414
106.97
107.199
107.222
107.18
107.207
107.192
107.256
107.15
107.192
107.21
107.192
107.199
107.207
107.195
107.2
107.199
107.192
107.214
107.192
107.203
107.206
107.2
107.353
107.041
107.207
107.184
107.207
107.207
107.192
107.21
107.357
107.057
107.203
107.191
107.215
107.176
107.2
107.218
107.173
107.203
107.199
107.199
107.207
107.192
107.21
107.192
107.207
107.199
107.192
107.21
107.192
107.207
107.199
107.274
107.121
107.206
107.192
107.207
107.184
107.211
107.199
107.271
107.127
107.203
107.2
107.199
107.199
107.207
107.192
107.402
107
107.222
107.323
107.053
107.199
107.203
107.199
107.207
107.192
107.21
107.192
107.199
107.226
107.173
107.21
107.192
107.207
107.199
107.432
106.97
107.192
107.207
107.199
107.192
107.21
107.192
107.207
107.199
107.192
107.203
107.199
107.207
107.199
107.259
107.143
107.192
107.199
107.207
107.192
107.21
107.192
107.199
107.199
107.2
107.21
107.199
107.192
107.199
107.2
107.361
107.041
107.229
107.177
107.192
107.203
107.199
107.207
107.346
107.045
107.203
107.199
107.214
107.192
107.192
107.21
107.192
107.199
107.192
107.432
106.978
107.206
107.215
107.184
107.218
107.184
107.192
107.207
107.199
107.195
107.207
107.271
107.128
107.191
107.2
107.21
107.184
107.207
107.207
107.267
107.135
107.192
107.199
107.207
107.195
107.207
107.184
107.406
107.012
107.188
107.345
107.057
107.207
107.21
107.199
107.192
107.192
107.199
107.207
107.21
107.181
107.203
107.199
107.207
107.188
107.214
107.432
106.959
107.207
107.192
107.21
107.192
107.199
107.207
107.192
107.21
107.192
107.199
107.32
107.079
107.21
107.256
107.135
107.207
107.195
107.2
107.199
107.207
107.199
107.199
107.203
107.192
107.199
107.226
107.173
107.203
107.214
107.184
107.214
107.185
107.203
107.199
107.222
107.184
107.192
107.353
107.049
107.199
107.207
107.233
107.169
107.192
107.207
107.184
107.21
107.2
107.199
107.199
107.207
107.192
107.21
107.192
107.207
107.199
107.192
107.203
107.199
107.207
107.282
107.109
107.203
107.191
107.215
107.199
107.192
107.21
107.199
107.2
107.199
107.192
107.21
107.192
107.199
107.207
107.192
107.21
107.192
107.35
107.056
107.195
107.2
107.199
107.199
107.226
107.176
107.2
107.199
107.199
107.207
107.21
107.181
107.218
107.199
107.192
107.192
107.21
107.192
107.207
107.199
107.192
107.199
107.203
107.207
107.199
107.195
107.32
107.079
107.199
107.271
107.128
107.203
107.199
107.207
107.199
107.192
107.21
107.207
107.184
107.214
107.185
107.21
107.207
107.199
107.192
107.192
107.203
107.199
107.199
107.211
107.188
107.203
107.191
107.369
107.045
107.192
107.199
107.203
107.199
107.207
107.203
107.192
107.199
107.207
107.199
107.195
107.2
107.199
107.207
107.199
107.192
107.203
107.199
107.207
107.199
107.195
107.286
107.113
107.199
107.207
107.192
107.203
107.199
107.199
107.297
107.12
107.192
107.184
107.207
107.207
107.21
107.192
107.199
107.192
107.226
107.173
107.21
107.192
107.207
107.184
107.207
107.21
107.192
107.199
107.211
107.188
107.21
107.192
107.192
107.214
107.192
107.203
107.199
107.199
107.199
107.2
107.21
107.192
107.199
107.207
107.195
107.2
107.199
107.199
107.207
107.195
107.264
107.135
107.199
107.207
107.192
107.21
107.192
107.207
107.191
107.2
107.199
107.203
107.199
107.207
107.192
107.315
107.087
107.207
107.191
107.218
107.207
107.226
107.15
107.207
107.368
107.034
107.192
107.199
107.214
107.203
107.185
107.199
107.207
107.195
107.214
107.414
106.962
107.207
107.207
107.195
107.207
107.192
107.199
107.207
107.195
107.2
107.199
107.289
107.102
107.218
107.199
107.192
107.199
107.211
107.199
107.271
107.112
107.207
107.222
107.177
107.21
107.192
107.199
107.226
107.199
107.177
107.214
107.192
107.199
107.192
107.21
107.192
107.199
107.207
107.192
107.21
107.192
107.199
107.211
107.191
107.207
107.192
107.199
107.207
107.192
107.21
107.192
107.199
107.199
107.2
107.21
107.192
107.199
107.192
107.207
107.21
107.192
107.207
107.199
107.192
107.21
107.192
107.199
107.199
107.203
107.207
107.192
107.199
107.207
107.21
107.181
107.203
107.199
107.211
107.206
107.192
107.192
107.207
107.199
107.195
107.207
107.35
107.049
107.199
107.192
107.248
107.154
107.199
107.207
107.192
107.199
107.203
107.432
106.974
107.192
107.203
107.199
107.199
107.207
107.195
107.207
107.192
107.199
107.192
107.297
107.12
107.192
107.199
107.207
107.199
107.203
107.192
107.207
107.199
107.192
107.21
107.192
107.199
107.207
107.192
107.218
107.184
107.199
107.354
107.048
107.207
107.199
107.207
107.192
107.195
107.2
107.221
107.177
107.207
107.192
107.218
107.184
107.199
107.207
107.192
107.21
107.184
107.207
107.199
107.203
107.207
107.192
107.44
106.966
107.192
107.21
107.32
107.071
107.226
107.255
107.128
107.192
107.207
107.199
107.192
107.203
107.206
107.192
107.207
107.21
107.207
107.192
107.184
107.199
107.203
107.2
107.199
107.207
107.191
107.2
107.203
107.191
107.207
107.207
107.195
107.207
107.192
107.248
107.158
107.184
107.218
107.199
107.2
107.191
107.2
107.21
107.192
107.199
107.207
107.184
107.218
107.192
107.199
107.207
107.192
107.21
107.286
107.113
107.199
107.192
107.21
107.199
107.2
107.199
107.192
107.225
107.177
107.199
107.207
107.192
107.21
107.192
107.199
107.207
107.192
107.361
107.033
107.215
107.199
107.192
107.203
107.199
107.199
107.207
107.199
107.203
107.184
107.207
107.199
107.211
107.192
107.455
106.951
107.199
107.192
107.21
107.192
107.199
107.211
107.188
107.21
107.184
107.207
107.199
107.2
107.203
107.199
107.199
107.192
107.207
107.203
107.199
107.199
107.192
107.21
107.196
107.21
107.185
107.214
107.21
107.185
107.199
107.376
107.03
107.192
107.225
107.177
107.199
107.207
107.192
107.21
107.192
107.207
107.203
107.188
107.21
107.192
107.199
107.207
107.192
107.21
107.192
107.199
107.192
107.207
107.206
107.196
107.207
107.199
107.195
107.2
107.206
107.207
107.196
107.188

------------------------------------------------------------------------------------------------------------------------------------------------
max val(#34) = 10165.67us
min val(#1828) = 106.71us
peak-to-peak = 10058.96us
mean +- RMS = 109.57 +- 122.84 us

packet size: 516
number of packets: 10000
RATE = 37673.81kbps, PPS = 9126.4
