Destination address set to 01:1B:19:00:00:00
Defaults: 01:1B:19:00:00:00 or 01:80:C2:00:00:0E
SIOCSHWTSTAMP: tx_type 1 requested, got 1; rx_filter 0 requested, got 0
setting ts_flags: 0x53
new ts_flags: 0x53


gap of hw tx time, us: packets 10000:
------------------------------------------------------------------------------------------------------------------------------------------------
0
189.944
194.034
184.248
191.241
190.924
191.248
193.312
228.234
170.481
196.917
208.425
190.474
207.631
174.391
179.936
191.128
193.256
188.575
192.331
192.158
191.673
194.063
196.647
196.707
187.248
187.447
187.613
191.316
193.406
187.834
192.647
191.049
191.101
198.395
194.981
199.185
179.718
193.018
189.718
188.297
192.963
189.12
191.542
191.744
192.944
195.375
196.207
185.745
199.056
186.019
187.541
190.587
195.214
186.898
191.376
190.997
192.112
196.376
196.049
198.192
190.327
182.481
189.673
188.846
196.962
186.737
189.846
191.271
190.864
199.015
194.38
200.677
187.161
184.297
190.553
189.549
195.744
185.899
189.661
191.696
191.368
198.361
199.192
197.944
176.206
191.004
188.816
194.917
187.594
193.966
188.128
190.887
192.621
200.244
182.481
192.56
191.328
190.703
192.65
196.135
198.944
190.842
182.406
191.169
198
190.158
185.353
192.087
191.44
191.643
191.789
190.906
190.91
195.297
199.68
187.519
194.816
184.928
190.673
190.106
189.661
191.857
189.128
191.944
191.729
189.981
191.452
191.312
195.654
194.913
184.812
191.275
192.353
196.079
196.192
185.169
191.865
189.071
192.846
189.21
194.222
197.793
184.711
191.53
191.752
191.752
192.064
195.417
189.669
189.568
190.786
190.943
194.808
196.121
185.496
199.293
193.884
184.597
191.609
189.47
193.651
187.894
203.467
180.037
194.29
192.432
187.966
191.545
191.673
191.369
191.759
191
191.902
191.121
191.936
191.368
191.688
195.143
196.402
184.839
191.582
191.241
190.474
190.293
191.244
192.256
191.485
191.481
191.632
191.312
191.432
191.105
192.053
191.883
191.545
191.542
194.97
197.597
184.162
192.368
191.151
192.474
187.447
191.801
190.936
191.71
191.015
191.064
191.703
191.241
191.703
191.763
191.985
191.143
191.094
191.586
193.831
193.023
194.218
196.165
182.169
189.226
193.88
189.218
191.428
194.793
198.967
186.977
187.801
193.601
192.575
198.542
191.744
187.944
198.842
180.391
191.222
188.443
192.045
190.098
191.305
191.421
191.785
190.858
191.616
191.801
191.59
191.248
192.32
194.56
197.361
192.966
183.075
191.414
188.289
194.993
187.064
191.909
191.73
191.214
191.553
190.913
192.072
192
191.312
191.191
199.617
187
188.255
190.801
191.598
190.752
191.801
191.898
191.79
190.8
191.576
191.511
191.346
194.838
189.259
194.237
196.801
194.767
181.267
188.669
193.034
188.094
191.579
191.413
191.376
191.658
192.534
192.199
190.613
200.876
185.624
187.835
191
191.624
190.744
191.865
192.237
191.022
190.459
192.496
191.335
191.127
194.034
197.369
183.654
190.504
191.849
191.335
191.417
195.079
188.921
195.327
194.711
198.488
179.339
192.127
189.094
189.335
191.361
191.41
191.665
191.846
191.263
190.643
192.184
191.534
192.417
190.895
193.226
220.718
196.406
196.755
181.79
185.489
200.263
176.169
194.135
187.944
191.665
191.688
191.425
191.286
191.394
191.023
191.008
192.127
192.218
191.279
192.064
190.721
191.696
191.312
192.015
194.53
197.301
184.827
195.846
184.293
196.173
186.846
191.639
191.353
191.745
191.176
191.305
191.669
191.09
191.639
191.263
191.602
191.271
191.357
191.161
191.346
196.801
195.079
185.459
188.349
191.624
195.027
187.045
192.128
191.304
191.722
191.342
191.688
192.135
190.425
191.271
191.631
191.508
191.064
191.436
194.489
190.691
196.944
195.135
183.015
192.169
189.91
189.241
191.793
191.113
191.428
191.673
191.598
191.237
191.928
191.237
191.568
191.752
191.402
191.816
190.966
191.793
191.591
198.507
184.376
194.752
188.271
191.703
191.424
191.598
191.346
191.695
191.313
190.921
190.966
192.255
191.297
191.448
191.447
191.481
192.154
191.782
195.809
195.079
184.65
191.797
203.778
179.654
190.963
194.519
194.454
185.756
191.831
190.304
191.662
191.643
191.192
192.526
192.88
190.567
195.553
194.752
194.24
182.696
191.128
189.383
189.504
191.143
191.049
191.737
191.417
193.624
189.703
191.015
191.383
191.617
191.481
195.639
188.09
196.497
195.199
194.974
180.913
188.481
190.914
191.699
190.793
191.707
190.692
191.474
191.334
191.244
191.365
191.395
193.053
192.041
189.673
193.872
197.113
185.357
192.007
187.211
191.376
191.162
191.533
191.162
192.797
191.113
191.895
191.319
190.97
191.951
191.545
191.929
190.568
195.454
199.049
182.256
192.425
188.049
192.688
189.477
190.929
191.639
191.041
191.417
191.079
191.448
191.184
191.41
193.797
189.68
192.602
191.263
195.135
195.771
196.015
181.511
191.271
187.665
194.192
189.289
191.718
190.906
190.993
191.406
191.823
190.921
191.463
191.729
194.056
190.718
191.297
194.162
195.767
196.688
180.673
191.432
189.064
189.624
191.271
191.113
191.206
191.594
191.895
191.354
191.24
191.135
193.91
188.876
194.136
195.631
195.214
184.327
190.602
192.135
191.342
188.508
191.278
191.233
191.248
191.512
190.624
191.27
191.489
198.88
187.522
188.56
192.2
192.421
188.007
190.978
191.462
191.241
191.684
191.38
191.203
191.83
191.121
192.936
193.03
193.835
199.729
187.756
187.763
188.582
188.079
191.523
191.504
191.165
191.722
191.44
191.481
191.669
190.985
191.233
191.838
191.44
191.072
200.252
185.3
191.722
189.169
191.015
191.023
191.729
191.136
191.022
192.154
191.248
191.888
190.545
193.052
211.508
182.037
191.091
193.639
183.222
187.714
193.526
188.459
191.12
192.045
191.248
193.418
194.417
190.44
195.985
230.188
174.864
196.027
199.669
186.353
188.463
190.955
187.157
191.41
194.248
188.79
190.515
192.989
191.834
194.632
184.368
190.271
190.41
191.549
193.624
192.424
200.64
182.8
188.466
190.745
190.861
191.928
190.899
191.879
191
191.583
191.575
193.241
190.665
192.121
195.176
195.128
209.237
189.169
176.865
191.831
186.537
190.993
192.304
190.966
190.985
191.008
191.786
190.236
192.519
191.188
194.519
190.297
195.47
195.481
195.399
180.191
192.027
187.909
195.369
187.786
191.391
190.943
192.094
190.899
192.894
189.624
190.914
191.744
191.478
191.113
191.977
191.071
191.711
191.368
194.76
190.004
193.996
196.842
195.447
181.008
191.455
188.834
191.094
190.944
191.474
190.921
192.045
191.255
190.963
200.793
194.064
182.35
189.048
190.865
190.936
191.113
191.669
191.921
191.666
191
191.063
192.121
190.485
191.643
191.12
195.214
196.504
195.128
182.778
191.774
188.519
189.508
191.564
191.872
192.898
189.936
191.733
191.376
191.064
196.29
191.09
189.831
188.184
190.959
190.59
191.361
191.707
190.8
192.301
191.282
191.301
192.105
190.44
194.218
195.286
196.203
188.18
187.714
187.279
193.146
188.88
195.857
195.414
185.312
191.225
189.918
191.691
190.989
191.808
197.594
187.745
193.462
186.402
190.519
191.342
191.993
191.673
191.462
191.21
191.489
191.312
190.812
192.091
193.616
195.823
194.752
184.831
192.417
188.482
190.736
191.846
191.162
190.887
191.478
191.033
192.113
191.312
194.542
192.218
197.037
193.248
195.812
178.726
192.297
192.022
186.737
194.279
189.834
193.207
188.049
199.03
187.425
191.785
188.357
192.203
189.76
191.263
191.263
191.85
191.064
191.8
190.925
191.034
191.481
191.421
191.124
191.249
198.691
194.282
193.624
182.839
191.706
188.305
191.583
195.567
186.722
191.421
190.835
191.165
191.267
191.632
190.853
192.248
191.632
191.68
190.714
219.831
171.831
193.12
223.41
197.361
171.575
224.538
199.271
182.605
177.026
192.703
197.602
193.165
185.369
191.345
188.79
195.09
186.752
191.688
191.782
191.489
191.191
191.384
192.105
190.921
191.966
191.455
191.354
191.8
191.433
191.928
189.895
195.97
195.526
185.391
191.323
190.384
189.421
191.489
192.282
190.703
191.049
191.966
191.191
191.688
191.064
192.064
191.324
191.477
191.744
190.966
192.049
193.707
191.711
196.015
195.289
183.504
189.47
192.466
189.399
191.586
192
191.094
191.767
191.609
191.094
191.218
191.895
191.267
190.992
192.256
191.582
191.534
191.564
191.56
197.192
187.831
191.489
192.485
188.266
195.177
188.057
191.563
191.891
190.873
191.582
191.44
191.042
191.015
191.661
191.936
191.624
191.29
192.154
191.485
193.026
191.639
196.519
193.872
184.459
189.008
191.421
191.409
193.241
192.496
196.88
193.616
183.775
192.255
188.632
195.921
186.722
196.519
189.831
191.338
196.18
186.857
190.467
194.44
191.454
190.286
193.218
200.402
182.805
190.432
191.936
188.545
195.079
187.399
190.353
192.147
190.398
191.67
191.488
191.602
191.304
191.519
191.538
191.319
198.282
194.718
194.128
183.583
191.248
197.12
183.376
189.624
190.767
191.707
191.831
191.041
191.462
191.395
192.895
190.361
191.308
194.564
188.789
195
195.474
194.993
182.654
191.034
187.624
194.368
189.158
191.271
191.518
191.155
191.09
190.485
191.744
191.504
191.522
191.425
193.045
195.128
194.481
194.655
183.248
191.154
187.992
194.673
187.455
191.335
191.255
191.936
191.384
192.496
190.575
192.786
190.959
193.323
189.244
194.609
195.786
195.936
182.711
191.834
189.309
195.063
185.906
191.752
191.211
191.004
191.537
190.568
191.771
191.214
191.222
191.443
192.271
190.895
193.985
194.703
196.616
184.226
188.007
190.718
191.632
190.241
191.729
191.56
192.199
190.936
190.959
191.82
191.575
192.12
192.613
190.552
199.561
186.142
187.73
191.857
192.481
190.094
191.474
190.895
191.575
191.985
191.112
191.294
191.695
192.745
192.266
193.76
196.44
195.278
181.304
191.88
188.666
190.172
191.786
190.978
192.041
190.808
191.624
192.512
190.462
199.714
186.527
191.345
187.485
196.106
186.447
190.914
191.789
191.41
191.526
191.545
192.072
191.639
190.898
191.519
190.455
194.368
196.467
196.406
181.808
192.376
187.27
191.388
190.759
192.305
191.109
190.936
192.034
191.319
199.481
185.903
191.507
189.357
190.793
191.557
191.289
191.715
191.304
190.82
191.451
191.406
213.297
170.778
194.477
197.335
195.556
182.342
192.704
188.007
195.515
186.62
191.403
191.985
190.902
190.887
191.504
192.53
191.489
191.391
193.71
198.887
191.361
183.763
197.88
183.369
193.432
188.124
191.154
192.286
191.21
191.797
192.346
190.823
195.267
191.079
187.696
199.229
186.748
191.752
192.985
186.135
191.527
191.225
191.455
190.583
192.504
190.962
195.895
197.767
184.12
192.071
188.384
190.643
191.895
191.353
190.575
191.526
191.403
190.789
192.008
191.906
190.688
191.718
191.688
189.864
199.752
186.835
191.248
188.47
191.376
190.218
191.895
191
191.078
192.264
191.267
191.688
191.744
191.173
191.801
190.879
194.297
192.282
199.711
182.304
187.775
191.473
191.752
191.752
191.271
191.458
191.805
191.132
190.875
196.027
196.064
185.902
193.44
190.067
188.181
191.44
191.064
191.545
191.154
191.229
191.579
192.711
189.928
190.993
195.958
188.718
194.523
197.56
185.496
187.128
190.959
191.673
191.575
191.049
191.334
190.906
191.463
191.154
191.88
195.455
191.079
196.8
194.865
181.936
191.425
188.03
193.523
189.39
191.606
190.906
191.015
192.304
192.233
190.143
194.049
211.726
171.571
189.925
203.098
182.767
190.206
196.891
195.023
182.921
188.534
190.913
191.846
191.361
191.643
190.71
191.752
191.624
190.632
191.703
191.368
191.376
191.715
191.782
191.823
193.522
190.688
197.591
187.022
190.955
192.489
189.271
190.105
191.759
191.038
191.368
191.752
191.583
191.755
191.662
192.041
191.455
191.504
191.808
190.906
192.143
195
195.929
185.526
191.218
189.669
195.245
186.759
191.556
191.106
191.353
191.718
191.154
191.895
191.929
191.624
191.455
192.161
191.35
191.24
191.617
192.248
193.128
195.601
186.809
189.094
190.898
194.44
188.583
191.639
191.714
191.692
191.252
191.958
190.985
191.718
190.873
191.751
191.673
191.542
191.346
191.68
191.489
191.744
194.974
195.65
185.568
192.334
190.049
189.215
192.075
191.03
191.327
191.673
191.823
191.402
191.681
191.109
191.319
191.249
191.748
218.797
191.049
207.142
171.267
213.406
175.73
193.334
191.831
194.97
183.774
191.376
193.346
185.929
190.605
191.857
191.481
191.249
191.488
192.057
192.357
190.255
193.576
190.609
191.049
193.751
196.527
194.267
195.03
181.112
191.873
188.015
195.255
186.651
192.383
191.222
191.44
190.849
191.399
191.872
194.632
191.225
192.553
192.158
194.752
195.503
181.771
191.598
187.09
191.105
190.91
191.609
190.966
191.891
191.455
192.143
193.872
188.504
191.729
193.294
190.225
196.041
195.858
194.556
182.015
191.586
189.369
190
190.365
191.154
191.297
191.985
190.488
192.406
190.655
191.65
191.767
191.105
191.278
200.993
189.034
185.951
191.985
188.285
194.275
187.958
191.801
190.425
191.91
192.233
190.887
190.88
191.771
190.966
192.729
190.301
195.537
195.553
196.015
181.68
191.158
190.185
190.289
191.632
191.402
191.797
190.786
191.936
191.424
194.038
215.455
186.996
208.286
200.481
190.801
179.165
181.433
192.082
192.215
196.511
195.44
183.8
188.737
191.008
191.327
190.887
191.432
191.497
192.346
191.157
191.568
190.906
191.553
191.489
191.868
191.451
191.368
191.508
193.353
191.489
196.481
194.809
184.383
191.56
189.654
190.057
191.255
191.064
191.297
191.959
191.346
191.432
191.248
191.519
191.496
191.47
191.602
192.289
191.03
193.44
192.154
195.079
192.504
188.233
191.248
188.673
191.263
190.921
191.933
190.594
191.943
191.162
191.902
191.575
191.948
191.391
191.533
191.256
191.538
191.447
191.29
194.398
191.271
196.658
194.552
187.015
185.177
195.455
186.703
191.771
191.496
191.169
191.733
191.658
191.462
191.41
191.917
192.444
191.094
191.992
191.32
191.56
190.62
192.828
194.894
195.778
185.17
192.556
189.105
195.087
187.218
191.646
191.82
191.519
191.902
191.767
191.545
191.361
190.703
198.455
187.09
201.312
185.681
195.518
193.339
193.015
181.207
188.984
191.79
190.609
191.816
191.113
191.518
192.794
190.064
191.296
193.031
195.898
191.327
195.846
184.06
191.132
191.511
188.624
190.188
191.887
191.256
191.071
191.406
190.963
191.519
191.439
190.873
199.654
186.075
191.59
193.523
190.086
187.639
191.064
191.29
191.225
191.94
192.041
193.327
198.865
183.963
191.8
188.455
191.35
191.019
191.27
192.113
191
191.432
191.185
191.27
191.936
190.342
194.346
195.207
195.658
195.177
180
188.052
195.85
186.936
191.459
191.646
191.76
190.455
191.827
192.879
189.805
193.97
195.15
193.305
195.022
184.177
191.579
187.654
194.56
188.481
191.703
191.264
191.913
191.094
192.049
191.462
191.124
191.542
190.966
195.797
199.06
183.553
188.759
190.624
190.737
191.335
190.793
191.327
191.346
190.816
190.943
191.609
191.256
191.541
193.692
193.192
232.744
180.759
215.279
213.097
170.2
194.921
194.503
183.936
194.399
198
191.432
183.312
188.895
193.688
189.346
191.271
191.823
191.425
191.567
191.418
191.248
191.567
191.703
192.594
190.598
191.899
191.248
191.992
190.831
191.35
195.139
196.037
195.681
182.154
191.59
187.85
191.47
191.075
192.165
191.275
191.413
191.873
191.12
191.44
191.176
191.482
191.902
191.526
191.41
191.192
191.759
193.993
196.695
195.594
182.064
188.838
194.169
187.846
191.609
191.775
191.184
191.944
191.451
191.101
191.636
191.3
190.809
192.063
192.249
191.488
191.335
190.921
194.703
196.714
186.297
191.662
188.41
194.639
188.169
190.831
191.207
191.127
191.56
191.091
191.985
191.582
191.88
191.263
191.575
191.504
191.019
191.759
191.342
195.61
195.454
185.583
192.545
188.673
195.079
187.624
191.233
191.778
191.109
191.963
191.485
191.364
191.215
191.278
191.816
194.511
191.579
203.199
199.455
177.666
187.157
194.482
186.673
191.173
191.218
191.736
190.794
191.676
193.098
191.865
189.902
191.297
195.91
195.913
195.384
182.27
187.29
191.402
191.56
191.004
192.459
190.857
196.413
197.944
182.914
189.383
189.759
191.459
191.414
191.515
191.981
191.823
191.331
191.301
191.233
191.714
190.568
193.797
191.195
192.433
196.996
186.056
193.034
187.357
191.801
190.256
191.898
191.711
191.033
191.03
191.034
192.369
190.597
191.192
192.248
191.136
191.289
195.944
200.425
181.041
191.654
187.466
191.824
190.695
191.41
193.534
190
190.673
191.733
191.432
191.32
191.218
191.462
192.184
193.354
199.383
185.44
188.992
189.73
190.846
192.255
191.538
191.24
195.816
186.808
191.249
193.661
190.906
195.105
195.591
195.729
182.47
191.519
187.951
192.323
190.278
191.643
191.5
191.508
191.436
191.62
191.286
191.192
191.312
191.188
199.812
194.673
186.176
192.166
193.601
189.496
181.816
191.248
191.639
191.651
191.759
191.008
191.304
191.887
191.384
191.534
192.218
191.601
190.711
191.872
191.639
193.944
196.402
195.286
179.977
193.639
189.057
191.432
191.383
192.147
191.861
191.489
190.631
191.38
191.966
191.703
191.481
191.504
191.489
191.357
191.297
191.88
195.176
195.455
185.793
192.185
188.496
194.943
187.617
191.094
192.083
191.815
191.207
192.455
191.282
191.534
191.395
194.703
197.368
185.921
188.357
193.673
191.527
188.338
191.816
191.665
191.718
191.417
191.241
191.293
192
191.673
191.433
191.03
191.323
191.662
1067.58
171.383
189.534
191.383
191.56
191.666
191.864
191.752
192.369
190.237
191.849
191.151
191.53
191.353
191.045
191.098
195.263
195.481
187.158
191.474
189.85
189.654
191.552
191.015
191.959
191.154
191.361
191.327
190.696
218.327
170.879
191.85
194.162
193.838
197.455
212.902
178.075
195.534
183.26
188.804
190.635
191.237
191.335
191.353
191.887
192.226
192.383
191.546
191.56
190.752
190.439
198.215
193.041
192.135
196.715
181.022
191.384
190.191
188.722
192.248
191.158
191.29
191.545
190.872
191.805
191.624
193.601
188.207
194.312
192.568
196.161
193.481
183.102
191.786
188.609
190.518
191.914
190.895
191.349
191.568
192.538
190.842
191.293
191.647
191.387
191.064
191.282
195.263
189.789
196.827
200.185
180.428
187.752
192.523
188.887
191.744
191.568
191.59
190.688
191.97
191.944
190.432
191.534
192.067
193
192.087
198.695
184.425
191.823
188.696
190.951
191.263
191.369
191.729
190.97
191.816
191.988
190.643
191.151
194.24
188.271
195.105
196.617
194.846
182.304
191.417
192.41
187.151
190.951
191.44
191.857
191.398
190.666
190.751
192.888
191.695
190.714
195.726
206.353
179.47
194.068
185.823
190.767
189.098
190.951
186.44
191.936
191.553
192.037
190.88
191.673
191.951
192.808
190.515
191.151
193.782
191.785
195.602
195.59
183.65
192.478
190.519
189.12
190.85
192.297
191.191
191.703
191.914
191.391
191.271
192.274
191.049
191.861
191.466
193.045
189.729
193.177
193.726
198.289
192.808
182.865
189.098
193.323
189.282
191.383
191.835
191.181
191.834
191.357
191.857
191.666
191.255
191.35
191.572
191.278
191.831
192.642
193.463
191.056
196.184
195.162
183.79
188.304
193.744
188.632
191.169
191.519
191.962
190.718
191.384
191.898
191.504
191.511
191.327
191.666
191.158
191.68
191.872
191.914
194.654
194.15
195.29
183.665
192.369
189.47
189.537
191.831
191.226
191.398
191.632
191.176
191.688
191.711
192.12
190.688
191.812
191.293
191.561
192.127
191.215
191.913
197.857
193.662
186.504
188.436
191.293
194.658
188.045
199.744
188.76
189.019
191.582
191.177
191.895
189.575
192.162
201.086
222.312
171.827
190.797
195.993
199.12
183.602
188.233
190.853
190.97
191.12
191.478
192.586
190.568
191.864
192.343
191.526
191.609
191.583
194.067
189.981
195.241
196.064
222.113
175.71
198.696
183.056
188.658
190.575
191.399
191.376
190.928
191.372
192.023
190.936
191.647
200.041
186.207
191.263
193.248
190.135
188.234
191.597
191.85
191.24
191.008
191.496
191.192
191.391
191.538
190.766
191.711
193.361
196.323
195.639
182.681
191.966
188.417
189.985
191.008
191.364
191.756
190.91
192.199
191.211
191.526
191.631
190.625
195.751
194.256
194.914
183.601
192.056
187.952
191.823
190.654
191.865
191.169
191.334
192.027
191.101
193.32
193.21
200.726
181.88
188.699
190.951
190.752
191.568
191.793
190.91
191.954
191.414
191.368
195.015
191.899
191.109
196.883
184.561
188.966
192.199
191.271
191.921
189.282
191.59
201.936
185.466
198.549
176.256
191.962
191.432
191.606
191.146
191.831
190.496
195.617
196.207
185.184
192.015
188.643
190.782
192.191
191.32
191.297
191.53
191.575
191.681
191.481
192.045
191.079
191.85
191.511
191.744
191.263
191.865
190.88
195.537
197.064
184.354
191.094
188.751
195.703
186.681
191.842
192.038
191.206
191.124
192.181
191.026
191.158
191.963
191.165
191.906
191.398
191.113
191.29
190.879
195.816
195.199
186.192
191.583
189.319
195.53
187.106
190.943
191.455
192.418
191.406
191.27
191.722
190.545
191.598
191.763
191.91
196.631
186.064
191.17
193.977
192.917
194.433
195.815
183.508
188.462
193.414
188.906
191.391
191.53
190.917
191.402
191.328
192.12
191.304
191.504
191.504
191.725
191.282
192.121
191.248
191.872
191.44
196.786
195.27
185.617
188.534
191.751
195.241
189.97
191.767
191.135
194.184
195.497
188.718
209.12
171.41
191.391
193.872
189.624
196.008
195.872
184.977
191.256
191.729
187.511
192.497
190.646
191.361
193.831
189.391
191.857
190.801
191.037
193.241
195.816
195.162
195.248
182.432
187.263
191.248
193.169
193.121
188.278
194.831
199.466
182.477
192.211
192.037
187.779
195.27
186.899
191.88
191.421
191.368
191.026
192.158
191.256
191.368
190.703
192.609
191.56
188.97
197.568
194.925
196.913
179.936
191.873
187.327
193.778
188.519
191.65
190.733
191.85
191.113
191.646
192.519
191.064
197.41
198.823
182.218
189.391
188.793
192.357
189.955
192.053
190.865
192.567
190.865
191.575
191.211
191.349
193.993
196.154
194.748
183.481
191.545
191.778
188.072
191.094
191.838
190.098
191.523
191.349
191.496
192.406
189.978
191.68
194.064
190.169
191.064
194.504
196.312
195.823
181.921
192.294
191.139
187.47
191.154
191.428
191.553
191.872
193.793
189.865
190.966
190.978
191.44
214.079
171.609
193.744
196.808
194.767
184.32
190.887
194.218
190.447
187.064
191.824
190.962
191.286
191.09
191.44
191.68
191.605
191.76
190.891
190.237
194.785
193.327
225.034
171.575
196.297
198.264
183.398
187.233
191.087
192.252
190.718
191.639
190.977
192.391
191.658
191.117
190.575
191.714
191.218
191.966
192.602
198.879
187.128
190.256
200.03
183.432
187.978
190.481
192.064
192.207
191.646
191.481
190.718
191.579
191.185
190.845
191.211
195.109
192.192
198.395
182.781
189.459
189.207
191.88
191.424
190.888
191.334
192.651
191.439
190.376
191.222
200.76
196.315
179.373
191.969
187.531
191.902
195.169
187.045
192.921
190.248
191.959
191.09
190.59
191.609
192
191.489
190.801
194.496
190.617
198.541
193.992
183.745
191.255
188.143
193.192
189.553
191.409
190.801
191.109
191.673
191.545
193.921
189.797
191.218
192.745
196.421
191.609
195.537
182.967
192.424
187.609
193.752
189.286
189.632
192.545
191.831
190.962
191.616
190.249
191.782
191.511
191.688
196.312
196.154
193.391
184.105
190.929
187.902
192.553
189.552
191.192
191.624
191.03
191.545
191.263
191.771
191.887
194.606
192.579
195.823
195.774
180.09
189.158
190.339
191.391
192.049
191.368
190.895
192.041
192.229
191.233
190.929
194.327
189.297
195.767
195.744
194.576
183.176
191.286
189.947
194.534
187.015
191.196
190.966
191.643
191.597
190.553
192
190.76
191.936
194.225
195.816
195.398
180.042
197.064
188.327
188.03
190.703
191.297
191.24
191.361
191.512
191.673
191.774
191.955
198.485
186.609
191.537
187.858
190.958
190.944
191.718
191.402
191
191.696
191.906
191.654
191.086
193.707
189.109
195.88
194.857
196.842
180.703
192.113
189.767
189.511
191.327
191.579
192.744
191.143
190.959
192.312
191.474
216.361
168.988
193.474
192.263
197.376
194.256
182.424
188.531
194.462
188.68
191.369
191.534
191.793
190.744
191.575
192.079
191.139
191.583
191.361
191.35
191.985
191.334
191.177
194.105
191.136
196.688
190.902
187.425
190.943
192.944
187.673
190.857
191.334
191.839
191.353
191.417
191.384
191.951
191.387
191.549
191.256
191.387
192.263
190.673
190.869
193.785
196.609
195.929
185.951
185.263
193.361
189.511
192.376
191.162
191.128
191.613
191.409
191.271
192.007
191.546
191.511
191.489
191.454
191.843
191.112
191.677
192.162
198.635
186.647
191.064
192.199
188.255
190.914
191.925
191.218
191.568
191.454
191.312
191.019
191.831
191.368
191.745
191.526
192.609
194.752
192.135
193.921
185.974
192.673
187.906
194.808
187.173
191.587
190.861
192.161
190.978
191.349
191.944
191.09
191.839
190.864
191.466
191.711
191.703
191.192
201.872
190.631
195.504
198.275
188.838
177.786
195.248
185.552
191.749
191.266
191.072
191.511
191.609
191.527
190.368
194.959
195.8
194.752
194.504
181.432
191.696
187.146
195.038
187.56
191.714
191.222
191.346
191.376
192.617
191.157
190.568
191.835
190.831
195.639
193.56
195.992
196.057
179.417
190.981
188
191.504
191.154
191.29
191.875
190.553
191.489
191.462
194.034
190.29
190.936
200.173
192.368
195.891
180.214
191.639
187.794
194.09
187.519
191.518
191.534
191.793
191.978
191.398
191.561
192.082
191.391
190.966
192.403
190.887
193.725
195.531
195.8
183.929
191.526
194.32
190.071
186.143
191.523
191.327
191.857
191.113
191.184
191.47
191.146
191.568
191.541
190.41
198.229
190.594
193.079
198.008
181.545
188.665
190.35
191.568
190.082
191.861
192.218
192.049
191.865
191.158
191.056
191.143
191.451
191.12
192.358
192.65
198.421
185.568
189.12
190.985
191.335
191.203
191.447
190.985
192.248
191.184
190.933
191.819
191.718
191.425
191.944
193.376
188.736
198.354
197.902
181.662
189.473
190.121
191.184
191.782
190.522
192.151
191.105
192.041
191.079
191.248
191.613
191.354
191.097
193.297
193.128
197.726
184.714
188.391
196.158
186.06
191.571
192.218
190.895
191.361
190.944
191.624
190.947
191.342
190.872
192.215
191.609
191.278
197.338
200.32
179.334
189.658
192.057
188
192.184
190.921
194.132
189.199
191.473
191.339
191.342
191.353
191.609
191.079
192.715
193.966
195.759
193.143
195.079
181.259
191.47
188.106
193.214
188.913
191.88
190.865
191.752
191.086
191.399
192.266
190.418
191.661
191.369
193.808
189.718
195.387
195.797
195.256
181.906
191.857
188.376
191.853
190.907
191.327
191
191.432
191.086
191.688
191.688
191.395
192.447
191.286
192.218
194.241
194.774
195.015
183.098
191.752
187.447
195.391
186.865
192.353
191.072
191.552
192.504
190.248
191.654
190.929
191.376
192.128
191.582
194.771
195.816
195.865
181.342
188.383
192.906
190.534
191.586
190.418
191.541
191.519
192.064
191.203
191.308
191.034
191.007
194
189.027
192.045
199.218
198.278
180.274
187.542
196.004
186.733
191.808
191.019
191.519
193.191
190.312
190.696
192.368
190.639
190.185
192.665
195.616
196.504
195.839
179.767
191.281
190.192
190.538
190.319
191.03
191.831
191.418
191.285
191.474
193.049
192.135
190.568
196.049
195.015
195.128
180.439
191.752
187.816
191.124
190.917
191.538
191.357
191.026
191.297
199.399
188.256
187.751
191.312
191.064
195.049
194.617
194.477
197.008
179.098
188.913
193.493
189.567
191.38
191.752
191.567
191.32
191.688
190.703
191.455
199.263
196.188
182.038
194.928
189.233
187.711
191.361
191.071
191.008
191.518
191.978
191.064
193.143
189.601
194.184
196.553
195.887
181.793
192.978
189.718
188.361
191.398
191.425
191.399
191.432
198
184.575
192.026
191.312
191.23
197.274
199.049
180.541
191.922
187.406
195.522
187.568
190.936
194.816
188.909
192.012
190.774
191.241
191.383
191.583
193.267
193.432
224.549
176.12
197.162
184.079
191.887
188.699
189.933
191.259
191.59
192.008
191.808
191.376
191.034
192.101
190.929
191.331
194.605
190.417
190.113
190.47
191.361
191.47
191.459
191.488
192.045
199.391
184.673
191.575
188.745
190.545
191.744
190.831
191.827
190.613
191.083
191.503
193.008
192.737
191.263
195.944
193.657
195.854
181.402
187.872
194.064
188.192
191.376
191.165
191.2
191.522
191.278
191.233
191.921
193.489
189.049
192.188
195.034
196.071
195.233
182.185
188.293
191.515
191.342
192.162
191.293
190.594
192.425
190.909
195.433
188.135
190.744
198.715
186.624
191.304
193.188
190.44
195.184
187.489
193.169
193.192
191.319
184.561
189.026
191.199
191.519
193.496
190.639
190.504
191.474
191.413
195.267
204.158
187.827
182.053
191.801
188.673
195.815
186.568
191.632
191.063
190.906
191.455
191.17
191.718
190.921
191.646
191.673
196.128
186.639
191.338
191.549
191.282
195.286
195.417
187.098
191.553
191.233
187.846
192.071
192.12
190.857
191.598
191.263
191.004
191.767
190.914
191.391
192.199
191.056
191.399
192.458
191.925
190.842
196.425
195.214
184.177
191.861
189.41
189.752
192.466
190.966
191.432
191.327
192.658
191.207
191.425
191.782
191.643
191.142
191.752
190.993
193.417
193.229
193.73
194.56
185.447
191.895
191.688
188.432
191.057
191.958
191.384
191.748
191.278
191.673
191.15
190.993
192.361
191.402
191.053
192.184
191.391
191.361
191.402
194.605
195
195.688
183.331
189.102
193.09
189.605
190.786
191.59
191.075
191.669
210.027
181.15
185.872
190.944
202.346
196.113
184.421
184.962
190.455
191.03
191.195
191.888
190.879
192.023
191.504
191.191
191.143
190.673
194.09
190.072
191.865
191.319
199.966
185.218
187.846
191.26
191.071
191.398
191.903
191.635
191.846
191.767
191.323
190.902
191.297
192.305
190.996
191.436
193.936
193.2
199.285
183.091
188.654
191.064
195.65
186.192
191.285
191.177
191.929
191.041
192.399
190.744
190.71
192
191.072
192.402
191.775
225.928
176.32
194.767
191.928
195.376
182.297
194.241
193.545
186.759
191.241
191.631
191.767
190.936
191.914
191.917
190.73
191.112
191.583
191.113
214.842
197.797
190.673
200.079
198.552
199.681
193.007
192.433
197.007
198.361
180.008
187.255
216.775
198.316
198.484
203.673
197.538
197.936
191.117
213.338
174.59
192.29
207.176
195.177
196.056
196.632
198.782
175.902
194.275
196.8
182.489
187.553
192.15
195.485
187.865
195.458
187.414
201.447
189.985
178.418
190.8
191.809
191.548
191.523
190.895
191.161
192.376
191.967
196.345
195.215
183.064
188.913
194.094
188.793
191.583
190.936
191.714
191.234
191.917
190.737
191.496
191.376
191.271
191.567
190.816
191.323
191.696
192.349
191.873
199.282
183.951
189.624
191.022
194.369
187.752
191.8
191.305
191
191.282
191.428
191.707
191.414
191.887
190.985
191.586
191.797
191.44
192.113
191.665
192.399
211.083
181.684
182.879
188.756
193.88
188.413
191.835
191.03
191.632
191.906
191.688
191.27
191.767
191.835
191.319
191.384
191.319
191.888
191.09
193.03
193.631
196.88
192.801
184.177
188.473
193.023
189.846
191.624
190.932
191.414
191.654
191.267
191.909
191.361
191.079
191.075
191.621
191.06
192.045
191.887
191.948
192.319
195.887
196.143
183
189.049
196.135
186.602
191.71
191
191.418
191.304
210.053
176.297
193.552
190.192
197.816
197.049
214.094
181
188.169
196.312
182.816
191.537
187.35
195.177
188.289
191.384
191.376
191.56
190.808
192.425
191.334
191.546
191.815
191.873
192.278
190.842
195.526
195.354
185.063
187.734
192.063
191.828
190.616
191.598
191.21
191.327
191.406
191.673
192.192
190.545
191.391
192.511
195.636
196.165
184.865
193.68
187.576
189.56
191.233
191.3
191.508
191.669
191.248
194.673
189.369
190.718
198.699
187.545
192.173
191.801
187.037
191.211
191.346
190.676
191.098
191.681
192.545
192.789
190.872
191.794
190.037
195.865
194.44
195.552
183.113
191.361
188.88
190.789
191.508
191.703
190.767
191.921
191.327
191.462
191.816
191.113
193.135
193.962
189.497
218.725
175.369
191.481
195.504
197.112
181.057
191.327
187.35
191.048
190.779
192.221
190.993
191.568
193.586
192.053
198.913
187.105
190.335
187.274
191.989
190.32
191.808
187.737
192.169
191.489
190.789
191.771
191.086
191.297
191.489
191.365
192.977
190.872
198.121
194.278
183.928
189.241
192.966
188.756
192.037
190.786
191.406
191.305
191.056
191.034
191.959
191.199
192.064
191.447
191.282
191.56
191.278
191.568
194
194.944
196.056
183.504
192.594
189.729
188.887
191.237
191.538
191.417
192.177
190.56
192.079
190.759
191.545
191.647
191.274
191.861
191.673
191.369
191.894
193.44
198.395
193.534
182.334
188.993
193.658
188.44
191.27
191.786
191.696
190.53
191.688
191.688
191.278
191.169
191.669
191.226
192.225
191.512
191.951
193.353
190.568
195.537
195.512
184.924
188.888
194.778
187.135
191.44
191.274
192.181
191.793
191.023
191.601
191.459
190.981
192.147
190.71
191.797
191.045
191.436
191.56
191.625
196.751
196.809
182.943
188.872
193.203
188.767
191.696
190.872
207.327
192.135
183.113
189.583
188.304
200.771
214.91
179.53
192.966
185.079
191.609
188.41
191.301
191.673
190.906
191.319
191.406
190.192
193.113
192.007
190.489
191.256
191.248
192.665
189.91
198.331
186.943
191.903
192.496
187.458
191.125
191.451
191.477
191.594
190.534
191.545
192.68
193.531
188.206
194.647
195.282
198.109
193.729
179.29
187.519
192.375
190.711
191.083
191.327
191.71
191.474
192.617
190.845
195
195.978
195.639
181.951
191.124
190.966
188.568
190.91
191.387
191.015
193.519
191.552
189.391
191.282
191.03
191.587
191.406
191.729
190.102
196.658
197.958
183.85
188.722
191.263
193.519
188.24
191.538
191.797
191.458
190.775
191.406
190.395
190.759
195.087
190.09
189.887
191.425
197.688
192.838
196.041
181.613
191.436
192.245
188.891
190.165
191.53
190.425
191.447
191.32
192
191.462
191.545
190.959
190.929
195.665
216.432
175.903
223.545
196.041
202.88
200.285
170.192
212.673
169.951
189.97
193.241
192.477
198.651
192.661
182.361
192.049
189.673
190.823
191.647
193.477
189.508
191.248
191.737
191.432
191.455
191.767
191.88
191.44
191.947
191.733
191.432
191.666
190.737
195.094
195.879
186.106
192.161
188.895
190.526
192.03
191.004
191.62
191.617
190.88
191.443
191.117
191.331
191.887
190.816
192.033
191.222
191.282
191.703
193.688
191.256
196.44
195.161
184.015
191.376
189.406
190.106
191.488
191.215
191.255
191.53
192.128
191.399
191.345
191.767
191.959
191.921
191.162
191.406
191.248
191.786
191.101
197.906
187.951
191.97
191.775
188.406
194.736
187.617
191.568
190.842
191.801
191.285
191.504
192.034
191.598
191.33
190.733
191.587
191.304
191.391
191.286
193.745
192.296
196.008
196.474
183.094
188.729
190.703
191.312
191.008
192.218
192.334
190.59
191.452
191.255
191.598
195.225
189.993
197.936
211.793
199.376
175.121
188.334
201.094
195.681
180.537
191.376
188.335
191.327
191.282
191.285
193.617
189.985
191.808
191.402
191.839
191.207
191.992
190.936
192.602
200.191
183.767
192.113
188.192
190.913
191.489
191.278
190.801
192.056
191.023
191.214
191.929
191.041
191.624
191.064
194.105
194.752
194.752
193.989
182.928
188.707
190.327
190.542
190.898
191.681
191.575
191.624
192.895
190.225
192.278
191.034
191.455
192.447
196.331
194.775
195.665
180.703
189.718
189.936
192.049
191.041
191.801
191.117
191.481
191.519
191.68
194.763
192.831
191.35
197.154
194.688
179.88
192.221
188.068
190.357
191.508
191.823
191.087
191.086
191.771
190.936
191.943
191.497
191.823
192.729
192.406
195.887
195.027
183.349
191.361
187.888
193.312
189.097
191.222
190.978
191.53
191.83
191.399
191.511
191.88
191.338
199.903
185.026
191.173
189.819
190.32
191.74
190.801
191.418
191.928
191.823
191.391
192.474
189.816
193.951
194.105
196.143
194.816
187.936
185.793
188.286
192.714
189.553
191.492
191.218
191.711
191.361
191.609
191.974
190.345
191.865
192.023
190.864
195.113
193.718
196.075
183.703
191.527
188.225
190.553
194.03
195.289
186.079
191.899
190.759
191.808
191.32
191.662
193.778
197.583
190.977
195.504
182.925
192.267
187.845
194.673
186.76
190.992
191.481
191.406
191.249
191.977
191.613
191.699
190.711
192.375
191.482
190.342
194.665
195.015
195.425
184.049
192.105
187.887
191.666
190.989
191.921
191.169
191.173
191.737
191.646
190.94
192.925
192.338
199.184
185.527
187.496
191.105
191.496
191.561
191.59
191.425
191.022
191.714
190.985
196.925
196.553
193.474
182.909
191.064
188.233
192.192
189.737
191.782
191.481
190.816
191.928
191.403
191.56
190.838
196.696
190.808
197.327
185.447
191.312
188.121
190.161
191.974
190.756
191.575
191.703
190.417
192.229
191.993
192.049
191.135
194.094
190.083
194.583
196.601
184.895
190.943
192.192
187.105
191.824
191.135
192.545
190.53
191.79
191.346
191.398
192.594
190.222
190.575
191.274
192.294
190.864
191.722
191.151
191.537
191.745
190.823
190.958
196.568
197.466
183.929
189.244
191.756
194.853
186.523
191.902
191.929
191.319
191.042
190.759
191.35
191.097
193.305
190.327
191.199
192.835
197.488
186.959
191.399
192.048
186.553
191.47
191.579
191.278
192.064
191.665
191
192.023
191.226
190.992
191.816
191.334
194.41
192.376
199.015
182.831
191.271
189.361
192.751
188.85
192.109
190.538
191.297
190.759
191.447
191.433
191.263
190.883
194.109
191.504
192.786
198.609
185.165
188.346
191.256
190.669
191.53
191.271
192.402
193.15
189.696
193.383
192.858
198.368
184.462
193.395
185.534
190.628
191.485
190.793
192.865
189.853
191.56
191.752
191.523
191.037
191.369
191.906
193.293
191.801
198.665
184.887
191.978
191.398
187.534
195.891
186.718
192.105
190.951
191.482
190.943
191.951
194.29
192.143
195.992
195.658
182.199
191.624
193.136
188.15
187.857
191.418
192.12
191.925
190.891
194.086
189.504
190.68
191.681
212.816
174.823
188.218
195.733
195.643
195.951
180.654
188.011
192.151
191.03
191.09
191.079
191.304
191.61
191.526
191.786
191.887
191.624
191.064
194.552
196.015
195.425
183.248
192.647
186.538
193.639
188.071
191.154
190.895
191.519
191.849
194.264
189.218
191.398
191.094
192.41
190.977
196.448
196.447
194.455
181.616
191.944
188.169
192.632
190.376
191.406
190.883
191.557
190.609
195.842
187.376
191.936
192.477
190.673
193.568
196.071
195.019
194.902
180.226
192.398
188.921
190.023
190.752
191.034
191.669
191.376
193.921
189.255
196.17
189.729
194.789
190.579
195.677
185.019
191.109
191.624
187.977
191.087
191.786
190.582
192.395
191.222
191.297
191.767
190.785
191.925
193.985
200.139
184.263
195.745
197.071
180.737
191.617
187.71
192.241
189.598
191.718
191.067
191.305
191.673
192.015
191.03
192.195
191.237
192.09
190.67
191.345
194.327
195.625
194.646
195.594
180.583
197.842
182.951
190.399
190.921
191.631
191.583
192
191.071
190.891
191.32
192.906
189.639
191.767
194.24
194.752
195.527
183.458
191.06
188.692
191.455
191.504
191.718
190.778
192.823
190.226
191.519
191.199
191.481
191.936
193.76
189.519
194.954
196.23
195.631
180.154
192.376
190.079
188.745
191.086
191.29
192.041
191.173
191.673
191.586
191.263
208.681
174.887
190.767
195.019
195.022
195.17
183.255
191.102
188.425
191.567
191.97
190.741
191.473
191
191.647
191.41
191.782
191.161
194.094
190.658
195.015
195.56
219.249
174.409
193.718
199.185
180.503
192.673
190.015
189.057
192.146
190.959
192.207
190.97
191.688
1154.3
171.067
195.692
186.56
190.767
190.985
191.726
191.714
190.56
191.853
191.497
190.834
194.797
199.944
183.361
191.071
191.921
187.778
194.358
187.658
191.349
191.921
191.425
191.447
191.162
191.549
191.282
191.759
191.177
191.767
195.943
194.2
196.338
184.726
189.898
191.406
188.004
195.038
186.048
191.47
191.192
191.241
191.752
190.928
192.361
191.023
194.665
188.575
193.857
194.312
196.158
194.778
181.985
191.045
187.703
194.211
188.335
191.282
191.285
191.083
191.504
191.285
191.452
191.094
192.157
190.617
196.211
196.447
195.214
180.906
191.538
188.364
193.515
188.824
191.752
191.015
191.737
191.759
191.357
190.996
192.933
191.274
191.639
191.538
190.541
194.049
196.282
198.831
179.27
192.384
190.128
188.601
191.745
190.951
192.049
191.391
191.447
191.169
191.463
195.785
186.929
191.895
194.751
196.643
195.286
182.143
191.225
187.703
191.076
190.917
191.816
191.282
191.176
191.008
191.752
191.56
195.248
190.974
189.977
195.023
196.282
194.774
181.666
190.83
187.888
191.338
191.895
191.248
191.15
191.361
191.647
190.955
191.477
191.579
190.752
191.804
193.73
194.928
195.489
194.553
182.759
191.305
188.654
189.582
191.748
191.343
191.601
191.44
191.511
192.184
191.358
198.082
194.384
185.793
187.789
195.331
186.767
192.271
191.537
191.681
192.504
190.391
191.785
191.166
191.466
191
193.752
196.286
194.511
185.019
191.112
188.109
191.568
191.579
191.504
190.992
191.399
191.59
191.188
191.549
191.943
191.658
190.647
193.778
192.775
190.639
189.737
191.518
190.745
193.695
188.951
191.955
195.23
187.372
191.285
198.136
194.643
194.887
194.902
194.681
175.007
191.192
187.552
192.192
191.135
188.249
191.327
191.977
191.696
191.665
192.015
190.703
191.432
191.391
191.241
191.113
191.785
192.241
191.342
191.658
196.534
195.831
183.481
192.312
189.639
189.496
192.113
191.823
191.361
191.745
191.624
191.289
191.752
191.165
191.828
191.188
191.451
191.255
191.839
191.68
192.248
198.899
191.526
185.673
191.966
189.199
194.489
187.786
191.567
191.136
191.767
191.304
192.121
191.496
191.887
191.496
191.425
191.902
191.196
191.406
191.688
192.056
190.545
196.184
197.831
183.32
188.959
191.815
194.696
187.323
191.357
191.53
191.425
191.936
190.974
191.553
191.319
191.816
190.673
192.169
191.286
191.552
191.41
192.917
191.722
195.327
195.73
184.582
191.489
190.399
189.849
191.105
191.057
191.015
191.661
192.057
191.192
190.928
191.944
190.928
191.794
194.439
194.064
229.726
172.628
195.556
218.447
177.38
186.76
190.526
190.936
192.056
190.76
191.928
193.846
188.572
191.759
191.541
191.827
191.632
197.335
198.913
180.256
191.297
187.349
191.297
190.952
191.56
192.567
191.177
191.496
191.737
191.162
190.917
191.602
191.109
211.793
176.368
197.654
183.474
188.632
191.319
193.636
189.214
191.278
190.936
191.241
192.034
191.68
190.959
191.887
192
191.319
191.354
191.752
198.695
197.872
180.76
188.849
192.839
188.872
190.85
191.142
191.865
192.15
190.963
191.552
191.918
191.071
191.433
191.488
193.824
193.097
197.974
183.977
191.993
187.838
192.113
190.383
190.546
191.887
192.098
190.774
196.744
191.275
195.278
195.568
182.417
191.35
188.481
194.022
187.297
191.466
190.903
191.199
191.602
191.575
191.53
192.455
190.503
191.143
192.184
190.467
191.037
190.801
195.526
194.752
194.996
183.662
192.376
193.113
186.921
190.278
191.88
190.782
191.44
191.097
191.034
191.414
191.383
190.872
192.384
191.09
191.289
191.67
192.721
189.734
220.139
172.293
195.146
195.328
195.533
181.147
191.383
188.64
192.793
190.143
191.432
190.992
191.786
190.839
191.312
190.639
192.289
191.158
193.808
189.948
190.932
191.226
191.24
191.361
195.534
186.913
191.568
191.673
191.335
191.729
190.703
191.632
191.928
191.478
190.906
191.902
191.729
190.666
191.725
191.5
191.541
191.2
191.041
191.071
191.222
192.049
191.226
190.785
191.734
191.511
190.97
191.346
191.27
191.233
190.846
190.951
191.545
191.098
191.767
190.91
191.579
191.086
191.064
192.666
191.624
190.639
191.09
191.831
191.661
191.192
191.079
191.331
191.218
191.35
191.526
192.267
190.782
191.466
190.887
191.606
191.394
191.673
191.173
191.338
191.512
191.199
191.962
195.839
186.658
191.703
192.071
192.609
190.669
191.73
190.785
191.797
187.579
191.369
191.733
191.425
191.624
191.488
191.207
192.056
191.297
191.952
191.169
190.767
192
191.143
191.721
191.519
191.079
191.985
191.489
191.398
191.824
191.251
191.591
191.936
191.695
191.248
191.335
191.338
191.192
192.575
190.715
191.406
190.909
191.613
191.293
191.504
192.53
190.76
192.214
190.417
190.414
191.346
191.808
191.368
191.669
191.027
191.823
191.553
191.466
190.989
191.439
191.403
191.902
191.44
191.402
191.549
191.041
191.594
191.966
191.489
190.872
191.782
190.865
191.455
191.609
191.793
191.681
192.15
190.906
191.677
192.011
191.646
191.459
191.421
191.417
191.271
191.199
191.602
191.271
191.616
191.072
191.304
191.519
191.436
191.075
191.658
191.647
191.169
191.823
191.211
191.361
191.582
191.624
191.703
191.651
191.624
191.165
191.703
192.233
190.481
191.313
206.15
180.831
191.034
192.447
190.538
192.36
190.812
191.594
191.094
191.388
191.173
190.736
192.008
190.857
191.376
191.327
191.538
191.071
191.632
190.97
191.47
191.248
191.65
191
190.925
191.496
191.064
191.026
191.433
191.142
192.023
191.417
190.993
191.158
191.752
190.928
191.651
191.383
191.368
190.974
191.113
192.688
190.88
191.714
191.214
191.361
191.673
190.989
191.018
191.858
191.533
191.497
191.327
191.53
190.808
191.237
191.41
191.207
191.695
190.56
191.681
191.736
190.568
191.143
192.177
190.552
191.177
191.568
191.176
190.895
191.384
191.402
191.312
191.654
190.793
192.192
191.545
190.391
191.327
191.368
191.335
191.978
191.706
191.023
191.222
191.567
191.339
193.109
190.394
191.207
191.433
190.969
191.414
191.398
191.452
191.361
191.349
191.729
191.32
191.786
190.894
191.094
191.057
191.594
191.567
190.538
191.429
191.161
191.207
192.072
190.962
191.718
191.624
191.071
190.865
191.346
191.038
191.503
191.888
191.169
191.218
191.639
191.985
190.936
191.297
191.244
191.075
191.188
190.73
192.21
191.143
191
191.639
190.793
191.602
191.357
191.139
191.015
191.681
191.237
192.041
191.383
191.583
190.504
191.763
192.038
190.751
191.44
191.778
190.895
191.136
191.586
190.993
191.631
191.624
190.959
191.59
191.899
191.105
191.18
191.027
191.661
190.865
192.019
190.966
191.312
191.432
190.993
192.703
190.774
190.827
191.256
191.15
190.786
191.398
191.433
191.537
191.335
191.583
191.913
191.526
190.794
191.639
191.793
191.158
191.098
191.361
191.157
191.73
191.297
191.511
191.647
190.767
191.424
191.271
191.049
191.643
191.271
191.263
191.466
190.767
191.958
191.218
191.974
190.643
191.974
191.872
192.064
190.207
191.793
190.928
192.185
191.36
191.497
191.15
191.737
191.857
190.887
191.414
191.218
191.41
191.022
191.534
191.579
191.248
191.357
191.985
191.034
191.102
191.503
191.497
191.458
191.703
191.504
191.15
191.211
191.432
190.887
192.335
190.643
191.519
191.582
191.647
191.011
191.365
190.898
191.606
191.188
191.455
191.101
191.617
191.891
190.462
191.143
191.319
191.929
191.162
192.045
191.443
191.222
191.192
192.079
191.049
191.943
190.763
192.023
190.944
191.334
191.666
190.958
191.688
190.955
191.549
191.992
190.617
191.169
191.399
191.594
192.142
190.824
191.575
191.226
191.992
191.782
191.154
191.192
191.624
191.455
190.282
191.575
191.838
191.497
191.432
191.169
191.03
191.395
191.56
191.109
190.914
191.488
192.03
190.688
191.324
191.744
191.109
191.575
191.756
191.271
190.864
191.711
191.473
190.944
191.305
190.631
191.32
192.071
190.865
191.582
191.312
192.128
191.057
191.143
191.695
191.169
191.094
191.139
191.602
191.188
191.722
191.36
191.422
191.522
190.917
191.17
191.703
191.188
191.894
191.177
191.015
191.417
191.632
191.398
192.143
190.88
190.985
191.504
191.391
191.353
191.263
191.432
190.609
191.527
191.624
190.921
191.778
191.038
190.977
192.391
191.575
191.651
191.909
190.865
191.184
191.44
191.32
192.455
190.665
191.519
190.522
192.072
191.334
191.568
191.65
191.391
191.519
191.226
190.958
191.666
190.737
191.966
191.21
190.959
191.034
191.575
191.688
190.917
191.459
191.838
191.158
191.771
191.086
191.41
191.44
191.229
192.004
191.327
191.29
191.079
191.815
191.263
191.042
191.278
192.008
190.879
191.32
191.722
191.079
191.688
191.744
191.233
191.511
191.376
191.778
190.936
190.982
191.488
191.888
191.312
191.56
191
191.255
191.234
190.928
192.414
191.011
191.15
191.2
191.063
191.297
191.64
191.454
191.651
191.289
191.173
191
192.248
191.275
191.368
196.598
186.455
191.425
190.714
191.519
191.872
191.274
191.444
191.921
191.729
191.03
190.666
192.071
190.846
191.658
191.714
191.606
191.657
190.76
191.064
191.71
190.752
191.801
190.97
191.646
190.895
191.474
191.271
191.578
191.767
191.47
191.113
191.914
190.214
191.85
191.406
191.913
191.639
190.545
191.745
191
191.909
191.579
191.35
192.147
190.876
190.928
190.823
191.865
190.944
191.737
190.879
191.722
191.399
191.289
191.929
190.917
191.383
191.628
191.542
191.36
190.057
191.616
191.576
191.225
191.639
191.057
192.142
191.207
191.361
191.553
191.184
191.624
191.335
191.447
191.88
190.473
191.85
191.376
190.823
191.023
192.083
191.3
190.658
191.624
190.985
191.335
191.872
191.15
191.042
191.601
191.365
191.688
191.056
191.651
190.845
191.632
190.835
191.109
190.992
191.248
191.636
191.109
191.169
191.105
191.504
191.575
191.342
191.451
191.399
191.631
190.959
191.737
191.282
191.113
191.406
191.921
191.248
191.094
191.466
191.109
191.131
191.406
191.128
192.185
190.962
191.278
190.865
191.184
191.248
191.335
191.518
191.76
191.113
191.139
191.398
192.121
190.59
191.225
191.497
191.421
191.642
190.944
191.639
191.402
191.023
191.496
192.29
191.519
191.048
191.399
191.56
190.786
191.383
191.703
191.121
191.135
191.489
191.12
191.801
191.496
190.981
190.523
191.688
191.221
191.241
191.098
191.767
191.518
191.155
191.251
191.538
191.184
191.865
191.383
191.121
191.462
191.041
190.504
191.53
192.109
191.29
191.583
190.721
191.591
191.304
191.496
191.2
190.815
192.049
191.399
190.985
191.511
191.203
191.56
190.654
191.275
191.612
190.906
191.489
190.865
191.391
191.74
190.636
191.857
192.143
190.376
191.233
191.436
191.395
191.165
191.737
191.631
191.41
191.233
190.951
191.158
191.809
190.97
192.605
190.466
191.823
190.899
191.654
190.913
191.365
191.203
191.872
191.485
190.921
190.993
191.703
191.936
191.537
191.448
190.936
192.064
191.079
191.447
192.451
189.854
191.315
191.373
191.458
191.32
191.214
191.32
191.673
191.022
191.643
191.406
191.872
191.226
191.015
191.71
191.53
191.463
191.199
191.384
191.06
191.567
192.151
191.383
192.008
190.722
191.503
191.711
191.744
191.226
190.774
191.666
191.894
191.929
190.496
191.647
191.699
191.004
191.665
191.425
191.496
191.831
190.327
191.143
191.395
191.575
191.647
192.36
190.666
191.113
191.624
191.27
191.703
191.85
190.447
191.241
191.342
191.132
191.214
192.135
190.929
191.68
191.545
191.064
191.237
191.451
191.669
191.328
191.65
191
191.233
191.823
191.519
190.97
192.071
190.602
190.831
191.857
191.631
190.959
191.305
192.285
191.85
191.327
190.936
191.481
191.824
191.12
191.383
191.305
192.056
191.177
190.88
192.319
191.263
190.978
191.71
191.072
191.391
191.233
191.327
191.819
191.373
191.424
207.072
179.019
190.985
191.887
191.365
190.657
191.489
192.391
190.647
191.906
191.958
191.17
191.977
191.662
191.263
193.481
189.857
190.745
191.654
191.496
190.959
191.672
191.523
192.087
190.312
191.977
191.711
191.65
191.131
191.226
187.955
191.263
191.109
191.064
190.932
191.685
191.184
191.27
191.226
191.192
191.368
191.128
191.274
191.549
191.218
191.057
190.973
191.858
191.695
190.872
190.921
191.136
191.936
191.282
191.27
191.44
191.538
191.71
190.985
191.222
191.759
190.745
191.816
191.361
191.759
191.616
191.094
191.162
192.327
190.778
191.655
191.857
191.65
191.383
191.128
191.173
191.184
191.459
191.526
191.752
191.03
191.474
191.759
191.433
190.906
191.477
191.41
191.391
191.992
191
191.328
191.586
191.865
191.428
191.034
192.47
190.53
191.271
191.447
191.376
191.538
191.631
191.399
191.139
191.575
191.511
190.929
191.695
191.057
191.319
191.207
191.722
190.68
191.575
191.568
191.711
191.12
190.921
191.399
191.146
191
191.35
191.282
191.68
191.376
191.12
191.151
191.447
191.387
192.158
191.914
190.455
191.233
191.462
191.098
191.237
191.203
191.605
191.872
190.948
191.056
191.966
191.312
190.737
191.165
191.538
191.632
191.921
191.391
191.455
191.233
191.503
191.85
191.504
191.485
191.387
190.992
191.632
191.744
191.301
191.338
191.553
191.496
191.215
191.169
191.989
191.842
190.879
191.41
191.493
191.266
191.305
191.286
191.77
191.38
191.737
191.496
190.842
191.534
191.346
191.12
191.824
190.774
191.196
190.902
191.774
191.308
191.76
191.342
191.248
191.222
191.041
191.169
191.673
190.76
191.902
191.602
191.391
191.319
192.218
190.951
191.29
191.582
191.361
191.56
192.094
190.873
191.312
191.12
191.526
191.192
191.857
191.587
191.511
190.936
192.12
191.312
192.038
191.312
191.346
191.173
191.026
192.305
191.447
191.297
190.398
191.696
191.425
190.785
191.564
191.218
192.042
191.248
191.752
191.349
191.012
191.575
191.199
191.44
191.695
190.899
191.342
192.038
190.394
191.775
191.12
191.835
191.109
190.729
191.838
191.015
191.331
191.128
191.312
191.44
191.086
191.185
191.977
190.511
191
191.801
191.775
191.09
191.12
191.312
191.102
191.018
191.271
191.895
191.616
191.474
190.966
191.32
191.267
191.62
191.049
191.522
191.624
191.207
191.602
191.868
190.929
191.383
191.331
191.477
191.978
190.902
191.617
191.319
191.203
191.271
191.425
191.567
191.279
191.21
190.887
191.512
191.951
191.383
191.636
191.312
191.342
190.729
191.624
190.91
191.312
191.169
192.229
191.139
191.463
191.304
191.2
191.864
191.282
191.854
190.97
191.424
191.245
191.387
191.312
191.335
191.609
190.902
191.417
191.376
191.282
191.549
191.368
190.97
191.613
191.041
190.903
191.481
191.609
191.489
190.759
191.481
190.775
192.353
190.609
191.451
191.545
191.113
191.376
191.338
190.782
191.312
191.339
191.056
191.684
191.745
191.007
190.572
191.312
191.263
191.808
191.086
191.88
191.839
191.203
191.334
191.034
191.767
191.504
191.206
190.873
191.323
191.631
191.053
191.417
191.41
192.214
191.211
191.455
190.895
191.282
191.639
191.214
191.665
191.32
191.271
191.338
190.853
190.504
192.147
191.797
191.289
190.786
191.477
191.139
191.384
191.222
191.552
191.015
191.012
191.485
191.985
191.255
190.579
191.286
191.462
190.97
191.29
191.406
193.334
192.267
188.944
191.368
191.335
190.973
191.17
191.586
191.399
191.218
191.376
191.421
191.481
191.158
192.282
190.59
191.113
191.368
192.177
191.496
190.951
191.463
191.251
191.493
191.752
191.819
190.925
191.312
191.275
190.928
191.741
191.353
191.459
191.056
191.512
191.398
191.233
191.158
192.474
190.902
191.071
191.136
191.112
191.64
191.537
191.703
191.128
191.771
191.199
191.752
191.793
190.853
191.346
191.151
191.594
191.319
192.015
191.583
190.872
191.331
191.293
191.872
191.211
191.688
191.413
191.211
191.297
191.319
191.151
191.568
191.007
190.887
191.575
192.019
190.903
191.834
191.575
191.497
191.157
191.331
191.391
191.361
191.917
191.121
191.383
191.963
191.688
190.966
191.425
191.424
191.951
190.985
191.681
191.319
191.215
190.985
191.552
190.824
191.823
190.88
191.872
191.067
191.365
191.85
191.342
191.865
191.631
190.771
191.823
191.038
190.567
191.865
191.177
191.526
191.316
191.222
191.041
191.113
191.718
191.12
191.673
190.872
191.564
190.827
191.632
191.143
191.12
191.695
191.049
191.192
191.083
191.27
191.568
190.985
191.368
191.557
191.203
191.534
191.44
191.439
190.948
191.421
192.135
191.395
191.143
190.902
191.305
191.424
191.218
191.865
190.951
191.369
191.319
191.369
191.902
191.609
191.519
191.214
191.466
191.729
190.839
191.631
191.076
191.894
191.293
191.643
190.767
191.312
191.263
191.399
191.466
195.207
187.849
191.079
191.519
191.064
191.579
191.775
191.063
190.831
191.651
191.47
191.646
191.181
190.879
191.805
191.255
191.106
191.857
191.289
191.542
191.071
191.057
192.24
190.696
191.616
191.015
191.568
191.628
190.853
192.072
191.424
191.049
191.327
191.523
190.816
191.116
191.346
191.417
191.79
191.297
191.462
191.496
191.049
191.966
191.395
190.936
191.617
191.477
191.019
191.44
191.12
191.47
191.526
191.29
191.707
190.846
191.943
191.169
191.576
191.575
191.113
191.078
191.331
192.294
191.834
190.951
191.504
191.304
191.094
191.143
191.188
191.35
191.342
191.553
191.263
191.105
191.444
191.507
191.722
191.169
191.369
191.022
191.113
191.241
191.127
192.057
191.383
192.023
190.823
191.474
190.846
191.688
191.879
191.801
191.041
190.906
191.549
191.572
191.188
191.921
191.041
191.064
191.335
191.439
190.955
191.215
191.744
190.782
191.515
191.496
191.286
191.135
191.497
190.785
191.76
190.545
191.631
191.624
191.609
191.365
191.316
191.703
191.654
191.575
190.929
191.248
191.44
190.785
192.015
191.042
191.334
191.072
192.034
190.597
192.113
190.651
191.582
191.222
191.113
191.609
191.504
190.695
191.553
191.545
191.135
191.79
191.176
191.098
191.647
191.203
190.895
191.383
191.662
191.33
191.031
191.312
191.545
192.639
190.082
191.617
191.462
191.662
190.808
191.7
191.703
190.894
191.47
191.651
191.68
191.406
191.056
191.064
191.624
191.147
191.541
191.467
190.966
191.274
191.421
191.835
191.173
191.304
191.312
192.297
191.369
191.545
190.797
191.124
191.44
191.222
191.751
191.775
190.688
191.515
191.007
191.455
191.418
191.83
190.771
192.259
190.745
191.665
191.369
191.759
191.297
191.327
191.44
191.199
191.474
190.519
192.075
191.244
191.361
191.369
191.176
191.512
190.849
191.662
191.184
191.872
191.154
191.124
191.628
191.117
190.876
191.917
191.09
191.669
191.553
190.985
191.32
190.526
190.928
192.113
190.824
191.424
191.015
191.673
192.034
190.808
191.568
191.094
191.263
191.41
191.41
191.015
191.752
190.688
191.849
192.023
191.334
190.504
191.651
191.101
191.41
191.263
191.568
190.729
191.376
191.327
191.609
192.079
191.165
191.226
191.335
191.594
190.958
191.267
191.568
190.853
191.602
190.943
192.624
190.895
191.425
191.346
191.191
191.497
191.485
191.432
191.169
191.448
192.12
190.545
192.049
191.368
191.23
191.12
191.214
190.714
191.673
191.32
191.831
190.864
191.568
191.312
191.162
191.725
190.395
191.925
191.188
192.109
191.098
191.327
191.161
191.279
191.56
192.143
191.071
191.113
191.191
190.899
191.752
191.789
191.459
191.504
191.24
191.67
191.515
191.582
191.072
192.034
190.872
191.293
191.417
191.32
191.488
191.136
191.361
191.071
192.801
191.271
191.36
190.895
191.681
191.526
191.387
190.981
191.824
190.816
191.409
191.162
192.222
190.737
191.503
191.305
191.534
190.706
191.47
191.241
191.575
191.354
191.214
191.146
191.271
190.835
191.669
191.537
191.305
191.538
191.789
191.327
191.098
190.831
191.752
191.688
191.233
190.597
191.624
191.579
191.286
191.666
190.533
191.737
191.767
190.884
191.398
191.474
191.492
191.602
191.143
191.018
190.959
191.233
191.526
191.312
190.873
191.665
192.041
191.271
191.049
191.47
191.639
190.511
191.56
191.185
191.582
190.763
191.79
190.827
191.79
191.139
191.109
191.857
191.703
191.079
190.673
191.815
191.098
191.057
191.176
191.925
191.177
191.049
190.774
191.673
191.383
191.516
191.661
191.072
191.338
191.944
190.533
192.106
191.263
191.233
191.59
190.714
191.049
191.278
191.64
191.432
191.368
191.786
191.68
190.989
190.673
191.369
190.992
191.541
191.681
191.387
191.357
191.433
191
191.424
191.504
191.057
191.048
191.23
191.496
191.586
190.767
193.512
188.849
191.391
191.632
191.763
191.173
191.338
191.493
191.571
191.32
190.838
191.289
191.809
191.079
191.718
191.004
191.462
191.041
190.575
191.109
190.82
191.605
191.673
191.53
191.045
191.7
191.18
191.459
191.534
191.409
191.207
191.681
191.064
190.721
192.136
191.462
191.297
191.184
191.128
191.895
190.504
191.778
191.485
191.737
191.439
191.602
191.425
190.936
191.504
191.759
192
190.729
191.109
191.827
190.632
191.271
191.319
190.985
192.263
191.41
191.485
191.09
192.038
191.026
190.688
191.718
191.105
191.688
191.406
191.188
191.606
191.417
191.568
191.68
191.688
191.778
190.741
191.432
191.538
191.349
191.771
190.993
191.3
191.057
191.376
192.026
190.951
191.342
190.933
191.548
192
190.256
192.177
191.037
191.906
191.654
191.32
191.602
191.274
190.398
190.903
191.571
191.286
191.312
191.225
191.057
191.406
191.09
192.06
191.395
190.951
190.978
191.233
190.725
191.681
190.774
192.068
191.44
191.428
191.387
191.741
191.361
190.729
191.342
191.106
190.898
192.03
191.545
191.263
191.591
191.297
192.8
190.617
191.556
190.715
191.631
191.474
191.455
191.402
191.357
191.575
191.388
191.3
191.978
190.552
191.425
191.233
191.384
191.725
191
191.715
191.627
191.361
191.576
191.026
191.383
191.023
191.56
191.297
191.282
190.936
191.925
191.586
191.361
191.278
191.538
191.632
192.015
191.12
191.695
191.327
190.978
191.752
191.248
196.767
186.474
190.909
191.587
191.447
190.733
191.203
191.151
191.943
191.248
191.139
190.967
191.12
191.241
191.533
192.44
190.681
191.455
191.011
191.349
191.019
191.775
191.398
191.771
191.616
191.053
191.729
191.414
190.466
191.714
191.181
191.395
191.597
190.515
191.185
191.661
191.233
191.448
192.327
190.97
191.048
191.177
191.414
191.752
191.688
190.913
191.583
191.481
190.789
191.85
191.767
190.962
199.335
184.105
191.448
190.718
191.503
191.275
191.695
191.384
191.282
191.391
191.902
191.147
191.391
191.285
191.688
191.388
191.462
191.256
191.176
191.951
191.072
192.225
190.974
191.44
191.432
191.275
191.27
191.023
191.474
192.007
190.872
191.504
190.838
191.997
191.052
191.027
191.958
191.639
191.388
190.823
191.583
191.345
191.937
191.007
191.929
191.199
191
191.173
191.368
191.929
191.496
191.53
191.711
190.898
191.094
189.902
191.722
191.97
190.229
196.53
189.064
191.67
191.834
191.688
191.981
191.779
190.432
191.47
191.214
191.252
190.959
191.312
191.079
191.857
190.992
191.568
191.248
191.056
191.504
191.008
191.936
190.992
190.816
191.669
191.139
191.256
191.225
191.399
192
191.192
191.255
191.391
191.763
190.974
191.12
191.775
191.402
191.042
190.853
191.778
191.35
191.8
191.29
192.199
191.038
190.97
191.086
191.346
191.391
191.462
191.339
191.887
190.962
191.102
191.282
191.278
191.034
191.109
191.44
191.067
191.053
191.132
191.3
191.444
191.534
191.207
192.018
190.399
191.737
190.894
191.497
191.334
191.921
191.079
191.267
191.406
191.711
191.785
191.467
190.752
191.078
191.497
191.094
190.906
191.609
191.816
191.037
191.887
191.29
191.887
190.778
191.951
190.978
191.135
191.342
191.609
191.85
190.959
191.654
191.319
191.496
191.745
190.722
191.173
192.225
191.53
190.854
191.883
191.301
191.176
191.057
191.03
191.842
191.015
190.959
191.282
191.361
191.36
191.313
191.165
191.274
191.185
191.503
191.045
191.508
191.462
191.143
191.199
191.256
191.402
191.527
191.921
191.113
191.086
191.338
191.591
191.056
191.447
191.696
191.184
191.098
191.455
191.342
191.267
191.597
191.256
191.12
191.451
190.782
194.019
188.628
192.233
190.936
191.154
191.485
190.666
191.688
190.992
192.158
190.921
191.609
191.29
190.988
191.651
191.255
191.057
191.759
191.511
191.41
191.23
192.135
190.545
191.323
191.989
191.211
190.748
191.473
191.207
191.305
191.282
191.27
191.162
191.177
191.439
190.67
191.767
191.939
191.628
191.117
190.902
191.391
191.256
191.481
191.575
191.143
191.5
191.462
191.233
191.312
191.455
191.391
191.327
191.466
191.895
190.951
191.403
191.391
190.793
191.128
191.718
191.105
191.376
191.511
191.32
191.353
191.605
191.858
191.12
191.323
191.023
191.789
191.113
191.248
191.447
191.696
190.771
191.413
191.177
191.65
190.617
191.748
190.947
191.376
191.335
191.094
191.233
191.289
191.433
191.357
191.707
191.894
190.575
191.459
191.447
191.249
191.24
191.557
191.706
190.846
191.651
190.872
191.816
191.432
191.662
191.601
191.462
191.617
190.538
191.661
190.771
191.304
191.88
191.342
191.072
190.928
191.391
191.075
191.237
191.681
191.44
191.665
191.425
191.413
191.372
190.854
191.357
191.914
191.169
191.285
191.316
191.245
190.97
191.439
191.504
191.361
191.639
190.744
191.034
191.35
191.699
191.5
191.241
191.417
191.207
190.928
191.914
191.158
191.865
190.586
191.902
191.414
190.955
191.47
191.056
191.034
191.752
191.15
191.282
191.56
190.925
191.019
191.654
191.703
191.083
190.887
190.936
191.248
191.158
191.481
191.32
192.09
190.526
191.072
191.631
191.523
191.27
191.568
191.609
191.688
191.233
191.421
191.196
191.06
191.387
191.12
191.741
191.297
191.199
191.636
190.597
192.354
191.68
191.173
191.508
191.485
190.481
191.496
191.049
192
190.887
191.56
191.241
191.15
190.794
191.639
191.522
191.399
191.064
191.582
191.282
191.512
191.71
191.034
191.519
191.334
191.064
191.812
191.124
190.722
191.519
191.162
191.785
191.812
190.572
190.981
191.951
191.714
191.44
191.857
191.294
191.522
190.553
191.909
190.767
191.707
191.455
190.966
191.402
191.343
191.458
191.121
191.094
192.417
190.902
191.391
191.233
191.203
190.869
191.879
191.196
191.804
191.786
190.737
191.958
191.203
190.997
191.466
191.725
191.489
190.929
190.496
192.09
190.831
191.654
191.384
191.259
191.102
191.808
190.729
191.511
191.527
191.823
191.62
190.982
191.721
190.263
191.719
190.913
191.759
191.136
191.304
190.666
191.857
191.03
190.767
192
191.545
191.026
191.429
191.263
191.53
190.842
191.308
192.516
190.496
191.477
191.481
191.369
190.943
191.504
191.177
191.214
191.53
191.121
191.236
190.948
191.248
191.319
192.102
191.59
190.857
191.489
191.135
191.681
191.361
191.24
191.865
191.662
190.906
191.229
191.459
191.255
190.978
191.549
191.53
190.785
191.004
191.177
191.274
191.297
191.575
191.425
191.215
191.304
191.056
191.376
191.433
191.958
191.226
190.936
191.32
191.744
191.237
191.943
190.891
191.23
190.579
191.74
191.139
191.613
191.184
190.963
191.537
191.053
191.891
190.68
191.564
191
191.049
191.226
191.135
191.568
191.703
190.891
191.432
191.774
191.519
191.023
192.62
190.166
190.906
191.255
191.278
191.233
192.177
191.421
191.267
191.669
191.519
190.602
191.402
191.248
191.391
191.105
191.478
191.409
191.354
192.064
191.237
191.849
191.504
191.335
191.402
191.113
191.59
191.27
191.602
191.53
191.008
191.236
190.906
191.824
190.481
191.616
190.869
191.722
191.342
191.297
191.233
190.985
191.432
191.831
191.353
191.23
191.056
191.312
191.526
191.474
191.346
191.504
191.255
191.47
191.252
191.448
191.718
191.142
191.219
191.541
191.139
191.271
190.793
191.669
192.368
190.73
191.504
191.751
191.147
191.075
192.372
191.249
191.229
191.282
191.214
191.391
190.993
191.537
191.376
191.553
191.105
191.782
191.353
191.045
190.764
192.037
190.624
191.241
191.368
191.73
191.244
191.034
191.774
190.929
191.808
191.169
191.305
190.936
191.184
191.489
191.661
191.264
192.135
191.177
191.041
191.504
191.143
191.729
191.207
191.943
191.154
191.647
190.962
190.647
191.729
191.376
191.489
191.94
190.827
191.583
191.255
191.275
191.917
190.959
191.097
191.745
191.233
191.037
192.098
191.128
191.102
191.439
191.275
191.71
191.346
191.357
190.827
192.414
191.056
190.929
191.128
191.191
191.497
190.887
191.771
191.545
190.879
191.343
191.078
191.32
191.184
191.072
191.924
191.192
191.271
191.143
190.857
191.222
191.646
191.068
191.804
191.267
191.079
191.455
191.681
191.594
191.549
191.308
191.59
191.094
191.68
190.756
192.094
191.406
191.402
191.158
191.41
191.226
191.03
191.079
191.154
191.846
191.304
191.369
190.639
190.928
190.778
192
191.038
191.282
191.008
191.958
191.402
191.463
191.263
191.759
191.425
190.85
191.605
191.331
191.383
191.327
191.624
191.85
191.384
191.368
234.214
173.41
188.797
191.451
191.301
191.131
190.91
190.951
191.275
191.552
190.625
191.688
191
191.349
191.395
191.015
191.173
191.552
191.418
191.27
191.305
190.992
191.587
191.357
191.88
191.007
191.53
191.534
190.82
191.861
191.139
192.079
191.304
191.271
191.169
191.113
191.428
191.73
191.007
190.824
191.545
191.312
190.537
190.903
191.744
191.489
191.958
190.872
191.414
191.669
190.812
191.658
191.726
191.361
191.097
191.2
191.142
191.354
192.12
191.256
191.879
190.346
191.429
191.267
191.109
190.962
191.85
191.195
191.865
191.466
191.624
191.233
191.801
190.925
191.263
191.147
191.582
191.121
191.015
191.124
191.094
191.759
191.609
191.384
191.646
191.361
191.233
191.293
190.594
191.639
191.944
191.154
191.47
191.85
191.504
191.951
191.056
191.478
191.176
190.944
191.402
191.241
191.127
191.192
192.098
191.541
191.282
191.933
190.928
191.459
191.237
191.06
191.605
191.793
191.241
191.759
191.136
191.056
192.432
191.136
191.015
191.24
190.951
191.185
191.703
191.643
190.936
191.109
191.56
191.128
191.056
191.346
191.225
191.245
191.748
191.143
191.639
191.24
191.271
191.463
191.496
192.041
191.305
190.838
191.177
191.962
191.038
191.135
190.947
191.775
191.207
191.706
191.015
192.591
190.721
192.23
190.808
191.402
191.399
191.353
191.113
191.12
191.485
191.192
191.898
191.478
190.985
191.368
191.391
190.963
192.045
191.267
191.541
191.681
190.872
192.007
191.361
191.44
191.395
191.398
191.233
191.053
191.353
191.29
191.342
191.24
191.609
191.305
191.695
191.688
190.752
191.504
191.775
191.071
191.147
191.27
191.88
191.447
190.978
192.007
191.41
191.44
191.038
191.255
191.395
191.782
190.699
191.805
191.169
191.086
191.305
191.842
190.951
191.169
191.448
190.973
191.297
190.891
191.455
191.974
191.289
191.376
190.808
191.647
191.162
191.255
191.271
191.906
191.383
191.094
191.467
191.3
191.162
191.568
191.263
191.083
191.327
191.353
191.605
190.985
190.842
191.888
191.244
191.162
191.353
190.846
192.131
190.805
191.169
191.384
191.68
191.034
191.598
191.176
191.151
191.267
191.225
191.895
190.425
191.846
191.469
191.012
191.895
190.65
191.598
191.661
191.226
190.887
191.579
191.376
191.632
191.421
191.883
191.192
191.176
191.222
191.218
191.143
191.895
192.049
191.695
191.256
191.015
190.819
191.782
191.497
190.68
191.575
191.312
190.73
191.695
191.519
191.331
190.816
191.094
191.282
192.022
191.598
190.68
191.489
191.079
191.962
191.312
191.215
191.33
190.839
190.767
191.402
190.985
191.677
191.481
191.282
191.052
191.369
191.162
192.334
190.256
191.951
190.752
191.586
190.978
191.827
191.669
191.496
190.948
191.755
191.448
191.406
190.793
191.391
191.034
191.503
191.918
190.872
191.361
191.41
191.654
192.015
191.883
190.432
191.67
190.879
191.572
191.872
191.038
191.466
191.605
190.872
191.583
191.225
191.568
190.65
191.854
191.105
191.47
191.53
191.32
191.127
191.448
190.722
191.455
191.718
190.97
191.654
191.139
191.695
191.184
191.087
191.759
191.196
191.372
191.203
191.297
192.045
190.85
191.797
191.154
191.342
191.105
191.681
191.015
191.169
191.207
191.21
191.662
190.906
190.504
191.477
191.707
191.278
191.079
191.41
191.695
190.906
190.816
191.489
191.631
191.839
191.44
191.169
191.383
191.32
191.432
191.447
191.895
190.545
191.199
191.786
190.824
190.958
191.331
191.639
191.602
190.853
191.44
191.481
191.15
191.643
190.846
192.65
190.903
191.319
191.715
191.03
191.59
190.793
191.696
191.537
191.241
191.143
192.127
191.41
191.782
191.722
191.493
191.259
190.902
191.015
191.545
191.745
191.631
190.624
192.042
191.297
190.612
191.192
191.887
191.444
191.462
191.722
191.59
191.042
191.601
191.463
191.391
191.346
191.12
191.917
191.015
191.316
191.188
191.504
191.139
191.413
190.978
192.105
190.789
191.256
191.184
191.666
191.391
193.41
190.511
190.425
191.541
190.793
191.56
191.583
191.97
191.263
191.12
190.967
191.522
191.049
191.624
190.782
192.399
191.436
191.575
191.15
190.865
191.177
191.766
191.489
191.113
191.135
191.128
191.887
191.688
191.2
191.939
190.504
191.06
191.076
191.695
190.568
191.353
191.429
191.432
191.203
191.504
191.488
191.004
191.433
190.744
191.207
191.075
191.361
191.485
190.706
191.734
191.507
191.711
191.199
191.774
191.098
190.951
191.666
191.112
192.072
190.846
191.274
191.207
190.951
190.891
192.293
191.361
190.752
191.583
191.643
192.007
190.823
192.143
190.651
191.406
191.327
191.624
190.985
191.27
192.098
190.97
192.015
191.229
190.858
191.609
191.127
191.696
191.282
191.534
191.319
191.072
191.33
191.358
191.33
191.767
191.752
191.327
190.703
191.899
192.056
191.151
190.567
192.192
191.256
191.624
190.8
191.531
191.74
191.297
190.899
191.071
192.165
191.083
191.102
190.706
191.527
191.263
191.459
191.421
191.759
191.297
191.759
191.132
191.109
192.008
191.033
191.568
190.778
191.583
191.03
191.601
191.839
191.199
191.256
191.567
190.899
191.346
190.864
191.64
191.357
191.319
190.929
191.21
190.944
191.631
191.752
191.414
191.387
190.951
191.354
191.158
190.872
191.575
192.011
191.023
190.925
191.112
191.936
190.53
190.534
191.312
191.827
191.072
191.831
190.68
191.526
191.132
191.312
191.654
191.56
191.098
191.688
190.925
191.289
191.974
191.233
191.064
191.327
190.714
191.463
191.785
191.016
191.375
191.681
190.477
190.997
192.037
190.801
190.831
191.458
191.718
192
191.057
190.673
192.383
191.391
191.042
192.112
191.207
190.624
191.391
191.56
191.519
191.914
191
191.71
191.402
190.985
191.79
191.391
191.192
191.77
190.929
191.793
191.797
190.929
194.097
188.489
191.166
192.007
191.177
191.864
191.504
191.147
190.973
192.072
191.729
190.801
191.496
191.421
191.256
191.474
191.424
191.136
191.838
191.489
191.079
191.695
192.027
190.853
191.38
191.293
191.759
191.372
191.647
191.402
190.91
191.553
191.556
191.617
191.842
190.631
191.256
192.064
191.162
191.966
190.958
192.147
191.143
191.255
191.376
191.448
192.135
190.432
191.489
191.32
190.943
191.929
191.21
191.591
191.376
191.714
190.88
191.567
191.369
191.15
191.278
191.82
190.808
191.662
190.962
191.143
190.782
191.353
192.072
190.872
191.304
191.049
191.072
191.894
191.41
191.327
191.215
191.33
191.429
191.226
191.447
191.688
191.113
191.887
191.064
191.161
190.914
191.32
191.902
191.098
191.887
191.041
191.733
191.399
190.721
191.023
191.628
191.725
191.271
191.395
190.864
191.2
191.191
191.88
191.177
191.992
190.726
191.361
191
191.725
191.978
191.041
191.831
191.744
190.504
191.85
190.928
191.647
191.383
191.546
191.631
191.087
192.312
190.688
191.755
191.32
192.15
191.282
192.188
190.865
190.951
191.643
191.455
191.906
191.661
191.872
190.929
191.496
191.184
191.737
191.215
191.545
191.199
191.553
191.432
190.654
191.361
191.413
191.444
192.15
191.696
196.695
191.361
189.049
195.76
204.609
173.176
192.312
192.023
191.022
191.764
191.582
191.553
191.35
193.383
190.823
190.309
191.624
190.676
191.523
192.632
190.872
191.342
190.883
191.733
191
193.29
189.887
191.399
191
191.763
191.887
191.541
191.395
191.44
191.943
191.914
191.789
191.015
190.482
192.44
188.375
191.703
191.331
191.654
191.064
190.921
191.978
191.24
191.997
190.376
191.015
191.545
191.447
191.331
191.101
191.61
191.687
191.523
191.109
190.944
191.616
191.105
191.538
191
190.902
191.737
191.598
191.481
191.744
191.384
190.808
191.128
191.711
190.864
191.538
190.872
191.305
191.879
191.015
190.737
191.711
191.015
191.394
191.44
191.414
191.801
191.447
191.21
191.023
191.064
191.064
191.489
191.823
191.214
191.609
191.575
191.057
191.248
191.729
190.936
192.057
190.815
191.455
191.305
192.56
190.007
191.531
191.876
190.5
191.27
191.305
191.391
190.887
191.44
191.616
191.594
190.985
191.143
191.775
190.928
191.857
191.342
191.241
191.632
191.082
190.94
191.639
191.451
191.32
191.537
191.406
191.128
191.767
191.56
190.801
191.88
190.417
191.541
191.891
190.463
191.143
191.684
190.838
191.816
191.902
191.203
191.335
191.831
191.304
191.121
192
190.83
190.632
191.361
191.44
191.714
190.823
192.222
191.244
191.207
191.79
191.887
190.387
191.008
191.924
191.297
191.29
191.496
191.072
191.135
191.819
191.181
191.233
192.184
190.816
191.177
191.534
191.627
191.365
191.297
191.462
191.594
190.91
191.256
191.504
190.225
191.97
191.414
190.898
191.782
191.432
191.136
191.12
191.496
191.403
190.943
191.887
190.433
191.496
190.872
191.47
191.256
192.127
191.136
191.688
190.692
191.815
191.497
194.165
188.395
191.285
191.711
190.793
191
191.128
191.632
192.353
190.462
191.835
191.504
191.229
190.936
191.331
191.335
190.815
191.463
191.225
191.256
191.319
190.873
192.473
190.752
191.094
191.203
191.944
190.895
191.071
191.632
191.048
191.873
191.68
191.432
191.624
190.775
191.297
191.526
191.643
190.929
191.206
191.177
191.917
191.064
191.651
191.503
191.858
191.285
190.752
191.827
191.068
191.331
191.661
191.098
191.376
191.105
191.448
192.007
191.158
192.241
191.019
191.804
191.008
191.338
191.24
191.711
191.297
191.271
191.289
191.696
190.488
191.384
191.793
191.327
191.481
191.519
190.959
191.864
190.594
191.688
191.711
191.545
191.207
191.695
190.872
190.666
191.398
192.057
191.41
191.112
191.493
191.504
191.53
190.447
191.425
191.583
191.146
191.831
191.071
191.617
191.049
191.804
190.579
191.782
191.196
191.947
190.801
191.402
191.038
191.184
191.474
190.845
191.944
191.241
191.312
192.496
191.034
191.086
191.211
191.316
191.714
191.631
191.29
190.974
191.631
191.339
191.406
192.041
191.022
191.587
191.056
191.327
191.696
191.504
191.361
191.063
191.151
191.154
191.59
191.489
191.504
191.759
190.793
191.929
191.293
190.962
191.384
191.703
191.522
190.88
191.996
191.076
191.086
191.32
191.033
192.087
190.887
191.12
191.241
191.771
191.135
191.711
191.007
191.496
191.561
191.056
190.951
192.12
191.44
191.29
191.086
191.312
191.737
191.335
191.312
191.763
191.135
191.711
191.447
190.951
191.376
190.97
192.008
191
190.808
191.545
191.12
191.342
191.482
191.624
191.368
192.071
190.858
191.477
191.184
191.199
192.29
190.85
191.094
191.545
191.135
191.361
191.342
191.523
191.609
191.492
191.368
191.32
191.523
191.432
190.62
191.331
191
191.801
191.447
190.872
191.711
191.722
191.007
191.151
191.68
191.53
191.485
191.274
191.046
191.184
191.496
190.865
191.481
191.214
191.083
191.752
190.797
191.898
191.455
190.782
191.53
191.519
191.391
191.744
191.147
191.804
191.042
191.083
191.199
190.879
191.617
190.895
191.511
191.711
190.962
191.568
191.041
191.289
191.399
191.263
191.602
191.03
191.143
191.417
191.474
191.488
191.222
191.665
191.121
191.492
191.53
190.361
191.361
191.421
191.752
191.248
190.842
191.733
191.177
191.338
191.865
191.447
191.35
191.015
191.474
191.278
191.075
191.737
190.868
192.049
191.008
191.346
191.263
191.417
190.797
191.011
191.087
191.425
191.368
191.421
191.395
191.113
191.485
191.808
191.38
191.007
191.151
191.022
190.936
192.256
191.12
191.489
191.417
191.207
191.398
190.842
191.745
191.041
191.5
191.169
190.921
191.583
191.32
191.255
191.154
191.361
191.967
191.496
191.334
190.85
191.865
191.349
191.827
191.639
191.03
191.418
191.473
191.376
191.32
191.447
191.335
191.601
191.794
190.853
190.857
191.865
191.673
191.868
191.218
191.354
191.293
191.459
191.304
191.432
191.166
191.473
190.918
192.312
190.552
191.711
192.267
190.872
192.071
191.151
191.432
191.169
191.474
191.493
191.135
192.105
200.147
182.199
191.526
191.32
191.714
191.192
191.485
191.267
191.165
191.361
190.993
191.033
191.376
191.455
191.538
191.631
190.861
191.256
191.004
191.071
191.549
191.579
191.135
191.816
190.887
191.346
191.286
191.755
191.309
191.906
191.455
190.879
191.455
191.004
191.556
191.233
191.737
191.049
191.624
190.718
191.515
191.598
191.391
191.752
192.019
191.135
191.241
191.421
191.346
191.609
192.221
190.538
194.462
188.136
191.289
191.376
191.455
191.44
191.21
190.782
191.474
190.974
191.417
190.594
191.18
190.952
191.443
191.463
191.319
191.511
191.7
191.752
191.3
191.594
190.959
191.823
190.929
191.504
191.184
191.161
191.959
191.297
191.703
190.872
190.888
191.578
192.185
191.206
191.166
191.921
190.665
191.737
191.534
192.162
191.233
191.725
190.696
191.842
190.868
191.354
191.27
191.929
191.489
190.8
190.745
191.391
191.368
191.256
191.744
191.745
191.184
191.432
191.263
191.632
191.267
191.868
191.026
191.41
190.951
192.222
191.455
191.29
191.304
191.696
191.616
191.041
191.485
191.764
190.744
191.733
191.553
191.206
191.474
191.632
190.943
190.929
191.03
191.289
191.673
191.666
191.421
191.688
190.943
191.786
191.59
191.139
191.151
191.342
191.248
190.891
191.184
191.32
191.703
191.466
191.312
190.959
191.951
191.034
191.364
191.44
190.82
191.966
191.278
191.297
191.504
191.458
191.583
191.391
191.384
191.345
191.354
190.887
191.568
191.312
190.902
191.361
191.319
191.339
191.733
191.458
191.493
191.906
191.105
191.237
191.297
191.368
191.361
190.903
191.225
191.887
190.76
191.218
191.049
191.116
191.459
191.222
191.361
191.518
191.297
190.895
191.384
191.548
191.038
191.143
191.459
190.887
191.327
191.425
190.654
191.722
190.695
191.575
191.466
191.2
191.191
191.098
191.166
191.729
191.917
191.267
191.838
191.098
190.808
191.688
191.542
191.353
191.722
191.094
191.68
191.015
191.978
191.158
191.353
191.542
191.635
192.718
190.026
190.831
191.966
190.553
192.064
190.77
191.591
191.143
191.451
191.221
191.497
191.609
191.616
191.406
191.177
191.154
191.639
191.534
191.271
192.338
190.376
191.342
191.282
191.072
191.616
194.673
188.376
191.158
191.169
191.143
190.992
191.263
191.531
191.24
191.654
190.963
191.18
191.105
191.324
190.951
191.357
191.722
191.504
191.285
191.184
191.316
190.399
191.511
191.767
191.368
191.425
191.305
191.049
191.244
191.474
191.488
191.361
191.752
191.32
191.176
191.662
191.41
191.376
190.816
191.59
191.368
191.455
191.41
191.631
191.241
191.59
190.951
191.41
192.32
190.594
191.116
190.666
191.665
191.481
191.038
191.011
190.94
190.88
191.308
191.365
191.146
191.549
191.568
191.049
190.947
191.485
191.162
191.327
191.353
191.553
190.759
191.414
190.53
191.737
191.172
191.651
191.256
191.12
191.237
191.891
190.631
191.207
191.601
191.305
191.214
190.673
191.538
190.917
191.395
191.143
191.503
191.215
191.082
191.425
191.429
190.823
191.064
191.993
190.567
192.075
190.485
190.745
191.635
192.023
190.488
191.534
190.906
191.35
191.391
191.12
191.436
191.662
190.631
191.448
190.443
191.639
190.959
191.688
191.609
190.966
191.169
191.023
190.985
191.346
191.143
191.285
191.643
190.684
190.933
191.301
190.594
191.432
191.519
191.112
191.782
190.891
191.846
190.951
191.361
191.203
191.775
190.902
191.703
191.226
191.785
190.47
191.73
191.045
191.473
191.015
190.978
192.184
190.718
191.395
190.733
191.515
191.759
191.034
192.372
192.008
189.722
191.079
190.827
191.327
191.616
191.03
191.248
190.839
191.515
191.184
191.207
191.646
191.121
191.744
190.835
191.605
191.459
191.447
190.673
191.504
191.357
191.282
190.879
191.895

------------------------------------------------------------------------------------------------------------------------------------------------
max val(#4701) = 1154.30us
min val(#2839) = 168.99us
peak-to-peak = 985.31us
mean +- RMS = 191.64 +- 13.41 us

packet size: 516
number of packets: 10000
RATE = 21540.21kbps, PPS = 5218.1
