Destination address set to 01:1B:19:00:00:00
Defaults: 01:1B:19:00:00:00 or 01:80:C2:00:00:0E
SIOCSHWTSTAMP: tx_type 1 requested, got 1; rx_filter 0 requested, got 0
setting ts_flags: 0x53
new ts_flags: 0x53


gap of hw tx time, us: packets 10000:
------------------------------------------------------------------------------------------------------------------------------------------------
0
146.346
228.617
233.304
178.391
171.737
242.199
203.497
169.469
232.865
185.906
184.925
177.865
223.007
184.474
169.545
243.342
176.583
177.146
223.015
192.256
173.985
174.688
220.447
167.369
178.887
231.019
166.782
176.503
160.016
235.578
179.888
183.624
227.631
177.895
159.474
217.44
188.214
175.312
169.831
218.834
184.433
190.752
298.597
174.425
179.271
213.522
203.335
161.97
150.71
209.113
180.448
162.759
155.026
274.463
161.864
171.809
210.319
180.049
175.861
171.865
226.274
167.286
172.064
287.048
164.944
249.632
307.699
177.342
165.538
168.575
232.349
259.034
165.703
211.824
169.695
169.451
165.613
202.049
165.537
158.816
211.072
172.879
165.899
163.357
229.481
171.711
149.425
150.567
234.808
160.192
139.88
165.489
235.176
148.222
179.538
267.8
176.561
167.872
171.278
220.929
169.597
166.339
217.289
178.263
159.861
152.857
222.752
173.76
158.458
234.903
233.699
164.943
149.335
229.278
166.339
158.439
158.831
222.688
160.098
166.47
175.398
237.579
180.44
164.801
205.511
174.639
167.09
175.519
192.215
159.522
156.711
168.774
238.188
179.316
162.624
225.417
161.73
166.368
172.575
216.575
157.087
156.849
178.121
228.383
170
179.545
259.399
163.56
226.282
244.293
178.267
169.654
227.568
187.207
204.131
188.045
248.955
177.143
180.726
287.785
179.519
170.609
241.09
177.88
178.925
235.857
179.985
194.023
221.8
186.297
195.857
178.151
215.056
187.151
195.481
234.447
195.914
179.526
226.617
175.951
179.763
177.838
200.605
171.771
168.177
220.932
187.444
168.413
162.162
224.718
178.41
180.086
228.004
203.94
166.763
150.109
200.729
181.384
163.872
283.278
198.699
172.745
164.079
231.056
181.737
172.534
220.098
211.845
188.985
244.185
179.657
169.109
170.305
242.801
167.455
187.064
193.063
188.922
171.672
162.192
215.057
181.759
179.951
235.929
178.409
188.76
174.413
221.233
176.346
143.869
322.289
169.162
175.071
212.545
170.32
150.895
244.646
224.019
161.662
148.928
158.598
264.628
164.199
179.151
203.105
267.575
163.32
196.353
184.263
156.489
171.015
248.184
197.383
179.155
227.312
186.894
178.711
187.259
219.271
188.774
202.482
239.135
185.816
179.763
230.88
186.973
194.354
237.462
195.162
188.334
194.959
231.019
188.391
162.026
234.124
165.508
187.206
237.384
186.943
172.688
234.899
195.823
170.327
188.294
225.579
176.725
171.041
234.207
194.73
194.984
235.914
189.102
180.263
169.466
219.03
177.304
183.064
209.545
185.482
188.214
171.575
259.545
194.496
178.177
241.35
181.752
188.473
228
187.079
169.936
236.241
180.056
162.655
171.345
230.944
179.511
179.44
234.233
186.384
162.879
169.624
227.425
179.094
171.425
236.643
194.647
179.68
170.32
234.176
176.583
170.831
206.447
158.624
156.361
176.361
219.91
155.793
171.218
168.662
252.071
180.256
188.41
242.958
189.369
186.8
225.399
186.579
168.598
169.56
224.248
178.992
169.872
240.591
252.338
196.838
238.801
185.722
190.752
226.981
177.914
188.312
227.142
188.538
169.391
185.56
231.778
180.527
160.015
274.567
178.128
174.139
160.79
234.402
158.117
175.36
224.809
166.466
173.951
149.959
282.872
162.673
142.504
161.624
282.007
167.335
156.556
209.526
184.959
167.504
176.504
224.496
181.192
159.887
205.834
169.455
152.361
166.838
233.767
158.459
160.297
176.605
218.658
141.064
175.29
150.59
227.966
207.85
180.808
202.895
189.511
183.034
237.376
188.936
162.767
170.834
240.252
161.308
172.087
247.639
195.169
172.921
173.072
187.221
148.801
149.688
171.816
219.368
158.895
171.891
229.752
172.624
164.229
168.801
241.282
180.12
150.23
310.834
166.207
165.647
142.575
233.778
171.823
172.433
222.304
173.03
160.346
152.135
224.406
158.899
827.44
229.767
176.161
166.256
220.703
172.929
172.263
227.376
111.135
139.899
193.718
106.586
125.214
205.403
167.477
110.929
131.473
106.662
150.481
199.895
151.338
107.207
153.865
220.518
136.305
105.695
174.264
198.304
109.902
108.73
108.376
143.417
156.639
149.184
126.154
155.918
110.289
138.519
159.643
108.214
171.177
159.192
111.15
165.071
148.786
109.602
140.413
183.752
213.177
159.849
162.365
211.929
176.766
171.745
169.056
197.042
163.695
151.474
151.853
205.267
160.086
254.937
153.033
243.166
166.417
158.759
144.61
209.703
164.992
163.15
271.873
172.447
167.568
176.609
202.872
234.184
172.128
215.56
170.064
158.786
311.022
156.154
167.527
176.368
235.383
236.79
156.154
200.113
165.113
177.646
161.151
201.443
185.797
176.617
163.143
232.233
179.545
165.609
237.902
181.651
172.951
208.064
170.567
159.85
174.03
217.248
157.838
148.827
169.109
230.617
174.816
178.184
151.162
210.917
174.44
174.218
206.15
260.339
159.917
162.545
210.41
168.007
174.448
323.921
189.015
175.631
226.639
153.658
179.391
168.639
226.681
156.601
173.775
198.192
172.879
163.459
156.752
299.752
243.879
176.568
219.711
171.225
173.921
154.03
213.136
244.571
173.18
293.715
154.575
164.214
178.936
211.497
192.135
155.387
231.271
167.609
149.549
166.12
236.289
173.955
156.989
231.154
175.342
159.887
152.482
207.808
164.297
163.996
171.857
233.361
156.512
157.424
146.113
199.376
163.624
149.229
241.538
217.455
172.481
155.015
205.914
156.503
165.865
160.966
192.512
168.5
159.086
157.199
252.523
169.38
176.184
162.65
221.752
166.135
148.914
204.981
179.729
164.673
165.854
197.898
150.632
242.233
182.575
198.056
171.576
167.127
252.707
179.072
166.549
161.898
238.47
174.361
165.846
314.785
169.151
171.594
214.338
161.102
175.481
187.583
219.285
165.331
179.064
225.135
158.241
158.169
171.376
200.526
160.128
159.049
339.609
194.598
170.496
195.665
216.647
188.496
182.609
239.342
186.568
175.553
218.985
197.135
195.801
243.143
196.473
177.463
194.199
247.695
186.869
186.541
224.966
188.305
161.075
251.151
187.582
153.681
227.985
186.496
193.601
171.711
291.199
186.729
187.222
240.899
178.646
203.015
224.2
184.891
170.838
237.12
178.256
186.929
206.921
165.112
166.91
186.504
211.616
160.234
155.936
159.116
257.857
166.057
167.191
221.354
169.673
148.861
137.026
211.688
168.263
169.511
170.482
220.199
167.383
167.147
186.91
235.064
164.154
161.534
217.319
160.729
149.335
151.432
224.951
172.425
162.369
172.936
205.801
166.815
152.568
150.271
204.714
164.598
249.481
243.489
178.105
171.759
168.647
258.568
151.721
161.959
147.184
214.899
174.887
161.959
213.327
157.635
251.549
168.098
214.703
170.703
182.928
206.064
156.113
241.872
224.696
246.518
155.034
169.023
219.985
203.864
189.568
218.327
187.786
187.838
202.44
215.752
172.977
194.888
238.624
178.744
171.654
220.737
188.041
187.801
185.808
225.812
188.715
155.631
233.267
175.876
150.808
179.643
219.038
175.658
160.143
236.071
180.079
167.65
173.662
293.891
161.575
165.831
217.857
165.681
167.413
158.906
234.929
177.789
158.105
169.801
227.823
161.369
154.207
227.545
167.334
180.121
202.793
204.71
179.914
193.248
242.008
202.496
178.545
218.688
185.88
193.894
214.873
167.766
159.824
185.353
243.793
157.809
184.71
139.632
231.503
155.057
173.143
196.906
171.334
168.203
165.846
204.369
169.928
182.184
166.895
218.76
182.018
149.775
231.361
177.951
173.15
160.087
289.346
170.56
173.913
240.944
165.71
175.609
173.271
223
155.368
181.658
198.286
173.169
170.015
168.553
207.977
183.504
176.951
286.617
188.928
195.015
187.218
216.455
186.951
162.609
212.873
188.462
169.177
187.785
212.177
180.342
170.263
233.937
178.736
179.369
237.237
195.586
172.008
180.417
229.549
172.417
204.417
258.782
180.128
178.538
234.44
186.782
179.131
221.391
204.481
187.248
238.192
196.733
179.579
188.361
226.526
186.215
211.793
290.015
204.184
187.519
260.259
188.35
155.624
289.368
187.339
177.853
271.568
170.631
206.873
218.793
181.207
163.424
178.696
207.647
178.274
172.496
172.312
235.895
180.128
162.992
225.715
172.248
185.861
227.567
188.282
186.831
185.914
234.27
179.959
179.233
228.417
179.794
169.887
234.191
187.745
180.143
178.582
240.952
181.466
185.985
234.973
179.459
195.838
220.639
186.985
180.264
188.402
212.143
196.27
169.617
209.177
203.488
755.335
260.977
306.121
188.582
226.512
168.688
177.09
187.222
252.154
180.455
178.658
216.484
179.177
186.594
233.241
184.492
169.617
232.44
177.977
175.917
176.042
224.488
194.824
169.722
208.127
178.888
194.567
154.241
223.504
185.921
163.079
223.977
186.741
162.379
307.215
171.533
171.523
169.199
206.177
180.647
186.319
154.865
221.985
178.207
185.849
235.335
184.778
184.917
274.899
186.022
186.342
235.091
187.383
158.944
161.041
228.88
187.816
181.601
192.989
225.928
180.508
187.989
225.026
178.334
169.617
218.447
172.463
155.928
162.816
220.56
168.203
172.79
163.898
248.493
170.955
166.631
204.632
155.646
153.361
153.425
225.384
165.894
165.083
163.286
215.21
187.376
151.072
322.582
181.027
162.879
152.053
223.049
175.707
143.902
157.703
220.688
163.169
168.098
159.669
213.383
175.452
166.552
164.79
234.83
170.85
162.135
208.008
264.511
170.474
219.455
194.673
170.383
233.402
194.455
171.207
173.786
226.286
178.864
169.064
220.44
178.594
187.432
159.959
251.632
189.319
171.087
309.872
177.673
192.842
240.808
186.526
177.951
236.312
160.888
177.691
173.185
218.485
164.424
163.008
232.263
188.5
168.15
169.057
229.037
173.561
178.289
207.015
174.929
173.921
155.094
239.248
161.695
193.154
179.215
213.714
164.838
166.44
319.015
149.497
2093.63
189.211
219.804
180.587
159.759
166.353
241.038
152.658
183.361
205.943
160.44
155.158
151.177
227.842
153.838
167.857
234.358
173.875
168.264
166.518
228.922
259.845
211.794
215.624
165.68
266.199
218.282
174.128
171.733
251.44
176.632
186.586
209.993
176.428
174.049
164.105
221.857
177.922
168.063
212.222
183.233
167.406
389.211
180.703
188.489
226.383
187.752
179.47
253.049
197.394
165.053
154.075
223.256
171.624
173.647
197.567
168.553
167.041
154.677
228.545
168.162
174.654
240.936
175.643
158.037
171.801
202.872
254.718
162.56
213.185
151.312
166.383
169.444
212.101
181.579
146.286
150.041
218.015
156.414
166.346
307.432
173.511
178.391
171.929
204.601
174.711
148.793
203.752
174.049
172.286
159.586
227.008
175.285
159.305
227.41
183.733
157.706
191.313
240.327
174.759
163.184
210
204.609
163.553
174.094
226.771
192.518
180.414
230.304
181.609
189.951
180.29
220.936
181.602
181.142
197.249
189.654
186.24
236.177
197.015
199.778
218.177
187.853
180.538
179.477
241.56
171.666
181.312
228.47
173.432
186.602
164.665
243.575
180.391
172.177
239.056
164.079
173.857
220.046
164.827
165.815
163.335
228.071
180.76
195.755
239.79
188.714
174.158
169.218
212.797
150.305
166.466
169.101
204.339
162.206
168.658
314.286
166.921
162.718
171.41
247.921
176.158
158.154
219.248
183.79
164.992
138.775
222.026
173.759
153.481
223.583
186.951
175.057
150.601
233.072
183.36
150.433
219.079
159.022
161.076
335.342
174.191
199.482
228.736
184.918
171.56
151.026
237.436
173.41
154.936
157.575
204.594
159.538
150.541
217.448
169.842
180.774
182.617
244.206
172.203
107.173
182.049
239.752
173.696
278.977
241.583
179.09
180.327
219.696
188.327
180.466
221.744
187.519
189.887
170.327
232.816
181.771
202.534
251.127
179.113
190.553
232.774
178.872
189.594
243.53
180.775
190.91
173.496
107.282
110.838
105.921
122.286
201.274
235.177
196.32
186.424
234.478
189.154
202.079
237.489
202.015
196.432
250.993
189.176
186.703
163.169
244.527
186.184
172.447
232.154
185.696
223.094
237.162
190.391
189.022
234.993
199.936
188.921
244.872
186.304
187.673
179.376
228.109
195.643
162.797
228.177
188.849
187.222
226.85
171.913
187.598
161.737
231.583
169.12
180.09
219.598
180.263
204.688
237.282
172.072
179.823
188.248
246.391
171.714
162.278
219.482
196.041
187.624
169.91
237.928
186.158
179.978
220.65
180.489
179.357
171.383
220.203
154.527
177.65
254.308
195.064
171.97
364.293
188.73
178.68
244.09
174.591
187.225
236.733
180.936
187.072
178.169
250.241
179.327
178.879
216.504
196.162
162.519
227.635
186.774
196.696
187.737
232.406
195.282
188.774
233.29
179.447
172.327
250.132
208.819
186.425
229.071
179.752
175.617
217.24
184.824
202.68
177.872
225.403
178.319
186.944
225.575
178.936
185.797
235.748
194.207
170.695
178.185
887.24
179.369
177.462
240.192
195.282
177.966
219.312
169.256
174.387
178.759
243.293
176.305
161.722
230.767
163.624
163.631
175.681
249.199
172.049
166.233
202.568
176
150.541
166.226
227.105
166.816
147.27
153.057
214.127
147.587
166.143
249.383
171.113
149.432
152.895
210.895
176.319
183.297
155.327
244.914
166.914
160.5
224.154
156.086
262.56
185.88
211.489
150.977
165.801
150.895
208.985
147.206
155.88
138.718
242.166
187.067
179.339
283.924
185.218
180.993
236.906
175.139
171.538
178.56
224.703
180.586
187.846
214.331
180.045
196.466
219.034
171.188
165.056
163.963
233.737
187.774
162.079
162.008
251.439
188.673
195.113
238.831
163.97
172.109
211.857
180.481
154.617
163.838
225.951
178.73
163.24
211.263
171.97
149
165.639
214.091
161.582
157.241
166.421
218.026
168.639
155.32
171.47
235.21
164.158
172.184
229.211
251.568
193.383
206.752
170.455
151.184
170.071
219.715
161.214
147.538
161.943
210.598
176.387
149.199
142.256
211.015
170.842
157.094
312.064
182.432
156.2
244.049
231.695
167.568
172.398
226.075
176.688
153.249
166.823
225.158
171.432
176.056
219.057
178.162
163.511
162.936
216.68
158.271
157.346
153.759
222.286
157.872
245.899
233.353
178.534
171.222
203.556
221.575
178.184
187.23
236.744
195.015
161.899
217.278
280.68
177.241
233.658
163.436
157.41
297.432
179.056
169.327
178.873
226.849
191.997
192.748
218.278
187.583
185.56
223.376
177.977
178.673
185.759
217.485
195.147
180.049
253.143
178.879
169.519
234.019
178.617
177.327
164.887
235.391
184.274
179.365
222.09
168.44
169.959
227.131
181.376
177.188
170.624
239.09
177.797
184.609
226.801
191.921
179.448
226.079
181.007
162.369
186.537
216.102
178.691
252.263
217.215
179.019
178.627
233.418
204.737
178.225
193.181
218.323
186.752
176.774
225.034
194.47
178.763
218.447
185.632
178.59
178.286
233.147
185.488
170.143
229.008
187.026
168.895
207.342
169.631
179.786
168.929
226.488
179.271
171.511
249.609
187.233
177.809
242.391
194.808
161.417
188.271
222.711
171.699
168.654
226.496
195.354
168.492
160.936
207.857
193.305
179.594
219.357
162.297
171.056
335.993
196.744
180.184
235.181
176.834
179.406
187.248
306.354
186.849
187.365
226.402
178.279
173
241.545
202.68
183.944
213.169
190.158
187.135
225.929
186.658
203
186.481
228.981
178.602
165.526
324.447
179.132
190.27
227.11
179.954
179.151
218.887
188.466
197.128
173.353
212.294
164.12
148.752
227.12
166.113
157.831
153.041
209.647
149.33
171.11
162.36
239.921
168.264
193
270.616
173.271
161.951
159.474
202.688
252.041
275.357
221.282
170.823
178.192
222.951
164.448
150.928
174.801
210.041
166.207
184.801
217.064
195.27
176.233
160.978
199.981
157.297
155.88
172.026
230.733
165.808
263.681
238.162
175.063
163.279
216.146
184.617
149.492
156.53
295.03
177.324
167.301
227.424
167.993
175.474
179.879
179.542
107.199
107.304
107.083
109.996
167.684
202.279
183.695
150.087
204.53
160.609
137.597
177.489
230.673
187.173
179.233
160.786
245.007
163.993
253.534
232.097
164.015
260.512
300.312
178.225
189.042
227.47
183.274
181.846
231.383
186.801
179.241
177.417
228.711
160.304
160.489
166.631
214.312
156.846
157.891
227.613
189.233
182.538
163.676
223.7
178.804
163.515
151.752
212.906
176.812
158.162
217.774
173.699
174.749
154.635
211.68
173.264
173.654
158.688
210.018
161.613
161.899
156.255
221.241
164.534
146.823
252.113
221.834
194.264
169.992
238.079
161.906
163.932
148.083
241.12
156.606
156.368
157.801
202.616
155.718
232.865
148.827
228.158
159
162.44
219.583
167.872
180.274
142.286
217.929
165.033
154.967
153.473
214.399
170.552
165.782
174.553
195.338
167.143
149.801
158.504
207.424
187.192
160.545
170.79
213.248
163.688
150.207
168.041
208.47
169.128
150.699
159.838
204.737
162.113
153.406
159.752
208.665
172.406
258.132
226.887
248.598
173.263
188.616
229.049
180.425
179.624
219.263
187.226
186.68
204.485
189.012
184.541
179.519
219.323
172.853
176.531
282.985
186.71
180.015
156.184
210.455
147.722
158.865
164.951
229.718
168.376
173.522
222.966
163.305
254.019
166.158
209.255
189.512
153.376
153.439
237.2
168.507
172.177
216.959
148.887
159.985
166.368
220.91
189.041
173.703
181.327
216.624
156.241
148
174.105
230.087
166.383
168.083
425.079
173.056
173.399
215.383
173.963
163.233
176.59
218.327
141.466
150.917
139.249
198.936
150.184
149.395
164.838
274.022
158.858
153.15
210.162
177.455
169.026
159.447
233.545
150.617
147.981
214.451
151.308
157.121
178.218
226.413
171.955
166.057
165.214
223.207
157.695
148.275
164.278
209.489
180.759
155.688
215.737
165.646
157.425
155.602
213.206
155.297
261.072
206.312
163.158
167.913
140.275
214.022
164.639
151.312
156.027
302.158
179.53
160.101
149.929
211.654
187.684
153.838
147.922
212.067
176.053
159.917
221.711
174.571
155.023
159.567
219.767
163.496
156.625
162.176
204.263
156.455
163.963
141.034
290.759
183.432
156.44
180.534
199.064
151.24
159.707
134.023
281.567
156.087
144.481
145.887
221.147
238.662
173.12
220.902
173.041
164.32
158.658
210.271
181.15
161.019
205.015
157.966
150.643
166.101
198.38
166.628
170.154
161.335
233.082
178.895
199.936
245.895
187.849
186.399
179.729
218.959
186.207
178.673
223.658
178.951
177.383
216.632
186.24
153.282
153.677
227.274
185.711
200.274
231.745
202.639
163.022
177.639
232.489
161.064
160.049
230.192
155.646
148.779
151.533
198.154
167.072
165.342
142
212.707
162.895
150.184
149.609
234.943
165.839
140.778
140.022
318.809
173.526
158.812
307.741
172.458
160.782
166.177
200.289
160.151
172.12
215.752
153.816
186.583
245.714
236.128
170.845
179.425
234.203
177.094
178.575
160.143
225.192
185.778
171.703
201.049
155.342
165.624
167.763
239.873
179.951
180.661
221.027
181.383
165.263
153.271
293.571
179.625
180.244
226.248
179.289
189.448
204.12
183.015
163.312
180.459
202.143
163.176
163.042
137.774
221.384
152.233
176.718
148.665
218.808
181.598
166.609
238.034
167.32
167.808
174.15
214.049
153.207
233.568
235.928
165.072
213.545
152.654
280.834
165.226
162.015
203.207
163.304
160.418
158.981
227.425
171.297
162.673
140.748
239.928
164.872
150.459
335.293
165.651
155.248
159.669
226.368
177.034
165.966
216.275
155.255
159.286
153.963
216.624
173.759
179.455
160.631
298.177
251.466
154.32
200.143
150.278
161.12
152.132
211.816
149.981
158.12
160.312
221.128
148.729
159.895
155.071
215.098
166.745
174.879
156.519
281.56
151.808
164.929
197.624
165.064
250.729
178.279
242.432
179.383
177.786
241.256
169.417
169.045
218.128
185.624
186.218
179.008
234.063
184.959
186.376
227.842
187.015
187.44
232.639
186.481
159.639
160.865
303.752
185.241
193.071
212.015
168.545
193.384
233.199
183.872
187.184
243.73
193.206
171.662
235.361
194.891
170.583
242.575
183.943
172.561
177.665
223.575
194.263
191.154
222.312
177.591
186.458
233.583
174.759
163.824
247.545
218.88
170.894
169.639
215.579
187.512
162.729
153.455
247.09
159.199
179.542
209.879
171.079
156.929
159.857
226.887
167.666
168.545
163.12
227.128
158.173
163.921
220.105
157.711
158.898
165.399
219.27
166.906
154.944
154.639
189.241
149.007
166.448
162.063
233.737
179.425
161.384
171.015
242.203
186.691
183.891
237.504
177.823
167.722
233.598
180.079
184.395
163.357
298.707
177.823
177.801
235.391
178.375
176.113
198.015
178.763
180.252
178.076
226.804
180.729
180.97
205.639
165.35
156.09
151.293
220.452
172.342
165.752
179.146
212.895
160.327
153.41
149.688
211.541
148.451
147.831
141.846
208.65
167.47
173.354
180.488
244.617
173.786
173.451
210.481
154.688
177.24
156.583
220.609
157.985
159.91
160.444
209.263
159.135
145.59
162.113
213.793
157.057
165.992
166.662
224.346
155.804
164.538
163.477
201.474
169.865
165.898
135.335
226.906
152.958
234.951
226.113
180.782
159.331
190.462
218.399
171.688
177.658
252.582
185.651
170.233
218.455
188.519
179.624
169.327
227.834
184.448
170.597
237.433
208.943
178.97
218.88
181.184
178.865
172.248
225.079
187.256
162.481
226.661
185.433
179.21
225.173
165.184
166.745
154.831
185.947
152.038
174.744
156.752
292.658
165.981
158.786
155.887
209.233
156.857
167
162.158
211.207
173.353
173.455
172.139
218.376
162.853
236.361
218.76
172.425
169.985
186.462
224.906
180.421
186.97
249.199
179.136
186.274
216.015
184.759
169.88
225.951
185.786
175.936
180.729
225.192
167.932
176.876
215.102
181.034
179.872
161.59
297.199
179.076
162.285
216.064
179.899
170.894
146.2
115.12
186.222
181.451
177.165
216.801
183.282
185.455
211.906
179.511
178.598
185.395
254.03
178.759
193.602
233.086
178.019
171.222
232.752
195.368
195.695
106.76
470.977
139.32
195.774
172.865
108.376
107.154
109.376
131.974
161.248
107.21
183.391
202.008
209.88
154.567
105.681
137.432
112.944
140.8
184.632
107.022
135.497
205.503
215.418
142.071
108.887
170.211
198.613
108.955
137.518
161.474
107.135
209.414
144.241
147.552
108.466
113.918
107.169
168.086
134.835
109.199
122.647
107.184
173.665
165.008
111.511
133.241
143.992
107.639
178.527
140.721
107.226
139.32
208.992
178.598
171.673
153.849
228.215
171.342
172.56
211.579
189.248
164.447
180.207
315.218
190.613
194.819
241.824
188.631
170.985
223.109
181.042
165.304
218.801
189.15
173.042
253.112
227.734
180.394
178.91
222.643
180.477
164.346
179.215
230.736
189.918
178.233
246.154
172.15
173
228.809
179.233
162.112
171.733
281.643
170.053
188.579
227.357
173.139
156.816
239.47
170.297
170.248
163.222
211.379
173.455
187.794
170.74
223.184
162.034
163.342
211.106
182.439
156.297
263.023
240.015
163.571
187.485
210.098
163.361
173.876
171.026
229.177
180.602
137.413
213.504
171.12
172.481
170.327
232.497
174.417
180.695
227.921
189.271
164.32
187.823
204.887
174.09
159.406
152.858
219.951
165.481
153.462
246.034
166.47
160.282
174.327
229.466
167.038
138.944
160.353
233.928
155.23
150.864
169.737
227.681
153.609
176.496
245.406
173.417
159.497
172.503
208.639
164.17
153.936
236.725
158.617
155.744
159.323
311.215
181.958
179.831
222.97
153.192
161.872
173.177
212.425
164.56
173.958
170.831
238.786
173.094
178.154
212.902
189.489
173.504
149.24
234.35
180.139
171.278
226.944
187.53
155.342
155.568
221.646
173.218
157.895
222.699
175.512
167.774
171.241
201.511
158.695
151.256
172.056
277.76
151.395
170.733
223.323
163.703
158.654
156.346
235.41
174.071
155.767
151.951
231
170.049
178.327
221.199
168.474
159.744
193.922
288.116
150.275
148.176
196.038
162.567
156.97
175.433
208.936
173.398
174.666
174.504
216.902
175.203
166.406
240.609
156.425
162.804
156.921
211.026
178.177
174.391
148.733
213.049
157.857
232.064
203.327
183.455
171.44
167.594
224.906
150.222
183.872
221.575
179.76
179.263
163.259
210.32
187.846
177.68
219.147
180.094
170.657
170.279
216.849
170.775
163.327
229.056
180.369
195.447
162.921
261.793
170.549
188.538
228.312
246.951
179.56
228.128
178.729
170.639
212.602
188.319
164.305
170.958
222.057
176.695
165.376
313.064
169.745
151.041
167.286
206.793
177.207
157.263
215.737
161.131
158.88
166.684
225.872
149.121
150.691
155.967
208.481
171.703
171.917
179.154
212.944
149.041
149.436
153.85
231.417
173.504
158.022
166.282
216.895
169.162
169.199
269.823
156.752
149.271
171.319
248.083
150.481
247.286
203.447
173.801
165.064
159.872
271.433
182.567
170.474
218.598
182.616
172.335
171.38
226.447
180.718
172.632
214.842
164.086
174.632
181.928
218.865
182.177
156.56
166.44
232.977
189.316
171.68
237.177
180.211
173.597
198.936
173.042
140.357
163.218
207.928
166.391
143.609
169.207
218.489
159.481
153.632
150.774
211.094
168.132
149.289
186.542
213.184
149.744
166.688
167.519
217.312
164.064
172.834
212.613
182.147
154.902
177.459
196.229
166.752
156.128
178.714
294.902
161.154
186.903
244.233
196.214
172.632
220.537
172.391
173.207
180.09
223.79
171.503
171.459
227.816
175.831
168.515
180.109
202.447
181.53
195.184
232.008
180.759
172.696
162.184
224.474
211.943
171.406
212.064
179.489
174.474
212.496
171.526
162.042
171.823
211.793
173.342
180.857
162.809
220.894
181.32
189.147
235.469
180.482
172.368
174.015
203.936
163.737
172.447
171.583
238.248
182.395
186.094
223.256
226.985
181.503
219.079
181.985
180.865
162.959
280.345
171.809
236.357
236.624
170.537
172.406
205.388
155.943
148.038
164.113
208
179.545
160.064
160.545
218.639
152.192
179.342
215.255
155.779
149.191
149.688
156.463
205.721
155.696
153.128
165.616
213.91
162.305
148.943
216.29
171.815
157.715
143.27
201.489
172.173
177.218
153.722
225.376
169.744
148.436
162.467
241.255
154.609
161.575
217.624
162.79
148.827
152.718
210.376
235.041
173.775
180.361
236.041
181.59
194.233
229.673
188.493
171.195
227.278
180.632
173.673
298.695
196.41
180.248
172.169
223.222
171.647
187.083
211.357
179.007
179.132
171.03
230.662
171.282
163.906
213.567
179.128
172.32
195.906
231.251
172.801
171
236.113
188.455
179.338
152.079
217.072
179.575
161.992
241.801
170.282
159.669
172.609
198.703
167.955
258.301
232.744
158.136
276.672
223.786
187.632
187.838
170.624
740.59
164.245
246.44
187.376
210.725
179.553
171.688
211.473
180.064
162.831
236.823
221.042
162.319
163.47
231.169
179.625
178.68
179.695
227.128
172.639
171.248
220.696
196.098
181.015
171.601
238.09
173.813
172.936
226.24
188.696
179.943
230.914
164.079
179.545
162.872
216.759
186.64
163.849
186.88
233.534
181.105
173.459
203.447
188.32
172.936
195.233
215.605
175.722
177.27
212.786
196.384
167.049
172.909
240.88
174.274
181.455
222.185
188.184
158.079
183.03
231.507
179.591
181.12
203.624
172.098
154.214
261.895
254.361
181.15
172.571
231.647
187.568
179.928
200.985
187.767
162.192
173.094
210.955
165.184
179.598
226.338
184.726
173.872
168.267
198.398
264.865
152.68
191.861
178.778
156.136
163.44
256.646
179.011
153.391
297.598
179.128
157.82
148.639
329.345
169.613
187.921
221.568
157.335
183.458
161.136
237.582
163.602
158.902
302.248
154.53
157.985
173.429
210.161
244.775
173.801
155.007
209.944
167.458
253.121
216.917
157.192
151.616
172.575
213.594
160.497
175.526
214.368
159.482
158.902
166.128
319.744
163.929
158.154
229.526
164.271
170.169
169.767
227.628
174.74
150.184
169.673
191.433
178.541
161.417
221.696
165.579
153.564
148.928
227.075
171.568
166.369
158.797
310.891
189.973
186.387
215.102
181.838
161.177
231.504
178.161
179.888
164.376
213.872
171.037
172.139
162.985
226.038
188.594
172.376
221.823
180.703
187.906
170.23
215.233
183.064
161.473
210.677
165.786
177.481
165.398
218.88
167.353
157.993
222.271
162.432
150.462
149.85
148.842
210.173
167.241
157.255
153.049
230.271
158.353
175.177
232.981
175.417
164.888
174.139
241.861
182.353
177.665
240.56
147.974
160.44
164.553
228.872
195.064
179.41
210.469
172.297
195.745
225.631
180.662
177.338
171.143
220.56
195.433
186.943
232.467
189.575
179.176
228.752
172.286
180.455
163.267
238.222
186.616
163.079
228.914
172.703
172.09
173.15
211.049
180.59
166.147
168.981
239.632
165.785
157.192
223.914
171.815
179.583
162.282
229.88
171.59
174.113
162.895
225.376
164.488
162.403
203.894
186.951
165.658
166.312
204.384
186.496
154.079
169.662
300.409
163.335
164.308
228.263
174.583
165.335
163.872
227.906
180.398
147.384
162.688
236.218
171.229
188.188
215.023
169.966
153.928
163.944
236.041
181.312
157.391
233.538
176.936
170.447
167.782
225.801
149.872
181.504
233.105
171.015
169.779
178.064
223.725
174.609
165.786
216.59
170.568
150.289
159.357
260.369
169.552
167.147
247.861
172.793
179.951
174.519
209.617
159.552
180.418
216.624
174.673
179.548
170.504
158.786
189.481
187.511
252.831
179.729
178.598
180.312
228.624
180.44
196.331
240.639
188.662
170.913
218.008
178.496
179.376
171.376
234.722
171.041
172.045
229.271
195.218
182.105
171.376
222.023
252.402
179.316
216.94
175.469
180.019
171.748
230.44
181.09
175.809
210.733
179.049
170.026
225.79
180.026
179.661
187.801
251.617
180.455
180.082
234.775
162.902
188.402
228.128
180.105
170.512
169.902
254.282
173.669
178.962
211.591
177.872
161.865
170.071
240.688
163.568
144.53
165.902
220.511
163.339
171.094
152.345
260.2
155.575
159.808
204
157.872
176.568
161.368
215.399
166.522
243.929
179.944
214.654
189.304
160.963
214.391
164.255
169.418
166.015
215.879
172.482
150.383
166.143
245.199
145.034
262.47
208.594
173.376
158.951
282.466
167.493
155.688
159.432
238.793
162.744
153.335
146.049
223.022
159.745
273.24
229.673
196.433
171.782
258.033
190.632
169.887
181.064
217.842
181.966
180.162
228.406
165.985
186.59
171.673
240.504
179.511
165.497
207.721
174.654
180.756
181.222
220.15
164.564
170.181
213.24
169.936
163.948
165.646
208.839
170.184
153.064
172.368
223.087
171.154
179.447
223.399
170.082
172.959
172.703
220.842
181.192
180.462
219.192
169.075
181.455
179.696
188.007
157.47
149.444
182.428
237.56
173.44
186.639
285.41
196.65
180.286
210.729
188.016
152.503
156.583
235.549
171.669
187.368
162.617
233.263
186.857
160.192
220.748
180.955
173.12
229.767
188.978
164.327
171.673
223.703
169.169
173.639
219
180.865
171.894
170.73
243.158
154.898
188.357
236.955
194.335
163.992
172.305
232.646
164.474
178.959
228.432
173.233
170.632
195.609
219.605
164.583
164.537
234.466
168.696
174.383
196.786
209.88
165.44
178.943
277.808
180.32
171.981
230.057
181.545
727.774
191.354
236.695
181.722
191.413
222.079
166.794
151.507
151.237
221.631
161.234
183.496
179.808
222.406
156.906
164.248
298.688
171.959
180.304
208.895
170.985
173.703
187.444
229.229
187.241
154.345
234.752
188.35
173.891
178.902
233.959
172.545
166.47
229.962
166.2
152.078
173.489
218.658
141.008
172.447
165.598
219.819
168.357
172.602
208.353
245.294
173.394
172.143
217.008
189.127
175.271
229.673
168.139
186.846
152.327
223.034
179.278
169.955
212.068
174.161
152.816
169.218
231.79
156.255
158.098
175.207
228.906
181.895
193.206
235.185
175.906
156.439
203.858
162.063
174.613
148.628
235.214
161.846
151.496
160.561
224.977
162
163.936
153.906
215.869
165.368
166.474
176.68
250.12
166.136
158.782
235.691
174.598
163.688
245.12
165.497
163.767
169
300.184
232.88
164.977
321.12
164.192
164.895
165.816
218.526
149.395
161
236.376
167.518
151.376
270.538
211.767
173.921
164.248
231.774
168.008
162.519
173.819
211.861
149.41
166.007
174.049
211.143
163.658
180.406
163.865
204.962
148.869
177.936
202.992
156.075
140.895
165.365
172.684
214.165
157.632
164.594
264.353
143.173
159.887
237.568
230.97
148.286
170.248
224.233
180.338
152.391
173.327
244.218
154.767
154.542
154.609
277.793
181.233
161.286
203.522
180.733
155.764
162.917
219.376
189.891
163.064
172.909
213.211
171.32
172.725
227.098
167.368
168.448
171.861
238.075
181.349
142.121
307.642
183.192
166.741
201.188
160.398
149.008
161.15
207.538
173.951
174.019
157.676
219.241
140.778
268.966
163.17
235.056
140.974
175.56
211.049
156.304
252.087
165.721
206.391
153.064
154.03
168.643
206.824
160.327
148.248
162.575
220.921
156.105
169.327
1991.83
252.53
167.23
179.665
266.21
175.117
174.064
231.169
169.331
172.59
161.455
229.481
154.369
180.03
226.872
176.391
164.97
151.943
274.658
174.718
230.76
229.105
172.327
172.019
208.966
190.951
162.139
166.252
199.451
161.263
188.609
178.47
232.185
152.289
148.105
221.869
153.432
164.658
172.726
212.53
188.845
178.32
224.041
271.121
165.409
160.944
250.342
173.417
166.136
221.56
176.895
159.586
165.256
227.496
173.662
178
214.24
183.985
169.369
165.488
222.519
174.639
175.215
232.657
165.895
175.027
157.233
218.312
165.845
148.944
170.624
216.944
182.646
156.85
217.831
193.026
162.91
158.579
232.631
158.271
149.064
166.049
215.466
181.703
175.023
222.097
174.816
173.775
151.368
206.944
171.161
164.805
203.891
169.68
153.433
306.958
161.76
176.582
167.403
219.733
179.571
165.921
165.214
237.895
169.369
245.191
198.872
190.113
167.136
148.845
282.673
187.324
184.237
265.488
147.921
151.346
166.207
212.782
154.936
255.41
254.192
157.526
169.816
215.049
163.631
180.842
146.128
222.094
174.744
164.688
164.064
213.263
185.139
163.527
168.665
232.256
148.725
144.155
166.368
236.797
164.898
150.215
214.488
172.737
165.966
143.869
163.421
195.034
259.91
173.327
238.827
181.819
165.756
172.041
240.639
175.038
174.169
221.801
183.192
175.037
157.267
232.015
182.617
155.917
204.553
189.473
172.391
166.008
215.688
173.12
180.019
212.838
188.775
165.233
180.936
231.094
182.41
179.496
210.778
163.429
108.022
106.523
128.575
171.624
206.737
177.857
165.03
163.184
235.887
170.452
177.308
215.346
154.191
160.944
173.523
203.703
180.567
163.519
152.368
215.049
165.064
150.215
254.785
199.88
161.312
205.583
169.785
223.414
152.643
153.165
148.673
235.019
160.684
163.515
214.974
188.481
165.278
169.816
262.722
176.432
164.064
213.447
165.809
240.59
159.218
293.696
166.255
159.177
267.24
183.312
160.602
147.007
206.151
181.857
154.481
163.925
204.977
169.831
160.211
149.575
162.305
210.142
155.839
170.601
163.512
203.898
167.301
148.353
308.455
183.639
154.53
169.816
204.831
159.631
165.008
159.049
223.737
156.398
148.474
213.098
223.421
186.353
177.56
220.455
168.921
168.331
166.165
224.752
149.199
166.098
149.079
280.248
155.192
159.624
226.944
179.83
140.531
155.894
220.872
162.256
171.801
150.432
290.594
158.47
150.15
296.027
173.789
164.936
164.617
217.673
185.248
165.545
223.079
159.929
257.767
169.928
224.079
148.831
244.793
213.696
173.09
146.176
158.846
248.113
188.143
173
204.842
163.718
164.703
171.579
214.15
166.489
160.448
177.793
223.646
176.801
177.801
239.846
184.24
170.801
719
239.241
194.007
167.914
226.447
161.869
166.436
149.109
199.537
149.023
166.609
157.162
219.484
170.234
150.688
166.56
235.703
171
140.752
256.624
166.225
157.496
185.809
206.462
158.929
157.007
169.105
241.094
150.681
162.154
215.782
182.594
153.966
160.214
199.316
155.639
154.591
173.552
214.425
153.32
158.601
163.673
213.511
152.271
183.184
337.241
186.176
176.557
186.105
228.936
186.162
177.68
236.733
187.162
177.214
197.936
164.666
174.631
157.658
230.087
154.504
259.567
155.978
225.695
158.718
235.921
207.327
157.042
232.616
149.639
219.354
173.661
174.418
224.936
167.894
179.658
159.158
258.489
180.616
138.113
231.03
175.56
170.955
163.151
277.207
164.161
168.184
220.335
180.744
157.921
162.752
209.752
156.887
152.594
158.557
221.233
158.297
233.27
224.267
173.038
171.673
167.496
222.199
164.873
162.503
167.568
228.226
166.383
147.271
218.146
183.624
169.192
170.207
224.169
153.872
166.824
226.612
161.779
175.951
167.985
212.455
158.808
167.872
158.992
224.41
140.504
251.609
227.526
164.936
151.914
160.831
277.582
174.662
169.914
172.319
239.53
166.895
159.752
231.816
242.233
175.631
225.824
167.977
179.425
170.248
230.199
151.831
175.489
157.255
202.594
280.192
171.534
234.44
187.353
178.094
223.681
184.56
180.928
226.843
172.221
169.824
166.21
234.376
158.782
153.169
230.801
202.654
147.384
158.282
156.609
222.597
163.583
163.248
162.369
231.823
178.579
180.037
202.369
219.68
160.651
166.455
244.255
168.312
182.959
218.921
170.041
154.504
171.925
211.752
160.913
172.752
171.32
223.346
266.503
172.008
204.846
169.034
160.537
149.703
214.361
181.639
164.466
205.557
214.097
205.015
180.568
228.842
170.455
164.91
219.553
185.537
186.993
164.774
215.41
179.079
169.816
228.838
170.707
180.327
179.049
216.59
182.898
172.647
207.218
163.188
178.617
154.657
232.166
201.786
171.672
213.418
188.958
171.192
174.128
217.504
155.24
167.752
179.959
275.992
151.624
159.752
211.049
156.041
144.437
165.642
224.399
150.225
160.655
150.936
216.417
162.199
146.835
164.188
215.24
158.346
180.162
158.534
281.049
187.037
186.801
217.857
188.974
185.417
232.624
168.282
170.831
267.921
246.936
187.214
243.873
191.766
161.794
258.097
242.185
187.045
179.398
225.26
187.534
172.808
224.65
194.929
181.455
231.744
185.831
180.304
203.154
225.613
171.801
186.289
247.719
195.063
187.17
234.718
172.849
188.504
170.335
227.721
170.647
172.289
216.192
181.688
195.339
225.924
181.226
187.44
187.222
224.33
234.703
177.286
234.057
196.248
179.706
226.128
194.245
179.537
232.09
178.655
179.688
170.135
230.906
189.094
162.936
209.68
172.106
169.8
170.222
219.064
202.688
192.504
245.985
169.432
171.12
228.008
187.455
177.552
162.399
199.034
254.759
180.267
227.045
195.809
179.206
284.233
186.681
181.015
245.255
196.275
178.526
170.985
227.369
186.609
178.135
233.214
195.023
183.665
240.666
179.165
225.41
225.214
186.444
179.526
188.049
233.086
187.673
178.414
251.154
194.545
185.617
235.109
168.191
178.557
208
179.428
180.583
179.211
229.135
189.383
195.538
216.575
187.662
194.842
236.481
188.038
202.346
186.094
235.962
194.895
179.703
236.601
195.824
174.894
207.459
140.816
180.624
157.526
230.233
163.959
169.09
223.79
173.65
151.271
162.312
223.545
150.808
173.598
162.763
210.654
166.391
171.09
171.038
305.075
179.173
185.474
242.59
168.985
171.199
233.211
201.751
184.128
186.918
220.849
172.575
143.305
261.673
186.902
202.147
210.413
179.624
173.673
180.098
229.263
165.838
158.064
220.888
154.992
157.587
164.988
226.369
165.176
166.418
149.255
303.993
165.71
165.034
191.301
179.139
163.782
160.368
231.673
172.158
183.312
266.042
164.68
193.128
152.481
240.541
150.275
172.496
216.128
138.079
176.737
163.71
298.56
195.203
186.286
218.057
186.83
187
187.737
225.286
168.65
172.647
236.816
175.067
179.621
209.225
168.391
171.218
160.079
203.914
177.052
160.226
164.192
236.481
149.846
159.338
156.553
231.334
154.88
161.519
221.639
153.395
149.646
142.688
319.575
166.906
147.162
242.124
159.996
171.237
143.496
281.267
138.316
159.064
166.312
216.65
173.696
165.654
196.226
151.849
251.241
142.56
225.583
165.143
172.327
166.289
236.12
186.655
186.954
222.583
188.936
187.218
225.463
187.703
178.289
180.35
778.537
170.711
177.699
171.406
218.222
153.098
160.079
218.594
160
140.406
255.56
203.819
181.655
153.248
160.71
214.226
150.624
150.094
155.458
212.895
159.658
259.831
218.838
168.192
158.376
172.515
231.519
160.417
149.605
215.914
168.504
153.68
183.831
237.24
188.264
170.417
276.038
163.195
180.053
154.402
325.646
169.279
179.977
234.44
185.857
169.688
231.624
187.681
179.206
225.185
187.53
163.229
259.786
234.831
186.24
170.015
233.703
181.113
173.673
232.722
185.391
185.161
177.181
235.891
179.379
175.061
221.03
160.601
158.357
326.523
158
165.071
143.831
227.609
156.624
156.519
191.44
246.019
168.872
176.022
221.455
180.587
152.406
157.895
240.176
150.072
158.255
217.56
173.403
181.906
150.861
318.887
180.722
165.518
227.914
175.229
166.26
221.56
163.767
157.59
174.304
196.504
239.951
179.899
208.534
141.575
190.113
147.368
218.056
163.489
175.639
154.647
220.812
149
176.804
167.688
219.17
168.064
156.248
163.176
214.2
185.417
159.165
313.94
187.278
187.286
209.564
196.143
179.68
212.797
170.53
163.23
161.819
228.989
178.68
181.418
168.894
243.786
172.376
170.673
216.605
178.624
170.801
181.263
336.075
179.421
212.779
188.646
180.177
179.406
232.977
180.2
186.955
212.135
178.263
187.853
233.989
188.974
180.049
173
213.233
163
171.504
187.703
246.992
186.128
164.064
218.646
181.955
177.087
229.255
165.73
175.567
160.846
221.162
168.421
179.643
145.552
221.527
154.161
174.185
206.943
158.038
156.466
173.726
216.056
148.447
150.169
157.106
212.56
187.511
150.079
144.09
215.301
203.714
170.143
162.895
297.985
161.658
151.376
242.654
158.665
180.594
160.839
243.263
165.255
166.76
307.729
159.865
172.15
165.936
212.346
161.166
151.68
190.538
165.12
179.895
157.631
225.207
167.139
159.327
180.624
236.658
175.478
164.56
258.432
186.459
189.06
236.049
163.582
170.147
193.993
212.815
193.576
156.285
226.162
180.921
188.966
229.447
180.538
171.015
152.865
230.894
188.444
195.846
234.015
168.474
152.695
160.433
195.157
247.177
196.338
236.335
187.417
177.752
226.222
185.695
203.85
160.872
228.504
184.993
170.631
223.978
186.951
168.007
219.199
198.008
185.842
167.549
224.304
180.696
168.819
233.158
195.049
168.376
232.376
193.951
203.207
195.842
228.015
180.688
169.786
208.654
180.282
184.737
170.895
230.056
179.887
171.583
242.255
188.313
204.199
226.545
187.098
179.887
215.041
186.583
178.015
163.432
242.395
185.88
249.342
237.338
178.542
156.567
228.199
181.376
188.955
180.688
239.681
181
189.767
203.342
194.575
164.225
221.858
195.462
180.071
170.617
226.808
179.256
146.12
290.936
172.857
155.854
165.594
223.473
189.463
168.519
214.368
188.587
157.567
142.662
220.707
158.485
233.447
148.665
227.369
160.447
167.575
214.324
246.045
187.21
224.726
159.628
148.379
167.444
235.071
166.35
158.936
160.936
204.515
165.485
265.801
253.823
181.921
179.207
256.688
163.985
188.816
169.895
215.409
187.576
168.808
245.071
170.816
190.282
228.91
188.624
166.97
168.718
225.447
165.26
152.477
203.041
182.2
161.567
173.106
223.27
163.575
171.121
207.488
155.658
232.44
157.568
217.936
158.695
173.158
178.282
226.072
164.77
157.805
223.857
168.233
157.184
148.888
229.526
171.913
164.959
165.737
261.233
174.158
148.56
231.594
155.47
160.064
149.041
248.647
178.616
195.41
225.816
188.286
177.823
192.684
244.023
194.383
178.087
222.24
146.707
159.981
192.857
209.474
145.748
158.635
176.711
220.752
184.218
151.222
236.049
163.191
163.256
164.85
220.996
161.496
137.508
158.661
210.496
183.072
163.68
171.41
220.248
155.305
137.413
167.703
222.865
158.553
150.289
222.128
159.214
252.376
169.354
233.022
164.511
179.587
197.218
149.052
161.256
164.771
215.413
177.264
155.161
185.248
221.248
165.655
156.578
152.647
283.906
158.293
148.873
238.921
174.349
164.354
282.033
178.831
179.959
160
237.026
144.263
256.598
228.29
173.898
158.301
152.763
229.805
166.176
164.801
228.312
173.744
178.632
179.511
221.609
174.752
166.545
232.711
203.376
157.537
160.809
222.007
176.169
152.989
229.361
174.334
142.609
170.546
220.15
171.936
157.545
158.256
216.481
175.801
174.988
181.192
216.466
147.215
212.65
212.752
168.639
178.711
157.033
235.406
165.587
180.598
180.394
214.354
161.846
161.695
230.647
163.906
703.815
178.982
221.913
176.594
177.519
151.838
220.17
246.657
221.264
202.928
166.305
166.981
164.673
221.823
158.233
258.199
175.192
213.929
168.688
169.082
197.004
176.147
173.895
168.8
225.207
179.056
154.688
204.64
174.041
156.376
179.049
213
160.334
159.154
171.933
215.075
151.207
263.041
160.504
240.101
158.82
153.917
236.44
172.714
179.023
216.496
186.207
155.665
174.136
206.142
272.249
187.864
284.474
195.462
161.632
314.44
187.154
155.391
220.071
188.132
178.883
188.091
228.263
175.879
180.643
214.812
180.132
170.605
223.233
163.418
159.879
159.959
207.511
185.53
164.974
162.481
218.647
161.034
173.127
154.801
222.087
168.759
159.12
151.154
215.67
160.793
156.03
298.898
169.726
198.154
163.696
212.545
175.774
163.504
216.079
151.417
253.857
146.688
308.369
173.744
166.726
200.921
220.511
167
159.816
287.488
157.275
176.44
205.661
159.29
175.376
159.718
211.658
165.207
164.879
172.752
249.602
184.71
149.978
199.112
177.335
146.447
168.015
209.049
160.575
156.707
175.951
219.794
168.695
249.816
204.68
163.737
150.44
161.605
248.387
175.294
153.184
175.609
197.616
150.632
165.665
151.47
388.23
180.729
243.44
158.816
183.297
190.594
227.823
183.214
172.402
219.839
179.737
173.334
179.929
235.609
181.086
178.263
229.049
196.745
178.785
282.944
204.432
187.519
226.327
188.233
153.463
179.913
217.624
181.474
170.192
219.646
179.993
179.846
186.097
244.73
172.932
185.978
231.887
180.154
186.853
233.331
180.79
169.368
179.816
220.703
181.752
177.282
229.12
204.496
179.511
209.658
268.711
181.631
237.873
181.518
172.034
155.857
236.143
181.662
171.049
209.184
178.267
175.428
179.14
223.206
189.008
178.583
248.161
180.32
157.68
237.448
171.007
181.835
166.406
211.12
195.015
159.823
221.617
162.162
160.176
177.166
215.872
187.267
190.3
202.617
147.914
246.094
175.624
204.992
158.944
147.537
151.072
223.24
162.647
184.816
164.466
236.831
179.455
166.067
218.591
160.582
173.602
146.879
318.264
268.184
178.071
221.575
186.553
181.233
220.575
183.624
159.354
158.135
207.711
168.571
168.861
245.361
151.951
163.312
163.466
235.632
172.616
156.399
193.455
165.503
165.106
160.455
207.409
227.151
140.992
156.418
254.135
162.56
175.639
149.32
212.515
172.782
155.56
206.447
173.369
170.545
161.334
210.064
176.162
183.041
175.278
219.73
164.669
259.729
237.722
171.244
160.233
239.425
171.831
170.944
167.488
227.072
148.162
174.293
178.977
229.346
170.79
187.586
194.526
182.207
171.41
151.406
205.729
266.079
175.53
168.278
219.027
159.921
168.007
233.903
170.319
174.872
153.658
240.008
164.688
164.105
218.173
173.643
170.372
148.368
210.617
162.883
177.094
163.906
226.012
162.962
167.466
222.478
164.966
156.056
151.241
218.011
190.647
183.327
239.511
165.049
159.703
179.064
216.759
166.275
230.958
225.241
160.801
160.725
175.154
206.241
398.297
179.15
234.921
189.519
155.568
217.646
181.531
183.071
167.222
229.729
173.673
175.553
215.101
156.203
153.91
164.41
211.793
245.199
164.057
161.221
215.192
173.417
163.151
198.105
159.064
166.823
174.474
200.553
168.342
171.041
159.32
274.12
164.91
159.721
238.974
161.929
162.785
168.624
218.982
150.793
162.703
165.665
197.936
163.816
173.872
160.079
228.515
167.215
160.026
283.248
149.199
153.959
164
275.44
159.985
173.808
160.102
230.064
170.763
148.229
225.538
188.342
175.778
152.477
220.41
178.759
161.328
151.12
237.481
171.966
159.418
219.823
182.56
152.064
186.887
202.188
161.511
147.489
167.222
220.398
151.027
181.206
168.587
198.413
169.042
249.767
210.688
160.774
148.865
149.417
207.455
167.44
156.255
250.155
202.056
251.617
172.312
225.101
253.808
173.042
215.936
176.613
149.056
161.124
220.436
173.985
161.019
181.816
218.116
168.73
166.567
203.44
161.233
182.56
161.666
245.797
173.8
146.88
185.921
215.455
151.425
251.68
217.609
153.997
174.778
151.113
284.575
150.015
151.425
167.759
214.801
163.064
149.466
157.534
213.985
154.985
165.789
216.609
179.474
175.109
174.007
215.331
150.76
171.894
153.594
276.575
157.049
164.873
222.127
191.414
157.936
175.346
216.022
160.594
150.782
150.354
234.007
152.846
165.587
148.845
184.937
159.218
229.327
180.097
231.76
187.752
189.481
229.173
177.327
149.522
289.546
175.744
158.03
157.936
222.583
162.778
163.526
149.504
214.481
725.042
160.079
164.781
203.779
253.575
168.24
201.546
177.221
158
163.497
198.985
148.552
148.902
154.403
211.398
169.59
187.113
164.512
225.815
188.185
168.323
177.654
205.278
194.955
186.774
227.128
172.403
170.725
218.56
189.376
171.857
168.504
242.44
225.665
189.767
231.034
187.429
179.849
225.711
205.56
180.951
163.44
228.177
172.338
186.767
232.297
180.609
187.477
171.985
216.042
149.62
154.041
208.207
170.936
170.346
150.583
206.834
157.207
155.177
258.88
190.417
259.989
166.751
217.636
156.549
229.962
171.064
219.688
161.165
158.737
158.008
223.267
160.684
157.616
159.715
282.909
175.515
167.576
222.485
191.033
158.121
326.951
157.842
166.071
170.752
310.361
181.222
163.929
227.376
165.736
179.241
222.902
181.184
194.327
156.692
217.981
182.2
170.184
230.68
181.594
164.79
243.545
226.064
163.864
180.489
220.639
213.038
188.692
179.823
240.59
189.278
173.267
231.985
196.624
172.391
208.583
173.865
182.688
170.688
238.026
203.846
171.488
237.568
162.271
155.143
218.274
179.29
171.364
172.835
218.853
161.515
170.895
176.695
224.895
188.128
177.361
219.906
292.568
181.736
220.617
189.271
181.785
220.692
180.553
164.522
170.767
233.327
160.906
273.959
196.105
149.215
149.263
162.346
223.913
178.831
173.278
167.346
237.165
179.297
161.696
235.049
187.015
179.154
173.177
225.462
185.793
173.151
228.616
186.951
178.184
218.297
180.888
188.206
178.106
236.071
179.865
162.955
302.846
179.376
171.263
269.695
183.015
188.226
227.526
195.808
178.211
171.342
237.015
114.985
159.752
157.906
110.774
160.418
136.725
107.068
137.06
107.609
152.226
163.582
103.339
131.428
118.602
124.928
202.703
191.143
109.857
130.737
183.474
107.022
152.696
212.417
167.79
124.282
130.383
211.639
158.865
108.673
155.503
157.455
109.185
146.473
143.79
172.015
116.338
164.384
107.218
158.646
209.944
179.391
199.898
226.384
173.015
168.451
180.365
234.255
180.617
173.455
211.8
156.094
170.106
164.146
215.861
159.643
173.165
171.779
196.887
158.842
170.613
143.759
222.481
162.128
215.128
213.68
171.576
150.793
171.857
217.489
181.789
157.688
169.85
236.413
144.572
271.27
211
168.865
179.598
165.353
219.151
177.962
165.541
225.034
170.057
167.83
164.064
215.993
228.707
167.052
222
172.568
150.921
225.865
162.744
138.654
159.688
175.673
214.049
162.838
155.944
194.658
188.631
149.361
167.854
243.075
166.278
160.665
168.775
224.342
269.387
171.406
210.184
165.369
157.639
186.94
246.804
230.305
169.97
227.526
165.936
241.752
225.233
161.609
159.135
150.463
213.049
163.774
174.729
235.455
179.715
163.439
184.647
242.192
154.65
247.944
295.015
184.184
138.733
223.203
177.534
194.793
166.534
228.85
180.248
182.504
229.958
168.94
176.868
170.602
208.064
156.985
170.801
169.439
210.741
166.929
175.898
205.038
177.263
186.146
218.448
194.665
162.087
149.184
217.226
157.285
163.199
164.068
210.861
172.643
251.086
259.151
189.154
203.229
252.681
185.579
186.022
219.88
185.786
193.518
213.207
162.199
161.685
161.485
138.872
232.695
168.098
157.041
210.797
157.418
175.142
147.944
207.072
155.251
165.173
151
230.482
173.24
159.733
161.816
222.489
156.898
233.03
237.639
163.162
172.222
161.248
241.793
172.034
170.91
224.135
180.948
174.548
176.553
221.196
177.966
183.383
210.135
155.467
164.037
148.019
160.477
250.794
239.233
177.958
244.824
179.879
172.211
235.263
194.696
178.646
233.993
181.097
178.121
171.293
235.767
196.019
178.639
209.094
202.594
171.65
216.575
182.376
158.801
172.902
208.015
254.587
164.293
218.624
163.752
169.594
155.992
215.959
158.098
249.199
159.568
210.752
148.872
169.007
221.959
167.007
166.673
151.361
236.177
167.759
245.177
212.064
160.703
166.376
167.383
233.88
167.466
158.669
160.617
207.034
189.958
162.391
153.346
226.816
186.831
187.707
237.229
178.233
185.902
227.339
188.425
169.101
174.936
219.12
171.305
189
219.662
181.218
180.864
179.617
240.056
185.887
164.985
227.609
188.102
203.808
233.85
172.037
195.794
230.229
197.011
182.271
172.977
224.376
163.023
149.759
218.993
180.034
156.936
159.015
220.541
165.417
160.41
179.59
232.97
151.688
164.79
165.53
203.846
165.21
161.696
231.759
160.801
198.958
180.561
230.105
187.541
173.651
225.703
194.759
179.624
168.587
218.157
188.828
162.845
228.737
202.56
181.391
223.2
187.315
172.203
171.609
747.327
158.628
155.414
156.049
207.879
168.703
174.523
160.887
235.222
164.744
165.561
160.695
217.113
177.808
146.936
214.553
173.176
157.478
162.289
210.624
168.038
140.425
253.928
219.711
150.763
152.696
166.654
227.417
173.519
151.105
208.568
166.391
251.985
161.248
221.703
172.192
164.112
226.418
172.007
165.305
163.752
234.624
154.297
161.718
150.312
202.473
178.391
152.015
312.914
169.519
166.71
308.745
158.146
181.177
147.526
224.624
149.421
163.549
166.839
298.27
171.568
159.568
234.447
154.049
150.376
150.97
204.973
159.305
168.184
155.417
208.873
166.68
149.489
147.086
211.087
152.379
155.207
307.681
152.439
162.177
157.485
213.323
166.527
157.902
169.319
233.794
165.864
155.703
184.147
212.071
161.655
245.518
238.034
165.647
250.496
171.32
216.225
163.929
168.665
164.357
214.136
249.721
170.944
212.335
169.736
159.666
157.631
223.241
158.008
169.27
161.906
228.831
174
150.474
205.421
161.255
150.752
242.658
216.504
166.56
159.369
174.064
242.03
149.721
247.343
320.687
172.313
159.082
163.568
209.68
154.985
152.305
171.868
213.184
167.162
165.072
200.902
179.44
148.635
254.639
228.399
186.503
180.248
227.816
189.335
177.883
172.207
241.098
191.116
178.297
224.136
189.424
188.098
208.511
187.47
195.034
181.696
225.891
181.406
195.113
244.56
205.037
173.466
225.44
173.696
181.27
181.027
204.357
180.162
179.165
226.677
171.958
173.512
181.097
231.448
188.804
189.722
224.425
214.583
170.146
242.278
179.609
168.989
163.602
268.112
158.342
182.73
226.567
167.944
149.41
152.079
221.834
180.245
172.928
163.651
236.846
185.8
164.384
227.128
188.454
188.899
220.744
192.91
142.026
251.008
287.865
166.406
166.575
232.985
165.575
162.004
175.15
212.688
173.15
152.29
156.383
285.271
170.914
175.439
216.632
150.241
252.774
172.752
224.959
168.345
149.929
150.944
228.943
159.312
179.651
213.462
176.744
148.47
186.466
217.786
189.598
151.214
160.459
220.406
159.331
171.327
149.56
209.56
179.887
107.297
107.158
107.113
107.256
108.503
106.418
106.669
107.282
110.207
105.665
108.688
107.094
106.083
105.439
182.711
165.297
171.399
148.751
250.632
168.353
158.801
149.887
220.921
180.752
155.166
160.857
206.447
167.496
170.267
216.327
164.647
168.071
161.531
225.597
154.169
148.906
168.681
227.808
165.263
150.008
176
224.056
162.549
164.387
161.56
200.598
151.632
161.304
164.497
221.206
174.985
157.248
347.553
177.143
159.034
230.695
183.651
161.165
167.977
233.47
6914.55
217.73
171.462
170.929
217.887
193.353
177.485
225.681
178.504
185.759
181.274
223.222
186.865
179.192
233.218
187.526
166.823
258.643
189.553
187.654
180.256
233.402
181.534
172.447
221.402
188.703
163.696
260.191
213.339
180.56
173.62
234.985
202.681
154.21
168.444
221.188
171.973
180.632
209.643
181.519
171.808
179.03
236.169
171.936
172.688
187.008
108.616
142.023
179.391
169.169
236.711
176.146
179.688
240.455
168.944
176.481
249.12
200.297
185.511
234.113
185.598
193.88
225.496
178.248
177.609
177.226
249.285
192.632
171.338
110.534
202.087
172.53
163.857
236.18
188.94
163.981
170.722
234.56
181.03
166.748
253.952
166.015
179.447
142.289
297.151
168.985
165.601
232.591
154.872
157.135
165.662
214.793
175.368
148.752
169.418
232.503
152.312
156.391
236.515
170.527
155.206
154.399
246.913
143
249.929
296.68
153.162
248.861
167.65
232.782
158.752
169.936
156.312
212.857
151.737
159.88
160.102
222.68
167.673
170.631
203.474
150.624
170.136
181.214
234.402
184.744
200.549
233.282
200.895
200.737
232.184
184.711
161.627
169.335
237.094
179.282
202.297
236.71
185.106
176.293
240.88
185.473
172.015
223.279
177.635
185.007
179.222
235.387
192.967
192.368
215.312
168.545
185.681
226.071
185.568
179.432
192.44
209.143
177.368
174.399
235.943
183.019
150.737
234.199
186.278
186.448
171.658
231.703
193.849
169.102
259.722
193.609
176.917
271.282
170.959
160.736
156.414
214.218
239.368
172.136
282.503
164.786
162.583
160.778
228.03
158.831
159.083
141.022
211.169
188.305
165.015
153.71
212.576
168.823
164.041
212.553
690.914
166.142
255.632
211.992
148.952
159.154
152.334
238.192
148.233
153.726
170.255
205.233
159.951
168.891
212.767
159.384
170.289
165.185
231.951
154.575
152.966
148.602
218.601
166.752
173.921
159.086
207.568
160.666
167.078
317.072
186.289
186.91
204.474
178.91
184.921
172.24
244.433
180.353
202.917
258.049
195.914
175.71
208.079
175.929
171.082
150.733
229.264
172.68
176.929
200.199
173.368
158.121
156.112
212.647
161.602
176.616
174.447
209.185
159.879
151.967
180.8
220.459
143.575
161.072
215.488
165.294
170.353
166.361
214.327
161.481
150.767
169.218
220.071
162.655
166.376
141.703
210.451
255.943
175.857
206.959
177.647
169.105
169.673
308.853
171.568
194.673
221.15
180.38
171.925
228.026
195.199
177.256
191.071
237.106
149.575
158.398
223.636
164.199
164.594
150.143
211.966
168.928
165.519
168.433
258.673
160.048
180.271
202.639
167.944
166.778
155.816
282.312
159.958
150.553
157.417
218.512
160.086
148.936
158.673
214.673
154.455
173.545
217.207
180.143
162.383
173.387
215.286
163.184
159.801
322.041
181.937
172.575
158.541
225.387
153.91
150.722
305.214
180.872
195.008
227.639
181.21
181.143
180.128
236.963
188.3
163.459
227.895
180.391
172.921
180.432
227.071
177.809
170.752
235.304
178.256
179.079
174.338
213.368
157.782
167.091
218.669
151.722
149.12
148.966
201.402
165.166
162.985
169.417
221.158
172
147.199
152.275
223.282
149.06
163.894
152.865
312.241
147.552
149.715
229.116
167.113
153.12
176.297
235.342
159.624
153.049
144.944
218.368
150.921
180.527
237.992
187.44
170.53
178.808
227.576
177.879
152.936
235.711
162.184
160.673
157.511
257.233
176.361
159.966
152.403
208.996
149.019
149.56
139.647
214.375
148.346
171.538
138.966
226.165
151.658
164.703
185.192
210.256
148.034
156.567
157.887
225.079
165.132
152.868
157.523
196.229
157.154
163.305
206.872
164.169
165.534
152.594
299.335
169.488
166.967
174.823
210.699
148.365
158.154
157.406
223.425
162.353
151.959
168.511
206.199
163.538
238.022
222.203
170.158
160.155
182.845
225.594
158.869
170.77
212.775
252.827
163.485
156.729
220.824
172.21
159.673
221.508
170.018
165.873
166.116
236.545
178.496
158.008
158.432
224.177
170.97
172.959
305.567
160.575
163.305
223.071
166.643
157.128
187.816
246.661
165.937
156.887
229.488
154.091
169.782
175.071
217.369
164.601
158.207
155.447
227.12
160.937
151.721
297.583
172.41
163.966
168.09
286.429
175.289
209.087
258.744
165.658
162.966
252.688
171.504
165
167.703
216.09
173.305
164.661
266.192
165.808
249.211
230.71
172.944
152.184
171.545
202.681
165.816
185.616
215.68
162.801
159.06
148.936
219.064
182.064
148.872
172.068
229.511
168.512
152.297
224.03
167.951
173.319
172.985
212.023
168.601
158.264
167.323
232.647
167.27
165.433
217.624
153.274
148.053
159.146
151.639
217.767
152.873
273.8
235.88
157.71
163.489
215.324
151.214
262.462
171.857
214.583
152.714
150.519
297.647
169.255
162.561
174.864
228.978
172.214
161.248
150.218
213.35
179.282
169.511
219.808
145.553
187.583
167.834
210.248
169.591
151.537
217.128
169.327
159.718
174.511
216.963
149.406
172.353
160.504
307.289
159.76
166.782
215.049
257.079
183.962
243.271
182.567
167.44
161.44
252.601
259.527
160.297
237.631
181.835
179.662
215.65
184.902
173.278
289.523
187.831
169.759
164.177
217.823
180.474
179.774
226.384
180.346
161.597
171.155
298.312
187.887
188.113
253.191
189.106
211.966
244.071
185.978
177.541
245.729
170.831
180.899
216.793
178.91
178.319
171.688
237.666
181.312
188.782
238.714
180.534
197.026
227.199
178.745
180.951
220.511
172.098
169.15
172.681
208.56
203.255
171.106
181.199
220.15
196.553
179.481
242.399
187.481
171.793
243.902
171.568
172.786
188.71
237.823
179.572
188.639
218.534
179.177
179.567
218.113
169.808
170.951
188.985
218.282
170.399
188.695
210.241
187.624
163.88
146.033
303.068
196.436
172.109
218.354
179.041
196.158
209.816
181.225
175.485
165.139
237.688
170.951
162.944
210.199
166.474
156.192
216.985
205.924
165.715
168.973
173.786
250.151
172.672
185.098
210.504
166.327
158.737
155.334
227.034
175.88
184.872
228.59
187.064
170.568
185.771
246.086
186.072
171.056
228.417
170.335
164.176
179.531
230.605
178.44
181.026
218.447
171.846
162.433
173.127
275.354
172.59
256.056
212.816
157.29
162.432
148.959
728.8
174.264
177.943
179.147
209.312
158.567
159.591
213.767
160.018
257.03
159.155
203.951
147.59
165.312
166.226
191.142
158.497
259.169
221.015
155.782
137.177
154.375
215.218
179.046
148.883
169.56
350.015
171.35
187.955
241.504
171.462
161.53
242.271
177.376
178.567
163.312
219.512
202.443
179.357
227.666
189.519
170.27
229.545
197.624
171.207
170.85
226.985
187.831
188.064
241.199
194.113
180.375
217.929
189.038
181.601
169.203
238.414
172.12
188.767
234.56
196.338
179.406
221.444
188.925
195.616
229.519
197.218
196
179.575
243.44
172.271
157.97
222.865
161.951
162.894
168.632
239.049
173.895
176.304
192.673
174.921
149.681
185.063
228.192
145.542
165.755
159.654
203.647
148.432
156.681
164
211.793
166.086
156.369
152.391
227.722
144.424
269.455
274.895
173.177
158.503
201.696
165.737
152.864
161.391
220.467
167.03
181.135
168.944
212.071
161.011
164.448
172.823
228.632
165.887
148.515
305
166.534
164.567
178.467
227.184
165.278
170.248
156.53
200.895
167.173
168.692
150.552
217.087
173.349
171.282
322.256
210.955
170.958
218.873
200.56
194.639
237.703
190.496
187.696
172.135
234.331
180.015
170.838
250.44
197.466
186.376
246.568
194.838
179.192
244.823
179.947
186.038
231.12
178.418
187.752
179.345
229.903
179.8
159.087
148.398
227.978
161.255
161.271
215.729
161.143
157.553
170.12
232.162
163.455
157.695
157.44
257.572
171.684
180.338
240.902
171
157.929
160.113
213.951
156.895
160.488
209.545
240.824
171.906
166.222
241.176
171.793
162.79
220.921
163.729
157.279
159.83
225.594
163.914
153.568
154.308
218.331
251.406
168.402
218.68
160.647
250.65
167.606
279.142
150.177
171.169
208.222
158.602
165.368
150.447
303.824
166.8
150.136
168.737
241.383
150.09
149.433
149.229
198.211
166.398
150.184
158.286
226.316
157.094
167.064
168.026
196.534
164.744
159.76
229.977
179.711
167.951
170.082
203.929
164.278
165.575
242.56
246.779
191.116
188.865
219.289
180.831
195.32
246.977
180.587
187.406
225.432
163.41
186.534
189.248
236.12
162.654
185.801
243.774
187.936
170.327
247.523
199.752
177.857
244.782
186.692
187.797
188.191
261.553
187.929
244.703
196.898
181.549
178.977
254.504
203.929
196.248
241.985
163.432
254.365
234.827
164.293
186.177
260.425
183.086
150.842
170.384
216.199
184.007
164.192
301.955
181.229
187.929
241.624
188.978
184.631
170.966
227.218
169.816
180.718
245.936
196.752
188.658
219.951
193.624
181.73
222.654
198.936
165.353
165.102
235.075
166.639
175.192
180.496
280.928
170.264
157.575
312.816
167.624
163.319
225.256
166.368
175.192
245.256
172.064
187.751
156.715
228.349
169.211
163.173
167.225
271.012
148.654
171.191
210.816
168.872
165.008
172.376
221.015
165.447
166.97
172.745
272.368
171.214
180.185
218.906
178.293
187.571
211.677
178.425
180.417
195.789
233.801
179.681
186.759
212.241
177.913
171.647
243.823
180.305
196.8
172.2
248.033
147.249
191.518
198.873
270.721
163.316
226.53
176.369
159.759
156.775
291.586
175.256
147.27
208.839
175.473
171.369
147.958
212.993
148
175.177
154.289
199.639
158.369
151.12
168.673
235.165
181.256
164.169
184.658
223.177
142.917
149.545
149.008
287.59
180.737
170.928
246.553
203.609
163.485
226
171.504
178.984
244.064
198.034
180.696
180.56
225.793
198.365
161.312
238.466
168.143
151.594
154.135
209.47
159.098
169.037
227.275
154.15
166.41
167.12
217.32
148.91
185.819
163.925
275.752
152.248
180.41
234.846
180.394
160.478
283.297
183.489
150.496
170.207
205.8
174.752
159.042
156.924
200.083
171.368
162.177
172.094
201.098
169.447
158.128
159.47
303.538
187.973
176.929
205.368
170
163.027
164.845
297.395
180.045
172.865
202.857
186.681
179.172
227.29
179.135
146.515
172.711
235.455
172.872
172.831
178.53
205.68
164.151
161.353
207.782
179.929
180.815
180.696
234.992
182.113
181.553
226.278
196.658
170.928
173.008
229.177
170.853
162.098
102.526
131.594
172.902
172.233
153.767
224.169
167.2
164.8
152.32
213.462
160.346
167.624
174.696
220.786
166.766
159.32
231.737
186.71
163.327
250.786
232.568
178.688
159.192
234.071
187.913
186.121
223.496
203.504
179.639
192.56
228.801
181.526
184.553
219.616
177.624
186.17
206.18
161.004
178.789
178.523
226.406
178.958
177.88
662.771
233.15
168.384
164.609
165.673
270.304
148.113
171.59
220.737
148.985
151.334
147.839
204.131
161.448
167.695
159.335
234.722
173.59
157.391
157.368
217.241
158.511
157.241
155.086
300.451
192.985
185.38
221.282
155.857
162.902
166.786
227.237
156.53
163.312
144.553
291.398
166.921
152.568
218.256
156.488
144.192
174.481
206.015
166.312
153.816
150.872
202.448
156.8
169.023
167.425
238.402
154.831
161.782
163.507
226.207
164.575
173.609
210.463
164.143
168.984
164.745
220.064
166.894
167.132
153.556
210.346
171.03
140.546
167.082
206.583
148.801
176.966
226.737
154.503
176.264
154.135
236.985
151.071
158.737
161.504
252.162
157.958
155.184
155.711
223.617
164.744
159.568
218.977
171.278
171.312
168.226
220.511
174.831
158.834
222.489
178.03
157.418
156.654
258.327
177.274
148.56
149.718
241.354
163.545
174.101
208.482
172.052
166.105
167.516
208.966
171.706
158.391
217.106
170.101
163.305
144.086
325.12
148.891
171.549
175.978
184.477
241.233
167.064
235.496
156.32
245.906
229.91
165.368
169.008
186.394
211.888
182.079
167
287
166.263
163.714
182.135
222.286
189.835
151.263
221.703
155.553
169.601
165.263
215.151
169.417
165.737
171.97
205.669
158.319
172.602
171.673
195.455
159.808
149.214
162.241
229.688
159.233
172.432
205.015
184.696
172.849
155.662
208.459
172.864
149.982
165.759
235.793
157.602
261.206
208.376
169.042
164.928
140.951
215.624
161.158
161.504
166.019
235.263
157.688
151.91
161.744
214.305
148.842
151.816
162.064
227.631
150.808
365.688
267.966
123.192
107.29
170.879
107.158
167.914
167.624
133.928
108.098
183.726
181.823
106.361
167.481
184.478
218.097
151.008
116.44
159.282
189.455
107.439
127.801
154.079
106.256
189.022
156.29
109.808
157.466
181.549
175.865
109.729
143.008
131.022
107.226
200.064
157.985
109.541
141.665
133.128
160.688
139.496
167.015
107.008
141.41
219.831
126.432
111.977
166.527
111.432
137.639
144.417
107.03
150.113
178.075
225.933
171.857
186.936
229.312
188.575
169.587
226.334
162.639
169.56
159.865
298.015
181.936
171.106
222.048
159.504
161.312
169.286
227.304
181.482
156.398
156.97
227.15
161.29
168.519
225.857
175.282
162.91
177.966
219.297
242.105
163.703
163.504
233.658
147.936
251.413
207.722
168.15
189.369
170.594
219.917
160.496
150.17
151.199
230.319
167.324
177.135
224.365
165.24
165.128
158.808
210.715
164.398
148.91
148.338
211.966
157.906
150.414
256.891
210.135
152.192
158.41
150.725
204.858
165.342
270.921
229.823
198.466
181.463
181.233
220.079
172.823
172.658
218.59
190.545
165.248
288.177
189.35
173.736
173.985
218.455
171.895
166.274
177.703
219.497
172.913
174.489
223.421
182.289
172.305
181.511
208.906
172.88
155.669
229.049
181.47
178.049
180.778
228.368
180.617
172.5
229.459
182.312
164.327
180.597
254.97
163.538
244.079
222.455
176.68
161.312
162.715
208.485
171.635
171.116
224.602
217.511
176.072
178.507
213.045
157.575
167.922
212.65
166.669
160.226
161.24
226.166
172.379
174.357
158.384
216.248
173.759
165
158.41
296.936
171.482
173.383
227.823
181.745
165.838
266.305
168.398
167.12
147.354
230.594
168.902
150.654
164.068
227.263
169.271
156.447
209.071
151.508
161.823
164.278
211.873
177.184
157.579
162.661
215.624
172.666
195.304
154.741
256.162
171.135
172.474
228.142
160.561
161.703
160.695
296.729
179.482
188.477
233.466
169.936
197.485
219.41
188.12
194.967
232.451
210.695
187.278
245.88
196.44
193.53
248.966
208.44
180.639
247.729
195.211
177.455
180.398
242.376
177.846
187.609
224.684
187.094
181.391
226.297
180.207
186.951
181.741
227.334
196.865
185.222
217.906
200.447
185.936
228.504
190.421
192.812
275.861
178.481
179.207
162.41
295.406
169.395
159.319
247.677
228.297
186.162
217.894
192.553
178.943
158.512
225.007
186.169
176.858
224.646
201.128
186.97
225.887
186.376
178.872
177.594
219.997
185.687
159.076
245.436
189.872
146.169
274.135
177.147
169.598
187.319
211.17
172.289
180.752
157.03
218.256
170.218
180.53
211.003
174.267
174.67
163.466
219.462
167.842
159.617
173.079
219.902
171.729
178.519
219.538
163.079
173.27
166.73
223.049
168.83
144.936
161.722
235.369
223.361
173.718
217.53
164.259
160.267
173.759
211.88
165.959
163.267
160.109
237.064
156.255
151.545
164.282
228.737
167.391
158.143
142.32
230.545
171.342
170.075
217.045
155.752
148.169
166.346
231.541
169.752
670.835
169.879
156.929
201.932
234.113
148.752
172.707
214.327
170.263
170.425
221.353
188.733
149.835
164.575
223.76
162.665
159.312
178.462
271.88
176.184
152.327
219.85
169.583
158.526
153.816
318.169
180.793
160.602
211.534
173.063
153.843
171.973
239.44
162.714
149
162.433
215.064
174.624
174.518
231.328
178.751
177.816
154.666
247.872
161.263
160.759
149.658
220.542
179.68
148.85
155.951
232.064
160.992
150.872
164.737
201.256
147.158
148.714
156.59
215.887
147.985
248.369
226.398
188.835
169.086
171.403
214.12
159.56
176.925
162.522
235.286
152.793
162.497
149.248
234.925
165.481
148.913
220.376
173.256
158.68
233.76
214.631
150.241
160.872
172.184
199.647
248.53
255.391
225.752
172.368
148.064
240.816
226.338
156.23
153.928
150.286
213.801
177.353
160.135
206.703
163.282
169.113
161.35
216.41
171.496
164.654
166.85
207.879
183.35
159
177.019
217.737
156.157
253.17
213.654
178.425
162.063
166.271
233.823
159.865
161.872
162.113
228.872
148.752
159.312
166.602
222.319
150.76
165.545
184.255
250.993
175.128
171.533
151.553
312.929
174.921
162.263
205.086
146.241
170.85
156.496
225.838
147.97
148.072
151.432
164.774
199.865
159.496
156.184
308.008
163.263
145.899
169.582
212.143
249.88
261.376
208.65
163.605
178.275
156.222
235.218
165.417
168.917
170.587
224.989
164.672
178.448
169.282
213.109
161.507
173
199.534
175.831
162.034
155.673
203.391
162.488
167.711
150.808
202.97
155.463
163.21
159.229
143.233
227.207
161.993
148.864
176.711
209.56
177.635
174.861
208.312
179.17
153.879
156.143
216.857
166.59
179.745
164.056
209.745
178.785
167.73
167.109
218.112
153.155
153.526
219.071
169.023
171.823
179.252
212.342
150.88
170.609
163.568
227.424
159.951
161.703
166.824
221.752
153.473
147.688
149.162
213.695
175.072
161.041
162.391
214.079
174.263
157.128
157.338
195.286
179.538
177.135
156.985
233.47
164.793
172.959
155.113
227.823
162.154
159.169
161.136
276.135
163.214
207.376
107.169
107.233
107.2
107.312
107.165
108.921
105.417
107.463
109.658
105.887
105.774
108.696
105.714
107.199
107.2
156.552
159.064
270.233
169.158
152.617
206.376
170.77
173.455
174.312
211.993
164.278
157.906
319.816
147.654
167.722
149.597
154.858
237.688
182.657
158.121
208.639
162.222
178.327
158.041
221.346
154.914
265.797
239.992
160.831
164.383
164.26
243.518
178.726
148.906
202.56
146.775
168.579
159.567
234.429
186.417
163.447
169.771
226.639
165.76
175.447
244.026
180.425
158.564
259.226
208.417
140.199
160.602
163.646
228.32
147.665
169.121
218.12
151.319
170.703
150.895
203.098
163.921
167.71
144.978
291.816
159.973
257.576
196.439
164.403
169.361
168.18
221.744
168.467
160.071
164.015
247.538
151.413
176.515
150.91
222.353
151.944
181.496
209.282
173.057
179.894
166.008
248.304
188.418
162.688
218.015
169.902
157.24
141.786
215.47
162.143
176.906
159.049
278.748
211.906
170.361
202.184
174.936
166.166
173.849
240.361
177.936
147.921
155.606
228.624
158.071
168.793
220.703
185.331
156.669
243.256
260.263
154.41
174.958
207.027
171.977
139.271
254.098
212.158
166.409
149.181
180.082
204.5
163.666
172.417
167.959
232.673
172.759
159.248
212.203
179.215
165.199
178.24
222.286
167.673
168.703
163.827
217.327
174.632
159.68
207.335
180.049
158.722
158.157
233.722
149.278
164.433
172.767
247.12
197.914
186.83
219.44
180.857
194.482
218.687
187.485
179.538
173.681
232.293
188.755
178.831
235.88
177.774
186.673
226.184
171.177
178.297
164.177
261.789
188.361
156.064
216.624
188.696
186.079
169.53
244.68
180.481
202.301
235.26
179.484
179.346
248.215
173.097
177.561
221.086
195.034
172.725
170.929
205.575
187.496
178.151
208.537
180.824
169.721
189.474
231.733
177.955
184.974
244.218
205.376
148.368
221.797
177.636
195.094
187.12
219.135
179.617
164.184
302.808
195.936
170.312
225.944
177.695
180.873
185.342
201.714
155.207
174.289
236.241
182.974
166.857
172.894
208.609
174.455
165.624
206.561
164.481
262.909
160.779
210.703
168.097
148.839
313.767
174.665
180.519
165.609
211.759
178.865
168.335
223.297
174.943
178.136
168.714
230.782
155.511
166.835
254.406
175.154
159.398
152.85
228.425
180.112
250.064
211.271
168.936
162.421
187.147
231.056
194.775
156.815
252.625
187.567
165.944
237.71
172.85
165.383
181.737
243.218
169.057
188.752
228.845
171.098
173.846
213.857
177.993
174.455
176.969
214.143
246.85
712.015
238.929
169.725
151.376
176.553
237.44
162.744
179.568
206.992
163.192
163.15
175.233
219.147
164.383
173.545
197.839
168.695
174.263
168.136
328.451
183.853
156.466
268.256
168.782
161.259
154.406
213.2
171.785
154.294
145.906
213.041
157.102
165.09
157.582
220.888
160.688
150.849
222.809
171.007
156.639
167.207
257.714
159.207
158.944
165.319
231.936
166.538
185.526
226.226
145.263
161.744
159.985
207.199
186.655
157.048
222.978
162.646
165.016
151.522
215.15
160.057
173.376
171.064
230.631
166.647
156.624
232.041
180.722
153.094
158.432
215.715
161.485
147.203
164.361
222.391
149.285
190.098
148.56
217.064
165.917
250.091
218.767
161.289
169.823
169.263
210.865
179.32
166.906
209.661
161.497
260.688
220.879
173.696
155.353
151.151
228.233
150.184
167.842
161.853
231.128
169.515
173.752
172.902
203.786
169.06
170.489
238.849
171.271
171.872
160.218
278.463
183.113
166.334
228.602
163.304
163.286
160.936
223.936
171.233
155.887
211.891
163.621
162.872
182.161
251.831
157.865
177.992
224.816
166.681
162.112
181.463
298.338
181.199
186.839
244.44
179.857
188.966
257.162
170.518
180.568
219.083
180.846
152.992
163.775
209.688
170.056
163.071
162.609
301.418
179.135
172.226
219.958
179.241
170.094
171.688
235.267
181.752
178.112
229.591
154.879
181.455
163.233
218.384
188.376
162.361
225
156.511
155.105
171.008
226.432
173.383
179.888
178.815
216.515
153.527
163.037
220.26
180.676
162.85
171.793
220.357
190.388
172.15
283.432
202.512
178.815
235.023
187.139
162.481
229.726
186.872
193.098
160.534
232.616
179.327
188.857
236.335
182.105
185.993
244.646
179.842
169.053
179.29
237.225
195.143
173.071
223.816
165.027
172.236
163.004
230.541
155.376
158.658
202.087
169.064
148.639
180.248
208.816
185.511
160.338
150.263
216.44
149.369
150.383
178.09
225.391
245.952
161.759
224.297
173.616
169.944
175.951
237.354
168.439
180.824
168.304
279.057
173.342
167.067
225.222
155.959
160.53
150.007
252.226
164.974
181.135
167.192
225.985
166.267
184.357
219.97
151.101
176.824
166.778
235.015
155.417
168.32
166.47
229.458
160.463
173
203.688
170.977
180.064
154.263
243.369
166.646
169.899
212.894
175.369
158.823
259.703
209.369
162.759
138.026
156.455
243.113
166.455
161.898
224.03
175.936
172.034
150.613
220.09
169.128
158.406
158.85
213.744
171.583
155.361
268.823
187.391
181.064
181.075
233.549
182.955
187.534
229.8
201.688
162.312
150.914
214.263
263.831
155.673
215.917
167.09
251.391
310.722
155.128
173.135
175.673
233.263
170.609
170.952
160.609
214.455
183.071
168.162
230.789
171.105
171
160.895
298.827
168.421
152.575
154.042
212.082
158.47
161.497
148.951
236.665
165.248
167.718
164.763
225.989
163.312
146.395
250.519
184.718
155.992
148.929
203.793
182.88
176.192
180.552
212.199
163.831
180.553
232
171.177
167.383
170.624
217.921
159.256
170.327
171.958
283.497
159.154
169.24
203.989
190.921
148.384
149.992
220.56
182.335
167.793
168.233
197.162
165.47
164.511
307.451
161.711
11494.8
107.203
107.191
107.192
493.872
107.222
107.211
107.27
107.106
107.199
107.192
107.233
107.297
107.094
107.199
107.192
107.319
107.169
107.282
107.03
107.215
107.267
107.263
107.169
551.534
107.785
106.688
107.136
594.56
107.184
107.312
107.072
107.33
264.185
107.229
107.383
107.162
107.038
107.218
107.297
107.094
107.338
107.056
107.222
107.192
107.199
107.184
107.297
107.121
107.206
107.234
107.406
106.962
107.177
107.191
107.207
107.226
107.199
107.192
107.191
107.2
107.154
107.255
107.286
107.113
107.177
107.327
107.161
107.128
107.207
107.241
107.169
109.646
104.722
107.448
106.958
107.207
107.883
106.606
107.12
107.177
107.361
107.135
108.921
109.229
103.545
107.057
110.255
104.121
107.214
108.432
109.512
106.146
1242.15
183.658
182.165
1077.79
106.872
107.226
107.158
107.225
107.2
107.206
107.2
107.24
107.147
107.263
107.135
107.226
107.229
107.154
107.23
107.176
172.824
107.112
1392.16
107.158
107.211
107.199
107.222
107.21
107.184
107.215
107.218
107.319
107.045
107.188
107.2
107.488
106.918
107.225
107.425
106.966
107.207
107.169
107.248
107.169
107.2
107.169
107.214
107.233
107.184
107.2
107.206
107.17
107.214
107.218
107.199
107.199
107.2
107.443
107.192
106.966
107.199
107.177
107.233
107.177
107.173
107.24
107.32
107.135
107.139
107.207
107.207
107.203
107.158
107.274
107.151
107.214
107.184
107.184
107.233
107.158
107.211
107.24
107.497
106.861
107.195
107.286
107.143
107.267
107.101
107.226
107.206
107.17
107.214
107.218
107.207
107.21
107.327
107.057
107.191
107.207
107.335
107.267
107.007
107.158
107.226
107.206
107.185
107.21
107.181
107.394
107.03
107.185
108.928
107.737
124.902
201.884
188.214
271.711
172.601
175.767
1493.87
168.157
166.275
1430.26
190.342
166.057
1238.21
107.222
107.203
107.199
107.312
107.214
107.091
107.184
107.173
107.225
107.2
107.334
107.075
107.17
107.436
619.402
107.199
107.271
1449.5
179.936
183.474
249.319
166.32
170.353
191.045
797.331
177.662
190.391
1369.27
162.887
182.921
156.463
1372.88
177.752
155.275
1119.52
198.647
189.226
174.12
1376.51
189.801
168.334
889.455
200.139
184.662
1358.67
191.278
157.481
1348.06
160.895
162.834
180.135
814.128
183.256
183.474
949.597
151.064
186.218
1385.29
186.545
177.752
198.391
938.154
186.568
172.176
1352.81
184.951
181.808
781.406
181.594
165.207
968.647
174.315
163.959
1427.44
149.951
164.624
159.617
1470.77
186.297
155.335
791.68
175.827
200.831
171.342
1419.71
188.327
157.2
765.793
175.646
152.128
161.673
1365.08
197.136
152.112
1362.54
183.094
164.545
178.722
989.831
155.041
178.613
789.176
188.888
170.962
1358.84
173.587
169.917
162.064
1359.27
179.526
164.688
799.786
174.981
169.496
192.249
1382.99
177.56
166.057
782.079
176.312
183.594
1385.96
187.128
185.729
1330.31
190.101
172.85
165.086
798.73
185.12
169.256
1386.72
218.812
185.91
1363.87
182.015
167.646
145.658
954.034
164.293
171.594
1392.67
175.496
181.755
164.718
809.234
180.71
164.278
179.696
1325.61
176.714
154.703
1352.44
177.992
165.343
166.849
1361.57
170.312
168.943
158.512
803.921
165.041
155.049
154.15
1377.71
186.282
169.857
1350.09
184.406
171.14
169.894
1347.01
185.304
199.617
819.966
183.196
167.548
1373.56
195.007
164.737
167.793
1383.8
175.47
142.184
179.85
888.47
188.334
185.978
1375.14
186.617
160.872
1343
185.121
176.969
170.376
788.015
187.455
178.185
1942.23
187.718
170.304
1378.49
107.199
107.177
107.192
107.424
107.049
107.199
107.121
107.248
107.192
107.169
107.222
107.24
107.226
107.135
107.177
107.229
107.177
107.225
107.207
107.192
107.199
107.203
107.184
107.207
107.184
107.399
107.09
107.135
107.2
107.199
107.199
107.177
107.207
1565.45
107.041
107.169
107.2
107.21
107.215
107.184
107.165
107.41
107.022
107.203
107.264
107.15
107.177
107.199
107.665
107.015
107.019
107.094
107.226
107.207
107.368
106.992
107.241
107.192
107.188
107.195
107.207
6851.13
204.327
186.353
797.831
193.602
177.853
1372.52
185.816
185.12
807.895
184.97
178.526
1374.1
107.214
107.184
107.185
107.24
107.342
107.034
107.214
107.218
107.185
107.214
107.214
861.211
190.045
173.154
779.41
184.831
158.233
160.605
2047.55
178.711
174.609
1355.8
184.591
178.12
1356.79
177.617
174.729
1963.84
224.56
181.241
194.455
1386.18
172.459
168.989
1481.62
187.424
166.128
199.139
1385.28
170.597
171.737
2135.1
633.782
201.714
160.677
150.09
2001.42
216.428
177.17
1408.79
186.534
184.955
1382.34
191.447
175.226
1395.56
191.463
177.353
162.782
6225.5
199.409
177.688
234.873
156.466
156.91
220.048
147.76
292.222
156.53
225.263
163.624
150.522
161.023
231.47
174.139
163.109
165.147
1406.97
147.943
162.625
1280.15
107.192
107.207
107.233
459.376
966.071
107.222
107.147
107.206
107.233
107.207
107.184
107.346
107.173
107.09
107.166
107.24
107.177
107.192
107.225
107.32
107.049
107.199
107.199
107.233
107.158
107.211
107.199
107.447
107.038
107.117
107.379
107.042
107.199
107.184
1748.12
107.241
107.233
107.158
107.199
107.184
107.267
107.166
684.417
107.376
736.793
107.166
107.161
265.865
183.248
795.327
173.617
158.654
1349.42
208.226
795.462
691.282
214.981
180.072
178.883
1539.63
130.398
107.218
126.748
786.515
199.918
170.368
174.722
1366.32
194.91
413.763
107.03
685.076
166.391
154.808
964.887
107.229
107.369
110.771
142.165
164.297
161.417
859.121
191.319
162.568
1377.04
177.181
177.748
1344.76
174.293
157.226
887.767
188.496
166.353
1592.77
195.56
178.782
902.425
197.688
1193.67
199.673
651.454
756.703
210.361
179.207
1800.6
246.624
166.631
155.752
821.271
107.128
288.368
187.808
194.752
1463.06
186.192
175.218
1378.02
194.425
178.744
161.489
1362.56
107.192
107.255
2279.34
207.695
249.512
229.97
170.902
169.714
165.015
267.384
167.011
165.974
1688.82
225.903
107.161

------------------------------------------------------------------------------------------------------------------------------------------------
max val(#9287) = 11494.80us
min val(#7789) = 102.53us
peak-to-peak = 11392.27us
mean +- RMS = 200.95 +- 202.50 us

packet size: 516
number of packets: 10000
RATE = 20542.80kbps, PPS = 4976.5
