Destination address set to 01:1B:19:00:00:00
Defaults: 01:1B:19:00:00:00 or 01:80:C2:00:00:0E
SIOCSHWTSTAMP: tx_type 1 requested, got 1; rx_filter 0 requested, got 0
setting ts_flags: 0x53
new ts_flags: 0x53


gap of hw tx time, us: packets 10000:
------------------------------------------------------------------------------------------------------------------------------------------------
0
107.064
107.199
107.192
107.225
107.301
107.098
107.195
107.181
107.203
107.222
107.184
107.214
107.177
107.21
107.188
107.218
107.211
107.173
107.218
107.214
107.177
107.191
107.2
107.191
107.2
107.218
107.361
107.045
107.195
107.181
107.195
107.237
107.218
107.184
107.143
107.241
107.199
107.218
108.305
110.661
102.752
107.049
108.353
106.305
106.951
107.207
107.184
107.361
107.064
107.191
107.2
107.199
107.233
107.135
107.226
107.214
107.177
107.184
107.248
107.166
107.233
107.184
107.184
111.275
103.158
107.191
107.192
107.274
107.128
107.215
107.161
107.237
107.162
107.225
107.199
107.249
107.135
107.214
107.203
107.199
107.185
107.417
106.981
107.218
107.286
107.098
107.214
107.169
109.993
104.439
107.249
107.15
107.169
107.241
107.207
107.191
107.192
107.192
107.21
107.192
107.173
107.218
107.192
107.225
107.181
107.203
107.199
107.214
107.346
107.041
107.222
107.184
107.192
107.218
107.199
107.2
107.225
107.207
107.184
107.184
107.222
107.211
107.184
107.199
107.278
107.113
107.184
107.207
107.169
107.233
107.17
107.229
110.154
104.233
107.207
107.207
107.199
107.192
107.225
107.177
107.222
107.169
107.199
107.248
107.169
107.546
106.845
108.767
105.628
107.196
107.267
107.135
107.256
107.12
107.256
107.169
107.199
107.233
107.184
107.215
107.161
107.207
107.214
107.203
107.199
107.192
107.207
107.192
107.267
107.109
107.233
107.44
106.977
107.192
107.191
107.192
107.207
107.199
107.418
107.018
107.166
107.191
111.2
103.481
107.169
106.959
107.199
107.199
107.211
107.158
107.319
107.113
107.233
107.169
107.215
107.191
107.177
107.214
107.203
107.199
107.215
107.184
107.192
107.21
107.192
107.214
107.184
107.219
107.199
107.199
107.192
107.199
107.192
107.21
107.192
107.222
107.184
107.274
107.128
108.504
105.895
107.199
107.207
107.184
107.203
107.214
107.211
107.18
107.203
107.215
111.297
103.127
107.177
107.35
107.033
111.767
102.658
107.185
107.293
107.128
107.184
107.609
106.801
107.165
107.203
107.35
107.402
106.887
107.199
107.29
107.086
109.079
105.32
107.331
107.063
107.207
107.335
107.161
107.094
107.234
107.176
107.207
107.233
107.154
107.181
107.184
107.259
107.158
107.282
107.135
107.222
107.177
107.263
107.12
107.218
107.222
107.185
107.233
107.191
107.192
107.455
106.936
107.203
107.199
107.226
110.654
103.714
107.196
107.225
107.192
107.184
107.2
107.218
107.191
107.177
107.248
107.177
107.173
107.21
107.222
107.184
107.184
107.207
107.203
107.215
107.184
107.199
107.192
107.206
107.219
107.184
107.199
107.192
107.21
107.199
107.215
107.169
107.312
107.12
107.354
107.015
107.184
107.207
107.218
107.222
107.176
107.215
107.21
107.184
107.207
107.192
107.191
107.241
107.169
107.192
107.207
108.594
105.789
107.199
107.203
107.286
107.12
107.192
107.226
107.184
107.199
107.327
107.079
107.218
107.177
107.214
107.184
107.2
107.21
107.199
107.2
107.191
107.97
106.414
107.241
107.199
107.304
107.064
107.233
107.166
107.195
107.256
107.184
107.177
107.263
107.15
107.2
107.195
107.199
107.199
107.2
107.199
107.192
109.496
104.944
107.169
107.218
107.188
107.195
107.184
107.2
107.233
107.199
107.165
107.185
107.233
107.199
107.192
107.21
107.192
107.207
107.289
107.102
107.225
110.673
103.703
107.199
107.222
107.196
107.214
107.192
107.218
107.165
107.211
107.207
107.191
107.192
107.192
107.21
107.199
107.241
107.15
107.207
107.196
107.214
107.192
107.951
106.44
107.203
107.206
107.181
107.233
107.169
107.241
107.192
107.184
107.199
107.233
107.169
107.192
107.207
107.199
107.192
107.21
107.199
107.2
107.191
109.937
107.631
104.023
107.195
107.222
107.169
107.233
107.184
107.2
107.214
107.192
107.199
107.203
107.207
107.191
107.2
107.21
107.192
107.207
107.199
107.192
111.034
103.398
107.177
107.184
107.192
107.199
107.241
107.184
107.233
107.199
107.199
107.185
107.184
107.199
107.211
107.191
107.199
107.2
107.199
107.199
107.203
107.199
107.192
108.406
105.978
107.221
107.17
107.218
107.191
107.249
107.15
107.218
107.177
107.229
107.199
107.192
107.218
107.192
107.417
106.981
107.218
107.2
107.191
107.207
110.459
103.921
107.646
106.76
107.207
107.225
107.169
107.2
107.214
107.184
107.169
107.233
107.215
107.176
107.207
107.192
107.21
107.207
107.184
107.215
107.203
107.206
107.297
107.102
107.192
107.21
107.207
107.192
107.21
107.181
107.169
107.206
107.219
107.191
107.207
107.203
107.195
107.192
107.203
107.199
107.399
107
107.195
108.373
106.026
107.214
107.203
107.2
107.567
106.831
107.233
107.199
107.185
107.184
107.222
107.176
107.203
107.192
107.207
107.199
107.192
107.21
107.2
107.199
107.537
106.869
107.161
107.2
107.248
107.184
107.195
107.215
107.192
107.199
107.218
107.18
107.203
107.2
107.199
107.191
107.2
107.21
107.192
107.207
107.199
110.327
104.098
107.184
107.169
107.23
107.21
107.199
107.2
107.184
107.218
107.391
106.992
107.192
107.207
107.199
107.192
107.21
107.23
107.184
107.184
107.233
107.169
108.158
106.241
107.184
107.207
107.199
107.203
107.199
107.23
107.203
107.165
107.203
107.462
107.091
107.056
107.199
107.342
107.057
107.191
107.207
107.192
111.395
103.015
107.199
107.218
107.169
107.222
107.177
107.248
107.165
107.196
107.214
107.192
107.191
107.2
107.21
107.2
107.206
107.192
107.203
107.199
107.207
107.199
108.248
106.128
107.233
107.173
107.211
107.191
107.192
107.192
107.274
107.158
107.177
107.214
107.203
107.2
107.199
107.199
107.192
107.21
107.192
107.207
107.199
110.624
105.714
105.286
107.203
107.181
107.21
107.192
107.207
107.191
107.196
107.195
107.199
107.196
107.207
107.199
107.199
107.192
107.211
107.424
106.974
107.203
108.733
106.241
106.639
107.199
107.274
107.087
107.256
107.176
107.2
107.184
107.225
107.177
107.207
107.199
107.199
107.203
107.2
107.199
107.199
107.199
107.203
107.2
107.492
107.925
106.428
106.97
107.2
107.206
107.185
107.21
107.199
107.2
107.199
107.184
107.203
107.199
107.2
107.199
107.199
107.192
107.203
107.207
107.206
108.97
107.748
105.85
106.241
107.169
107.191
107.241
107.199
107.2
107.184
107.191
107.2
107.387
107.023
107.199
107.191
107.207
107.203
107.192
107.207
107.191
107.2
110.872
105.793
104.936
107.215
107.184
107.21
107.215
107.191
107.218
107.192
107.181
107.195
107.199
107.199
107.211
107.196
107.203
107.199
107.199
107.192
107.289
107.136
107.582
106.801
107.192
107.199
107.195
107.2
107.214
107.233
107.162
107.207
107.199
107.199
107.211
107.18
107.211
107.199
107.207
107.184
107.248
107.169
107.192
109.319
105.064
107.226
107.199
107.199
107.226
107.18
107.169
107.234
107.206
107.177
107.199
107.203
107.463
106.928
107.207
107.192
107.21
107.2
107.199
107.199
110.808
104.835
105.932
107.211
107.229
107.169
107.226
107.192
107.206
107.192
107.192
107.199
107.331
107.079
107.207
107.184
107.21
107.2
107.199
107.191
107.211
110.981
104.162
106.455
107.218
107.18
107.184
107.219
107.199
107.199
107.203
107.199
107.2
107.191
107.207
107.199
107.203
107.192
107.207
107.191
107.2
107.21
107.181
107.21
107.199
107.192
107.192
107.203
107.222
107.214
107.196
107.191
107.2
107.199
107.199
107.199
107.192
107.211
107.439
106.951
107.2
107.21
107.421
106.978
109.12
105.312
107.169
107.192
107.233
107.143
107.244
107.196
107.192
107.199
107.218
107.184
107.199
107.2
107.199
107.191
107.207
107.203
107.2
107.199
107.199
109.211
105.176
107.215
107.176
107.214
107.2
107.176
107.234
107.169
107.244
107.181
107.206
107.2
107.199
107.191
107.2
107.21
107.2
107.199
107.199
107.203
108.165
106.249
107.169
107.222
107.281
107.079
107.632
106.778
107.23
107.225
107.135
107.222
107.218
107.192
107.199
107.218
107.185
107.199
107.263
107.128
107.233
107.161
107.192
107.263
107.166
107.184
107.226
107.199
107.199
107.203
107.165
107.219
107.199
107.327
107.064
107.21
107.188
107.211
107.191
107.207
107.203
107.2
111.199
105.064
105.334
107.192
107.184
107.211
107.229
107.184
107.196
107.207
111.462
103.169
106.97
107.196
107.203
107.199
107.191
107.2
107.21
107.192
107.199
107.207
108.056
106.361
107.2
107.206
107.185
107.195
107.214
107.185
107.206
107.184
107.211
107.196
107.203
107.191
107.207
107.196
107.206
107.2
107.191
107.226
107.192
109.718
104.673
107.214
107.199
107.282
107.105
107.215
107.191
107.29
107.105
107.214
107.185
107.199
107.199
107.41
106.992
107.192
107.207
107.191
107.207
107.203
110.696
103.703
108.567
105.801
107.233
107.222
107.177
107.199
107.192
107.24
107.177
107.192
107.199
107.256
107.146
107.192
107.207
107.191
107.2
107.21
107.2
107.191
107.207
108.192
108.323
105.102
107.191
107.192
107.218
107.192
107.176
107.207
107.2
107.199
107.207
107.203
107.304
107.094
107.192
107.21
107.429
106.97
107.199
110.135
107.218
107.967
103.473
107.241
107.177
107.165
107.256
107.195
107.199
107.192
107.184
107.192
107.207
107.199
107.203
107.199
107.192
107.207
107.199
107.199
107.2
111.65
104.68
105.264
107.225
107.192
107.222
107.169
107.327
107.064
107.218
107.192
107.199
107.192
107.206
107.203
107.192
107.207
107.192
107.206
107.203
107.192
107.214
110.091
104.308
107.21
107.192
107.32
107.169
107.094
107.195
107.188
107.211
107.207
107.206
107.203
107.2
107.199
107.383
107.008
107.207
107.195
107.278
107.121
107.921
106.462
107.241
107.191
107.203
107.196
107.218
107.192
107.191
107.177
107.241
107.176
107.2
107.327
107.079
107.203
107.18
107.203
107.207
107.192
107.199
111.624
102.77
107.207
107.241
107.165
107.226
107.192
107.191
107.177
107.207
107.21
107.192
107.207
107.199
107.192
107.21
107.188
107.211
107.192
107.199
107.21
110.256
104.128
107.199
107.184
107.214
107.226
107.192
107.199
107.218
107.169
107.215
107.199
107.192
107.203
107.236
107.162
107.207
107.192
107.21
107.192
107.229
107.177
107.184
107.207
107.21
107.215
107.184
107.304
107.094
107.211
107.207
107.199
107.184
107.192
107.21
107.192
107.207
107.417
106.974
107.21
107.207
107.207
110.323
104.072
107.199
107.192
107.278
107.169
107.135
107.184
107.2
107.218
107.229
107.154
107.233
107.192
107.207
107.192
107.21
107.199
107.192
107.207
107.192
110.703
103.721
107.215
107.21
107.158
107.184
107.275
107.124
107.233
107.195
107.158
107.233
107.192
107.271
107.135
107.192
107.21
107.309
107.09
107.192
107.225
107.432
106.936
107.237
107.331
107.049
107.199
107.2
107.206
107.192
107.192
107.218
107.207
107.184
107.192
107.199
107.21
107.215
107.184
107.199
107.192
107.199
111.842
103.199
106.553
107.207
107.176
107.234
107.221
107.2
107.195
107.192
107.207
107.191
107.185
107.199
107.361
107.041
107.301
107.12
107.184
107.203
107.2
107.206
108.688
105.703
107.177
107.241
107.176
107.2
107.191
107.192
107.21
107.222
107.185
107.206
107.203
107.2
107.199
107.199
107.203
107.199
107.2
107.199
107.192
109.984
104.399
107.21
107.2
107.214
107.199
107.203
107.215
107.184
107.214
107.203
107.184
107.2
107.199
107.192
107.21
107.192
107.342
107.064
107.192
107.225
107.192
108.391
106.992
106.207
107.184
107.226
107.192
107.191
107.226
107.214
107.199
107.177
107.192
107.207
107.191
107.203
107.192
107.207
107.199
107.192
107.207
107.203
108.793
108.406
104.406
107.203
107.176
107.222
107.177
107.199
107.226
107.176
107.192
107.237
107.177
107.21
107.2
107.199
107.199
107.199
107.203
107.192
107.207
111.808
102.632
107.154
107.207
107.214
107.199
107.282
107.135
107.185
107.191
107.211
107.184
107.188
107.203
107.207
107.192
107.21
107.207
107.192
107.424
106.974
107.199
107.184
107.752
106.636
107.24
107.222
107.184
107.207
107.192
107.199
107.184
107.211
107.192
107.199
107.278
107.12
107.218
107.177
107.207
107.207
107.21
107.192
107.207
109.594
104.774
107.233
107.199
107.23
107.176
107.32
110.522
103.752
107.17
107.191
107.222
107.192
107.21
107.2
107.199
107.192
107.206
107.203
107.192
107.214
110.993
103.402
107.214
107.2
107.184
107.184
107.214
107.203
107.215
107.191
107.192
107.192
107.21
107.2
107.199
107.192
107.274
107.128
107.207
107.199
107.207
107.18
107.222
107.207
107.68
106.696
107.184
107.24
107.192
107.207
107.192
107.191
107.361
107.042
107.199
107.192
107.368
107.041
107.2
107.199
107.199
107.192
111.737
102.673
107.225
107.173
107.184
107.248
107.151
107.21
107.177
107.222
107.203
107.222
107.184
107.192
107.206
107.192
107.203
107.207
107.199
107.203
107.214
107.2
109.255
105.113
107.233
107.214
107.177
107.214
107.162
107.199
107.226
107.207
107.184
107.192
107.199
107.199
107.211
107.199
107.199
107.199
107.203
107.2
107.214
109.297
105.079
107.225
107.2
107.199
107.184
107.203
107.18
107.204
107.214
107.214
107.184
107.192
107.207
107.203
107.199
107.203
107.447
106.952
107.199
107.207
107.24
107.177
107.199
107.192
107.184
107.192
107.191
107.192
107.226
107.233
107.165
107.192
107.211
107.199
107.199
107.199
107.2
107.195
107.207
107.225
107.166
107.21
108.703
106.256
106.624
107.222
107.188
107.229
107.192
107.203
107.199
107.199
107.185
107.199
107.192
107.21
107.199
107.192
107.207
107.199
107.199
107.218
107.207
108.865
105.519
107.176
107.226
107.199
107.218
107.192
107.214
107.184
107.185
107.214
107.376
107.011
107.199
107.215
107.184
107.192
107.21
107.199
107.2
107.206
109.801
104.575
107.527
106.906
107.169
107.199
107.199
107.184
107.215
107.203
107.214
107.203
107.199
107.2
107.191
107.215
107.195
107.214
107.2
107.184
107.21
111.568
107.47
106.447
103.32
107.192
107.191
107.169
107.192
107.241
107.169
107.214
107.226
107.184
107.207
107.199
107.203
107.214
107.2
107.184
107.199
107.203
107.196
107.21
108.199
106.169
107.241
107.184
107.181
107.225
107.177
107.192
107.191
107.219
107.214
107.199
107.361
107.041
107.2
107.199
107.199
107.192
107.21
107.207
110.368
104.023
107.632
106.785
107.2
107.184
107.184
107.233
107.177
107.207
107.199
107.432
106.985
107.199
107.177
107.207
107.199
107.203
107.214
107.185
107.199
107.199
107.226
107.15
107.241
107.199
107.184
107.199
107.203
107.215
107.184
107.199
107.169
107.233
107.2
107.199
107.192
107.21
107.192
107.199
107.207
107.199
107.203
107.222
108.44
105.936
107.199
107.218
107.199
107.192
107.192
107.214
107.218
107.184
107.305
107.079
107.199
107.199
107.211
107.192
107.199
107.192
107.454
106.944
107.211
109.184
105.207
107.199
107.199
107.192
107.218
107.233
107.184
107.192
107.165
107.226
107.199
107.218
107.184
107.2
107.199
107.199
107.192
107.207
107.195
107.214
109.673
104.703
107.192
107.192
107.233
107.199
107.169
107.199
107.234
107.206
107.2
107.199
107.184
107.226
107.184
107.199
107.199
107.203
107.207
107.192
107.214
110.707
103.71
107.128
107.226
107.207
107.206
107.196
107.229
107.154
107.237
107.199
107.188
107.192
107.207
107.192
107.21
107.199
107.192
107.207
107.199
107.199
107.203
107.166
107.233
107.184
107.207
107.21
107.192
107.214
107.177
107.192
107.233
107.192
107.199
107.199
107.192
107.199
107.203
107.207
107.199
107.211
107.191
107.222
107.177
107.225
107.17
107.206
107.222
107.199
107.177
107.211
107.191
107.215
107.184
107.192
107.206
107.203
107.2
107.199
107.192
107.199
107.21
107.2
107.199
110.767
104.864
105.985
107.2
107.199
107.199
107.203
107.192
107.192
107.176
107.207
107.207
107.21
107.2
107.199
107.199
107.192
107.203
107.207
107.368
107.03
110.759
104.937
105.921
107.184
107.184
107.233
107.199
107.185
107.206
107.207
107.177
107.21
107.2
107.199
107.199
107.203
107.214
107.185
107.199
107.192
107.206
110.154
104.609
106.824
107.199
107.214
107.312
107.083
107.207
107.199
107.199
107.211
107.432
106.959
107.192
107.206
107.2
107.203
107.199
107.192
107.206
107.211
107.158
107.586
106.846
107.184
107.218
107.222
107.184
107.192
107.177
107.225
107.2
107.206
107.2
107.184
107.338
107.072
107.199
107.207
107.199
107.195
107.2
107.191
109.143
107.064
105.41
107.184
107.222
107.184
107.184
107.207
107.196
107.214
107.199
107.192
107.199
107.203
107.207
107.192
107.214
107.192
107.191
107.211
107.192
110.665
106.575
105.575
105.978
107.229
107.154
107.233
107.2
107.184
107.222
107.191
107.203
107.2
107.199
107.199
107.192
107.21
107.2
107.214
107.192
107.21
107.214
111.673
106.403
103.485
107.225
107.188
107.173
107.222
107.161
107.215
107.191
107.2
107.233
107.199
107.263
107.139
107.335
107.064
107.199
107.199
107.297
107.106
107.184
108.879
105.591
107.139
107.222
107.184
107.199
107.218
107.177
107.222
107.191
107.192
107.199
107.354
107.041
107.207
107.192
107.199
107.199
107.211
107.199
107.192
109.872
104.838
106.914
107.199
107.192
107.199
107.225
107.2
107.195
107.192
107.199
107.207
107.158
107.218
107.199
107.192
107.21
107.2
107.206
107.192
107.192
111.425
104.086
106.098
107.199
107.169
107.248
107.166
107.225
107.192
107.184
107.184
107.2
107.203
107.71
106.711
107.21
107.192
107.207
107.199
107.207
107.192
107.24
107.192
107.188
107.199
107.181
107.323
107.064
107.248
107.158
107.203
107.222
107.199
107.312
107.162
107.127
107.177
107.199
107.2
107.199
107.207
107.203
107.191
107.816
106.602
107.191
107.2
107.221
107.17
107.218
107.18
107.241
107.545
106.91
107.146
107.199
107.249
107.12
107.21
107.245
107.225
107.113
107.207
107.327
107.075
107.199
107.2
107.199
109.455
104.955
107.18
107.203
107.207
107.192
107.21
107.278
107.121
107.199
107.199
107.192
107.21
107.233
107.166
107.199
107.199
111.169
103.219
107.236
107.185
107.21
107.327
107.087
107.169
107.192
107.206
107.681
106.71
107.218
107.192
107.192
107.199
107.211
107.191
107.207
107.192
107.207
108.458
105.97
107.166
107.225
107.399
107
107.184
107.199
107.192
107.195
107.196
107.218
107.192
107.206
107.203
107.192
107.214
107.192
107.218
107.199
107.185
110.432
103.951
107.233
107.184
107.158
107.248
107.154
107.222
111.801
102.617
107.206
107.32
107.071
107.2
107.203
107.221
107.17
107.199
107.41
107
107.199
110.022
104.346
107.199
107.219
107.214
107.278
107.12
107.185
107.218
107.278
107.41
106.887
107.225
107.215
107.184
107.199
107.361
107.038
107.218
107.184
107.207
111.552
104.466
105.591
107.191
107.192
107.218
107.173
107.177
107.233
107.199
107.203
107.214
107.185
107.199
107.199
107.459
106.951
107.184
107.207
107.21
107.181
107.24
108.632
105.729
107.192
107.199
107.2
107.184
107.218
107.222
107.176
107.207
107.192
107.218
107.199
107.192
107.207
107.195
107.278
107.128
107.218
107.192
107.207
109.334
105.075
107.173
107.203
107.2
107.214
107.169
107.207
107.207
107.225
107.147
107.214
107.207
107.21
107.192
107.207
107.297
107.094
107.21
107.2
107.199
110.958
103.425
107.278
107.121
107.176
107.211
107.248
107.256
107.12
107.207
107.199
107.218
107.192
107.184
107.207
107.192
107.199
107.21
107.192
107.207
107.199
107.192
108.56
107.504
105.53
107.207
107.24
107.158
107.211
107.221
107.211
107.199
107.177
107.177
107.214
107.192
107.206
107.2
107.21
107.192
107.192
107.199
107.218
107.192
111.12
103.248
107.248
107.184
107.177
107.214
107.192
107.233
107.15
107.203
107.2
107.229
107.192
107.21
107.2
107.199
107.199
107.218
107.199
107.192
111.793
102.613
107.26
107.157
107.17
107.206
107.218
107.399
107
107.207
107.184
107.192
107.195
107.188
107.203
107.391
107.008
107.206
107.2
107.203
107.199
107.207
107.184
108.872
105.553
107.184
107.207
107.21
107.199
107.151
107.233
107.192
107.225
107.199
107.185
107.214
107.184
107.192
107.21
107.192
107.207
107.192
107.199
107.21
110.376
104.042
107.195
107.169
107.256
107.162
107.214
107.207
107.169
107.24
107.155
107.214
107.199
107.211
107.191
107.2
107.199
107.368
107.023
107.21
107.192
109.278
105.113
107.233
110.47
103.932
107.203
107.196
107.214
107.184
107.2
107.199
107.177
107.199
107.21
107.2
107.199
107.199
107.203
107.199
107.237
107.169
111.327
103.064
107.226
107.199
107.192
107.169
107.207
107.192
107.233
107.191
107.2
107.176
107.211
107.199
107.214
107.2
107.195
107.199
107.271
107.135
107.192
111.624
102.744
107.234
107.165
107.203
107.673
106.718
107.226
107.248
107.18
107.203
107.181
107.21
107.192
107.199
107.199
107.203
107.2
107.199
107.199
107.203
107.181
111.699
102.718
107.214
107.203
107.158
107.218
107.229
107.185
107.21
107.214
107.147
107.301
107.113
107.206
107.305
107.09
107.207
107.192
107.218
107.191
107.2
109.71
105.744
106.113
107.207
107.241
107.184
107.199
107.203
107.199
107.192
107.207
107.199
107.192
107.21
107.2
107.191
107.207
107.207
107.195
107.192
107.207
111.007
104.839
105.763
107.173
107.233
107.169
107.207
107.218
107.207
107.191
107.226
107.165
107.211
107.18
107.211
107.207
107.191
107.203
107.207
107.192
107.207
107.203
109.206
105.215
107.176
107.211
107.18
107.233
107.17
107.206
107.192
107.218
107.184
107.327
107.072
107.199
107.203
107.199
107.384
107.007
107.207
107.203
107.199
109.421
107.403
106.127
105.846
107.218
107.17
107.214
107.184
107.233
107.199
107.17
107.214
107.199
107.192
107.207
107.203
107.199
107.192
107.199
107.21
107.192
110.865
107.432
106.263
104.278
107.2
107.169
107.192
107.24
107.166
107.188
107.221
107.192
107.192
107.21
107.192
107.207
107.207
107.191
107.203
107.192
107.214
107.192
107.199
107.985
106.41
107.207
107.199
107.211
107.3
107.064
107.211
107.214
107.184
107.218
107.192
107.207
107.199
107.192
107.225
107.177
107.207
107.199
107.207
107.195
109.88
105.305
106.406
107.199
107.218
107.214
107.199
107.196
107.199
107.192
107.184
107.199
107.207
107.192
107.207
107.203
107.199
107.199
107.192
107.218
107.192
111.007
103.846
106.752
107.177
107.233
107.161
107.237
107.177
107.225
107.177
107.207
107.199
107.192
107.21
107.192
107.207
107.199
107.203
107.199
107.192
107.207
107.192
107.199
107.218
107.192
107.398
106.985
107.214
107.233
107.177
107.199
107.218
107.166
107.312
107.098
107.199
107.199
107.312
107.105
107.185
107.206
107.207
107.177
107.192
107.233
107.169
107.207
107.199
107.21
107.215
107.169
107.222
107.184
107.21
107.2
107.199
107.199
107.192
107.21
107.2
107.199
107.199
107.196
107.214
108.669
105.722
107.199
107.233
107.177
107.207
107.199
107.192
107.21
107.192
107.192
107.199
107.199
107.199
107.203
107.192
107.207
107.199
107.199
107.29
107.135
110.466
103.903
107.199
107.203
107.207
107.191
107.222
107.203
107.173
107.211
107.199
107.199
107.192
107.207
107.394
107.008
107.192
107.199
107.402
107.008
107.199
110.808
103.56
107.233
107.215
107.184
107.218
107.184
107.199
107.2
107.206
107.305
107.098
107.447
106.936
107.214
107.192
107.199
107.218
107.185
107.199
107.207
110.184
104.184
107.218
107.214
107.177
107.192
107.24
107.177
107.207
107.199
107.233
107.169
107.192
107.207
107.199
107.211
107.191
107.215
107.184
107.192
107.206
107.211
108.737
105.639
107.214
107.192
107.199
107.226
107.199
107.184
107.184
107.248
107.162
107.207
107.199
107.203
107.188
107.203
107.241
107.173
107.199
107.195
107.271
109.759
104.561
107.225
107.192
107.207
107.169
107.207
107.203
107.18
107.241
107.15
107.233
107.199
107.203
107.192
107.207
107.192
107.206
107.203
107.192
107.222
107.184
107.226
107.15
107.241
107.191
107.192
107.192
107.192
107.233
107.191
107.185
107.206
107.203
107.215
107.184
107.207
107.184
107.21
107.192
107.207
107.222
110.627
104.399
106.575
107.203
107.199
107.185
107.221
107.17
107.214
107.289
107.128
107.169
107.207
107.199
107.192
107.196
107.206
107.192
107.207
107.199
107.199
107.226
108.553
107.327
106.191
106.696
107.218
107.207
107.248
107.135
107.41
107
107.271
107.12
107.376
107.015
107.21
107.2
107.199
107.192
107.206
107.203
107.192
107.207
109.511
105.41
106.654
107.241
107.176
107.233
107.207
107.158
107.226
107.206
107.188
107.188
107.203
107.2
107.199
107.199
107.192
107.21
107.2
107.206
111.312
107.433
105.597
104.467
107.199
107.199
107.203
107.192
107.214
107.184
107.226
107.165
107.203
107.264
107.135
107.199
107.192
107.402
107
107.207
107.199
107.211
107.199
108.902
105.466
107.399
106.992
107.233
107.222
107.177
107.199
107.184
107.305
107.113
107.206
107.192
107.192
107.225
107.185
107.214
107.184
107.199
107.196
107.199
109.925
104.5
107.199
107.184
107.185
107.188
107.304
107.105
107.233
107.158
107.226
107.199
107.192
107.199
107.211
107.199
107.192
107.199
107.199
107.203
107.214
110.41
105.087
106.105
107.207
107.154
107.237
107.21
107.166
107.218
107.184
107.214
107.199
107.203
107.2
107.349
107.042
107.199
107.21
107.2
107.199
107.207
110.594
104.236
106.764
107.206
107.2
107.21
107.406
106.978
107.206
107.203
107.173
107.218
107.294
107.105
107.199
107.192
107.225
107.185
107.199
107.207
107.184
111.673
102.737
107.221
107.162
107.248
107.177
107.199
107.399
107
107.21
107.192
107.192
107.214
107.184
107.192
107.207
107.203
107.191
107.2
107.199
107.21
107.222
107.425
106.977
107.207
107.184
107.207
107.177
107.233
107.15
107.2
107.218
107.199
107.199
107.211
107.312
107.079
107.199
107.192
107.199
107.21
107.2
111.71
102.658
107.214
107.185
107.199
107.24
107.177
107.214
107.177
107.226
107.206
107.17
107.225
107.188
107.211
107.368
107.03
107.203
107.199
107.192
107.207
111.24
103.422
106.913
107.196
107.229
107.162
107.221
107.218
107.185
107.199
107.222
107.184
107.225
107.192
107.192
107.199
107.192
107.225
107.2
107.199
107.184
107.218
107.59
106.794
107.176
107.35
107.041
107.233
107.2
107.214
107.192
107.21
107.184
107.207
107.192
107.199
107.199
107.275
107.128
107.199
107.199
107.402
107
109.053
105.338
107.192
107.207
107.24
107.17
107.184
107.207
107.191
107.192
107.218
107.222
107.177
107.225
107.184
107.2
107.199
107.199
107.199
107.203
107.192
111.023
103.383
107.199
107.192
107.211
107.221
107.211
107.18
107.203
107.192
107.199
107.207
107.196
107.18
107.226
107.184
107.199
107.199
107.203
107.192
107.199
107.226
107.383
107.03
107.185
107.176
107.241
107.184
107.192
107.207
107.184
107.184
107.241
107.165
107.211
107.199
107.199
107.203
107.214
107.327
107.057
107.192
107.21
110.549
107.169
103.887
107.241
107.169
107.166
107.203
107.229
107.192
107.176
107.226
110.662
103.729
107.199
107.192
107.199
107.203
107.207
107.192
107.206
107.196
110.455
103.936
107.263
107.135
107.2
107.195
107.237
107.162
107.206
107.226
107.207
107.199
107.177
107.199
107.21
107.2
107.199
107.199
107.199
107.203
107.2
107.27
107.121
108.977
105.462
107.185
107.191
107.312
107.091
107.199
107.368
107.023
107.214
107.177
107.207
107.203
107.199
107.192
107.199
107.21
107.192
107.447
106.959
107.192
110.267
104.135
107.222
107.177
107.24
107.177
107.177
107.214
107.177
107.191
107.2
107.233
107.199
107.192
107.21
107.199
107.2
107.199
107.199
107.192
107.21
111.767
103.839
105.962
107.229
107.248
107.155
107.199
107.255
107.192
107.154
107.192
107.214
107.2
107.21
107.184
107.192
107.214
107.192
107.203
107.199
107.207
107.199
107.391
107
107.218
107.2
107.184
107.218
107.199
107.199
107.2
107.191
107.192
107.199
107.203
107.2
107.199
107.199
107.192
107.21
107.215
107.184
111.849
102.782
106.959
107.233
107.203
107.188
107.177
107.184
107.241
107.191
107.177
107.199
107.211
107.207
107.199
107.225
107.173
107.203
107.2
107.199
107.192
107.218
108.902
105.474
107.233
107.18
107.199
107.636
106.894
107.087
107.169
107.474
106.951
107.192
107.199
107.327
107.071
107.203
107.192
107.207
107.199
107.361
107.041
109
105.365
107.241
107.225
107.297
107.113
107.158
107.199
107.184
107.226
107.192
107.199
107.207
107.21
107.184
107.192
107.207
107.192
107.199
107.21
107.215
108.778
105.605
107.226
107.15
107.199
107.196
107.214
107.233
107.166
107.218
107.214
107.177
107.206
107.203
107.192
107.207
107.192
107.312
107.097
107.192
107.214
107.192
107.184
107.185
107.225
107.222
107.169
107.233
107.158
107.241
107.184
107.214
107.203
107.391
106.985
107.207
107.199
107.192
107.21
107.188
107.211
107.199
107.192
109.361
105.703
106.515
107.199
107.248
107.214
107.185
107.206
107.185
107.21
107.199
107.177
107.222
107.188
107.188
107.225
107.185
107.199
107.199
107.203
107.207
110.24
106.094
106.147
106.327
107.184
107.207
107.192
107.218
107.15
107.2
107.225
107.207
107.199
107.203
107.199
107.207
107.192
107.192
107.199
107.21
107.2
107.218
107.703
106.691
107.188
107.237
107.203
107.143
107.199
107.192
107.241
107.169
107.222
107.191
107.203
107.264
107.135
107.199
107.199
107.203
107.2
107.199
107.199
109.831
106.522
106.527
105.928
107.211
107.199
107.199
107.2
107.184
107.199
107.218
107.173
107.203
107.207
107.233
107.162
107.206
107.2
107.199
107.192
107.206
110.602
106.568
105.53
106.124
107.21
107.143
107.207
107.225
107.207
107.169
107.241
107.177
107.199
107.199
107.203
107.192
107.207
107.199
107.192
107.199
107.218
107.207
107.199
107.177
107.225
110.823
103.576
107.191
107.192
107.211
107.18
107.226
107.184
107.44
106.951
107.21
107.192
107.335
107.071
107.203
107.199
107.192
107.207
107.199
108.752
105.665
107.2
107.191
107.185
107.21
107.199
107.181
107.233
107.177
107.206
107.2
107.203
107.199
107.199
107.192
107.225
107.185
107.199
107.199
107.267
110.301
104.007
107.252
107.151
107.214
107.177
107.218
107.214
107.218
107.158
107.199
107.211
107.221
107.2
107.191
107.203
107.192
107.207
107.207
107.184
107.218
110.902
104.703
106.008
107.161
107.192
107.241
107.169
107.214
107.177
107.225
107.2
107.199
107.199
107.425
107.158
107.019
107.214
107.395
106.981
107.203
107.207
111.575
103.583
106.458
107.199
107.207
107.203
107.188
107.218
107.158
107.226
107.184
107.214
107.203
107.184
107.2
107.199
107.203
107.195
107.203
107.207
107.192
107.184
108.041
106.369
107.18
107.233
107.192
107.184
107.192
107.241
107.15
107.233
107.218
107.158
107.192
107.586
106.846
107.192
107.207
107.203
107.199
107.207
107.184
108.616
105.827
107.166
107.233
107.199
107.184
107.207
107.177
107.207
107.21
107.181
107.233
107.176
107.207
107.184
107.248
107.147
107.207
107.199
107.192
107.207
107.97
106.8
106.831
107.218
107.166
107.218
107.199
107.199
107.218
107.184
107.192
107.214
107.192
107.218
107.151
107.225
107.207
107.192
107.199
107.207
107.195
111.414
105.026
105.15
107.218
107.2
107.191
107.192
107.248
107.199
107.185
107.191
107.185
107.24
107.143
107.248
107.177
107.207
107.191
107.203
107.23
107.169
111
105.312
105.271
107.191
107.218
107.215
107.161
107.248
107.2
107.199
107.169
107.233
107.162
107.237
107.184
107.199
107.199
107.203
107.335
107.064
107.199
107.192
108.849
105.546
107.221
107.207
107.177
107.24
107.192
107.211
107.15
107.233
107.166
107.24
107.177
107.218
107.192
107.191
107.215
107.184
107.199
107.211
107.199
109.398
104.978
107.214
107.169
107.233
107.215
107.169
107.184
107.214
107.218
107.192
107.207
107.184
107.214
107.203
107.192
107.207
107.199
107.203
107.196
107.203
111.368
103.023
107.176
107.215
107.218
107.214
107.184
107.199
107.218
107.17
107.214
107.207
107.21
107.214
107.17
107.199
107.417
106.985
107.196
107.203
107.221
107.185
107.184
107.274
107.143
107.177
107.233
107.308
107.09
107.185
107.199
107.199
107.184
107.218
107.192
107.432
106.959
107.211
107.199
107.207
107.199
107.199
107.203
107.207
108.808
105.839
106.943
107.218
107.166
107.218
107.176
107.237
107.154
107.233
107.185
107.184
107.312
107.101
107.218
107.207
107.192
107.199
107.203
107.214
107.177
110.703
105.271
110.282
102.567
107.2
107.206
107.185
107.203
107.199
107.207
107.199
107.192
107.225
107.504
106.857
107.207
107.192
107.199
107.21
107.2
107.206
107.192
107.199
107.196
107.18
107.218
107.241
107.199
107.184
107.185
107.214
107.192
107.376
107.048
107.185
107.184
107.199
107.211
107.18
107.203
107.207
107.199
107.192
107.361
107.049
107.225
107.207
107.199
107.169
107.215
107.206
107.192
107.169
107.192
107.226
107.304
107.297
106.996
107.196
107.207
107.199
107.199
107.199
107.2
108.601
105.808
107.162
107.214
107.192
107.241
107.191
107.185
107.21
107.207
107.177
107.214
107.218
107.18
107.203
107.2
107.199
107.199
107.192
107.346
107.086
110.354
104.007
107.233
107.177
107.222
107.191
107.185
107.225
107.192
107.207
107.327
107.049
107.263
107.338
107.12
107.087
107.199
107.199
107.196
107.207
107.199
107.199
107.192
107.21
107.192
107.263
107.143
107.218
107.143
107.305
107.127
107.222
107.169
107.53
106.888
107.199
107.192
107.203
107.203
107.195
107.207
107.199
111.083
103.319
107.2
107.199
107.218
107.214
107.184
107.218
107.188
107.17
107.263
107.131
107.237
107.177
107.218
107.192
107.191
107.2
107.413
106.978
107.199
108.97
105.455
107.199
107.169
107.192
107.24
107.2
107.199
107.199
107.395
106.974
107.218
107.455
106.943
107.192
107.21
107.2
107.199
107.199
107.192
107.218
107.207
107.191
107.177
107.241
107.184
107.207
107.184
107.207
107.176
107.233
107.2
107.575
107.169
106.831
107.233
107.177
107.199
107.192
107.206
107.2
107.21
107.199
107.448
106.913
107.248
107.151
107.233
107.169
107.229
107.218
107.185
107.297
107.158
107.142
107.297
107.17
107.135
107.199
107.203
107.199
107.192
107.207
107.222
108.169
106.218
107.207
107.169
107.199
107.207
107.225
107.185
107.206
107.192
107.218
107.248
107.151
107.191
107.264
107.12
107.21
107.207
107.207
107.184
107.199
109.914
104.489
107.206
107.192
107.199
107.233
107.17
107.191
107.185
107.454
106.937
107.248
107.206
107.162
107.199
107.218
107.192
107.207
107.199
107.192
107.225
111.207
104.41
106.335
106.815
107.215
107.176
107.211
107.207
107.409
106.993
107.229
107.41
106.951
107.226
107.206
107.391
106.985
107.2
107.199
107.21
107.215
107.154
108.895
107.36
105.391
107.17
107.199
107.207
107.24
107.184
107.2
107.199
107.511
106.906
107.151
107.312
107.161
107.143
107.402
107
107.192
107.207
107.207
110.65
107.015
103.921
107.192
107.248
107.177
107.199
107.534
107.161
106.903
107.169
107.199
107.256
107.176
107.399
106.985
107.21
107.192
107.207
107.199
107.192
107.192
107.203
107.214
107.21
107.207
107.151
107.199
107.233
107.21
107.181
107.233
107.169
107.233
107.173
107.192
107.21
107.2
107.297
107.094
107.206
107.196
107.207
107.199
109.65
104.767
107.184
107.192
107.199
107.215
107.424
107.136
107.015
107.233
107.199
107.192
107.192
107.252
107.15
107.192
107.199
107.21
107.192
107.199
107.2
110.857
103.53
107.237
107.161
107.248
107.328
107.022
107.192
107.255
107.147
107.214
107.275
107.165
107.538
106.846
107.203
107.206
107.192
107.192
107.199
107.199
110.218
104.215
107.154
107.24
107.237
107.132
107.436
107.09
107.087
107.21
107.199
107.279
107.161
107.136
107.206
107.218
107.192
107.211
107.18
107.199
107.203
111.591
102.793
107.229
107.196
107.206
107.504
106.921
107.166
107.21
107.192
107.207
107.199
107.395
107.071
107.15
107.17
107.206
107.185
107.199
107.203
107.207
107.221
107.162
107.226
107.248
107.135
107.199
107.185
107.488
106.925
107.192
107.225
107.433
106.97
107.184
107.199
107.432
106.974
107.192
107.199
107.211
107.199
107.192
107.21
107.173
107.199
107.241
107.169
107.233
107.177
107.222
107.176
107.2
107.218
107.195
107.188
107.384
107.015
107.21
107.199
107.2
107.199
107.192
107.191
107.211
107.188
107.21
107.215
107.225
107.184
107.207
107.199
107.185
107.191
107.233
107.177
107.278
107.139
107.173
107.203
107.2
107.199
107.192
107.206
107.192
108.579
105.831
107.192
107.218
107.191
107.2
107.199
107.214
107.196
107.191
107.215
107.199
107.192
107.21
107.47
106.906
107.207
107.192
107.206
107.192
107.211
110.688
103.71
107.184
107.192
107.241
107.191
107.177
107.199
107.192
107.241
107.199
107.203
107.199
107.166
107.199
107.218
107.203
107.192
107.203
107.308
107.101
107.2
107.417
106.944
107.248
107.199
107.169
107.214
107.233
107.192
107.184
107.203
107.2
107.176
107.237
107.199
107.211
107.158
107.207
107.195
107.207
107.207
107.184
109.282
108.609
103.695
107.207
107.233
107.166
107.188
107.221
107.369
107.007
107.222
107.226
107.191
107.192
107.218
107.335
107.049
107.199
107.192
107.199
107.21
110.782
107.688
103.162
107.173
107.203
107.214
107.177
107.263
107.12
107.233
107.185
107.199
107.21
107.207
107.199
107.185
107.199
107.199
107.199
107.196
107.207
107.229
107.177
107.752
106.631
107.211
107.225
107.192
107.199
107.169
107.23
107.176
107.2
107.199
107.199
107.184
107.233
107.192
107.203
107.199
107.335
107.064
107.199
107.199
109.722
104.681
107.221
107.211
107.199
107.199
107.185
107.169
107.214
107.233
107.166
107.203
107.199
107.406
106.985
107.21
107.433
106.966
107.192
107.206
107.203
111.087
103.304
107.226
107.192
107.199
107.184
107.286
107.105
107.199
107.185
107.218
107.199
107.233
107.184
107.199
107.192
107.207
107.192
107.233
107.176
107.192
107.214
107.873
106.522
107.192
107.207
107.184
107.222
107.191
107.185
107.233
107.191
107.211
107.18
107.211
107.526
106.865
107.207
107.195
107.196
107.195
107.425
106.981
109.504
104.928
107.143
107.248
107.177
107.218
107.214
107.17
107.184
107.24
107.185
107.206
107.222
107.177
107.177
107.199
107.21
107.192
107.199
107.2
107.225
110.966
103.403
107.199
107.233
107.214
107.177
107.218
107.195
107.188
107.181
107.24
107.192
107.177
107.225
107.177
107.214
107.185
107.199
107.192
107.199
107.225
111.903
103.695
106.019
107.199
107.158
107.211
107.206
107.192
107.207
107.21
107.185
107.184
107.192
107.191
107.327
107.106
107.199
107.199
107.199
107.203
107.192
107.229
107.673
106.703
107.226
107.192
107.191
107.192
107.184
107.192
107.211
107.214
107.199
107.184
107.218
107.215
107.184
107.199
107.354
107.417
106.823
107.207
107.184
109.639
105.801
106.158
107.188
107.334
107.064
107.222
107.226
107.184
107.177
107.191
107.233
107.215
107.169
107.207
107.206
107.203
107.192
107.214
107.192
107.199
108.433
106.496
106.673
107.184
107.218
107.214
107.2
107.199
107.184
107.199
107.203
107.2
107.199
107.207
107.184
107.207
107.195
107.207
107.192
107.199
107.233
109.977
105.606
105.97
107.214
107.24
107.147
107.222
107.199
107.184
107.233
107.207
107.184
107.215
107.188
107.188
107.714
106.688
107.199
107.199
107.433
106.97
111.605
106.139
106.312
104.744
107.2
107.214
107.199
107.177
107.225
107.2
107.199
107.195
107.207
107.199
107.215
107.154
107.214
107.203
107.199
107.2
107.191
107.215
109.368
106.65
105.598
107.203
107.199
107.297
107.087
107.207
107.191
107.2
107.21
107.214
107.185
107.21
107.196
107.169
107.21
107.2
107.199
107.199
107.199
107.203
110.109
105.177
106.29
107.24
107.158
107.211
107.229
107.192
107.21
107.177
107.199
107.207
107.207
107.21
107.184
107.192
107.207
107.192
107.199
107.218
107.165
107.252
107.173
107.233
107.154
107.181
107.233
107.214
107.192
107.188
107.237
107.146
107.207
107.199
107.248
107.17
107.191
107.207
107.192
107.21
107.192
107.207
107.199
107.218
107.184
107.192
107.222
107.177
107.191
107.233
107.185
107.199
107.207
107.21
107.199
107.2
107.184
107.192
107.199
107.207
107.203
107.199
107.192
107.199
108.21
106.173
107.203
107.241
107.165
107.192
107.211
107.214
107.218
107.165
107.185
107.233
107.191
107.207
107.199
107.218
107.185
107.199
107.361
107.041
107.207
109.605
104.801
107.177
107.21
107.214
107.166
107.218
107.222
107.195
107.199
107.2
107.191
107.2
107.191
107.196
107.207
107.199
107.199
107.199
107.203
107.2
111.135
103.241
107.199
107.24
107.177
107.222
107.192
107.225
107.162
107.229
107.199
107.211
107.214
107.169
107.185
107.199
107.199
107.192
107.21
107.2
107.199
110.489
103.943
107.162
107.222
107.161
107.312
107.143
107.2
107.161
107.214
107.226
107.143
107.248
107.455
106.921
107.199
107.211
107.428
106.955
107.207
107.199
107.207
107.331
107.045
107.244
107.192
107.165
107.233
107.215
107.176
107.177
107.229
107.196
107.173
107.225
107.185
107.21
107.199
107.2
107.199
107.199
107.192
107.184
107.545
107.079
106.985
107.192
107.24
107.425
106.974
107.199
107.184
107.203
107.215
107.289
107.113
107.598
106.785
107.192
107.207
107.192
107.199
107.21
107.173
107.211
107.192
107.24
107.199
107.185
107.199
107.199
108.376
106
107.297
107.128
107.214
107.203
107.184
107.215
107.376
107
107.21
107.192
107.207
107.199
108.665
105.726
107.218
107.158
107.192
107.248
107.21
107.184
107.185
107.206
107.207
107.218
107.199
107.271
107.139
107.192
107.173
107.21
107.2
107.191
107.207
109.681
104.688
107.214
107.218
107.192
107.206
107.211
107.184
107.214
107.207
107.203
107.181
107.203
107.199
107.199
107.199
107.203
107.207
107.192
107.21
107.192
111.06
103.339
107.221
107.185
107.21
107.199
107.185
107.176
107.207
107.211
107.18
107.256
107.169
107.222
107.161
107.384
107.026
107.214
107.354
107.045
107.21
107.207
108.248
106.136
107.225
107.162
107.229
107.199
107.17
107.225
107.207
107.177
107.206
107.162
107.222
107.203
107.207
107.214
107.184
107.214
107.188
107.192
107.214
109.937
104.432
107.24
107.166
107.177
107.248
107.21
107.173
107.199
107.203
107.305
107.398
106.929
107.192
107.248
107.128
107.199
107.207
107.203
107.199
107.199
110.673
108.32
102.616
107.177
107.199
107.226
107.191
107.2
107.158
107.274
107.184
107.151
107.206
107.241
107.177
107.225
107.305
107.079
107.199
107.192
107.214
107.18
107.557
110.631
103.418
107.176
107.233
107.215
107.184
107.199
107.199
107.211
107.192
107.206
107.2
107.176
107.2
107.21
107.207
107.199
107.199
107.203
107.2
107.199
110.282
104.135
107.151
107.233
107.199
107.207
107.225
107.177
107.357
107.034
107.218
107.158
107.368
107.057
107.199
107.192
107.199
107.21
107.207
107.192
107.199
111.673
102.711
107.176
107.218
107.23
107.225
107.136
107.218
107.214
107.192
107.225
107.215
107.169
107.199
107.192
107.199
107.21
107.399
107
107.207
107.184
107.304
108.369
105.921
107.229
107.218
107.2
107.184
107.176
107.519
106.921
107.162
107.18
107.312
107.162
107.169
107.184
107.2
107.206
107.192
107.203
107.199
107.2
107.447
106.959
107.199
107.203
107.214
107.199
107.425
106.97
107.184
107.207
107.207
107.184
107.192
107.474
106.936
107.199
107.199
107.199
107.2
107.203
107.206
109.064
105.327
107.211
107.207
107.184
107.199
107.218
107.192
107.207
107.191
107.207
107.418
106.969
107.192
107.207
107.233
107.165
107.2
107.195
107.376
107.03
109.688
104.729
107.185
107.199
107.184
107.199
107.369
107.041
107.207
107.207
107.586
106.816
107.192
107.398
107
107.192
107.199
107.432
106.978
107.199
107.203
110.56
103.854
107.199
107.203
107.173
107.21
107.256
107.143
107.199
107.192
107.192
107.218
107.297
107.158
107.169
107.176
107.215
107.184
107.199
107.192
107.207
110.161
104.211
107.214
107.207
107.203
107.237
107.338
107.049
107.18
107.192
107.184
107.241
107.203
107.173
107.225
107.177
107.207
107.199
107.32
107.082
107.192
107.214
107.177
107.214
107.185
107.218
107.199
107.425
106.992
107.173
107.226
107.176
107.207
107.305
107.112
107.158
107.226
107.271
107.131
107.196
107.203
107.199
107.192
107.778
106.605
107.241
107.169
107.199
107.233
107.199
107.2
107.184
107.184
107.399
107.161
107.072
107.199
107.368
107.008
107.21
107.2
107.199
107.192
107.206
109.568
104.85
107.169
107.214
107.41
107.165
107.027
107.206
107.17
107.368
107.064
107.222
107.594
106.782
107.282
107.112
107.192
107.192
107.214
107.199
107.203
110.982
103.68
106.921
107.199
107.2
107.233
107.199
107.203
107.244
107.132
107.222
107.255
107.17
107.176
107.414
107.067
107.102
107.199
107.199
107.203
107.2
107.176
108.414
107.921
105.286
107.188
108.936
105.492
107.188
107.199
107.489
106.925
107.203
107.18
107.203
107.185
107.221
107.192
107.448
106.954
107.192
107.207
107.199
109.553
107.481
104.59
107.154
107.207
107.248
107.158
107.203
107.229
107.196
107.158
107.256
107.184
107.199
107.211
107.165
107.218
107.184
107.207
107.199
107.192
111.44
107.601
102.688
107.098
107.158
107.233
107.173
107.195
107.207
107.233
107.305
107.094
107.154
107.248
107.195
107.188
107.192
107.207
107.199
107.199
107.433
106.985
107.191
109.177
105.207
107.21
107.286
107.113
107.601
106.812
107.252
107.158
107.192
107.256
107.184
107.143
107.545
106.857
107.192
107.199
107.207
107.218
107.184
107.207
110.503
103.873
107.233
107.191
107.241
107.207
107.12
107.241
107.169
107.192
107.221
108
106.403
107.206
107.192
107.218
107.181
107.203
107.191
107.2
107.206
107.196
107.222
107.169
107.214
107.218
107.158
107.226
107.199
107.184
107.199
107.2
107.218
107.206
107.192
107.681
106.721
107.192
107.278
107.121
107.206
107.203
107.2
108.094
106.312
107.161
107.32
107.105
107.214
107.192
107.218
107.199
107.185
107.214
107.169
107.199
107.233
107.185
107.199
107.199
107.203
107.199
107.2
107.206
109.331
105.357
106.903
107.188
107.221
107.185
107.225
107.192
107.177
107.229
107.154
107.233
107.192
107.632
106.774
107.199
107.192
107.21
107.192
107.207
107.199
109.786
105.12
106.718
107.177
107.207
107.184
107.233
107.199
107.192
107.169
107.184
107.2
107.233
107.477
106.906
107.214
107.203
107.2
107.199
107.214
107.184
109.561
104.857
107.176
107.192
107.214
107.203
107.215
107.191
107.192
107.218
107.181
107.218
107.199
107.192
107.191
107.203
107.2
107.191
107.207
107.192
107.218
107.162
109.252
105.176
107.177
107.199
107.241
107.169
107.248
107.15
107.233
107.151
107.199
107.218
107.233
107.166
107.218
107.199
107.199
107.199
107.2
107.248
107.146
108.929
105.462
107.2
107.233
107.184
107.207
107.161
107.233
107.215
107.184
107.214
107.177
107.21
107.2
107.357
107.034
107.199
107.21
107.192
107.207
107.199
110.241
104.169
107.207
107.199
107.177
107.24
107.184
107.185
107.222
107.176
107.233
107.184
107.185
107.218
107.244
107.135
107.297
107.106
107.199
107.199
107.203
110.639
103.775
107.184
107.184
107.233
107.158
107.241
107.191
107.17
107.206
107.233
107.2
107.199
107.203
107.192
107.237
107.154
107.199
107.199
107.192
107.21
107.2
107.206
107.794
106.582
107.218
107.2
107.184
107.207
107.191
107.203
107.196
107.233
107.162
107.214
107.21
107.192
107.207
107.199
107.199
107.203
107.2
107.206
107.185
109.361
106.913
105.369
107.172
107.2
107.21
107.199
107.2
107.199
107.203
107.199
107.199
107.192
107.207
107.177
107.21
107.192
107.38
107.026
107.199
111.147
107.541
106.218
103.895
107.184
107.192
107.207
107.184
107.203
107.229
107.203
107.166
107.248
107.184
107.218
107.184
107.207
107.192
107.191
107.207
107.211
107.214
107.184
107.489
106.895
107.184
107.233
107.192
107.199
107.214
107.184
107.218
107.2
107.184
107.207
107.417
106.97
107.199
107.207
107.199
107.199
107.192
107.203
107.214
109.658
104.741
107.169
107.241
107.184
107.192
107.225
107.199
107.185
107.199
107.214
107.184
107.467
106.924
107.211
107.192
107.199
107.21
107.192
107.463
106.951
109.026
105.368
107.185
107.229
107.199
107.211
107.192
107.191
107.158
107.218
107.192
107.233
107.177
107.485
106.921
107.199
107.199
107.211
107.199
107.192
107.206
110.019
104.369
107.199
107.184
107.229
107.17
107.199
107.199
107.218
107.199
107.2
107.203
107.214
107.327
107.075
107.199
107.2
107.199
107.199
107.199
107.211
111.632
103.601
106.35
107.199
107.218
107.192
107.199
107.207
107.195
107.181
107.191
107.241
107.184
107.211
107.575
106.823
107.207
107.184
107.196
107.203
107.218
111.793
102.688
107.094
107.203
107.229
107.504
106.891
107.199
107.2
107.15
107.248
107.203
107.192
107.184
107.248
107.15
107.2
107.206
107.203
107.2
107.199
107.199
107.199
107.226
107.192
107.21
107.207
107.184
107.207
107.169
107.207
107.192
107.225
107.184
107.2
107.353
107.293
106.944
107.21
107.2
107.199
107.199
107.199
109.452
104.951
107.222
107.169
107.191
107.207
107.211
107.184
107.241
107.191
107.2
107.184
107.184
107.214
107.192
107.21
107.384
107.015
107.199
107.192
107.192
107.819
106.613
107.192
107.203
107.173
107.184
107.203
107.199
107.248
107.158
107.226
107.214
107.282
107.12
107.177
107.207
107.191
107.207
107.203
107.196
107.225
110.019
104.357
107.192
107.226
107.169
107.597
106.801
107.248
107.158
107.241
107.192
107.191
107.169
107.192
107.305
107.112
107.207
107.199
107.203
107.2
107.199
110.289
104.094
107.185
107.248
107.184
107.199
107.218
107.181
107.195
107.222
107.203
107.199
107.184
107.215
107.184
107.199
107.192
107.207
107.203
107.222
107.176
111.474
103.361
106.782
107.169
107.222
107.225
107.192
107.192
107.207
107.161
107.256
107.154
107.188
107.218
107.207
107.191
107.203
107.2
107.199
107.199
107.203
107.23
109.033
107.042
105.477
107.199
107.203
107.23
107.199
107.203
107.165
107.218
107.177
107.286
107.154
107.199
107.256
107.128
107.199
107.192
107.199
107.21
107.215
110.218
107.831
103.518
107.234
107.199
107.199
107.184
107.169
107.241
107.177
107.206
107.215
107.176
107.185
107.346
107.086
107.199
107.418
106.984
107.192
107.214
107.2
107.184
107.85
106.575
107.169
107.233
107.199
107.2
107.27
107.12
107.177
107.199
107.226
107.207
107.184
107.192
107.199
107.21
107.2
107.199
107.199
107.203
107.207
110.865
103.511
107.214
107.233
107.185
107.184
107.191
107.207
107.233
107.185
107.199
107.169
107.737
106.669
107.21
107.2
107.199
107.199
107.199
107.203
107.192
110.647
103.752
107.225
107.192
107.207
107.176
107.226
107.18
107.203
107.17
107.229
107.218
107.18
107.203
107.192
107.207
107.192
107.199
107.21
107.2
107.199
107.184
107.199
107.218
107.215
107.184
107.398
106.985
107.192
107.199
107.185
107.248
107.195
107.421
106.97
107.222
107.192
107.44
106.954
107.192
107.207
107.233
111.504
103.086
107.008
107.192
107.289
107.105
107.192
107.192
107.184
107.233
107.18
107.219
107.263
107.112
107.2
107.206
107.203
107.192
107.199
107.207
107.203
107.207
108.143
106.218
107.207
107.206
107.241
107.192
107.184
107.218
107.192
107.191
107.215
107.184
107.218
107.214
107.169
107.192
107.342
107.057
107.199
107.21
107.207
108.895
105.481
107.233
107.158
107.211
107.199
107.207
107.191
107.249
107.169
107.184
107.233
107.188
107.195
107.279
107.12
107.192
107.199
107.207
107.218
107.191
107.937
106.473
107.207
107.199
107.192
107.199
107.184
107.219
107.191
107.207
107.192
107.176
107.218
107.647
106.914
107.037
107.199
107.203
107.2
107.199
107.207
109.808
104.575
107.211
107.184
107.233
107.173
107.241
107.176
107.199
107.192
107.218
107.215
107.857
106.511
107.218
107.335
107.048
107.192
107.207
107.199
107.203
107.207
108.425
105.966
107.192
107.199
107.226
107.172
107.226
107.184
107.199
107.211
107.158
107.218
107.222
107.184
107.282
107.128
107.199
107.282
107.109
107.21
107.192
110.271
104.15
107.184
107.219
107.184
107.214
107.199
107.218
107.185
107.206
107.2
107.191
107.203
107.207
107.199
107.184
107.2
107.184
107.207
107.203
107.199
111.545
103.369
106.695
107.207
107.169
107.214
107.241
107.154
107.207
107.199
107.199
107.199
107.211
107.177
107.229
107.184
107.192
107.21
107.192
107.207
107.199
107.184
107.226
108.575
105.786
107.222
107.206
107.185
107.218
107.184
107.192
107.206
107.192
107.211
107.229
107.192
107.21
107.181
107.203
107.199
107.192
107.199
107.21
107.2
109.879
106.376
105.361
107.2
107.176
107.214
107.17
107.199
107.256
107.191
107.169
107.192
107.241
107.184
107.207
107.184
107.199
107.199
107.211
107.192
111.552
107.102
105.714
104.421
107.196
107.221
107.211
107.192
107.199
107.207
107.199
107.203
107.199
107.207
107.192
107.184
107.192
107.199
107.207
107.195
107.207
107.192
107.346
108.439
105.839
107.207
107.184
107.169
107.225
107.181
107.226
107.176
107.233
107.184
107.185
107.244
107.162
107.199
107.304
107.098
107.207
107.199
107.192
107.199
109.793
104.617
107.192
107.225
107.181
107.21
107.192
107.199
107.226
107.184
107.207
107.199
107.196
107.18
107.402
107.023
107.192
107.191
107.192
107.21
107.2
109.838
104.568
107.203
107.207
107.199
107.192
107.199
107.21
107.2
107.199
107.199
107.177
107.191
107.203
107.215
107.199
107.199
107.203
107.199
107.2
107.207
107.199
107.176
107.2
107.191
107.2
107.203
107.206
107.226
107.192
107.158
107.21
107.233
107.207
107.184
107.207
107.199
107.199
107.203
107.192
107.207
107.199
107.248
107.154
107.207
107.215
107.203
107.184
107.229
107.177
107.192
107.199
107.176
107.185
107.218
107.263
107.169
107.173
107.21
107.192
107.207
107.199
107.203
107.199
107.264
107.158
107.176
107.218
107.207
107.199
107.203
107.181
107.203
107.18
107.26
107.15
107.218
107.18
107.219
107.191
107.184
107.2
107.282
107.124
107.203
107.191
107.207
107.169
107.215
107.21
107.222
107.162
107.24
107.192
107.192
107.199
107.184
107.207
107.241
107.161
107.207
107.207
107.184
107.21
107.192
107.192
110.342
105.587
105.687
107.166
107.225
107.192
107.23
107.187
107.215
107.176
107.2
107.218
107.308
107.083
107.214
107.305
107.078
107.203
107.2
107.199
107.199
110.098
104.485
107.034
107.192
107.199
107.169
107.241
107.184
107.199
107.376
107.015
107.192
107.218
107.199
107.214
107.184
107.2
107.203
107.199
107.192
107.218
107.199
107.846
106.56
107.203
107.199
107.2
107.184
107.214
107.177
107.24
107.384
107.007
107.207
107.196
107.191
107.2
107.176
107.207
107.199
107.203
107.199
107.192
108.989
105.436
107.199
107.192
107.207
107.169
107.199
107.233
107.151
107.199
107.192
107.24
107.184
107.459
106.959
107.199
107.192
107.206
107.203
107.192
107.207
110.929
103.462
109.56
104.823
107.234
107.191
107.192
107.192
107.218
107.199
107.199
107.203
107.207
107.207
107.184
107.192
107.225
107.184
107.2
107.199
107.211
111.751
102.662
107.192
107.184
107.199
107.192
107.199
107.297
107.121
107.206
107.203
107.158
107.207
107.233
107.282
107.406
106.898
107.2
107.199
107.199
107.203
107.406
106.985
108.688
106.639
106.263
107.282
107.136
107.199
107.199
107.218
107.177
107.18
107.203
107.23
107.191
107.203
107.2
107.199
107.192
107.206
107.2
107.203
107.191
111
105.489
105.102
107.184
107.195
107.271
107.184
107.215
107.15
107.203
107.214
107.184
107.2
107.21
107.199
107.207
107.203
107.199
107.2
107.199
107.263
107.12
107.391
107.042
107.192
107.206
107.218
107.151
107.233
107.207
107.255
107.113
107.233
107.192
107.199
107.184
107.203
107.188
107.203
107.215
107.199
107.184
107.199
108.466
106.2
106.928
107.207
107.226
107.157
107.218
107.222
107.177
107.184
107.241
107.169
107.35
107.424
106.842
107.192
107.207
107.199
107.192
107.21
107.192
108.143
106.29
107.191
107.177
107.519
106.887
107.207
107.184
107.211
107.214
107.184
107.207
107.259
107.132
107.203
107.199
107.199
107.192
107.211
107.199
107.207
109.992
105.808
105.824
107.191
107.177
107.207
107.184
107.226
107.184
107.199
107.207
107.21
107.185
107.462
106.936
107.207
107.199
107.196
107.199
107.191
107.207
110.56
104.779
106.278
107.161
107.207
107.199
107.207
107.211
107.207
107.199
107.195
107.215
107.391
107.018
107.309
107.056
107.207
107.195
107.207
107.402
106.996
110.587
103.831
107.184
107.177
107.199
107.199
107.241
107.184
107.192
107.206
107.204
107.191
107.207
107.169
107.199
107.234
107.199
107.199
107.192
107.206
107.204
109.733
104.642
107.237
107.203
107.2
107.199
107.192
107.21
107.188
107.177
107.203
107.24
107.196
107.252
107.135
107.184
107.207
107.192
107.218
107.192
107.221
107.263
109.609
104.688
107.234
107.169
107.214
107.218
107.158
107.233
107.207
107.176
107.192
107.214
107.17
107.233
107.199
107.199
107.192
107.211
107.191
107.207
107.192
107.191
107.192
107.226
107.191
107.482
106.917
107.233
107.184
107.207
107.203
107.192
107.214
107.199
107.203
107.166
107.199
107.211
107.191
107.207
107.199
107.192
107.865
106.56
107.203
107.18
108.666
105.752
107.184
107.214
107.192
107.176
107.219
107.206
107.192
107.199
107.418
106.985
107.199
107.214
107.184
107.192
107.211
109.357
105.041
107.214
107.203
107.2
107.15
107.233
107.233
107.199
107.2
107.184
107.199
107.199
107.203
107.278
107.106
107.432
106.966
107.192
107.211
107.327
107.079
107.191
107.192
107.169
107.207
107.233
107.184
107.226
107.207
107.191
107.207
107.218
107.181
107.188
107.214
107.289
107.094
107.192
107.211
107.199
107.199
107.199
108.696
107.248
105.673
107.176
107.207
107.233
107.17
107.214
107.184
107.184
107.199
107.234
107.199
107.161
107.241
107.181
107.203
107.199
107.191
107.207
107.2
107.218
110.552
103.854
107.161
107.233
107.185
107.214
107.184
107.207
107.184
107.218
107.158
107.199
107.218
107.463
106.955
107.199
107.199
107.192
107.199
107.211
111.462
102.944
107.439
106.97
107.2
107.199
107.199
107.199
107.203
107.365
107.019
107.207
107.206
107.177
107.211
107.191
107.207
107.192
107.207
107.203
107.199
107.199
107.199
108.745
105.673
107.312
107.169
107.135
107.199
107.185
107.161
107.256
107.15
107.23
107.203
107.191
107.327
107.064
107.2
107.203
107.199
107.199
107.199
107.2
110.417
103.97
107.214
107.192
107.225
107.158
107.241
107.184
107.218
107.173
107.211
107.214
107.24
107.158
107.177
107.376
107.026
107.207
107.199
107.248
107.155
109.191
105.184
107.222
107.233
107.185
107.199
107.199
107.203
107.184
107.2
107.214
107.184
107.207
107.522
106.861
107.211
107.199
107.199
107.2
107.203
107.199
111.079
103.353
107.192
107.192
107.191
107.406
106.978
107.199
107.218
107.214
107.177
107.199
107.233
107.17
107.199
107.199
107.199
107.192
107.211
107.191
107.207
111.447
102.936
107.226
107.192
107.327
107.086
107.185
107.176
107.241
107.158
107.259
107.192
107.158
107.21
107.215
107.191
107.218
107.185
107.199
107.199
107.218
111.462
102.929
107.207
107.169
107.199
107.233
107.192
107.192
107.207
107.199
107.184
107.218
107.192
107.184
107.222
107.203
107.192
107.206
107.2
107.184
107.207
107.203
110.567
103.854
107.188
107.206
107.2
107.157
107.249
107.154
107.199
107.241
107.161
107.237
107.199
107.203
107.489
106.895
107.199
107.199
107.203
107.2
107.199
108.406
105.992
107.2
107.233
107.169
107.199
107.233
108.511
105.873
107.184
107.199
107.192
107.191
107.234
107.199
107.184
107.199
107.192
107.211
107.199
107.406
107.049
108.049
106.278
107.233
107.184
107.207
107.199
107.188
107.207
107.184
107.214
107.2
107.199
107.203
107.199
107.417
106.974
107.211
107.191
107.207
107.207
107.267
110.045
104.263
107.233
107.192
107.184
107.199
107.196
107.214
107.184
107.233
107.2
107.157
107.234
107.545
106.846
107.203
107.191
107.207
107.199
107.192
107.211
110.541
107.481
105.688
105.09
107.215
107.199
107.176
107.185
107.24
107.166
107.225
107.177
107.184
107.199
107.433
106.992
107.207
107.199
107.2
107.191
107.211
107.184
107.199
107.902
106.531
107.176
107.23
107.191
107.185
107.203
107.214
107.199
107.199
107.203
107.2
107.199
107.184
107.199
107.192
107.211
107.191
107.207
107.207
107.192
109.601
104.793
107.215
107.176
107.184
107.249
107.199
107.184
107.199
107.211
107.214
107.199
107.2
107.176
107.2
107.218
107.184
107.199
107.199
107.2
107.203
111.15
104.639
105.808
107.218
107.158
107.192
107.233
107.199
107.192
107.211
107.187
107.211
107.368
107.023
107.211
107.199
107.199
107.192
107.207
107.451
106.951
107.207
107.338
107.045
107.195
107.23
107.199
107.199
107.267
107.136
107.199
107.199
107.192
107.21
107.185
107.199
107.192
107.206
107.2
107.191
107.211
107.199
107.199
107.951
106.425
107.233
107.207
107.162
107.206
107.211
107.207
107.214
107.199
107.218
107.233
107.166
107.169
107.192
107.199
107.207
107.203
107.199
107.199
107.2
108.184
106.24
107.177
107.226
107.173
107.218
107.176
107.222
107.199
107.185
107.21
107.184
107.2
107.327
107.071
107.211
107.199
107.214
107.184
107.192
107.211
110.541
104.256
106.815
107.203
107.185
107.214
107.192
107.191
107.207
107.203
107.199
107.2
107.199
107.195
107.2
107.199
107.192
107.199
107.199
107.211
107.199
111.782
103.387
106.421
107.211
107.214
107.199
107.162
107.206
107.234
107.165
107.226
107.176
107.233
107.185
107.59
106.808
107.199
107.192
107.207
107.195
107.2
111.327
104.184
106.361
106.921
107.207
107.191
107.192
107.241
107.199
107.199
107.184
107.218
107.2
107.184
107.248
107.143
107.199
107.211
107.187
107.211
107.368
107.023
108
106.402
107.215
107.191
107.218
107.2
107.199
107.184
107.218
107.165
107.215
107.218
107.184
107.184
107.278
107.14
107.199
107.319
107.079
107.203
107.2
110.15
105.985
105.432
107.263
107.17
107.206
107.192
107.233
107.166
107.195
107.192
107.229
107.169
107.215
107.203
107.199
107.199
107.199
107.2
107.203
107.191
109.88
105.447
106.263
107.234
107.199
107.218
107.165
107.184
107.219
107.18
107.18
107.207
107.207
107.192
107.248
107.184
107.192
107.199
107.226
107.184
107.199
111.417
103.726
106.451
107.173
107.233
107.218
107.184
107.215
107.176
107.207
107.312
107.079
107.211
107.214
107.184
107.199
107.2
107.203
107.191
107.207
107.199
107.184
108.775
106.507
106.335
107.192
107.207
107.169
107.218
107.199
107.248
107.184
107.158
107.218
107.215
107.191
107.271
107.132
107.199
107.199
107.199
107.192
107.211
107.199
109.895
104.518
107.203
107.192
107.207
107.199
107.169
107.233
107.215
107.184
107.192
107.345
107.061
107.203
107.184
107.199
107.199
107.192
107.211
107.297
111.59
107.086
105.857
104.151
107.21
107.222
107.199
107.203
107.185
107.199
107.199
107.199
107.184
107.219
107.334
107.271
106.992
107.203
107.23
107.161
107.207
107.192
107.191
107.88
106.53
107.207
107.207
107.21
107.185
107.191
107.215
107.206
107.218
107.177
107.214
107.297
107.072
107.199
107.353
107.072
107.192
107.199
107.192
107.203
110.037
104.369
107.21
107.173
107.218
107.207
107.327
107.169
107.105
107.151
107.218
107.199
107.214
107.594
106.809
107.191
107.2
107.206
107.192
107.211
107.199
111.334
103.944
106.353
107.192
107.184
107.226
107.199
107.177
107.199
107.214
107.196
107.199
107.229
107.177
107.177
107.199
107.199
107.2
107.203
107.191
107.215
111.582
104.891
105.102
107.233
107.161
107.207
107.199
107.234
107.169
107.191
107.207
107.199
107.234
107.334
107.29
106.951
107.199
107.211
107.191
107.2
107.199
107.218
107.485
106.879
107.226
107.218
107.199
107.2
107.214
107.177
107.225
107.158
107.203
107.44
106.966
107.207
107.203
107.207
107.184
107.199
107.199
107.218
107.185
107.864
106.542
107.184
107.184
107.338
107.087
107.199
107.211
107.188
107.176
107.203
107.23
107.225
107.222
107.147
107.214
107.184
107.199
107.2
107.199
107.203
108.03
106.368
107.2
107.203
107.214
107.271
107.127
107.169
107.2
107.184
107.21
107.23
107.21
107.222
107.154
107.207
107.263
107.128
107.211
107.199
107.199
107.192
108.064
106.368
107.199
107.433
106.951
107.21
107.185
107.221
107.2
107.21
107.143
107.199
107.241
107.199
107.184
107.203
107.2
107.191
107.207
107.199
110.872
105.113
105.617
107.184
107.214
107.2
107.21
107.207
107.192
107.214
107.195
107.192
107.192
107.207
107.225
107.162
107.207
107.191
107.192
107.214
107.248
109.275
105.079
107.192
107.199
107.24
107.17
107.199
107.199
107.199
107.192
107.211
107.417
106.981
107.207
107.21
107.448
106.928
107.2
107.206
107.2
107.21
110.718
103.658
107.214
107.218
107.2
107.157
107.211
107.233
107.199
107.2
107.334
107.057
107.191
107.218
107.185
107.285
107.113
107.192
107.203
107.207
107.191
107.207
107.598
106.785
107.249
107.169
107.222
107.176
107.233
107.185
107.221
107.162
107.177
107.24
107.2
107.191
107.185
107.214
107.195
107.2
107.199
107.199
107.241
108.823
108.545
104.192
107.199
107.199
107.192
107.211
107.214
107.203
107.195
107.203
107.158
107.226
107.199
107.199
107.2
107.203
107.191
107.207
107.199
107.192
110.801
103.601
107.184
107.23
107.203
107.207
107.169
107.207
107.424
107
107.2
107.285
107.132
107.15
107.248
107.158
107.226
107.184
107.199
107.211
107.207
107.248
107.15
108.263
106.121
107.21
107.192
107.214
107.312
110.105
104.151
107.233
107.169
107.305
107.094
107.233
107.278
107.105
107.199
107.192
107.211
107.191
107.215
107.184
110.161
104.222
107.199
107.226
107.184
107.2
107.255
107.192
107.188
107.192
107.563
109.177
104.85
107.222
107.191
107.233
107.185
107.191
107.177
107.199
107.218
107.185
107.278
107.143
107.203
107.199
107.47
106.921
107.207
107.282
107.127
107.2
107.199
107.192
107.191
107.226
107.158
107.195
107.207
107.192
107.21
107.2
107.199
108.113
106.27
107.233
107.185
107.191
107.222
107.425
106.959
107.218
107.157
107.226
107.192
107.207
107.195
107.207
107.199
107.199
107.2
107.203
107.199
107.207
107.206
107.162
107.214
107.211
107.199
107.233
107.158
107.199
107.196
107.199
107.229
107.203
107.376
107.166
107.041
107.192
107.225
107.181
107.203
107.199
107.199
108.778
105.632
107.207
107.192
107.184
107.207
107.188
107.221
107.169
107.207
107.184
107.335
107.218
107.079
107.226
107.165
107.207
107.195
107.207
107.199
107.192
109.267
105.135
107.23
107.169
107.184
107.312
107.162
107.158
107.184
107.218
107.18
107.226
107.199
107.267
107.117
107.203
107.199
107.199
107.199
107.192
107.218
109.199
105.207
107.169
107.215
107.218
107.161
107.207
107.214
107.2
107.195
107.207
107.199
107.233
107.184
107.185
107.199
107.199
107.199
107.203
107.433
106.966
107.184
107.229
107.185
107.218
107.214
107.184
107.402
106.967
107.199
107.218
107.199
107.184
107.215
107.274
107.12
107.192
107.207
107.207
107.203
107.199
107.199
110.729
103.655
107.191
107.256
107.177
107.353
107.056
107.2
107.199
107.199
107.203
107.199
107.2
107.161
107.32
107.116
107.185
107.199
107.195
107.2
107.206
107.185
107.402
107.015
107.214
107.169
107.2
107.191
107.241
107.192
107.176
107.184
107.264
107.161
107.233
107.207
107.248
107.121
107.214
107.376
107.007
107.192
107.211
109.255
105.151
107.191
107.192
107.226
107.199
107.192
107.203
107.195
107.203
107.192
107.176
107.23
107.177
107.199
107.21
107.207
107.199
107.2
107.195
107.207
110.759
103.639
107.211
107.184
107.192
107.199
107.199
107.233
107.17
107.199
107.199
107.207
107.192
107.233
107.184
107.199
107.199
107.192
107.211
107.206
107.185
107.206
108.361
107.76
105.496
107.207
107.21
107.199
107.192
107.192
107.207
107.188
107.206
107.2
107.199
107.192
107.191
107.2
107.203
107.199
107.199
107.199
107.203
109.654
107.384
104.56
107.199
107.2
107.195
107.229
107.185
107.21
107.181
107.338
107.079
107.192
107.199
107.21
107.185
107.199
107.413
106.978
107.199
107.199
111.072
107.417
103.147
107.158
107.218
107.221
107.192
107.184
107.211
107.207
107.206
107.185
107.21
107.214
107.185
107.176
107.207
107.199
107.192
107.211
107.229
107.195
107.2
108.511
105.838
107.199
107.241
107.184
107.177
107.214
107.226
107.161
107.222
107.218
107.192
107.192
107.199
107.199
107.192
107.312
107.09
107.215
107.191
107.433
109.838
104.346
107.199
107.184
107.185
107.218
107.165
107.218
107.222
107.21
107.192
107.173
107.196
107.221
107.256
107.139
107.222
107.184
107.199
107.2
107.21
111.414
103.815
106.395
107.151
107.233
107.184
107.207
107.169
107.207
107.191
107.192
107.233
107.218
107.598
106.786
107.199
107.199
107.192
107.207
107.199
107.195
110.549
103.827
107.233
107.196
107.218
107.184
107.199
107.2
107.218
107.199
107.184
107.218
107.181
107.274
107.143
107.184
107.199
107.218
107.185
107.406
106.992
107.214
107.211
107.199
107.177
107.214
107.199
107.203
107.177
107.222
107.199
107.169
107.207
107.203
107.207
107.278
107.12
107.203
107.335
107.064
107.199
107.199
107.203
107.215
107.184
107.207
107.206
107.177
107.218
107.207
107.199
107.199
107.203
107.177
107.207
107.417
106.966
107.218
107.2
107.206
107.192
107.199
107.203
107.2
109.037
105.354
107.432
106.974
107.218
107.206
107.192
107.203
107.196
107.203
107.169
107.229
107.192
107.192
107.203
107.191
107.207
107.226
107.176
107.2
107.199
108.015
106.383
107.185
107.225
107.207
110.575
103.801
107.192
107.218
107.18
107.226
107.21
107.166
107.199
107.203
107.214
107.199
107.2
107.203
107.417
106.981
107.192
107.673
106.725
107.203
107.185
107.206
107.207
107.241
107.184
107.169
107.241
107.206
107.192
107.192
107.519
106.921
107.161
107.185
107.199
107.192
107.199
107.207
109.266
105.151
107.192
107.184
107.192
107.225
107.207
107.199
107.192
107.21
107.185
107.199
107.218
107.188
107.195
107.2
107.191
107.207
107.199
107.2
107.203
110.488
103.918
107.218
107.206
107.143
107.226
107.199
107.207
107.21
107.2
107.199
107.207
107.169
107.233
107.398
106.978
107.199
107.256
107.135
107.211
107.191
107.192
107.263
107.767
106.553
107.248
107.192
107.21
107.173
107.192
107.218
107.222
107.191
107.196
109.421
104.97
107.27
107.29
107.03
107.211
107.191
107.192
107.214
107.203
109.038
105.496
107.072
107.191
107.192
107.211
107.157
107.226
107.233
107.166
107.24
107.169
107.207
107.312
107.079
107.199
107.211
107.199
107.192
107.199
107.211
111.15
105.417
105.015
107.233
107.2
107.169
107.199
107.207
107.199
107.184
107.211
107.214
107.474
106.91
107.218
107.191
107.207
107.192
107.349
107.049
107.203
107.222
107.184
107.192
107.233
107.211
107.15
107.222
107.177
107.225
107.199
107.2
107.297
107.086
107.474
106.936
107.192
107.214
107.184
107.211
107.214
107.184
107.199
107.951
106.489
107.169
107.2
107.218
107.191
107.335
107.034
107.229
107.184
107.233
107.185
107.214
107.169
107.192
107.225
107.185
107.199
107.199
107.207
107.184
108.857
105.538
107.214
107.199
107.282
107.109
107.211
107.207
107.191
107.185
107.21
107.229
107.177
107.59
106.812
107.207
107.199
107.192
107.192
107.218
107.199
110.158
104.211
107.206
107.248
107.17
107.191
107.215
107.206
107.177
107.211
107.214
107.184
107.263
107.184
107.155
107.199
107.199
107.192
107.199
107.211
107.199
111.357
103.041
107.192
107.594
106.831
107.199
107.184
107.2
107.169
107.248
107.199
107.203
107.192
107.214
107.207
107.169
107.199
107.2
107.191
107.211
107.199
107.184
107.2
107.191
107.207
107.233
107.207
107.162
107.199
107.199
107.203
107.199
107.233
107.166
107.203
107.207
107.199
107.225
107.185
107.191
107.222
107.192
111.601
103.248
106.775
107.169
107.226
107.206
107.17
107.221
107.249
107.154
107.165
107.226
107.319
107.072
107.218
107.169
107.199
107.199
107.215
107.184
107.207
107.203
108.015
106.368
107.199
107.215
107.21
107.192
107.184
107.199
107.23
107.195
107.207
107.177
107.353
107.056
107.2
107.191
107.2
107.206
107.2
107.203
107.214
111.24
103.143
107.218
107.207
107.233
107.121
107.229
107.177
107.24
107.192
107.192
107.248
107.161
107.2
108.823
105.56
107.199
107.192
107.211
107.199
107.199
107.887
106.497
107.191
107.207
107.203
107.233
107.214
107.17
107.248
107.173
107.21
107.199
107.2
107.417
106.936
107.214
107.192
107.211
107.199
107.199
107.447
109.474
104.726
107.139
107.222
107.199
107.21
107.185
107.214
107.199
107.184
107.185
107.191
107.211
107.214
107.211
107.188
107.218
107.176
107.2
107.206
107.2
107.233
109.53
104.838
107.199
107.192
107.226
107.191
107.2
107.191
107.369
107.034
107.383
107.015
107.376
107.023
107.195
107.199
107.207
107.199
107.192
107.211
107.199
108.391
107.808
105.417
107.192
107.177
107.214
107.192
107.327
107.083
107.233
107.315
107.068
107.237
107.147
107.327
107.071
107.199
107.207
107.282
107.113
107.199
110.214
107.482
103.928
107.199
107.185
107.21
107.214
107.2
107.184
107.199
107.241
107.143
107.203
107.263
107.169
107.165
107.2
107.203
107.191
107.2
107.199
107.21
107.2
107.612
106.764
107.24
107.214
107.177
107.207
107.184
107.233
107.199
107.192
107.192
107.207
107.176
107.211
107.192
107.199
107.199
107.199
107.2
107.195
107.286
110.695
103.632
107.225
107.192
107.199
107.177
107.199
107.185
107.225
107.192
107.184
107.207
107.383
107.027
107.199
107.199
107.192
107.199
107.226
107.191
107.2
110.767
103.609
107.218
107.18
107.226
107.161
107.215
107.233
107.206
107.151
107.218
107.297
107.094
107.447
106.97
107.192
107.199
107.203
107.199
107.207
107.192
107.225
107.166
107.192
107.21
107.222
107.53
106.917
107.162
107.184
107.184
107.248
107.151
107.218
107.263
107.128
107.207
107.199
107.195
107.207
107.199
107.203
111.23
103.154
107.207
107.214
107.162
107.248
107.255
107.169
107.143
107.215
107.169
107.248
107.184
107.207
107.481
106.914
107.191
107.2
107.199
107.225
107.185
107.214
107.248
107.128
107.192
107.225
107.432
106.959
107.218
107.192
107.214
107.177
107.222
107.21
107.158
107.226
107.176
107.207
107.192
107.207
107.203
107.199
107.214
107.199
107.203
107.2
107.184
107.214
107.199
107.643
106.741
107.203
107.199
107.384
107.409
106.816
107.184
107.222
107.177
107.199
107.226
107.184
107.199
107.207
109.458
104.944
107.199
107.192
107.384
107.033
107.294
107.112
107.361
107.015
107.2
107.21
107.214
107.275
107.101
107.2
107.203
107.188
107.203
107.199
107.304
108.624
105.673
107.222
107.29
107.071
107.226
107.176
107.215
107.214
107.203
107.192
107.293
107.105
107.192
107.192
107.282
107.127
107.2
107.206
107.192
107.226
110.27
104.091
107.221
107.218
107.192
107.214
107.185
107.191
107.2
107.466
106.925
107.21
107.199
107.248
107.128
107.218
107.207
107.199
107.203
107.215
107.176
111.745
103.007
106.839
107.199
107.233
107.162
107.199
107.199
107.226
107.214
107.199
107.425
106.944
107.233
107.199
107.402
106.974
107.199
107.211
107.191
107.2
107.191
108.354
106.037
107.241
107.207
107.161
107.2
107.248
107.184
107.177
107.368
107.158
107.083
107.214
107.192
107.191
107.211
107.428
106.955
107.207
107.207
107.21
110.583
107.801
103.184
107.271
107.161
107.2
107.214
107.282
107.425
106.879
107.185
107.191
107.279
107.146
107.184
107.301
107.09
107.207
107.199
107.2
107.21
111.767
102.632
108.218
106.173
107.191
107.203
107.233
107.207
107.177
107.222
107.191
107.185
107.218
107.173
107.225
107.177
107.192
107.327
107.082
107.192
107.199
107.263
108.993
107.598
104.936
107.199
107.203
108.624
105.775
107.233
107.176
107.215
107.176
107.2
107.233
107.161
107.519
106.902
107.207
107.184
107.203
107.207
107.207
107.21
107.185
109.391
105.03
107.161
107.282
107.151
107.184
107.214
107.361
107.056
107.162
107.207
107.214
107.575
106.801
107.211
107.191
107.207
107.199
107.192
107.211
107.206
109.703
105.824
106.082
107.177
107.214
107.376
106.993
107.24
107.173
107.226
107.199
107.177
107.225
107.32
107.158
107.105
107.192
107.432
106.978
107.199
107.199
109.256
105.128
107.199
107.203
107.222
107.199
107.192
107.21
107.214
107.162
107.233
107.207
107.207
107.233
107.135
107.353
107.128
107.158
107.169
107.192
107.199
111.241
104
106.391
107.195
107.173
107.218
107.32
107.086
107.17
107.225
107.173
107.211
108.845
105.553
107.474
106.917
107.226
107.176
107.448
106.951
107.199
107.199
107.395
107.03
107.218
107.222
107.147
107.221
107.185
107.191
107.2
107.21
107.184
107.455
106.944
107.199
107.226
107.173
107.225
107.184
107.192
107.211
107.248
107.128
107.199
107.24
107.185
107.221
107.162
107.199
107.233
107.173
107.203
107.192
107.222
107.225
107.185
107.319
107.072
107.203
107.379
107.012
107.199
107.207
110.409
103.974
107.218
107.207
107.184
107.214
107.203
107.166
107.233
107.199
107.203
107.166
107.233
107.169
107.255
107.406
106.944
107.282
107.12
107.207
107.214
109.282
106.929
105.391
107.289
107.102
107.184
107.399
107.033
107.192
107.203
107.181
107.21
107.207
107.199
107.199
107.211
107.177
107.199
107.199
107.199
107.2
110.191
104.185
107.233
107.225
107.181
107.18
107.222
107.199
107.203
107.173
107.211
107.199
107.199
107.226
107.173
107.199
107.203
107.214
107.177
107.21
107.2
108.718
105.665
107.233
107.192
107.195
107.211
107.184
107.214
107.188
107.2
107.221
107.177
107.211
107.203
107.203
107.184
107.349
107.049
107.192
107.211
107.191
110.433
103.943
107.222
107.211
107.191
107.23
107.184
107.21
107.185
107.439
107.121
107.045
107.184
107.211
107.184
107.199
107.214
107.346
107.057
107.199
107.199
111.496
103
108.32
106
107.169
107.199
107.215
107.176
107.241
107.199
107.192
107.225
107.17
107.221
107.2
107.387
106.985
107.278
107.12
107.207
107.192
107.207
109.808
107.474
104.304
107.199
107.215
107.225
107.177
107.207
107.199
107.21
107.166
107.203
107.237
107.161
107.218
107.215
107.199
107.703
106.68
107.203
107.215
110.646
107.842
103.109
107.17
107.233
107.169
107.222
107.169
107.24
107.158
107.211
107.222
107.184
107.207
107.203
107.447
106.966
107.184
107.218
107.256
107.12
107.192
107.207
108.368
106.015
107.226
107.214
107.192
107.21
107.2
107.199
107.218
107.18
107.203
107.185
107.364
107.027
107.206
107.425
107.113
107.056
107.207
107.199
107.192
110.241
104.169
107.184
107.214
107.192
107.211
107.191
107.207
107.207
107.21
107.286
107.113
107.256
107.135
107.195
107.519
106.88
107.199
107.192
107.207
107.218
111.27
103.106
107.199
107.24
107.143
107.211
107.229
107.184
107.369
107.041
107.184
107.207
107.199
107.256
107.169
107.166
107.21
107.233
107.166
107.199
107.195
107.207
107.233
107.151
107.481
106.951
107.184
107.214
107.177
107.211
107.214
107.169
107.207
107.225
107.207
107.169
107.207
107.211
107.18
107.305
107.105
107.199
111.666
102.725
107.177
107.233
107.199
107.447
106.97
107.151
107.199
107.256
107.191
107.2
107.161
107.425
107.162
107.03
107.214
107.395
107
107.199
107.199
107.2
107.947
106.47
107.233
107.143
107.225
107.185
107.199
107.342
107.041
107.218
107.448
106.951
107.225
107.181
107.199
107.211
107.289
107.102
107.191
107.192
107.211
107.703
106.71
107.169
107.233
107.2
107.184
107.184
107.207
107.207
107.218
107.199
107.184
107.214
107.523
106.861
107.203
107.192
107.206
107.192
107.226
107.199
110.056
104.361
107.166
107.21
107.199
107.226
107.177
107.203
107.218
107.184
107.184
107.346
107.071
107.177
107.199
107.47
106.944
107.192
107.203
107.199
107.199
109.417
104.959
107.192
107.199
110.993
103.424
107.233
107.2
107.184
107.199
107.199
107.218
107.166
107.233
107.184
107.192
107.207
107.218
107.184
107.199
107.199
110.779
103.597
107.2
107.21
107.233
107.192
107.192
107.199
107.199
107.199
107.218
107.188
107.373
107.022
107.199
107.218
107.598
106.786
107.192
107.214
107.184
107.184
108.88
105.538
107.191
107.248
107.2
107.184
107.169
107.199
107.215
107.191
107.211
107.199
107.177
107.616
106.921
107.079
107.207
107.199
107.203
107.196
107.21
109.624
104.752
107.2
107.184
107.319
107.121
107.184
107.24
107.143
107.248
107.192
107.199
107.185
107.248
107.154
107.297
107.165
107.136
107.203
107.199
107.214
111.387
107.591
102.751
107.072
107.192
107.225
107.214
107.185
107.184
107.184
107.199
107.233
107.192
107.199
107.211
107.165
107.2
107.191
107.211
107.199
107.207
107.259
107.925
107.929
105.665
107.229
107.218
107.192
107.177
107.199
107.207
107.225
107.17
107.221
107.207
107.203
107.199
107.399
106.962
107.207
107.199
107.391
107.019
107.192
110.383
104.015
107.177
107.199
107.211
107.214
107.199
107.192
107.218
107.184
107.207
107.199
107.203
107.215
107.176
107.207
107.199
107.203
107.2
107.199
107.207
111.815
102.546
107.214
107.455
106.977
107.192
107.192
107.203
107.199
107.199
107.233
107.177
107.278
107.113
107.44
107.056
107.158
107.147
107.462
106.936
107.192
107.199
108.353
106.072
107.207
107.161
107.218
107.2
107.214
107.169
107.286
107.113
107.214
107.218
107.233
107.184
107.162
107.413
107.023
107.162
107.199
107.199
107.211
109.725
104.673
107.218
107.181
107.21
107.199
107.185
107.214
107.203
107.199
107.207
107.21
107.192
107.173
107.489
106.936
107.184
107.192
107.207
107.218
107.184
109.113
105.285
107.207
107.188
107.222
107.184
107.214
107.185
107.203
107.173
107.225
107.207
107.192
107.642
106.895
107.064
107.192
107.383
107.027
107.191
107.2
110.488
103.91
107.226
107.199
107.35
107.033
107.192
107.226
107.327
107.049
107.206
107.354
107.03
107.297
107.161
107.286
107.072
107.203
107.214
107.297
107.086
111.297
103.121
107.206
107.162
107.207
107.192
107.248
107.191
107.2
107.21
107.158
107.226
107.199
107.199
107.275
107.165
107.147
107.293
107.105
107.199
107.203
107.215
107.631
106.73
107.229
107.199
107.203
107.207
107.398
107.019
107.414
106.97
107.199
107.71
106.688
107.177
107.211
107.199
107.199
107.192
107.199
107.211
107.199
108.654
105.722
107.214
107.218
107.192
107.199
107.218
107.177
107.214
107.448
106.943
107.207
107.184
107.271
107.131
107.207
107.199
107.203
107.2
107.191
107.215
110.191
104.192
107.203
107.207
107.214
107.192
107.21
107.185
107.206
107.192
107.207
107.225
107.17
107.199
107.214
107.196
107.206
107.185
107.214
107.184
107.207
111.744
102.666
107.184
107.199
107.207
107.192
107.594
106.928
107.158
107.12
107.568
106.823
107.211
107.207
107.191
107.192
107.211
107.199
107.199
107.199
107.192
107.218
110.151
104.218
107.229
107.203
107.222
107.225
107.143
107.199
107.275
107.128
107.191
107.279
107.127
107.211
107.192
107.199
107.214
107.184
107.192
107.203
107.214
111.824
102.808
106.944
107.225
107.207
107.177
107.24
107.184
107.192
107.184
107.711
106.707
107.199
107.301
107.097
107.192
107.199
107.211
107.203
107.18
107.215
107.199
109.083
105.312
107.206
107.207
107.192
107.177
107.218

------------------------------------------------------------------------------------------------------------------------------------------------
max val(#4600) = 111.90us
min val(#9738) = 102.55us
peak-to-peak = 9.36us
mean +- RMS = 107.20 +- 0.82 us

packet size: 516
number of packets: 10000
RATE = 38507.47kbps, PPS = 9328.4
