Destination address set to 01:1B:19:00:00:00
Defaults: 01:1B:19:00:00:00 or 01:80:C2:00:00:0E
SIOCSHWTSTAMP: tx_type 1 requested, got 1; rx_filter 0 requested, got 0
setting ts_flags: 0x53
new ts_flags: 0x53


gap of hw tx time, us: packets 10000:
------------------------------------------------------------------------------------------------------------------------------------------------
0
214.383
214.399
214.416
214.414
214.41
214.353
214.402
214.399
214.47
214.347
214.374
214.4
214.416
214.426
214.413
214.369
214.51
214.291
214.431
214.376
214.376
214.432
214.414
214.396
214.367
214.407
214.424
214.384
214.409
214.376
214.477
214.34
214.39
214.377
214.446
214.417
214.376
214.369
214.391
214.448
214.36
214.647
214.169
214.606
214.195
214.425
214.383
214.413
214.388
214.492
214.297
214.432
214.384
214.441
214.36
214.433
214.367
214.407
214.36
214.434
214.375
214.384
214.706
214.174
214.521
214.222
214.417
214.4
214.48
214.298
214.435
214.43
214.348
214.377
214.432
214.407
214.416
214.339
214.439
214.4
214.382
214.383
214.418
214.432
214.369
214.414
214.522
214.286
214.402
218.117
210.65
214.44
214.402
214.377
214.468
214.377
214.319
214.425
214.383
214.441
214.394
214.477
214.32
214.399
214.481
214.455
214.251
214.528
214.262
214.441
214.375
214.489
214.296
214.434
214.375
214.418
214.371
214.432
214.384
214.395
214.413
214.426
214.36
214.384
214.39
214.434
214.559
214.234
214.39
214.399
214.473
214.332
214.427
214.411
214.39
214.354
214.439
214.407
214.368
214.403
214.616
214.249
214.356
214.377
214.409
214.384
214.409
214.421
214.387
214.407
214.401
214.4
214.446
214.369
214.406
214.395
214.405
214.4
214.367
214.588
214.213
214.569
214.224
214.392
214.417
214.503
214.286
214.49
214.33
214.414
214.405
214.402
214.369
214.377
214.42
214.387
214.406
214.417
214.376
214.411
214.382
214.594
214.23
214.384
214.432
214.392
214.536
214.249
214.398
214.41
214.406
214.377
214.408
214.434
214.544
214.214
214.56
214.242
214.397
214.395
214.414
214.44
214.353
214.398
214.553
214.286
214.417
214.369
214.402
214.391
214.406
214.403
214.375
214.413
214.433
214.369
214.416
214.385
214.397
214.396
214.597
214.226
214.383
214.384
214.432
214.463
214.311
214.665
214.143
214.426
214.36
214.392
214.416
214.415
214.394
214.384
214.495
214.342
214.361
214.625
214.191
214.588
214.198
214.407
214.401
214.429
214.353
214.433
214.402
214.392
214.405
214.409
214.384
214.433
214.383
214.392
214.408
214.411
214.39
214.399
214.383
214.392
214.424
214.362
214.51
214.338
214.376
214.399
214.391
214.402
214.455
214.343
214.409
214.426
214.375
214.414
214.401
214.377
214.398
214.41
214.398
214.392
214.552
214.24
214.527
214.305
214.375
214.403
214.413
214.395
214.383
214.433
214.466
214.534
214.236
214.358
214.383
214.557
214.281
214.527
214.248
214.41
214.383
214.535
214.296
214.459
214.3
214.411
214.397
214.396
214.42
214.455
214.331
214.384
214.672
214.144
214.39
214.426
214.375
214.441
214.36
214.409
214.504
214.279
214.672
214.129
214.416
214.384
214.406
214.403
214.676
214.106
214.431
214.489
214.32
214.369
214.544
214.279
214.383
214.399
214.616
214.218
214.383
214.385
214.431
214.37
214.472
214.336
214.39
214.392
214.45
214.376
214.417
214.407
214.439
214.313
214.431
214.369
214.398
214.404
214.412
214.392
214.416
214.385
214.386
214.477
214.339
214.463
214.326
214.419
214.405
214.444
214.349
214.418
214.383
214.392
214.405
214.41
214.39
214.377
214.447
214.41
214.383
214.362
214.424
214.489
214.356
214.355
214.574
214.242
214.532
214.306
214.345
214.418
214.398
214.414
214.36
214.433
214.375
214.418
214.518
214.271
214.41
214.396
214.363
214.411
214.431
214.385
214.39
214.384
214.424
214.418
214.368
214.422
214.416
214.377
214.424
214.426
214.341
214.426
214.408
214.392
214.383
214.64
214.153
214.392
214.405
214.385
214.416
214.418
214.477
214.309
214.405
214.527
214.304
214.368
214.432
214.377
214.39
214.498
214.296
214.384
217.311
211.554
214.36
214.413
214.376
214.448
214.338
214.44
214.394
214.464
214.326
214.418
214.383
214.422
214.371
214.429
214.496
214.275
214.413
214.41
214.383
214.377
214.664
214.159
214.39
214.41
214.383
214.425
214.376
214.392
214.424
214.392
214.409
214.406
214.424
214.411
214.364
214.411
214.367
214.407
214.424
214.368
214.53
214.294
214.368
214.441
214.446
214.325
214.405
214.392
214.438
214.546
214.24
214.392
214.375
214.411
214.405
214.531
214.27
214.455
214.33
214.415
214.409
214.383
214.41
214.406
214.391
214.384
214.424
214.391
214.425
214.392
214.409
214.384
214.394
214.422
214.382
214.419
214.375
214.399
214.424
214.377
214.672
214.121
214.416
214.381
214.578
214.215
214.417
214.406
214.601
214.185
214.544
214.271
214.594
214.23
214.383
214.426
214.36
214.403
214.454
214.328
214.461
214.347
214.39
214.441
214.382
214.419
214.39
214.392
214.401
214.392
214.401
214.4
214.423
214.4
214.375
214.482
214.319
214.448
214.36
214.377
214.424
214.392
214.397
214.418
214.402
214.399
214.39
214.385
214.438
214.377
214.402
214.407
214.375
214.418
214.397
214.389
214.405
214.403
214.597
214.185
214.653
214.234
214.352
214.422
214.353
214.403
214.39
214.418
214.398
214.392
214.465
214.354
214.511
214.301
214.368
214.403
214.431
214.422
214.439
214.298
214.417
214.399
214.394
214.407
214.397
214.395
214.44
214.38
214.387
214.383
214.433
214.368
214.406
214.396
214.405
214.426
214.375
214.425
214.383
214.391
214.504
214.474
214.247
214.37
214.424
214.365
214.424
214.376
214.425
214.595
214.179
214.509
214.315
214.482
214.322
214.452
214.345
214.377
214.424
214.384
214.432
214.418
214.589
214.178
214.39
214.402
214.414
214.384
214.522
214.271
214.417
214.384
214.646
214.192
214.451
214.328
214.42
214.395
214.398
214.376
214.44
214.354
214.405
214.395
214.391
214.441
214.382
214.396
214.54
214.275
214.379
214.411
214.593
214.238
214.394
214.35
214.417
214.666
214.213
214.471
214.307
214.557
214.203
214.377
214.427
214.374
214.412
214.467
214.356
214.385
214.394
214.399
214.401
214.4
217.758
211.058
214.416
214.384
214.39
214.369
214.417
214.406
214.391
214.445
214.533
214.241
214.424
214.351
214.423
214.403
214.646
214.128
214.455
214.633
214.145
214.385
214.42
214.369
217.232
211.569
214.424
214.369
214.39
214.426
214.957
213.851
214.375
214.392
218.657
210.178
214.405
214.369
214.431
214.391
214.448
214.376
214.391
214.354
214.416
214.4
214.39
214.425
214.368
215.144
213.698
216.103
212.672
214.384
214.446
214.361
214.391
214.434
214.408
214.384
217.199
211.576
214.439
214.385
216.487
212.298
214.432
214.392
214.367
214.411
214.427
214.411
217.416
211.351
214.48
214.34
216.683
212.099
214.39
214.523
214.533
214.242
214.341
214.376
214.402
214.403
214.492
214.289
215.214
213.603
214.397
214.46
214.469
214.257
214.416
214.398
214.41
214.4
214.408
214.385
214.416
214.358
214.417
214.439
214.41
214.342
214.391
214.426
214.409
214.392
214.397
214.434
214.352
214.418
214.428
214.362
214.394
214.439
214.384
214.569
214.326
214.473
214.207
214.407
214.424
214.369
217.071
211.738
214.382
214.407
216.537
212.26
215.221
213.575
214.432
214.404
214.758
214.023
214.439
214.426
214.368
214.424
214.358
214.425
214.53
214.23
214.431
214.37
214.39
214.403
214.518
214.334
214.384
214.387
214.413
214.377
214.383
214.418
214.473
214.313
214.431
215.248
213.549
214.403
214.383
214.391
214.44
214.362
214.574
214.219
214.439
214.407
214.352
214.433
218.725
210.049
215.007
213.802
214.416
214.391
214.384
214.411
214.412
214.403
214.405
214.539
214.24
214.407
214.401
214.377
214.42
214.369
214.409
214.392
214.431
214.399
214.41
214.456
214.318
214.37
218.705
210.11
214.417
214.425
214.383
214.376
214.425
214.383
214.504
214.313
214.416
214.407
214.39
214.377
214.785
214.008
214.417
214.504
214.311
214.369
214.44
214.35
214.432
214.368
214.459
214.35
214.417
214.413
214.395
214.407
214.416
214.362
214.469
214.328
219.067
209.749
214.409
214.407
218.217
210.567
214.384
214.387
214.429
214.41
214.375
214.407
214.417
214.369
214.383
214.447
214.41
214.455
214.304
214.576
214.262
214.384
214.395
214.384
214.431
214.376
214.425
214.399
214.391
214.369
214.424
214.398
214.403
214.399
214.401
214.376
214.429
214.411
214.593
214.165
214.447
214.369
214.432
214.362
214.616
215.845
212.779
214.407
214.536
214.222
214.481
215.129
213.736
214.283
214.454
214.335
214.417
214.392
214.397
214.377
214.424
214.362
218.566
210.242
217.022
211.794
215.694
213.095
214.402
214.44
214.383
214.369
214.417
214.383
214.41
214.392
214.559
214.272
214.39
214.425
214.481
216.937
213.724
212.411
214.39
214.411
214.424
214.407
214.382
214.418
214.383
214.392
218.991
209.801
214.432
214.543
214.442
214.215
214.376
214.406
214.409
214.418
214.624
214.177
214.364
214.381
214.574
214.257
214.525
214.29
214.398
214.377
214.664
214.129
214.413
214.403
214.461
214.313
214.503
214.317
214.461
214.336
214.409
214.407
214.423
214.377
214.417
214.354
214.574
214.222
214.425
214.384
214.439
214.362
214.424
214.376
214.455
214.343
214.431
214.377
214.416
214.355
214.412
214.41
214.447
214.354
214.421
214.565
214.251
214.395
214.39
214.463
214.338
214.414
214.353
215.802
213.048
214.362
214.427
214.381
214.405
214.377
214.424
214.384
218.913
209.91
214.383
214.41
214.406
214.425
214.383
214.376
214.417
214.376
214.41
214.422
214.578
214.23
214.36
214.448
214.375
214.41
214.357
214.483
214.374
214.377
214.533
214.282
218.241
210.552
214.406
214.388
215.421
213.368
214.432
214.351
214.552
214.283
214.39
214.384
214.431
214.361
214.425
214.4
214.39
214.388
214.427
216.013
212.788
214.403
214.383
214.49
214.303
214.407
214.409
214.406
214.41
214.349
214.433
214.376
214.432
214.377
214.424
214.368
214.432
214.362
214.413
214.418
214.398
214.41
215.424
213.351
214.409
214.383
214.391
214.432
214.384
214.44
214.376
214.377
214.431
214.369
214.721
214.109
214.369
214.418
214.503
214.328
214.401
214.365
214.451
214.358
218.352
210.441
214.488
214.339
214.398
214.384
214.447
214.376
215.56
213.192
214.417
214.384
214.454
214.369
214.402
214.392
214.423
214.44
214.35
215.121
213.68
214.384
214.394
214.599
214.224
214.399
214.376
214.377
214.457
214.365
214.425
214.407
214.352
214.624
214.211
214.373
214.442
214.456
214.319
214.546
214.285
215.185
213.589
214.509
214.303
214.373
214.402
214.384
214.446
214.37
214.615
214.2
214.424
214.355
214.694
214.137
214.408
214.422
214.353
214.417
214.384
214.407
214.382
214.396
215.262
213.542
214.435
214.35
214.447
214.355
214.454
214.384
214.416
214.37
214.431
214.47
214.32
214.373
214.405
214.384
214.417
214.406
214.368
214.648
214.202
214.399
214.375
214.376
214.432
214.385
214.394
214.519
214.296
214.407
214.424
214.385
214.405
214.467
214.311
214.426
214.39
214.384
214.424
214.384
214.383
214.384
214.417
216.27
212.56
214.392
214.409
214.385
214.401
214.377
218.348
210.467
214.421
214.353
214.425
214.392
214.424
214.383
214.568
214.219
214.42
214.373
214.42
214.402
214.376
214.406
214.433
214.377
214.39
214.417
214.391
214.403
214.428
214.395
214.413
214.354
214.417
214.392
214.454
214.361
214.424
214.55
214.225
214.369
214.431
214.399
214.41
214.409
214.358
214.418
214.416
214.377
214.413
214.369
214.424
214.392
214.424
214.369
216.277
212.546
214.409
214.4
214.375
214.384
214.431
214.377
214.432
214.377
217.664
211.129
214.424
214.384
214.424
214.366
214.438
214.46
214.349
214.368
214.504
214.304
214.512
214.319
214.545
214.207
214.425
214.369
216.552
212.305
214.375
214.362
214.428
214.411
214.39
214.41
214.398
214.377
214.488
214.305
215.413
213.417
214.41
214.407
214.375
214.388
219.067
209.749
214.363
214.46
214.397
217.76
215.673
209.753
214.382
214.44
214.376
214.362
214.424
214.384
214.431
214.369
214.406
214.411
214.39
214.399
214.431
214.411
216.785
211.967
214.405
214.561
214.24
214.537
214.271
214.433
218.383
210.402
218.199
210.576
214.424
214.385
216.901
211.914
214.391
214.369
214.401
214.422
217.593
211.207
214.658
214.151
214.488
214.808
213.903
214.41
214.383
214.407
214.416
214.369
217.601
211.208
214.567
214.234
218.829
209.959
214.425
214.368
214.403
214.429
214.379
214.407
214.503
214.29
214.439
214.399
214.368
214.527
214.296
214.377
214.431
214.464
214.296
214.546
214.255
214.399
214.409
214.406
214.38
214.407
214.465
214.377
214.375
214.422
214.401
214.351
214.431
214.384
214.631
214.155
214.608
214.214
214.504
214.32
214.361
214.44
214.439
214.321
214.488
214.305
214.454
214.347
214.439
214.376
214.421
214.41
214.567
214.178
214.401
214.406
214.41
214.428
214.497
214.268
214.412
214.531
214.285
214.369
214.417
217.79
211.025
214.37
214.431
214.358
214.409
214.392
214.446
214.381
217.334
211.456
214.397
214.411
214.42
214.41
214.376
214.377
214.431
214.369
214.447
214.369
216.022
212.764
214.454
214.35
217.706
211.088
214.416
214.392
214.416
214.4
214.382
214.396
214.42
214.388
214.533
214.257
215.217
213.59
214.425
214.497
218.063
210.625
214.646
214.147
217.326
211.512
214.56
214.177
214.424
214.392
214.39
214.433
214.575
214.192
214.417
214.392
218.153
210.662
216.537
212.249
214.446
214.384
214.376
214.666
214.135
214.831
214.026
214.328
217.097
211.775
214.326
214.44
214.391
214.396
214.375
214.399
214.431
214.376
214.418
214.392
214.423
215.171
213.645
214.385
214.408
214.373
214.402
214.399
214.402
214.398
214.395
214.391
214.421
214.49
214.311
214.383
214.425
214.368
217.482
211.35
214.401
214.37
214.495
214.306
214.438
215.385
213.533
214.241
214.56
214.256
214.458
214.328
214.42
214.368
214.512
214.305
214.424
214.402
214.376
214.415
214.423
214.346
214.448
214.369
214.42
214.402
218.106
210.662
214.409
214.392
214.416
214.415
218.559
210.241
218.135
210.658
214.391
214.403
214.454
214.343
214.39
214.546
214.255
214.546
214.296
214.557
216.89
211.704
214.447
214.376
214.424
214.384
214.376
214.411
217.262
211.584
214.374
214.37
214.424
214.41
217.244
211.531
214.567
214.225
214.414
214.369
214.431
214.376
214.418
214.392
214.397
214.395
214.406
214.388
214.469
214.358
214.409
214.362
214.439
214.384
214.424
214.377
214.405
214.388
214.413
214.41
214.398
214.384
215.503
213.283
214.424
214.369
214.432
214.391
214.417
214.373
214.431
214.37
214.424
214.583
214.217
214.4
214.382
214.411
214.405
214.418
214.375
214.513
214.281
216.151
212.623
214.433
214.39
214.404
214.39
214.497
214.326
214.403
214.405
214.362
214.431
214.385
217.958
210.835
214.405
214.385
214.416
214.392
214.495
214.305
214.409
214.4
214.416
214.4
217.277
211.481
217.384
211.447
214.538
214.271
214.401
214.37
215.559
213.264
214.432
214.376
214.575
216.072
212.559
214.362
214.405
215.261
213.574
214.35
214.432
214.369
214.431
214.392
217.202
211.621
214.432
214.347
216.262
212.666
218.206
210.481
214.406
214.362
214.417
214.384
214.751
214.29
214.503
214.08
214.383
214.384
214.439
214.377
215.702
213.125
214.371
214.417
214.425
214.385
214.382
214.53
214.305
214.471
214.296
214.392
214.408
214.385
214.424
214.486
214.296
214.398
214.635
214.216
214.341
214.432
216.057
212.73
214.409
214.365
215.552
213.249
214.416
215.84
213.033
214.343
214.36
214.433
214.416
214.357
214.41
214.4
214.416
214.392
217.63
211.186
214.424
214.384
214.409
214.369
214.413
214.409
214.369
214.447
215.342
213.411
214.416
214.385
214.837
213.994
214.375
214.689
214.198
214.304
214.391
214.426
214.375
214.411
215.717
213.099
214.39
216.666
214.149
212.369
214.425
214.369
214.42
214.426
214.39
214.388
214.413
214.402
215.199
213.584
214.424
214.384
216.262
212.523
214.406
214.384
214.522
214.279
214.439
214.369
214.665
214.151
214.447
214.369
214.39
214.381
214.454
214.391
214.56
214.2
215.473
213.32
214.39
214.411
217.958
210.831
214.424
214.377
214.416
214.385
214.431
214.392
217.503
211.305
214.417
214.35
215.992
212.839
214.401
214.384
214.425
214.482
214.334
214.391
214.368
214.505
214.33
214.391
214.398
214.377
214.424
214.384
214.394
216.102
212.721
214.406
214.624
214.193
214.375
214.392
215.984
212.809
214.375
214.426
214.431
214.362
214.541
214.24
214.425
214.407
214.416
214.482
214.545
214.151
214.416
214.391
214.609
214.231
214.57
214.166
214.432
214.377
215.935
212.88
214.481
214.298
214.476
214.37
214.367
214.377
214.416
214.407
214.409
214.399
214.424
214.355
214.439
214.35
214.431
214.37
214.416
214.434
214.412
214.392
214.36
214.425
214.391
214.625
214.33
214.286
214.353
214.407
214.408
214.384
214.376
214.399
216.048
212.761
214.423
214.37
214.409
214.406
214.398
214.396
214.424
214.392
214.446
214.441
214.341
214.475
216.439
212.298
214.51
214.264
214.367
214.433
214.391
214.426
214.525
214.241
217.657
211.152
214.529
214.271
214.496
214.313
214.375
214.384
214.447
214.369
214.424
215.392
214.262
213.512
214.435
214.391
214.402
214.407
215.808
212.967
214.397
214.411
214.401
214.392
214.439
214.343
214.432
214.369
215.36
213.49
214.39
214.384
214.383
214.568
214.225
214.441
214.367
214.406
214.41
215.008
213.793
214.407
214.393
214.406
214.418
214.406
214.391
214.369
218.36
210.441
214.424
214.369
214.447
214.391
214.552
214.242
214.375
214.44
218.312
210.44
214.503
214.305
214.447
214.347
214.439
214.377
214.424
214.407
214.574
214.219
214.363
214.41
214.433
214.375
214.418
214.368
214.56
214.231
214.416
214.391
214.41
214.414
214.368
214.418
214.495
214.32
214.496
214.271
214.417
214.399
214.458
214.336
216.367
212.426
214.431
214.464
214.318
214.546
218.981
209.722
214.368
214.369
214.431
214.425
214.376
214.486
214.323
214.455
214.319
214.417
214.903
213.899
214.375
214.43
214.382
214.384
216.8
212.019
214.406
214.369
214.417
214.422
218.875
209.918
214.416
214.419
214.371
214.354
214.567
214.241
214.646
214.155
214.544
214.257
214.42
214.426
214.574
214.211
214.39
214.385
214.416
214.377
214.447
214.383
214.425
214.347
214.405
214.424
214.391
214.385
214.409
214.504
214.27
214.44
214.395
214.414
214.375
214.418
214.398
214.369
214.394
214.445
214.386
214.633
214.156
214.704
217.402
211.087
214.409
214.384
214.424
214.392
214.394
214.377
214.442
214.419
214.378
214.408
214.397
214.388
214.499
214.298
214.424
214.377
214.409
214.406
214.417
214.384
214.383
214.399
214.402
214.407
214.495
214.283
214.559
214.256
214.398
214.434
218.999
209.76
214.382
214.425
214.391
214.41
214.432
214.4
214.401
214.358
214.416
214.376
214.425
214.384
214.383
214.425
214.391
214.417
214.399
214.369
214.431
214.37
214.431
214.376
214.433
214.369
214.405
214.399
214.499
214.329
214.389
214.404
214.39
214.384
217.879
210.937
214.424
214.368
214.399
214.425
214.398
214.392
214.409
214.391
214.376
214.41
216.39
212.44
214.455
214.324
216.575
212.214
214.425
214.369
214.447
214.369
214.518
214.255
214.523
214.305
214.39
214.392
214.432
214.377
216.149
212.674
214.439
214.346
214.383
214.4
214.439
214.409
214.399
214.369
214.409
214.392
214.439
214.362
214.397
214.392
214.514
214.278
214.395
215.64
213.172
214.572
214.263
214.383
214.384
214.426
214.423
214.449
214.318
214.471
216.202
212.526
214.41
214.4
214.375
214.399
214.409
214.41
214.379
214.404
218.758
210.065
214.39
214.388
214.405
214.418
214.398
214.384
214.402
214.399
217.198
211.587
214.511
214.306
214.405
214.425
215.65
213.128
214.391
214.384
214.432
214.384
214.416
214.414
214.383
214.404
214.382
214.384
214.432
214.392
214.386
214.398
214.425
214.415
214.439
214.324
218.852
209.945
214.458
214.377
214.397
214.354
216.334
212.712
214.198
214.354
214.48
214.336
214.424
214.384
214.417
214.413
214.376
214.372
214.861
214.275
217.101
211.377
214.409
214.407
214.382
214.441
214.367
214.396
214.405
214.403
214.383
214.64
214.191
214.369
215.879
212.937
214.424
214.369
214.42
214.37
218.104
210.689
214.431
214.391
214.624
214.227
214.367
214.4
214.401
214.406
218.624
210.177
214.376
214.398
214.519
214.283
214.39
214.432
214.399
216.7
212.164
214.306
214.424
214.369
214.424
214.376
214.718
214.113
214.417
214.365
217.075
211.711
214.424
214.392
214.36
215.279
213.552
214.403
214.405
214.419
214.401
214.391
214.391
214.568
214.225
214.392
214.454
214.362
214.424
214.365
214.424
214.369
214.417
214.512
214.281
214.486
214.322
214.414
214.368
214.535
214.296
214.391
214.41
214.392
214.63
214.147
216.248
212.583
214.545
214.223
214.401
214.422
217.296
211.482
214.447
214.368
214.391
214.388
214.435
214.37
214.48
214.319
214.418
215.774
213.169
214.257
214.409
214.387
214.387
214.434
214.382
214.399
214.402
214.512
214.398
214.289
214.391
214.432
214.384
214.64
214.153
214.411
214.405
214.56
214.271
214.362
214.416
214.535
214.239
214.385
214.401
214.542
214.289
214.441
214.326
214.402
214.406
214.425
214.376
214.392
214.416
214.392
214.409
214.414
214.375
214.411
214.416
214.385
214.525
214.249
214.432
214.424
214.369
214.399
214.409
214.392
214.397
214.381
214.597
214.208
214.424
214.369
214.567
214.264
214.382
214.395
214.391
214.425
214.413
214.404
214.382
214.392
214.409
214.407
214.45
214.35
214.398
214.452
214.375
214.372
214.403
214.658
214.127
214.569
214.239
214.441
214.349
214.426
214.39
214.497
214.296
214.411
214.39
214.392
214.382
214.426
214.39
214.403
214.398
214.455
214.353
214.418
214.383
214.384
214.409
214.414
214.383
214.554
214.247
214.383
214.425
214.418
214.462
214.313
214.431
214.369
214.398
214.384
214.424
214.41
214.583
214.226
214.364
214.402
214.575
214.25
214.551
214.215
214.417
214.407
214.393
214.441
214.409
214.35
214.406
214.387
214.432
214.358
214.424
214.419
214.431
214.334
214.418
214.384
214.409
214.392
214.397
214.434
214.382
214.377
214.432
214.384
214.424
214.369
214.416
214.4
214.503
214.313
214.409
214.365
214.394
214.421
214.395
214.426
214.363
214.618
214.183
214.399
214.394
214.504
214.32
214.545
214.24
214.407
214.394
214.406
214.391
214.384
214.424
214.385
214.408
214.4
214.552
214.279
214.488
214.274
214.526
214.264
214.432
214.383
214.489
214.347
214.604
214.154
214.489
214.336
214.374
214.433
214.391
214.411
214.367
214.399
214.417
214.383
214.418
214.391
214.398
214.411
214.518
214.256
214.424
214.411
214.375
214.597
214.297
214.321
214.382
214.434
214.382
214.434
214.367
214.392
214.409
214.47
214.361
214.503
214.256
214.425
214.383
214.53
214.271
214.377
214.424
214.384
214.413
214.474
214.319
214.441
214.367
214.419
214.39
214.398
214.571
214.265
214.469
214.305
214.375
214.392
214.465
214.327
214.44
214.369
214.417
214.384
214.405
214.395
214.421
214.425
214.361
214.384
214.432
214.384
214.623
214.177
214.398
214.419
214.389
214.377
214.496
214.347
214.382
214.448
214.481
214.255
214.47
214.331
214.406
214.58
214.236
214.384
214.409
214.377
214.424
214.383
214.406
214.46
214.341
214.426
214.367
214.481
214.335
214.482
214.334
214.377
214.397
214.396
214.42
214.388
214.398
214.399
214.593
214.193
214.397
214.434
214.457
214.328
214.406
214.395
214.398
214.426
214.397
214.377
214.657
214.135
214.433
214.399
214.367
214.449
214.36
214.426
214.461
214.328
214.488
214.313
214.386
214.415
214.397
214.411
214.495
214.272
214.416
214.377
214.439
214.392
214.394
214.399
214.413
214.375
214.437
214.358
214.416
214.426
214.348
214.411
214.409
214.399
214.398
214.384
214.432
214.411
214.382
214.655
214.146
214.384
214.405
214.588
214.239
214.4
214.39
214.368
214.425
214.426
214.375
214.407
214.386
214.407
214.398
214.474
214.326
214.385
214.416
214.418
214.383
214.399
214.511
214.275
214.582
214.211
214.597
214.215
214.417
214.384
214.503
214.29
214.503
214.313
214.736
214.065
214.409
214.365
214.48
214.34
214.405
214.407
214.39
214.403
214.39
214.384
214.578
214.279
214.368
214.407
214.401
214.419
214.348
214.411
214.405
214.403
214.503
214.557
214.154
214.361
214.424
214.52
214.281
214.407
214.39
214.497
214.296
214.392
214.416
214.4
214.409
214.448
214.341
214.426
214.39
214.369
214.439
214.385
214.393
214.464
214.345
214.407
214.382
214.426
214.39
214.377
214.409
214.426
214.453
214.329
214.401
214.407
214.424
214.384
214.383
214.425
214.398
214.369
214.409
214.384
214.417
214.392
214.566
214.227
214.405
214.403
214.405
214.419
214.382
214.377
214.416
214.407
214.39
214.411
214.446
214.377
214.375
214.377
214.424
214.576
214.24
214.377
214.401
214.471
214.326
214.388
214.435
214.377
214.409
214.496
214.32
214.456
214.318
214.426
214.375
214.475
214.333
214.441
214.36
214.391
214.41
214.384
214.424
214.377
214.431
214.377
214.398
214.399
214.473
214.319
214.64
214.177
214.39
214.426
214.375
214.395
214.413
214.419
214.405
214.377
214.581
214.204
214.503
214.312
214.553
214.249
214.476
214.306
214.416
214.384
214.39
214.425
214.418
214.418
214.364
214.403
214.405
214.411
214.438
214.336
214.439
214.383
214.418
214.399
214.36
214.425
214.368
214.392
214.409
214.415
214.374
214.716
214.093
214.411
214.431
214.546
214.221
214.426
214.382
214.4
214.401
214.561
214.247
214.4
214.39
214.418
214.382
214.482
214.398
214.403
214.319
214.433
214.631
214.121
214.439
214.422
214.345
214.441
214.367
214.4
214.465
214.32
214.405
214.377
214.713
214.122
214.405
214.425
214.376
214.391
214.488
214.312
214.418
214.407
214.359
214.434
214.375
214.433
214.375
214.391
214.41
214.398
214.399
214.387
214.414
214.388
214.397
214.434
214.382
214.666
214.135
214.407
214.382
214.554
214.247
214.618
214.239
214.336
214.442
214.358
214.432
214.497
214.304
214.358
214.416
214.466
214.342
214.419
214.382
214.383
214.418
214.496
214.297
214.407
214.405
214.373
214.413
214.384
214.424
214.399
214.383
214.403
214.405
214.388
214.477
214.32
214.417
214.411
214.397
214.384
214.409
214.422
214.387
214.399
214.638
214.163
214.39
214.384
214.432
214.399
214.409
214.384
214.402
214.376
214.511
214.286
214.424
214.377
214.401
214.419
214.525
214.306
214.371
214.523
214.278
214.418
214.375
214.418
214.39
214.383
214.407
214.41
214.409
214.497
214.277
214.426
214.39
214.441
214.36
214.399
214.402
214.384
214.417
214.392
214.412
214.411
214.375
214.384
214.424
214.384
214.511
214.29
214.495
214.306
214.397
214.392
214.432
214.376
214.417
214.399
214.424
214.399
214.372
214.392
214.604
214.212
214.491
214.291
214.578
214.23
214.424
214.377
214.559
214.234
214.405
214.392
214.424
214.425
214.376
214.383
214.481
214.327
214.474
214.301
214.417
214.432
214.391
214.497
214.289
214.49
214.284
214.434
214.394
214.383
214.421
214.395
214.383
214.689
214.142
214.361
214.455
214.384
214.375
214.588
214.213
214.383
214.418
214.403
214.405
214.425
214.489
214.312
214.391
214.384
214.39
214.392
214.424
214.474
214.567
214.152
214.529
214.305
214.356
214.396
214.567
214.255
214.391
214.403
214.462
214.321
214.431
214.377
214.397
214.396
214.518
214.298
214.42
214.395
214.368
214.407
214.409
214.413
214.403
214.399
214.375
214.425
214.383
214.419
214.382
214.399
214.387
214.448
214.356
214.419
214.375
214.402
214.406
214.646
214.162
214.618
214.183
214.384
214.405
214.516
214.285
214.426
214.401
214.366
214.416
214.377
214.424
214.384
214.417
214.384
214.405
214.388
214.413
214.403
214.382
214.423
214.401
214.399
214.409
214.392
214.416
214.362
214.511
214.286
214.424
214.385
214.401
214.422
214.382
214.411
214.431
214.347
214.695
214.159
214.39
214.369
214.409
214.384
214.567
214.272
214.401
214.366
214.529
214.298
214.48
214.313
214.405
214.369
214.447
214.354
214.499
214.294
214.477
214.362
214.397
214.377
214.416
214.392
214.394
214.463
214.353
214.392
214.412
214.37
214.416
214.385
214.431
214.407
214.394
214.369
214.405
214.384
214.424
214.396
214.413
214.377
214.446
214.388
214.371
214.396
214.428
214.418
214.367
214.433
214.353
214.392
214.397
214.452
214.364
214.434
214.36
214.391
214.424
214.467
214.533
214.193
214.409
214.384
214.39
214.411
214.431
214.385
214.424
214.392
214.566
214.223
214.409
214.399
214.387
214.406
214.409
214.358
214.424
214.595
214.255
214.493
214.259
214.407
214.424
214.369
214.416
214.426
214.364
214.475
214.303
214.648
214.157
214.395
214.409
214.599
214.198
214.388
214.42
214.392
214.409
214.41
214.406
214.376
214.417
214.384
214.413
214.369
214.417
214.403
214.405
214.475
214.356
214.354
214.405
214.396
214.42
214.369
214.601
214.242
214.532
214.276
214.367
214.415
214.382
214.411
214.39
3880.66
1286.13
731.455
460.076
521.519
827.304
451.59
570.462
708.248
860.771
427.838
593.2
695.906
430.639
346.505
519.601
1172.82
526.215
436.289
699.617
214.399
389.232
674
215.504
295.185
240.766
695.463
1730.01
1270.37
759.519
516.624
445.312
572.511
1057.51
1099.79
282.219
552.382
1163.7
439.415
416.643
441.15
845.384
834.48
755.575
559.96
851.571
442.414
826.454
446.339
850.51
747.587
532.533
341.441
428.624
365.191
730.023
280.146
1273.09
446.745
560.842
284.15
776.617
419.992
527.105
341.632
923.526
453.169
214.152
802.495
278.136
435.658
2554.54
340.752
1094.41
279.41
595.511
686.631
454.035
839.447
851.496
451.151
423.714
406.263
442.398
567.865
275.162
870.966
441.489
436.17
1420.5
687.696
446.71
424.376
438.985
437.264
306.24
530.278
427.651
434.631
1024.74
252.462
705.816
417.192
444.218
214.399
956.744
282.399
315.161
942.53
713.59
214.369
646.334
218.618
526.687
956.921
214.417
1253.78
311.142
326.512
218.76
675.687
213.729
1062.74
214.234
238.405
214.44
384.496
410.113
328.474
947
437.143
448.031
413.912
316.406
540.899
214.407
487.518
214.41
643.191
435.248
214.336
783.578
437.286
421.921
428.83
281.121
214.432
373.432
406.098
462.504
310.789
422.29
382.598
214.354
493.649
290.903
458.234
305.66
560.716
394.758
453.993
261.917
214.474
390.895
422.375
539.763
444.256
273.59
868.162
313.109
541.21
707.433
422.12
214.136
398.391
254.849
423.414
436.744
416.361
214.24
1217.95
612.063
264.016
431.943
696.587
430.007
596.512
685.511
580.033
284.305
214.504
707.737
782.981
843.537
214.542
403.538
313.447
797.545
832.567
217.265
405.63
269.722
214.425
388.944
396.702
689.779
214.343
410.161
408.8
843.455
436.447
862.421
845.467
860.361
713.112
214.497
386.612
435.14
339.406
913.296
714.482
575.631
704.192
438.312
638.298
393.571
1287.03
679.999
583.022
428.899
214.399
633.255
419.09
439.151
459.553
397.958
705.849
214.641
383.495
420.473
443.201
438.909
847.425
393.311
439.857
432.433
696.624
214.441
402.447
679.901
592.275
214.448
480.311
418.064
434.993
214.392
389.721
265.108
417.177
591.218
433.91
436.617
415.206
422.417
285.32
578.575
435.192
405.444
439.15
439.545
264.583
217.646
638.376
214.354
389.745
674.717
428.906
214.376
808.737
441.376
214.384
635.375
434.489
842.744
575.56
289.542
214.403
798.567
214.462
214.327
214.451
214.35
214.432
214.369
214.398
214.395
214.406
214.511
214.291
214.382
214.433
214.375
214.384
214.425
214.383
214.41
214.511
214.553
214.128
214.552
214.342
214.467
214.263
214.511
214.271
214.409
214.384
214.41
214.391
214.409
214.422
214.447
214.323
214.406
214.399
214.402
214.391
214.425
214.391
214.391
214.402
214.398
214.576
214.233
214.376
214.424
214.384
214.417
214.478
214.312
214.665
214.135
214.455
214.361
214.399
214.387
214.398
214.41
214.377
214.405
214.433
214.375
214.399
214.425
214.395
214.383
214.406
214.41
214.391
214.383
214.417
214.448
214.338
214.47
214.346
214.391
214.391
214.41
214.391
214.409
222.008
206.966
214.214
214.482
214.319
214.433
214.36
214.463
214.319
214.433
214.44
214.488
214.248
214.425
214.425
214.376
214.413
214.384
214.395
214.406
214.425
214.406
214.379
214.406
214.376
214.417
214.399
214.383
214.418
214.398
214.451
214.35
214.609
214.184
214.583
214.218
214.654
214.135
214.418
214.383
214.384
214.424
214.41
214.414
214.395
214.39
214.376
214.418
214.477
214.312
214.545
214.256
214.391
214.432
214.376
214.417
214.504
214.278
214.482
214.319
214.434
214.382
214.383
214.41
214.425
214.376
214.391
214.398
214.425
214.376
214.41
214.398
214.418
214.391
214.391
214.394
214.406
214.403
214.406
214.383
214.41
214.398
214.418
214.398
214.406
214.5
214.278
214.41
214.376
223.143
205.662
214.409
214.425
214.384
214.537
214.263
214.854
213.94
214.597
214.192
214.587
221.293
207.41
214.327
214.447
214.353
214.512
214.289
214.534
214.256
214.417
214.383
214.391
214.41
214.406
214.402
214.455
219.561
209.206
214.361
214.44
214.368
214.404
214.397
214.406
214.384
214.443
214.369
214.407
214.39
214.523
214.311
214.478
222.921
205.786
214.398
214.391
214.41
221.831
206.943
214.417
214.598
214.203
214.391
214.399
214.409
214.385
214.431
214.361
214.414
214.376
223.53
205.293
214.402
214.602
214.206
214.407
214.402
214.552
214.23
214.417
214.391
214.395
214.406
214.488
214.312
214.647
214.154
214.632
214.143
214.73
214.101
222.063
213.201
207.927
214.395
214.398
214.399
214.658
223.016
205.687
214.24
214.418
214.383
214.403
220.86
207.936
214.403
214.526
214.271
214.425
214.368
214.425
214.383
221.767
207.192
214.29
214.341
214.425
214.391
214.41
214.399
214.387
214.383
214.433
214.39
214.399
214.504
214.304
214.41
220.263
208.519
214.432
214.361
214.418
214.375
214.425
214.399
214.511
214.271
214.41
214.398
214.489
214.304
214.474
221.534
207.481
220.752
207.782
214.383
214.376
214.417
214.561
214.248
214.526
222.681
205.969
214.414
214.402
214.455
214.447
214.305
214.41
214.391
214.41
214.372
214.557
214.258
214.403
214.402
214.406
214.376
214.496
214.568
221
207.545
214.414
214.383
214.402
214.384
214.44
214.391
214.402
214.616
214.151
214.417
214.383
214.41
214.414
214.406
214.387
214.414
214.387
214.398
214.391
214.41
214.421
214.376
214.402
214.391
214.418
214.526
214.274
214.414
214.368
214.402
214.406
214.395
214.677
214.128
214.624
214.176
220.922
207.887
214.488
214.343
214.511
214.248
214.56
214.256
214.508
214.285
214.538
214.255
214.425
214.376
214.496
214.305
214.47
214.319
214.481
214.576
214.146
214.414
214.432
214.376
214.399
214.503
214.29
214.391
214.406
222.77
206.015
214.425
220.872
208.113
214.218
214.399
214.477
214.312
214.403
214.406
214.402
214.383
214.399
222.312
206.531
221.604
207.177
214.395
214.383
214.432
214.406
214.512
221.842
206.816
214.413
214.368
214.403
214.409
214.395
214.395
214.406
214.395
214.816
214.015
223.985
204.781
214.516
222.676
206.027
214.383
214.481
214.32
214.391
214.398
214.489
214.319
214.418
222.44
206.361
214.39
214.391
214.745
214.067
214.429
214.387
214.38
214.41
214.383
214.602
214.214
214.523
214.27
214.512
214.297
214.469
214.673
214.057
214.406
214.387
214.59
214.218
214.399
214.376
214.425
214.39
214.538
214.248
214.406
214.418
223.342
205.473
214.369
214.441
214.438
214.336
214.416
214.647
214.139
214.399
214.39
221.531
207.285
214.403
214.383
214.398
214.399
214.395
214.406
214.458
214.342
214.391
222.212
206.864
214.131
214.444
214.361
214.549
214.248
214.673
214.143
214.522
214.278
214.391
214.395
222.703
206.086
214.395
214.433
214.534
214.255
214.425
214.368
214.44
214.361
214.504
214.285
214.404
214.397
214.433
214.383
214.432
222.681
206.057
214.432
214.375
214.666
214.158
214.391
214.425
214.402
214.376
214.398
214.433
214.368
214.398
222.2
206.586
214.418
214.406
214.39
214.41
214.406
214.406
214.395
214.376
214.402
214.421
214.403
214.406
214.391
214.425
221.439
207.538
214.184
214.534
222.913
205.858
214.624
221.478
206.992
214.567
214.248
214.369
214.417
214.56
214.241
214.534
214.27
214.489
214.305
214.383
223.624
205.274
214.343
214.424
214.342
214.459
214.342
214.433
214.537
214.214
214.425
214.399
214.402
214.414
214.368
214.41
214.462
214.354
214.567
214.327
214.474
214.248
214.384
214.383
214.432
214.376
214.545
214.237
214.418
214.394
214.406
214.384
214.417
214.406
214.395
214.372
214.429
214.398
214.44
214.823
213.936
214.632
214.192
214.552
214.214
219.835
208.993
214.391
214.391
214.511
214.312
214.387
214.406
214.399
222.609
206.503
214.091
214.454
214.335
214.425
214.391
214.361
214.425
214.398
214.395
214.406
214.398
214.403
214.398
222.105
206.688
214.617
214.199
214.384
214.39
214.433
214.376
214.383
214.425
214.383
214.643
214.158
214.44
214.402
214.534
214.218
214.485
214.331
214.414
214.409
214.433
214.383
214.406
214.346
214.432
214.399
214.395
214.364
214.425
214.383
219.673
209.121
214.417
214.406
214.387
214.519
214.278
214.496
214.32
214.41
214.391
214.447
214.346
214.406
214.376
214.426
219.8
209.176
214.23
214.537
214.241
214.624
214.184
214.399
214.39
214.531
214.297
214.575
223
205.774
214.233
214.481
214.343
214.368
214.425
214.511
220.47
208.267
214.342
214.41
214.391
214.376
222.097
206.745
214.391
214.398
214.391
214.41
214.744
214.049
214.399
214.398
214.403
214.375
214.418
214.413
214.41
214.385
214.423
214.35
222.019
212.285
214.824
208.489
214.39
214.376
214.459
214.511
221.831
206.85
214.413
214.579
214.222
214.624
214.241
214.56
214.282
214.477
214.241
214.361
214.398
214.384
214.402
214.478
214.315
214.549
214.275
214.541
214.241
214.402
214.398
214.399
214.402
214.421
214.387
214.399
214.391
214.458
214.335
214.398
214.41
214.406
214.395
214.406
214.391
214.395
214.406
214.432
214.41
214.368
214.406
214.376
214.418
214.391
214.39
214.411
214.39
214.425
214.391
214.41
217.831
210.944
214.409
214.399
214.394
214.534
214.248
214.419
214.416
214.421
214.368
214.399
214.391
214.428
214.485
214.306
214.424
214.545
214.222
214.568
214.672
214.015
214.342
214.437
214.405
214.361
214.399
214.417
214.376
214.398
214.41
214.391
214.425
214.44
214.334
214.44
214.361
214.681
214.146
214.384
214.398
214.553
214.248
214.392
214.446
214.609
214.192
214.361
215.094
213.722
214.398
214.376
214.41
214.462
214.32
214.417
214.391
214.426
214.375
214.425
214.462
214.312
214.433
214.383
214.395
214.398
214.391
214.41
214.406
214.399
214.368
214.41
214.503
214.305
214.41
214.398
214.455
214.361
214.384
214.545
214.248
214.407
214.386
214.414
214.394
214.455
214.35
214.688
214.113
214.594
214.334
214.463
214.21
214.383
214.41
214.59
214.207
214.568
214.256
214.417
214.383
214.376
214.44
214.391
214.387
214.392
214.39
214.553
214.256
214.537
214.244
214.41
214.403
214.406
214.391
214.424
214.403
214.398
214.511
214.29
214.383
214.391
214.688
214.121
214.424
214.376
214.433
214.342
214.417
214.425
214.383
214.391
214.44
214.353
214.407
214.432
214.368
214.433
214.36
214.407
214.409
214.542
214.259
214.406
214.41
214.398
214.376
214.404
214.405
214.567
214.305
214.537
214.192
214.406
214.432
214.545
214.207
214.583
214.233
214.41
214.376
214.575
214.233
214.545
214.248
214.44
214.384
214.398
214.41
214.376
214.398
214.463
214.338
214.399
214.409
214.406
214.376
214.418
214.496
214.312
214.383
214.406
214.466
214.328
214.417
214.368
214.414
214.417
214.65
214.125
214.409
214.433
214.368
214.399
214.409
214.391
214.391
214.433
214.575
214.218
214.383
214.391
214.403
214.488
214.309
214.417
214.398
214.425
214.376
214.406
214.387
214.583
214.218
214.391
214.41
214.541
214.248
214.538
214.271
214.77
217.91
210.617
214.319
214.369
214.406
214.402
214.413
214.459
214.335
214.409
214.391
214.414
214.387
214.406
214.384
214.409
214.391
214.425
214.384
214.432
214.368
214.391
214.41
214.399
214.391
214.409
214.391
214.481
214.335
214.41
214.398
214.433
214.334
214.41
214.496
214.312
214.406
214.41
214.384
214.417
214.534
214.24
214.41
214.425
214.365
214.383
214.451
214.391
214.391
214.632
214.161
214.391
214.41
214.583
214.225
214.391
214.41
214.406
214.391
214.714
214.072
214.703
214.12
214.391
214.384
214.402
214.425
214.646
214.143
214.587
214.199
214.425
214.391
214.624
214.158
214.61
214.198
214.41
214.391
214.417
214.376
214.391
214.417
214.391
214.41
214.47
214.327
214.417
214.391
214.395
214.413
214.369
214.417
214.414
214.522
214.263
214.481
214.335
214.489
214.312
214.639
214.12
214.425
214.384
214.417
214.398
214.406
214.395
214.406
214.41
214.383
214.602
214.214
214.384
214.394
214.421
214.609
214.207
214.369
214.432
214.376
214.383
214.41
214.639
214.151
214.56
214.255
214.523
214.263
214.602
214.206
214.497
214.304
214.406
214.425
214.368
214.41
214.541
214.241
214.399
214.473
214.44
214.312
214.478
214.315
214.463
214.319
214.433
214.575
214.24
214.553
214.199
214.41
214.399
214.398
214.432
214.361
214.418
214.383
214.432
217.816
210.959
214.417
214.399
214.394
214.391
217.233
211.561
214.413
214.402
214.414
214.368
214.41
214.534
214.256
214.409
214.391
214.425
214.384
214.417
214.383
214.433
214.361
214.624
214.191
214.584
214.213
214.395
214.399
214.53
214.27
214.545
214.256
214.511
214.305
214.489
214.285
214.673
214.136
214.503
214.305
214.462
214.331
214.447
214.354
214.688
214.101
214.433
214.376
214.394
214.421
214.376
214.41
214.632
214.142
214.425
214.414
214.402
214.384
214.417
214.383
214.403
214.398
214.391
214.417
214.504
214.278
214.433
214.383
214.41
214.406
214.368
214.41
214.399
214.432
214.391
214.368
214.411
214.398
214.417
214.383
214.425
214.399
214.383
214.466
214.575
214.143
214.624
214.196
214.5
214.289
214.391
214.41
214.462
214.328
214.714
214.086
214.41
214.399
214.68
214.113
214.68
214.121
214.432
214.365
214.395
214.909
214.147
214.15
214.624
214.177
214.398
214.41
214.399
214.383
214.575
214.233
214.41
214.429
214.379
214.391
214.455
214.361
214.384
214.402
214.406
214.383
214.41
214.425
214.349
214.504
214.305
214.44
214.376
214.417
214.406
214.402
214.406
214.376
214.369
214.447
214.376
214.417
214.369
214.398
214.417
214.425
214.575
214.215
214.402
216.071
212.703
214.433
214.417
214.376
214.406
214.361
214.425
214.36
214.67
214.161
214.624
214.192
214.583
214.218
214.383
214.399
214.376
214.432
214.579
214.229
214.369
214.496
214.312
214.477
214.444
214.305
214.485
214.33
214.448
214.319
214.482
214.315
214.451
214.354
214.398
214.406
214.388
214.391
214.447
214.391
214.368
214.425
214.369
214.631
214.184
214.399
214.383
214.707
214.102
214.409
214.384
214.594
214.229
214.425
214.368
214.361
214.44
214.391
214.53
214.301
214.376
214.417
214.481
214.286
214.425
214.481
214.305
214.428
214.579
214.237
214.346
214.432
214.538
214.237
214.8
217.376
211.049
214.384
214.417
214.383
214.489
214.327
214.496
214.32
214.455
214.289
214.481
214.335
214.703
214.113
214.383
214.418
214.398
214.384
214.409
214.433
214.342
214.432
214.369
214.432
214.383
214.41
214.399
214.409
214.4
214.424
214.455
214.312
214.462
216.827
211.903
214.417
214.376
214.406
214.394
214.44
214.335
214.447
214.425
214.368
214.384
214.417
214.384
214.526
214.297
216.816
211.962
214.414
214.631
214.169
214.632
214.162
214.428
214.369
214.503
214.312
214.467
214.334
214.708
214.1
214.369
214.432
214.673
214.102
214.688
214.12
214.417
214.384
214.409
214.391
214.647
214.184
214.361
214.384
214.624
214.199
214.594
214.207
214.417
214.413
214.44
214.346
214.478
214.297
214.417
214.601
214.208
214.383
214.417
214.383
214.418
214.383
214.384
214.447
214.383
214.504
214.256
214.417
214.399
214.522
214.293
214.482
214.304
214.402
214.391
214.425
214.392
214.398
214.376
214.432
214.59
214.203
214.406
214.402
214.376
214.433
214.364
214.41
214.447
216.775
211.97
214.511
214.29
214.406
214.642
214.158
214.617
214.24
214.335
214.417
214.624
214.155
214.612
214.203
214.421
214.376
214.41
214.399
214.522
214.293
214.41
214.376
214.384
214.413
214.489
214.504
214.274
214.767
213.959
214.537
214.263
214.41
214.384
214.477
214.353
214.703
214.083
214.605
214.162
214.654
214.177
214.417
214.391
214.699
214.102
214.383
214.403
214.567
214.271
214.504
214.248
214.432
214.391
214.504
214.289
214.391
214.399
214.489
214.319
214.402
214.639
216.561
211.985
214.432
214.368
214.44
214.801
213.981
214.41
214.398
214.512
214.274
214.526
214.271
214.508
218.03
210.639
214.425
214.376
214.432
214.455
214.353
214.376
214.384
214.424
214.391
214.425
214.376
214.425
214.383
214.377
214.398
214.417
214.455
214.361
219.056
214.667
209.495
214.477
214.545
214.143
214.658
214.143
216.831
211.978
218.928
209.887
214.568
214.207
214.402
214.406
214.376
214.447
214.369
214.394
214.406
214.403
214.774
214.008
214.447
214.361
214.417
214.639
214.162
214.383
214.421
214.369
214.425
214.503
214.297
214.482
214.398
214.399
214.338
214.44
214.334
214.703
214.113
214.376
214.402
214.455
214.357
214.41
214.425
214.353
214.421
214.369
214.425
214.609
214.327
214.462
217.65
210.937
214.432
214.357
214.451
214.478
214.297
214.481
214.47
214.297
214.56
214.214
214.369
214.424
214.391
214.369
214.56
214.241
214.552
214.256
214.519
214.319
214.395
214.368
214.421
214.384
214.402
214.384
217.248
211.552
214.463
214.361
214.391
214.409
216.903
211.891
214.413
214.402
214.391
214.718
214.083
214.696
214.12
214.383
214.504
214.474
214.222
214.639
214.24
214.538
214.207
214.361
214.406
214.642
214.166
214.609
214.199
214.369
214.424
214.553
214.244
214.403
214.402
214.526
214.282
214.485
214.312
214.489
214.312
214.466
214.301
214.41
214.815
214.008
214.402
214.406
214.369
214.391
214.409
214.414
214.402
214.406
214.395
214.398
214.448
214.327
214.425
214.417
214.383
214.384
214.425
214.383
214.391
214.402
214.421
214.373
214.541
214.256
214.537
214.297
214.406
214.391
214.41
214.511
214.29
214.357
214.41
214.398
214.41
214.59
218.071
210.531
214.406
214.545
214.255
214.545
214.271
214.504
214.432
214.249
215.887
213.026
214.286
214.409
216.17
212.605
214.451
214.421
214.353
214.425
214.391
214.402
217.429
211.361
214.383
214.41
214.406
214.391
214.402
214.384
214.425
214.376
214.432
214.368
214.399
214.391
214.41
214.406
214.394
214.399
214.417
214.399
214.402
214.383
214.399
214.391
214.496
214.338
214.406
214.376
214.41
214.384
214.432
214.398
214.395
214.372
214.403
214.582
214.207
214.41
214.417
214.526
214.267
214.519
214.271
214.391
214.443
214.624
214.158
214.384
214.432
214.391
214.41
214.398
214.384
214.425
214.383
214.41
214.361
214.413
214.425
214.369
214.406
214.409
214.418
214.364
214.425
214.369
214.439
214.361
214.481
214.335
214.384
214.424
214.406
214.425
214.376
214.425
214.368
214.406
214.41
214.376
214.455
214.353
214.391
214.41
214.421
214.361
214.44
214.361
214.391
214.451
214.391
214.647
214.127
214.632
214.184
214.384
214.417
214.376
214.391
214.417
214.399
214.488
214.32
214.376
214.425
214.391
214.417
214.575
214.233
214.545
219.023
209.624
214.398
214.369
214.44
214.586
214.248
214.568
214.184
214.384
214.406
214.571
214.229
214.545
214.256
214.417
214.418
214.477
214.297
214.504
215.158
213.511
214.417
214.418
214.391
214.432
214.376
214.376
214.526
214.29
214.673
214.12
214.646
215.256
213.297
214.391
214.399
214.402
214.447
214.354
214.624
214.169
214.421
214.417
214.545
214.256
214.534
214.24
214.624
214.17
214.432
214.368
214.406
214.418
214.391
214.424
214.399
214.601
214.241
214.805
213.962
214.545
214.214
214.584
214.247
214.354
214.432
214.537
214.279
214.368
214.425
214.519
214.255
214.519
214.275
215.03
216.218
211.959
214.864
213.936
214.41
214.432
217.241
211.549
219.146
209.613
214.568
214.248
214.402
214.421
214.354
214.424
214.418
214.391
214.646
214.136
214.417
214.481
214.286
214.44
214.402
214.368
214.673
214.143
214.406
214.384
214.515
214.3
214.395
214.417
218.053
210.738
214.382
214.467
214.334
214.399
214.409
214.425
214.414
214.361
214.394
214.557
214.255
214.523
219.214
209.448
214.424
214.482
214.304
214.737
214.053
214.473
214.346
214.696
214.086
214.466
214.342
214.391
214.41
214.406
214.376
214.665
214.143
214.384
214.432
214.609
214.192
214.417
214.406
214.369
214.391
214.394
214.414
214.376
214.432
214.376
214.56
214.297
214.361
214.44
214.47
214.274
214.568
214.263
214.417
214.35
214.496
214.32
214.425
214.361
214.439
214.361
214.406
214.388
214.421
214.376
214.439
214.403
214.383
214.399
219.056
209.745
214.398
214.376
214.417
214.744
214.166
214.305
214.368
214.417
214.399
214.673
214.161
214.35
214.522
214.305
214.398
214.632
214.165
214.613
214.214
214.512
214.255
214.609
214.207
214.56
214.233
214.545
214.237
214.564
214.245
214.53
214.27
214.523
214.286
214.488
214.335
214.395
214.47
214.319
214.387
214.406
214.463
214.323
214.519
214.286
214.409
214.384
217.417
211.384
214.639
214.176
214.463
214.383
214.361
214.402
214.391
214.384
214.41
214.413
214.402
214.561
214.454
214.312
214.279
214.368
214.432
214.489
214.297
214.406
214.384
214.409
214.474
214.549
214.177
214.522
214.286
214.575
214.233
214.47
214.331
214.534
214.233
214.392
214.442
214.358
214.424
214.519
214.312
214.354
214.454
214.434
214.326
214.466
214.35
214.424
214.587
214.158
214.44
214.361
214.518
214.312
214.376
214.41
214.432
214.35
214.391
214.41
214.398
214.418
214.383
214.426
214.401
214.376
214.414
214.376
214.424
214.384
214.417
214.391
214.425
214.361
214.413
214.369
214.425
214.432
214.398
214.376
214.467
214.383
214.376
214.613
214.154
214.417
214.421
214.542
214.236
214.384
214.413
214.395
214.425
214.489
214.304
217.263
211.553
214.35
214.424
214.384
214.398
214.482
214.327
214.451
214.364
214.369
214.432
214.651
214.142
215.655
213.135
214.418
214.424
214.353
214.433
214.357
214.496
214.346
214.398
214.369
214.432
214.463
214.338
214.44
214.534
214.226
218.277
210.508
214.496
214.286
214.391
214.417
214.447
214.346
214.399
214.391
214.432
214.432
214.346
214.406
214.425
214.391
214.387
214.421
214.384
214.376
214.451
214.357
214.44
214.553
214.225
214.478
214.338
214.377
214.439
214.661
214.106
214.673
214.127
214.673
214.23
214.304
214.384
214.65
214.15
214.391
214.482
214.567
214.169
214.609
214.192
214.583
218.12
210.496
214.384
214.391
214.395
214.56
214.237
214.417
214.391
214.41
214.432
214.406
214.376
214.432
214.369
214.377
218.871
209.943
214.425
214.369
214.68
214.12
214.429
214.361
214.436
214.406
214.383
214.376
218.297
210.543
214.382
214.432
214.361
214.41
214.399
214.402
214.398
214.384
214.417
214.384
214.421
214.53
218
210.872
214.192
214.646
214.139
214.639
214.177
214.609
214.196
214.586
214.207
214.568
214.225
214.568
216.154
212.62
214.267
214.553
214.237
214.409
214.391
214.515
214.301
214.41
214.383
214.47
214.346
214.433
216.774
212.027
214.341
214.425
214.384
214.376
214.439
214.384
214.387
214.399
214.454
214.361
214.399
214.417
214.391
214.395
214.383
214.406
214.403
214.406
214.417
214.383
214.546
214.278
214.368
214.399
214.402
214.398
214.504
214.312
214.391
214.417
214.391
214.395
214.399
214.624
214.233
214.541
214.218
214.384
214.402
214.616
214.207
214.376
214.391
214.402
214.406
214.752
214.049
214.399
214.409
214.391
214.391
214.433
214.383
214.391
214.41
214.383
214.403
214.406
214.391
214.424
214.395
214.399
214.398
214.41
214.398
214.403
214.477
214.312
214.41
214.383
214.391
214.41
214.406
214.384
214.594
214.206
214.41
214.399
214.567
214.233
214.41
214.406
214.391
214.402
214.463
214.327
214.447
214.346
214.44
214.368
214.391
214.41
214.391
214.417
214.391
214.403
214.398
214.399
214.391
214.545
214.255
214.41
214.391
214.47
214.353
214.433
214.349
214.403
214.391
214.586
214.218
214.414
214.391
214.398
214.402
214.391
214.41
214.391
214.402
214.406
214.391
214.403
214.406
214.409
214.406
214.391
214.395
214.391
214.41
214.398
214.399
214.417
214.632
214.15
214.402
214.391
214.433
214.398
214.5
214.278
214.399
214.402
214.399
214.391
214.409
214.418
214.44
214.334
214.391
214.41
215.71
213.098
214.391
217.966
210.842
214.433
214.368
214.583
214.218
214.372
214.402
214.561
214.255
214.47
214.323
214.406
214.425
215.44
213.342
214.402
214.391
214.624
214.177
214.425
214.398
214.497
214.289
214.399
214.409
214.391
214.425
214.357
214.433
214.387
214.413
214.384
214.402
214.406
214.384
214.409
214.391
214.41
214.47
214.32
214.417
214.406
214.387
214.376
214.414
214.402
214.413
214.41
214.369
214.398
214.417
214.391
214.425
214.384
214.391
214.409
214.391
214.425
218.448
210.334
214.402
218.809
210.007
214.399
214.379
214.421
214.41
214.376
214.568
214.248
214.383
214.406
214.425
214.361
214.41
217.398
211.391
214.425
214.384
214.567
214.241
214.519
214.289
214.376
214.399
214.417
214.402
214.391
214.406
215.857
212.951
214.376
214.41
214.399
214.402
214.398
214.399
214.417
214.376
214.425
214.383
214.391
214.418
214.409
214.384
214.406
217.714
211.079
214.425
214.372
214.41
214.398
214.395
214.414
214.394
214.391
214.391
214.403
214.406
214.417
216.12
212.654
214.425
214.418
214.447
214.334
214.376
214.41
214.384
214.406
214.503
214.305
214.395
214.413
215.057
213.736
214.425
218.433
210.342
214.417
214.383
214.767
214.049
214.376
214.417
214.376
214.406
214.425
214.395
214.571
214.233
217.346
211.433
214.421
214.402
214.673
214.116
214.395
214.406
214.376
214.425
214.395
214.413
214.376
214.406
215.29
213.503
214.425
214.384
214.409
214.399
214.383
214.673
214.136
214.398
214.417
214.391
214.395
214.399
214.376
214.447
214.395
217.597
211.177
214.44
214.368
214.745
214.071
214.376
214.399
214.394
214.406
214.448
214.383
214.369
214.409
218.546
210.255
214.399
214.424
214.376
214.433
214.383
214.504
214.271
214.409
214.41
214.391
214.406
214.41
214.617
214.157
214.425
217.639
211.136
214.402
214.406
214.586
214.215
214.391
214.409
214.384
214.417
214.399
214.417
214.383
214.406
215.865
212.929
214.409
214.478
214.331
214.398
214.384
214.624
214.218
214.534
214.24
214.406
214.372
214.421
214.794
214.03
214.368
218.786
210.007
214.425
214.384
214.654
214.169
214.368
214.41
214.387
214.395
214.402
214.406
214.391
214.425
216.391
212.391
214.402
214.41
214.391
214.399
214.391
214.417
214.376
214.41
214.477
214.331
214.398
214.406
215.929
212.88
214.387
214.383
214.414
214.383
214.433
214.673
214.127
214.384
214.417
214.391
214.395
214.406
214.376
214.417
214.406
218.602
210.191
214.391
214.41
214.406
214.384
214.409
214.41
214.391
214.399
214.624
214.191
214.384
214.425
218.906
209.879
214.391
214.448
214.353
214.414
214.383
214.617
214.199
214.387
214.406
214.384
214.409
214.391
214.583
214.226
214.417
218.143
210.646
214.41
214.384
214.496
214.319
214.376
214.406
214.388
214.417
214.462
214.327
214.41
214.399
216.398
212.402
214.406
214.395
214.399
214.432
214.368
214.703
214.113
214.575
214.226
214.391
214.383
214.425
214.872
213.903
214.424
218.297
210.489
214.406
214.395
214.519
214.27
214.399
214.444
214.349
214.417
214.391
214.388
214.421
214.391
216.729
212.079
214.417
214.376
214.399
214.424
214.376
214.546
214.255
214.44
214.368
214.418
214.383
214.391
214.944
213.864
214.425
214.384
214.383
214.425
214.383
214.448
214.368
214.391
214.399
214.379
214.406
214.41
214.384
214.406
214.409
218.079
210.835
214.286
214.391
214.409
214.418
214.383
214.399
214.391
214.643
214.248
214.319
214.399
214.417
216.455
212.319
214.41
214.421
214.369
214.402
214.398
214.474
214.327
214.402
214.406
214.406
214.403
214.391
214.849
213.951
214.406
218.474
210.504
214.207
214.409
214.41
214.384
214.406
214.488
214.305
214.398
214.425
214.391
214.425
214.402
216.966
211.801
214.406
214.395
214.398
214.406
214.395
214.662
214.113
214.432
214.391
214.41
214.383
214.425
215.447
213.354
214.406
219.007
209.794
214.383
214.398
214.474
214.312
214.425
214.406
214.361
214.417
214.414
214.379
214.406
214.418
217.973
210.801
214.399
214.432
214.368
214.418
214.383
214.511
214.279
214.409
214.425
214.384
214.394
214.429
215.474
213.304
214.406
214.391
214.402
214.41
214.391
214.391
214.399
214.409
214.41
214.369
214.413
214.425
214.383
214.391
214.425
214.376
214.399
214.417
214.383
214.403
214.421
214.376
214.579
214.214
214.417
214.425
214.383
214.391
214.406
214.403
214.391
214.432
214.399
214.36
214.425
214.384
214.481
214.342
214.395
214.582
214.207
214.395
214.406
217.729
211.064
214.399
214.402
214.398
214.406
214.388
214.406
214.417
214.383
214.583
214.192
214.425
214.417
215.662
213.12
214.417
217.902
210.876
214.414
214.391
214.53
214.278
214.395
214.56
214.229
214.406
214.41
214.53
214.263
214.41
217.237
211.545
214.425
214.398
214.561
214.225
214.399
214.417
214.383
214.391
214.531
216.718
211.951
214.417
216.32
212.488
214.391
214.384
214.466
214.361
214.398
214.609
214.192
214.391
214.575
214.823
213.794
214.394
214.399
214.398
214.425
217.767
211.019
214.413
214.376
214.666
214.165
214.609
214.26
214.331
214.394
214.391
214.399
214.394
214.433
216.15
212.617
214.432
214.368
214.482
214.319
214.391
214.489
214.398
214.327
214.418
214.368
214.402
214.399
214.959
213.849
214.391
219
209.808
214.41
214.384
214.503
214.305
214.47
214.334
214.403
214.383
214.399
214.432
214.602
214.176
216.846
211.944
214.417
214.383
214.681
214.135
214.387
214.414
214.376
214.406
214.601
214.226
214.383
214.391
215.433
213.447
214.346
214.421
214.459
214.312
214.398
214.41
214.376
214.398
214.433
214.383
214.387
214.414
214.391
214.402
214.406
214.395
214.398
214.41
214.399
214.503
214.29
214.398
214.406
214.395
214.399
214.417
214.383
214.391
214.433
214.383
214.575
214.226
214.425
214.368
214.406
214.384
214.417
214.383
214.41
214.399
214.394
214.406
214.41
217.278
211.64
214.289
218.568
210.206
214.425
214.384
214.579
214.229
214.391
214.41
214.391
214.402
214.421
215.82
212.958
214.421
216.666
212.112
214.391
214.467
214.334
214.44
214.384
214.552
214.233
214.391
214.417
214.391
214.391
214.418
215.688
213.094
214.425
214.375
214.41
214.391
214.41
214.684
214.128
214.38
214.425
214.413
214.368
214.425
214.357
214.553
214.282
217.56
211.214
214.425
214.384
214.503
214.305
214.383
214.474
214.391
214.342
214.395
214.398
214.41
214.414
215.571
213.376
214.248
214.365
214.432
214.384
214.409
214.44
214.354
214.406
214.432
214.368
214.391
214.399
214.402
214.399
214.409
217.88
210.921
214.399
214.391
214.417
214.376
214.417
214.568
214.207
214.424
214.406
214.899
213.895
214.391
216.673
212.142
214.395
214.647
214.143
214.409
214.399
214.609
214.214
214.369
214.432
214.353
214.425
214.414
214.579
214.206
214.433
214.383
214.384
214.522
214.278
214.391
214.41
214.399
214.409
214.384
214.398
214.474
214.327
214.399
214.409
217.681
211.12
214.406
214.418
214.368
214.413
214.395
214.718
214.079
214.402
214.406
214.388
214.398
214.406
216.019
212.774
214.41
216.775
212.026
214.406
214.481
214.312
214.399
214.391
214.432
214.361
214.417
214.568
214.88
213.857
214.319
215.327
213.44
214.425
214.376
214.413
214.425
214.369
214.56
214.256
214.383
214.417
214.384
214.398
214.418
214.375
214.403
214.413
217.771
211.022
214.425
214.376
214.711
214.079
214.409
214.64
214.176
214.391
214.41
214.399
214.375
214.425
215.857
212.918
214.44
214.36
214.41
214.406
214.395
214.91
213.894
214.531
214.263
214.417
214.383
214.418
214.361
214.421
214.417
214.383
214.391
214.418
214.391
214.552
214.226
214.421
214.417
214.369
214.409
214.5
214.324
214.383
214.414
217.443
211.549
214.184
214.41
214.391
214.425
214.383
214.414
215.425
213.353
214.41
214.406
214.383
214.425
215.519
213.256
214.425
218.601
210.184
214.391
214.418
214.406
214.394
214.391
214.575
214.2
214.424
214.407
214.368
214.417
214.425
216.925
211.865
214.409
214.384
214.481
214.327
214.383
214.602
214.192
214.406
214.432
214.395
214.383
214.406
215.32
213.473
214.418
214.376
214.398
214.402
214.399
214.511
214.297
214.399
214.417
214.368
214.406
214.403
214.406
214.394
214.406
217.688
211.249
214.263
214.398
214.402
214.407
214.394
214.703
214.072
214.44
214.496
214.319
214.376
214.387
218.846
210.177
214.184
214.406
214.403
214.398
214.383
214.617
214.192
214.41
214.406
214.417
214.368
214.399
217.255
211.545
214.418
214.391
214.391
214.417
214.391
214.466
214.342
214.376
214.418
214.406
214.375
214.425
215.583
213.203
214.398
214.41
214.632
214.158
214.398
214.402
214.418
214.383
214.448
214.353
214.398
214.41
214.391
214.391
214.406
216.113
212.68
214.41
214.399
214.398
214.41
214.391
214.583
214.225
214.384
214.425
214.417
214.368
214.433
215.661
213.105
214.407
214.387
214.488
214.309
214.409
214.433
214.361
214.406
214.417
214.399
214.379
214.436
214.673
214.09
214.422
218.744
210.037
214.41
214.391
214.402
214.384
214.417
214.406
214.384
214.409
214.399
214.402
214.399
214.41
216.781
212.008
214.41
214.413
214.636
214.142
214.407
214.481
214.346
214.36
214.429
214.376
214.402
214.425
215.327
213.447
214.418
217.917
210.865
214.417
214.383
214.414
214.402
214.376
214.512
214.281
214.406
214.425
214.369
214.639
214.192
215.575
213.21
214.418
214.383
214.492
214.297
214.403
214.413
214.41
214.383
214.418
214.398
214.376
214.425
214.782
213.992
214.425
214.384
214.673
214.135
214.391
214.602
214.233
214.357
214.624
214.176
214.41
214.406
214.481
214.376
214.354
217.981
210.793
214.425
214.384
214.616
214.214
214.553
214.248
214.361
214.414
214.409
214.391
214.538
214.256
216.624
212.191
214.41
214.372
214.515
214.305
214.383
214.414
214.387
214.399
214.454
214.342
214.395
214.425
215.056
213.718
214.418
218.064
210.718
214.41
214.39
214.722
214.087
214.425
214.376
214.375
214.425
214.391
214.391
214.418
214.406
216.954
211.839
214.398
214.41
214.609
214.184
214.399
214.394
214.407
214.39
214.553
214.263
214.384
214.417
215.113
213.68
214.399
214.402
214.399
214.406
214.394
214.406
214.41
214.384
214.409
214.399
214.391
214.391
214.41
214.39
214.425
217.56
211.226
214.414
214.375
214.467
214.349
214.395
214.421
214.361
214.432
214.403
214.372
214.425
214.409
216.049
212.733
214.403
218.582
210.199
214.425
214.384
214.658
214.15
214.383
214.482
214.346
214.372
214.417
214.383
214.482
214.349
216.929
211.85
214.39
214.418
214.511
214.271
214.402
214.421
214.361
214.417
214.418
214.406
214.383
214.417
215.263
213.519
214.418
214.383
214.417
214.384
214.41
214.759
214.056
214.376
214.425
214.399
214.368
214.632
214.176
214.399
214.417
216.071
212.703
214.418
214.406
214.53
214.271
214.375
214.41
214.425
214.391
214.583
214.199
214.402
214.406
214.433
214.361
214.406
218.146
210.647
214.417
214.391
214.624
214.184
214.617
214.184
214.361
214.413
214.418
214.398
214.384
214.417
216.744
212.049
214.41
214.38
214.481
214.327
214.41
214.406
214.402
214.384
214.439
214.376
214.376
214.418
216.936
211.845
214.425
214.391
214.403
214.406
214.383
214.508
214.293
214.462
214.354
214.375
214.41
214.406
214.41
214.384
214.406
216.898
211.895
214.417
214.384
214.56
214.255
214.384
214.395
214.383
214.413
214.41
214.406
214.384
214.402
215.32
213.503
214.391
214.376
214.433
214.402
214.398
214.606
214.184
214.395
214.406
214.409
214.391
214.41
214.384
214.398
214.402
217.455
211.339
214.406
214.409
214.654
214.136
214.391
214.41
214.383
214.417
214.399
214.417
214.384
214.417
215.973
212.809
214.402
214.414
214.466
214.308
214.402
214.466
214.343
214.398
214.523
214.263
214.41
214.421
214.657
214.121
214.398
218.305
210.519
214.409
214.376
214.504
214.342
214.354
214.406
214.409
214.376
214.399
214.425
214.383
214.432
216.752
212.008
214.425
214.376
214.409
214.406
214.41
214.399
214.376
214.409
214.406
214.395
214.406
214.417
215.455
213.32
214.391
218.785
210.023
214.417
214.376
214.617
214.199
214.391
214.432
214.369
214.391
214.432
214.376
214.402
214.406
216.899
211.895
214.398
214.41
214.489
214.293
214.402
214.406
214.402
214.399
214.402
214.406
214.391
214.41
214.391
214.395
214.413
214.395
214.413
214.403
214.372
214.707
214.086
214.417
214.414
214.387
214.399
214.406
214.394
214.549
214.267
214.384
214.402
214.406
214.398
214.602
214.199
214.384
214.409
214.414
214.383
214.41
214.384
214.466
214.334
218.624
210.185
214.406
214.409
214.41
214.406
214.369
214.575
214.206
214.41
214.44
214.44
214.32
214.424
216.865
211.91
214.432
214.384
214.394
214.406
214.391
214.451
214.365
214.387
214.406
214.41
214.384
214.406
215.857
212.928
214.425
214.399
214.458
214.327
214.399
214.417
214.384
214.391
214.409
214.399
214.391
214.402
214.391
214.417
214.399
217.312
211.489
214.413
214.402
214.376
214.44
214.387
214.534
214.241
214.406
214.41
214.383
214.399
214.409
215.918
212.872
214.425
214.398
214.609
214.192
214.383
214.418
214.409
214.391
214.406
214.388
214.391
214.417
214.406
214.368
214.425
218.038
210.913
214.233
214.399
214.391
214.41
214.398
214.568
214.233
214.398
214.403
214.406
214.394
214.391
216.583
212.226
214.417
214.357
214.417
214.406
214.41
214.519
214.274
214.391
214.399
214.41
214.391
214.409
215.151
213.68
214.384
218.488
210.32
214.391
214.643
214.165
214.41
214.376
214.722
214.06
214.41
214.391
214.424
214.384
214.391
217.5
211.308
214.41
214.383
214.425
214.384
214.391
214.424
214.376
214.403
214.421
214.402
214.368
214.421
216.801
211.993
214.424
214.376
214.624
214.185
214.485
214.338
214.368
214.425
214.541
214.219
214.447
214.391
214.383
214.41
214.406
218.305
210.488
214.391
214.391
214.403
214.391
214.398
214.466
214.346
214.399
214.417
214.398
214.553
214.248
216.109
212.673
214.41
214.391
214.458
214.35
214.391
214.417
214.399
214.376
214.432
214.361
214.417
214.406
215.775
213.019
214.391
218.56
210.24
214.436
214.38
214.402
214.421
214.361
214.568
214.226
214.406
214.439
214.354
214.41
214.413
216.154
212.639
214.406
214.519
214.421
214.267
214.515
214.286
214.41
214.368
214.68
214.151
214.376
214.432
215.199
213.568
214.432
218.568
210.192
214.417
214.384
214.402
214.421
214.376
214.41
214.406
214.394
214.406
214.384
214.41
214.406
217.09
211.695
214.418
214.398
214.391
214.417
214.376
214.474
214.312
214.414
214.409
214.391
214.399
214.41
214.375
214.418
214.406
218.319
210.482
214.409
214.391
214.399
214.41
214.391
214.488
214.286
214.425
214.391
214.432
214.369
214.424
214.888
213.891
214.421
214.383
214.496
214.312
214.384
214.417
214.402
214.391
214.391
214.399
214.601
214.327
214.297
214.391
214.384
214.443
214.358
214.424
214.376
214.399
214.417
214.384
214.601
214.222
214.395
214.391
215.575
213.24
214.384
216.289
212.512
214.406
214.417
214.594
214.184
214.399
214.424
214.376
214.391
214.534
214.275
214.413
214.387
214.617
214.199
214.391
218.489
210.297
214.406
214.398
214.403
214.406
214.394
214.433
214.349
214.418
214.391
214.409
214.647
214.143
214.417
214.402
214.38
214.425
214.699
214.102
214.376
214.409
214.414
214.395
214.887
213.91
214.609
214.191
215.609
213.177
214.425
219.052
209.73
214.413
214.38
214.399
214.432
214.376
214.545
214.271
214.394
214.399
214.391
214.395
214.413
217.639
211.154
214.406
214.391
214.579
214.222
214.568
214.233
214.391
214.402
214.425
214.398
214.384
214.417
214.981
213.794
214.424
214.376
214.602
214.214
214.384
214.409
214.406
214.395
214.647
214.135
214.425
214.398
214.384
214.545
214.256
214.417
214.391
214.432
214.376
214.402
214.414
214.391
214.458
214.313
214.413
214.402
214.406
214.384
214.425
214.376
214.409
214.399
214.402
214.504
214.308
214.387
214.391
214.425
214.384
214.417
214.846
213.936
214.417
217.831
210.944
214.417
214.417
214.365
214.432
214.369
214.567
214.248
214.384
214.631
214.185
214.394
214.421
216.297
212.482
215.079
213.962
214.229
214.331
214.399
214.609
214.191
214.399
214.417
214.369
214.409
214.399
216.158
212.646
214.403
217.654
211.146
214.391
214.399
214.504
214.323
214.383
214.391
214.384
214.425
214.462
214.977
213.752
214.399
215.692
213.109
214.409
214.44
214.361
214.414
214.383
214.696
214.12
214.383
214.53
214.294
214.379
214.418
214.398
214.384
214.409
218.271
210.511
214.425
214.384
214.601
214.214
214.384
214.526
214.29
214.376
214.424
214.391
214.41
214.391
216.775
212.018
214.399
214.391
214.41
214.417
214.383
214.801
213.989
214.41
214.432
214.368
214.399
214.41
216.718
212.064
214.409
218.482
210.319
214.414
214.383
214.714
214.094
214.391
214.436
214.365
214.402
214.414
214.361
214.425
214.391
217.176
211.752
214.278
214.403
214.391
214.424
214.376
214.921
213.88
214.632
214.248
214.327
214.402
214.406
215.241
213.737
214.236
214.388
214.398
214.417
214.376
214.549
214.26
214.391
214.391
214.409
214.399
214.417
214.639
214.147
214.428
214.376
214.617
214.199
214.369
214.424
214.41
214.384
214.488
214.312
214.647
214.158
214.376
214.41
214.432
214.383
214.376
214.425
214.399
214.402
214.398
214.376
214.666
214.15
214.384
214.417
214.406
214.376
214.522
217.327
211.361
214.406
218.226
210.639
214.32
214.432
214.459
214.334
214.376
214.598
214.184
214.417
214.41
215.79
213.007
214.402
218.279
210.511
214.432
214.384
214.394
214.406
214.384
214.504
214.338
214.361
214.413
214.568
214.226
214.417
215.816
212.958
214.425
219
209.775
214.424
214.384
214.631
214.192
214.395
214.413
214.376
214.391
214.425
214.387
214.391
214.414
216.744
212.042
214.417
214.391
214.391
214.391
214.41
214.56
214.233
214.398
214.425
214.391
214.384
214.409
215.873
212.928
214.399
214.424
214.376
214.399
214.391
214.481
214.305
214.424
214.391
214.455
214.354
214.409
214.485
214.305
214.402
218.117
210.97
214.112
214.399
214.398
214.403
214.391
214.409
214.384
214.406
214.432
214.384
214.394
214.399
216.744
212.057
214.409
214.391
214.391
214.425
214.391
214.553
214.24
214.391
214.41
214.399
214.391
214.424
214.978
213.816
214.391
217.751
211.177
214.271
214.417
214.391
214.425
214.365
214.515
214.293
214.41
214.402
214.398
214.391
214.384
216.019
212.782
214.409
214.391
214.418
214.406
214.376
214.424
214.384
214.402
214.406
214.399
214.5
214.308
214.466
214.342
214.369
217.24
211.816
214.169
214.384
214.398
214.417
214.376
214.609
214.2
214.391
214.424
214.384
214.391
214.417
215.658
213.15
214.391
214.41
214.399
214.409
214.384
214.496
214.286
214.417
214.391
214.417
214.384
214.417
214.361
214.425
214.413
217.673
211.207
214.305
214.488
214.312
214.433
214.368
214.703
214.102
214.394
214.406
214.403
214.391
214.417
216.037
212.737
214.44
214.376
214.384
214.424
214.376
214.602
214.199
214.399
214.424
214.406
214.369
214.417
214.369
214.424
214.406
214.395
214.534
214.274
214.399
214.383
214.399
214.41
214.541
214.248
214.402
214.418
214.398
214.391
214.395
216.413
212.41
214.399
214.394
214.391
214.399
214.425
214.409
214.384
214.383
214.414
214.402
214.384
214.409
215.015
213.775
214.417
218.177
210.661
214.361
214.384
214.41
214.406
214.376
214.639
214.154
214.534
214.282
214.432
214.368
214.425
216.696
212.079
214.424
214.384
214.383
214.425
214.384
214.537
214.278
214.384
214.432
214.391
214.369
214.409
215.271
213.523
214.398
214.391
214.575
214.233
214.406
214.403
214.417
214.383
214.399
214.466
214.335
214.409
214.376
214.414
214.391
217.665
211.162
214.383
214.391
214.406
214.403
214.391
214.657
214.136
214.406
214.417
214.402
214.391
214.399
216.098
212.703
214.424
214.391
214.391
214.41
214.384
214.466
214.349
214.384
214.395
214.421
214.545
214.248
214.816
213.977
214.406
218.162
210.62
214.432
214.388
214.406
214.402
214.383
214.406
214.425
214.369
214.417
214.383
214.399
214.391
214.41
214.391
214.409
214.406
214.504
214.297
214.384
214.424
214.376
214.41
214.406
216.786
212.007
214.414
217.154
211.632
214.391
214.424
214.519
214.267
214.399
214.406
214.372
214.421
214.417
214.384
214.481
214.334
215.842
212.933
214.425
214.402
214.383
214.406
214.403
214.391
214.413
214.387
214.455
214.335
214.402
214.399
214.409
214.399
214.413
217.876
210.91
214.41
214.383
214.722
214.094
214.384
214.409
214.384
214.406
214.425
214.376
214.409
214.406
216.463
212.331
214.424
214.361
214.613
214.218
214.391
214.384
214.424
214.384
214.568
214.248
214.391
214.417
214.921
213.853
214.418
217.936
210.849
214.418
214.379
214.451
214.343
214.409
214.406
214.376
214.418
214.496
214.361
214.342
214.402
216.515
212.275
214.409
214.406
214.433
214.376
214.383
214.617
214.176
214.399
214.417
214.399
214.394
214.391
215.241
213.568
214.424
214.391
214.384
214.432
214.369
214.654
214.161
214.376
214.478
214.312
214.417
214.417
214.399
214.376
214.417
217.801
210.992
214.406
214.384
214.466
214.368
214.391
214.391
214.403
214.391
214.496
214.319
214.384
214.417
216.421
212.572
214.191
214.399
214.391
214.41
214.391
214.503
214.32
214.376
214.41
214.391
214.409
214.399
216.857
211.936
214.44
217.823
210.944
214.417
214.391
214.647
214.139
214.406
214.41
214.391
214.391
214.398
214.41
214.406
214.402
216.936
211.857
214.399
214.402
214.399
214.406
214.402
214.59
214.184
214.579
214.23
214.424
214.376
214.418
216.127
212.655
214.439
218.993
209.808
214.369
214.391
214.503
214.32
214.383
214.425
214.369
214.409
214.406
214.395
214.414
214.409
217.391
211.399
214.402
214.511
214.279
214.417
214.376
214.44
214.361
214.413
214.489
214.331
214.361
214.436
214.906
213.864
214.414
214.402
214.384
214.402
214.391
214.605
214.192
214.41
214.406
214.368
214.425
214.417
214.384
214.398
214.417
217.688
211.098
214.399
214.609
214.214
214.383
214.388
214.556
214.226
214.424
214.399
214.391
214.402
214.406
215.744
213.064
214.41
214.448
214.345
214.406
214.376
214.448
214.368
214.402
214.391
214.406
214.384
214.417
214.399
214.394
214.406
218.572
210.342
214.286
214.443
214.527
214.255
214.361
214.432
214.35
214.417
214.463
214.361
214.376
214.424
216.703
212.136
214.353
214.463
214.323
214.413
214.395
214.511
214.286
214.44
214.368
214.369
214.417
214.421
214.395
214.383
214.399
216.801
212.007
214.402
214.399
214.391
214.417
214.391
214.545
214.248
214.737
214.072
214.417
214.383
214.399
214.921
213.88
214.417
214.406
214.376
214.417
214.391
214.609
214.192
214.383
214.399
214.387
214.421
214.391
214.395
214.489
214.327
217.056
211.808
214.342
214.388
214.406
214.417
214.376
214.662
214.135
214.41
214.406
214.409
214.376
214.425
216.023
212.752
214.424
214.384
214.395
214.398
214.399
214.714
214.101
214.384
214.425
214.376
214.409
214.399
214.383
214.418
214.406
217.609
211.184
214.391
214.41
214.518
214.275
214.406
214.489
214.312
214.447
214.353
214.384
214.406
214.425
216.752
212.033
214.391
214.406
214.395
214.414
214.409
214.527
214.274
214.384
214.391
214.409
214.391
214.399
215.402
213.41
214.428
214.384
214.387
214.399
214.391
214.454
214.361
214.388
214.432
214.365
214.409
214.421
214.388
214.391
214.409
217.564
211.226
214.417
214.406
214.369
214.424
214.384
214.65
214.143
214.406
214.417
214.391
214.391
214.418
215.143
213.642
214.414
218.282
210.504
214.391
214.417
214.526
214.256
214.41
214.424
214.35
214.417
214.425
214.399
214.387
214.413
216.497
212.289
214.421
214.369
214.424
214.41
214.365
214.748
214.045
214.639
214.192
214.38
214.406
214.391
215.21
213.598
214.417
214.391
214.384
214.439
214.369
214.647
214.169
214.376
214.424
214.369
214.41
214.428
214.384
214.394
214.406
214.395
214.654
214.151
214.387
214.47
214.368
214.369
214.417
214.398
214.448
214.368
215.921
212.839
214.439
218.816
209.948
214.421
214.409
214.376
214.425
214.369
214.485
214.327
214.394
214.425
214.365
214.41
214.406
217.571
211.222
214.417
214.384
214.503
214.297
214.399
214.41
214.368
214.414
214.409
214.399
214.391
214.41
216.022
212.778
214.399
214.376
214.425
214.409
214.388
214.402
214.417
214.384
214.594
214.18
214.417
214.399
214.395
214.406
214.424
217.752
211.023
214.425
214.376
214.409
214.414
214.376
214.425
214.368
214.41
214.406
214.391
214.504
214.312
216.184
212.609
214.417
214.384
214.639
214.191
214.361
214.41
214.414
214.383
214.432
214.376
214.388
214.406
214.721
214.079
214.399
214.425
214.376
214.413
214.387
214.463
214.327
214.425
214.394
214.406
214.376
214.399
214.41
214.391
214.424
217.034
211.741
214.425
214.376
214.56
214.248
214.402
214.414
214.391
214.394
214.406
214.41
214.384
214.391
215.161
213.662
214.387
214.399
214.455
214.375
214.369
214.398
214.403
214.391
214.424
214.384
214.395
214.406
214.376
214.424
214.418
218.101
210.681
214.413
214.387
214.655
214.154
214.391
214.398
214.402
214.399
214.417
214.399
214.398
214.402
216.816
211.963
214.413
214.433
214.503
214.29
214.368
214.414
214.391
214.394
214.391
214.455
214.354
214.417
215.335
213.447
214.417
218.256
210.534
214.409
214.384
214.744
214.064
214.391
214.417
214.369
214.413
214.41
214.369
214.424
214.41
216.301
212.489
214.398
214.41
214.639
214.169
214.391
214.384
214.424
214.384
214.391
214.395
214.413
214.402
214.384
214.425
214.398
216.241
212.552
214.403
214.406
214.575
214.222
214.409
214.399
214.417
214.369
214.552
214.271
214.368
214.433
214.353
214.421
214.417
218.128
210.651
214.436
214.361
214.417
214.417
214.372
214.444
214.368
214.391
214.406
214.41
214.384
214.406
216.808
211.977
214.425
214.384
214.695
214.12
214.651
214.165
214.369
214.402
214.406
214.391
214.391
214.395
217.191
211.624
214.406
214.391
214.602
214.225
214.369
214.519
214.278
214.41
214.545
214.27
214.384
214.391
215.338
213.463
214.424
214.384
214.391
214.425
214.387
214.534
214.27
214.515
214.294
214.417
214.368
214.399
214.41
214.391
214.409
214.421
214.369
214.432
214.361
214.448
214.36
214.391
214.403
214.406
214.391
214.424
214.391
214.384
214.402
214.44
214.368
214.406
214.41
214.391
214.399
214.394
214.903
213.906
214.383
214.459
214.379
214.369
214.481
215.455
213.256
214.424
216.297
212.485
214.41
214.384
214.409
214.391
214.41
214.406
214.41
214.376
214.477
214.305
214.425
214.391
214.928
213.88
214.395
218.533
210.271
214.41
214.391
214.744
214.057
214.391
214.424
214.384
214.395
214.413
214.417
214.376
214.425
216.726
212.049
214.406
214.391
214.658
214.154
214.391
214.398
214.41
214.391
214.417
214.399
214.383
214.417
216.937
211.849
214.421
214.433
214.345
214.406
214.384
214.601
214.218
214.391
214.399
214.391
214.41
214.413
214.369
214.424
214.41
217.199
211.576
214.417
214.391
214.722
214.064
214.406
214.424
214.369
214.406
214.432
214.395
214.376
214.413
216.249
212.545
214.417
214.398
214.384
214.41
214.398
214.44
214.361
214.383
214.399
214.395
214.406
214.409
214.384
214.616
214.207
217.895
210.898
214.568
214.233
214.557
214.259
214.383
214.399
214.376
214.425
214.406
214.409
214.376
214.425
216.902
211.873
214.424
214.376
214.41
214.406
214.384
214.616
214.199
214.553
214.256
214.376
214.402
214.428
214.361
214.474
214.353
218.696
210.094
214.391
214.425
214.631
214.154
214.414
214.417
214.354
214.406
214.409
214.391
214.399
214.41
218.496
210.304
214.399
214.391
214.41
214.406
214.394
214.44
214.335
214.425
214.496
214.319
214.376
214.399
215.616
213.185
214.409
219.015
209.786
214.399
214.391
214.763
214.052
214.384
214.425
214.391
214.387
214.421
216.699
212.102
214.417
214.376
214.383
214.425
214.376
214.414
214.394
214.399
214.417
214.399
214.376
214.44
214.383
214.376
214.417
218.177
210.631
214.391
214.403
214.455
214.353
214.398
214.576
214.199
214.41
214.424
214.376
214.391
214.41
216.639
212.151
214.424
214.391
214.384
214.417
214.391
214.481
214.327
214.384
214.417
214.376
214.417
214.414
214.898
213.888
214.406
218.721
210.162
214.301
214.417
214.417
214.391
214.376
214.425
214.399
214.383
214.511
214.29
214.402
214.406
217.263
211.53
214.418
214.406
214.376
214.417
214.383
214.591
214.199
214.41
214.391
214.409
214.391
214.425
216.094
212.681
214.417
218.647
210.409
214.158
214.369
214.424
214.41
214.365
214.53
214.282
214.413
214.376
214.399
214.41
214.406
216.936
211.857
214.432
214.369
214.406
214.425
214.368
214.432
214.361
214.414
214.409
214.369
214.406
214.417
215.688
213.105
214.418
214.383
214.493
214.297
214.409
214.414
214.402
214.384
214.406
214.402
214.391
214.395
214.379
214.418
214.409
218.166
210.801
214.248
214.383
214.402
214.399
214.398
214.395
214.414
214.417
214.376
214.417
214.384
214.409
216.613
212.177
214.41
214.406
214.552
214.241
214.398
214.384
214.383
214.429
214.398
214.399
214.402
214.399
214.815
213.985
214.418
218.406
210.41
214.391
214.383
214.383
214.418
214.391
214.639
214.161
214.399
214.417
214.369
214.406
214.409
217.264
211.526
214.41
214.391
214.417
214.383
214.399
214.522
214.264
214.424
214.391
214.425
214.384
214.417
214.398
214.376
214.425
216.688
212.369
214.142
214.376
214.399
214.425
214.383
214.489
214.312
214.391
214.425
214.368
214.417
214.391
214.41
214.399
214.417
214.383
214.414
214.368
214.418
214.391
214.406
214.402
214.391
214.41
214.391
214.424
218.064
210.711
214.41
218.992
209.921
214.286
214.391
214.417
214.402
214.391
214.549
214.275
214.376
214.406
215.267
213.526
214.41
217.646
211.136
214.409
214.399
214.417
214.399
214.376
214.466
214.349
214.41
214.391
214.402
214.391
214.406
216.312
212.482
214.391
214.417
214.68
214.102
214.41
214.518
214.29
214.383
214.425
214.376
214.406
214.417
214.384
214.391
214.425
214.41
214.375
214.406
214.395
214.399
214.406
214.391
214.545
214.252
214.406
214.391
214.417
214.391
214.432
214.376
214.384
214.424
214.384
214.526
214.297
214.369
214.424
214.384
214.395
214.5
214.297
214.409
214.406
214.384
214.41
214.432
217.477
211.29
214.417
214.384
214.406
214.409
214.384
214.65
214.151
214.391
214.44
214.394
214.463
214.334
215.538
213.24
214.406
214.403
214.631
214.192
214.368
214.391
214.425
214.384
214.417
214.398
214.376
214.425
214.361
214.414
214.409
214.406
214.395
214.421
214.369
214.458
214.35
214.391
214.402
214.384
214.424
214.391
214.425
214.391
214.41
217.214
211.56
214.44
214.369
214.744
214.079
214.44
214.327
214.383
214.418
214.432
214.391
214.38
214.406
215
213.793
214.413
218.587
210.207
214.425
214.383
214.383
214.391
214.418
214.511
214.263
214.425
214.432
214.346
214.421
214.391
216.666
212.146
214.384
214.432
214.831
213.951
214.41
214.406
214.394
214.384
214.391
214.432
214.384
214.409
215.929
212.853
214.391
214.425
214.391
214.376
214.432
214.384
214.395
214.406

------------------------------------------------------------------------------------------------------------------------------------------------
max val(#3440) = 3880.66us
min val(#4167) = 204.78us
peak-to-peak = 3675.88us
mean +- RMS = 223.68 +- 79.56 us

packet size: 516
number of packets: 10000
RATE = 18455.02kbps, PPS = 4470.7
