Destination address set to 01:1B:19:00:00:00
Defaults: 01:1B:19:00:00:00 or 01:80:C2:00:00:0E
SIOCSHWTSTAMP: tx_type 1 requested, got 1; rx_filter 0 requested, got 0
setting ts_flags: 0x53
new ts_flags: 0x53


gap of hw tx time, us: packets 10000:
------------------------------------------------------------------------------------------------------------------------------------------------
0
214.391
214.414
214.387
214.413
214.425
214.376
214.47
214.338
214.391
214.384
214.417
214.369
214.639
214.176
214.546
214.248
216.597
212.211
214.534
214.27
214.425
214.384
214.394
214.399
214.398
214.395
214.399
214.439
214.376
214.395
215.045
213.737
214.399
214.432
214.395
214.398
214.376
214.553
214.255
214.433
214.376
214.391
214.391
214.409
214.391
214.418
214.417
214.365
216.097
212.703
214.433
214.391
214.368
214.417
214.406
214.395
214.391
214.399
214.417
214.395
214.406
214.383
214.41
214.398
214.391
214.391
214.41
214.406
214.41
214.383
214.418
214.391
214.673
214.169
216.135
212.624
214.526
214.282
214.391
214.41
214.384
214.413
214.448
214.36
214.395
214.391
214.391
214.44
214.391
214.376
214.41
214.391
214.409
214.391
217.519
211.275
214.413
214.395
214.406
214.402
214.391
214.406
214.384
214.409
214.391
214.421
214.38
214.432
214.384
214.425
214.383
214.538
214.255
214.384
214.406
214.432
218.865
209.913
214.399
214.383
214.41
214.391
214.41
214.398
214.391
214.403
214.398
214.455
214.353
214.399
214.425
214.376
214.398
214.402
216.816
211.978
214.424
214.376
214.414
214.383
214.512
214.323
214.372
214.402
214.632
214.162
214.406
215.673
213.142
214.376
214.41
217.598
211.203
214.413
214.403
214.376
214.398
214.432
214.391
214.937
214.281
213.967
214.391
214.409
218.553
210.271
214.376
214.398
214.41
215.695
213.113
214.376
214.384
214.609
214.225
214.56
214.23
214.398
214.41
214.383
214.403
214.413
214.387
214.406
214.406
214.482
214.304
214.406
214.402
214.418
214.391
214.688
214.127
214.384
214.391
214.402
214.414
214.387
214.413
214.376
214.399
214.41
214.417
214.383
214.403
214.398
214.391
214.41
214.56
214.237
214.402
214.399
214.376
214.409
214.406
214.418
214.391
214.398
214.41
214.391
214.41
214.391
214.394
216.805
212.004
214.387
214.402
214.41
214.398
214.391
214.41
217.526
211.282
215.967
213.567
213.666
214.391
214.545
214.27
214.376
214.41
214.711
214.086
214.402
217.824
210.97
214.398
214.432
214.391
214.376
214.403
214.398
214.425
214.398
214.399
214.38
217.718
211.079
214.402
214.398
214.403
214.406
214.44
214.36
214.399
216.225
212.583
214.395
214.398
214.399
214.586
214.207
214.406
214.402
214.391
214.403
214.406
214.387
214.413
214.391
214.519
214.29
214.391
214.409
214.391
214.403
214.406
214.376
214.424
214.403
214.406
214.391
214.424
214.369
214.406
214.53
214.271
217.033
215.177
210.981
214.403
214.432
214.376
214.624
214.165
214.403
214.511
214.286
214.417
214.391
214.402
214.583
214.207
214.409
214.391
214.425
214.384
214.409
215.688
213.504
213.989
214.402
214.417
214.399
214.376
214.44
214.376
214.417
214.598
214.176
214.403
214.398
214.417
214.399
214.511
214.275
214.406
214.402
214.391
216.319
216.666
210.237
214.387
214.398
214.391
214.425
214.384
214.402
214.398
214.391
216.519
212.29
214.391
214.409
214.391
214.418
214.409
214.391
214.384
214.406
214.391
214.41
214.409
214.391
214.391
214.403
214.406
214.59
214.259
214.342
214.403
214.398
214.417
214.406
214.395
216.485
212.297
214.47
214.338
214.399
214.402
214.399
214.394
214.406
214.391
214.425
214.354
214.462
214.395
214.391
214.398
214.384
214.417
214.391
214.395
214.406
214.376
214.417
214.406
214.383
214.44
214.369
214.417
214.398
214.602
214.173
214.41
217.064
211.706
214.414
214.376
214.432
214.399
214.394
214.406
214.403
214.406
214.398
214.387
214.399
214.417
214.399
214.394
214.406
214.47
214.331
214.399
214.391
214.417
214.383
214.369
214.432
214.417
214.391
214.391
214.418
214.391
214.447
214.361
215.079
213.707
214.398
214.417
214.391
214.399
214.395
214.406
214.394
214.564
214.233
214.384
214.395
214.406
214.417
214.406
214.402
214.448
214.342
214.409
214.391
218.553
210.263
214.402
214.448
214.567
214.234
214.428
214.331
214.383
214.391
214.399
214.707
214.135
214.376
214.519
214.274
214.44
214.35
214.424
214.403
214.428
214.324
214.432
214.398
214.425
214.372
214.403
214.391
214.432
214.395
214.383
214.455
214.368
215.696
213.079
214.432
214.369
214.391
214.409
214.406
214.395
214.399
214.398
214.417
214.369
214.391
214.41
214.432
214.391
214.432
214.361
214.496
214.32
214.398
215.914
212.887
214.391
214.391
214.402
214.403
214.398
214.406
214.617
214.176
214.41
214.775
214.127
214.328
214.368
214.391
214.425
214.376
214.417
214.383
214.41
214.421
214.376
214.41
214.391
214.425
214.376
214.402
214.406
214.398
214.395
214.391
217.688
211.128
214.534
214.267
214.398
214.391
214.395
214.398
214.399
214.402
214.399
214.424
214.376
214.425
214.376
214.598
214.21
214.485
214.339
214.368
214.399
214.391
214.394
214.425
214.399
214.391
214.417
214.398
214.391
214.395
214.399
214.402
216.406
212.41
214.413
214.369
214.406
214.458
214.376
214.376
214.399
214.387
214.391
215.357
213.538
214.312
214.409
214.391
214.41
214.384
214.406
214.402
214.406
214.383
214.425
214.391
214.587
214.206
214.418
214.383
214.391
214.402
214.406
214.448
214.376
214.391
214.402
214.383
214.391
214.403
214.406
214.402
214.398
214.399
217.553
211.24
214.391
214.801
214.015
214.522
214.279
214.391
214.402
214.406
214.391
214.395
214.447
214.368
214.399
214.395
214.406
214.398
214.402
214.391
214.399
218.778
210.026
214.399
214.398
214.418
214.383
214.417
214.391
214.391
214.474
214.342
216.072
212.706
214.406
214.384
214.417
214.41
214.398
214.399
214.391
214.41
214.402
214.413
214.41
214.406
214.466
214.312
214.391
214.395
214.406
214.406
214.402
214.422
214.394
214.391
214.391
214.395
214.398
214.418
214.383
214.406
214.387
214.542
215.143
213.552
214.369
214.706
214.094
214.391
214.399
214.665
214.147
214.398
214.391
214.418
214.383
214.433
214.375
214.391
214.403
214.406
214.394
214.406
214.391
219.027
209.767
214.424
214.391
214.391
214.399
214.41
214.425
214.375
214.391
214.403
214.391
214.455
214.36
214.406
214.425
214.384
214.376
214.409
214.391
214.403
214.406
214.383
214.481
214.327
214.44
214.369
214.402
214.398
214.403
214.398
214.391
217.094
211.681
214.417
214.417
214.391
214.399
214.424
214.391
214.41
214.384
214.398
218.12
210.673
214.403
214.639
214.165
214.402
214.391
214.624
214.185
214.394
214.399
214.391
214.44
214.368
214.391
214.425
214.391
214.41
214.383
214.417
214.399
214.391
214.391
214.395
214.406
214.409
214.391
214.44
214.361
214.399
214.409
214.391
216.873
211.921
214.376
214.454
214.376
214.41
214.391
214.41
214.383
214.406
214.41
214.399
214.409
214.391
214.576
214.225
214.399
214.398
214.402
214.399
214.417
214.399
214.379
214.534
214.263
214.403
214.406
214.391
214.409
214.391
214.403
214.406
215.154
213.654
214.391
214.553
214.263
214.376
214.409
214.391
214.418
214.413
214.369
214.417
214.402
214.406
214.384
214.654
214.139
214.398
214.403
214.406
214.391
218.139
210.646
214.433
214.406
214.387
214.398
214.399
214.395
214.398
214.399
214.417
216.914
211.887
214.391
214.391
214.409
214.391
214.403
214.406
214.402
214.398
214.512
214.263
214.425
214.409
214.542
214.24
214.403
214.406
214.488
214.312
214.399
214.402
214.376
214.432
214.365
214.417
214.403
214.398
214.448
214.36
214.391
214.406
215.282
213.512
214.387
214.413
214.418
214.44
214.353
214.398
214.406
214.395
214.399
214.432
214.383
214.391
214.395
214.399
214.402
214.398
214.399
214.395
214.406
218.68
210.098
214.44
214.368
214.414
214.398
214.402
214.399
214.395
214.406
214.402
216.455
212.327
214.391
214.474
214.342
214.409
214.391
214.403
214.549
214.248
214.451
214.342
214.432
214.391
214.41
214.391
214.391
214.395
214.413
214.387
214.406
214.44
214.335
214.417
214.602
214.206
214.391
214.41
214.406
214.384
214.409
214.418
214.376
214.383
214.399
214.44
214.383
214.417
214.391
214.41
214.383
214.391
214.41
214.384
214.44
214.375
214.418
214.372
214.402
214.399
214.409
214.399
214.417
216.658
212.117
214.409
214.425
214.369
214.398
214.399
214.409
214.391
214.418
214.383
214.391
214.425
214.376
214.417
214.399
214.496
214.327
214.402
214.399
214.383
214.41
214.399
214.368
214.417
214.414
214.402
214.56
214.222
214.402
214.399
214.391
214.417
216.041
212.767
217.519
211.263
214.372
214.455
214.376
214.399
214.402
214.398
214.406
214.41
214.376
214.651
214.214
214.349
214.403
214.391
214.409
214.527
214.274
214.399
214.391
214.417
214.383
214.406
214.41
214.384
214.409
214.407
214.375
214.41
216.286
212.545
214.384
214.394
214.391
214.399
214.567
214.241
214.383
214.41
214.406
214.376
214.395
214.432
214.391
214.399
214.406
214.394
214.391
214.41
214.549
217.233
211.402
214.433
214.511
214.271
214.409
214.391
214.406
214.391
214.403
214.402
214.391
214.421
214.402
214.384
214.402
214.395
214.394
214.41
214.399
214.398
218.196
215.007
209.981
214.531
214.289
214.414
214.375
214.512
214.319
214.395
214.376
216.838
211.959
214.417
214.395
214.398
214.391
214.403
214.398
214.399
214.402
215.32
213.488
214.399
214.409
214.391
214.391
214.41
214.399
214.406
214.394
214.406
214.418
214.383
214.41
214.383
214.632
214.184
214.391
214.425
214.368
214.391
218.538
210.278
214.504
214.312
214.368
214.41
214.391
214.399
214.409
214.391
214.425
214.384
214.376
214.409
214.406
214.418
214.383
214.417
214.391
214.391
214.41
214.391
214.44
214.368
214.376
214.399
214.417
214.406
214.402
214.391
214.399
214.417
218.985
209.808
214.399
214.417
214.384
214.391
214.409
214.504
214.297
214.391
214.406
216.489
212.319
214.403
214.391
214.402
214.398
214.391
214.41
214.391
214.418
214.39
214.384
214.425
214.383
214.406
214.572
214.221
214.403
214.406
214.391
214.402
214.398
214.384
214.41
214.425
214.59
214.191
214.403
214.398
214.414
214.394
214.399
217.376
211.432
214.41
214.383
214.399
214.402
214.406
214.403
214.398
214.383
214.395
214.436
214.354
214.424
214.399
214.402
214.639
214.177
214.376
214.398
214.418
214.391
214.417
214.368
214.433
214.383
214.399
214.391
214.432
214.368
214.41
214.406
215.88
212.898
214.429
214.395
214.398
214.384
214.402
214.398
214.41
214.391
214.399
214.379
214.421
214.399
214.402
214.433
214.391
214.391
214.394
214.406
214.391
214.41
214.432
214.376
214.369
214.616
214.199
214.391
214.399
214.402
214.418
214.398
216.921
211.902
214.369
214.537
214.271
214.383
214.41
214.399
214.391
214.409
214.399
214.395
214.421
214.417
214.346
214.413
214.587
214.214
214.41
214.398
214.422
214.379
214.399
214.41
214.639
214.15
214.402
214.391
214.399
214.402
214.398
214.41
216.177
212.609
214.398
214.406
214.41
214.391
214.399
214.409
214.391
214.41
214.399
214.391
214.425
214.424
214.361
214.399
214.391
214.665
214.143
214.402
214.399
214.425
214.36
214.391
214.406
214.418
214.417
214.383
214.399
214.402
214.391
214.406
214.73
214.079
214.409
214.44
214.35
214.402
214.383
214.418
214.391
214.402
214.406
214.376
214.432
214.369
214.425
214.398
214.399
214.394
214.391
214.399
214.417
218.391
210.417
214.391
214.387
214.414
214.383
214.41
214.575
214.234
214.39
214.407
215.864
212.944
214.376
214.409
214.391
214.41
214.391
214.418
214.39
214.399
214.41
214.391
214.394
214.647
214.214
214.346
214.399
214.575
214.233
214.383
214.41
214.384
214.406
214.409
214.395
214.406
214.391
214.617
214.184
214.406
214.402
214.391
214.887
213.944
214.41
214.56
214.199
214.399
214.409
214.391
214.41
214.406
214.41
214.399
214.394
214.384
214.413
214.399
214.41
214.383
214.601
214.271
214.346
215.094
213.714
214.406
214.56
214.2
214.466
214.334
214.425
214.376
214.406
214.41
214.41
214.364
214.403
214.413
214.395
214.398
214.41
214.391
214.399
214.41
218.278
210.522
214.406
214.384
214.41
214.398
214.41
214.383
214.418
214.391
214.39
216.489
212.327
214.41
214.384
214.639
214.161
214.609
214.184
214.407
214.398
214.395
214.413
214.376
214.402
214.406
214.41
214.399
214.391
214.402
214.398
214.399
214.402
214.384
214.402
214.485
214.586
214.143
214.399
214.41
214.39
214.403
214.406
218.616
210.185
214.375
214.41
214.414
214.398
214.418
214.383
214.402
214.399
214.432
214.376
217.88
213.346
211.985
214.383
214.406
214.399
214.417
214.383
214.384
214.41
214.439
214.339
214.443
214.489
214.312
214.38
214.421
214.376
214.673
214.128
214.39
214.384
214.545
214.305
214.391
214.402
214.383
214.399
214.481
214.32
214.496
214.285
214.7
214.135
214.384
214.417
214.383
214.399
214.417
214.384
214.424
214.376
215.297
213.504
214.399
214.402
214.413
214.403
214.406
214.481
214.301
214.68
214.105
214.632
214.207
214.394
214.373
214.402
214.417
214.384
214.406
214.578
214.222
218.824
209.985
214.409
214.41
214.372
214.395
214.414
214.383
214.402
214.391
214.418
214.503
214.271
214.432
214.448
214.338
214.399
214.409
214.391
214.583
214.214
214.56
214.26
214.462
214.335
214.473
214.313
214.413
214.402
214.384
214.402
214.399
214.417
214.383
214.391
214.399
214.402
214.406
214.399
214.402
214.391
214.402
217.263
211.553
214.391
214.387
214.406
214.398
214.41
214.391
214.399
214.417
214.609
214.831
213.737
214.432
214.384
214.39
214.602
214.199
214.466
214.343
214.39
214.44
214.376
214.418
214.376
214.409
214.391
214.399
214.402
214.399
214.39
214.41
216.023
212.759
214.418
214.432
214.361
214.398
214.418
214.398
214.383
214.41
214.399
214.391
214.41
214.417
214.383
214.399
214.417
214.384
214.39
214.553
214.263
214.395
214.406
214.406
214.402
214.376
214.403
214.406
214.39
214.407
214.402
214.391
217.458
211.358
214.402
214.391
214.398
214.403
214.39
214.399
214.402
214.399
214.601
214.215
214.409
214.354
214.567
214.264
214.402
214.398
214.399
214.402
214.624
214.165
214.425
214.376
214.425
214.384
214.417
214.383
214.399
214.391
214.425
214.402
214.398
214.41
214.35
214.391
214.451
214.376
214.406
214.432
214.369
214.417
214.391
214.406
214.376
214.665
214.135
214.41
214.399
214.567
214.234
214.409
214.391
214.391
214.384
214.432
214.376
214.417
214.414
214.376
214.41
214.469
214.331
214.399
216.849
211.978
214.38
214.417
214.368
214.399
214.402
214.399
214.409
214.391
214.512
214.297
214.398
214.391
214.425
214.402
214.384
214.391
214.68
214.12
214.56
214.256
214.384
214.383
214.617
214.203
214.398
214.399
214.402
214.398
214.403
214.398
215.511
213.312
214.384
214.376
214.425
214.391
214.409
214.399
214.391
214.41
214.402
214.379
214.388
214.549
214.282
214.391
214.409
214.504
214.297
214.399
214.391
218.928
209.906
214.406
214.353
214.422
214.387
214.406
214.41
214.406
214.376
214.409
214.497
214.319
214.376
214.598
214.21
214.399
214.391
214.41
214.481
214.319
214.391
214.403
214.406
214.488
214.47
214.305
214.346
214.391
214.59
214.203
214.477
217.891
210.846
214.391
214.511
214.29
214.395
214.406
214.398
214.395
214.406
214.41
216.101
212.658
214.432
214.399
214.391
214.432
214.369
214.402
214.398
214.553
214.256
214.417
214.413
214.44
214.312
214.418
214.398
214.658
214.135
214.418
214.391
214.383
214.383
214.433
214.41
214.391
214.391
214.56
214.24
214.418
214.391
214.398
214.624
214.184
214.391
214.474
214.32
214.409
214.399
214.451
214.35
214.391
214.409
214.369
214.612
214.226
214.384
214.409
214.391
214.418
214.391
214.391
214.409
218.136
210.639
214.864
214.2
214.161
214.399
214.41
214.398
214.391
214.402
214.418
214.398
214.384
214.413
214.387
214.399
214.398
214.403
214.409
214.391
214.399
214.391
214.417
214.384
214.424
214.399
214.387
214.406
214.391
214.402
214.583
214.218
214.399
215.206
213.681
214.312
214.391
214.41
214.398
214.399
214.402
214.395
214.406
214.432
214.391
214.425
214.361
214.406
214.387
214.406
214.391
214.395
214.413
214.402
214.399
214.361
214.417
214.455
214.383
214.376
214.406
214.403
214.391
214.398
214.41
214.391
214.387
214.414
214.409
214.406
214.376
214.433
214.376
214.409
214.391
214.406
214.827
213.933
214.44
214.473
214.32
214.417
214.384
214.391
214.409
214.391
214.425
214.399
214.368
214.432
214.384
214.41
214.391
214.391
214.409
214.399
214.391
218.146
211.985
213.079
214.455
214.361
214.406
214.402
214.376
214.391
214.41
214.966
213.857
214.369
214.376
214.432
214.391
214.399
214.409
214.391
214.399
214.417
214.384
214.409
214.357
214.459
214.376
214.399
214.409
214.391
214.399
214.594
218.037
210.564
214.399
214.545
214.271
214.398
214.391
214.402
214.403
214.398
214.414
214.368
214.395
214.447
214.399
214.383
214.402
214.399
214.395
214.394
214.41
214.402
214.391
214.406
214.418
214.394
214.391
214.391
214.41
214.399
214.391
214.409
214.376
214.421
214.41
214.395
214.605
214.184
214.406
214.403
214.575
214.225
214.391
217.177
211.598
214.447
214.474
214.304
214.489
214.32
214.391
214.402
214.398
214.425
214.406
214.369
214.391
214.642
214.207
214.361
214.41
214.398
214.391
214.41
214.421
214.338
214.47
214.681
214.09
214.406
214.395
214.398
214.391
214.41
214.399
214.375
214.433
214.368
214.425
214.564
214.237
214.395
214.394
214.41
214.399
214.424
214.376
214.391
214.455
214.354
214.391
214.409
214.606
214.203
214.575
214.214
216.865
211.951
214.402
214.406
214.369
214.424
214.376
214.41
214.504
214.301
214.402
214.376
214.432
214.376
214.47
214.316
214.421
214.402
214.391
214.399
214.409
214.391
215.305
213.519
214.36
214.553
214.263
214.406
214.395
214.399
214.409
214.391
218
210.801
214.425
214.383
214.399
214.391
214.41
214.398
214.402
214.391
214.406
216.027
212.759
214.406
214.417
214.395
214.399
214.398
214.402
214.391
214.399
214.417
214.391
214.402
214.391
214.406
214.395
214.406
214.402
214.399
214.402
214.399
216.263
212.522
214.493
214.312
214.658
214.154
214.398
214.433
214.376
214.398
214.432
214.361
214.414
214.402
214.399
214.391
214.387
214.406
214.391
214.425
214.387
214.398
214.391
214.399
214.417
214.402
214.406
214.384
214.41
214.391
214.398
214.553
214.248
214.432
214.376
214.425
214.391
214.383
214.395
214.399
214.398
214.41
214.398
217.707
211.087
214.503
214.297
214.399
214.425
214.376
214.391
214.409
214.399
214.41
214.406
214.383
214.395
214.391
214.552
214.286
214.384
214.394
214.399
214.391
214.65
214.662
213.913
214.391
214.384
214.41
214.417
214.383
214.617
214.192
214.391
214.391
214.616
217.384
211.203
214.421
214.383
214.417
214.384
214.41
214.391
214.417
218.816
209.973
214.388
214.439
214.365
218.432
210.369
214.425
214.376
214.391
214.409
217.512
211.282
214.421
214.383
214.41
214.391
214.395
214.406
214.391
214.424
214.41
214.391
214.384
214.417
214.383
214.391
214.406
214.395
214.399
214.409
214.391
214.41
214.406
214.402
214.391
214.448
214.353
214.399
214.432
214.365
214.402
216.44
212.376
214.368
214.47
214.346
214.402
214.391
214.399
214.545
214.255
214.399
216.786
212.03
214.394
214.44
214.361
214.391
214.406
214.402
214.391
214.425
214.384
214.481
214.293
214.432
214.56
214.226
214.414
214.394
214.391
214.406
214.395
217.959
210.823
214.425
214.646
214.147
214.406
214.402
214.391
214.406
214.403
214.398
214.384
214.432
214.387
214.406
214.384
214.417
214.391
214.398
214.41
214.399
214.409
214.399
214.376
214.402
214.406
214.417
214.391
214.617
214.169
214.399
214.417
214.519
214.282
214.406
214.402
214.383
214.391
214.666
214.143
214.391
214.409
214.414
214.402
214.399
214.398
214.387
214.391
214.41
214.391
214.41
214.398
214.391
217.361
211.455
214.376
214.432
214.376
214.41
214.391
214.406
214.417
214.376
214.406
214.369
214.466
214.391
214.816
213.962
214.496
214.294
214.409
214.391
214.41
214.406
214.425
214.376
214.383
214.403
214.421
214.383
214.402
214.391
214.41
214.399
219.015
209.767
214.409
214.399
214.402
214.406
214.399
214.394
214.406
214.403
214.391
217.439
211.361
214.376
214.448
214.624
214.161
214.399
214.391
214.635
214.166
214.402
214.421
214.376
214.41
214.417
214.383
214.399
214.391
214.41
214.391
214.402
214.398
214.414
214.425
214.443
214.327
214.391
214.406
214.395
214.425
214.398
214.384
214.376
214.41
214.447
214.504
214.263
214.425
214.376
214.391
214.409
214.406
214.395
214.414
214.402
214.44
214.349
214.395
214.414
214.402
214.398
214.391
214.403
214.398
216.008
212.793
214.376
214.432
214.463
214.33
214.391
214.406
214.395
214.399
214.398
214.369
214.601
214.305
214.342
214.383
214.402
214.399
214.398
214.418
214.409
218.109
210.681
214.402
214.384
214.424
214.391
214.384
214.41
214.421
214.376
214.657
215.463
213.056
214.41
217.135
211.673
214.399
214.402
214.414
214.394
214.391
214.399
214.398
214.403
214.473
214.335
214.406
214.383
214.403
214.409
214.583
214.199
214.44
214.369
214.391
214.409
214.421
214.373
214.421
214.402
214.391
214.391
214.417
216.831
211.921
214.447
214.391
214.403
214.406
214.409
214.376
214.406
214.384
214.41
214.417
214.413
214.384
214.474
214.327
214.424
214.361
214.399
214.41
214.391
214.398
214.417
214.391
214.395
214.399
214.398
214.417
214.384
214.402
214.59
217.624
210.978
214.376
214.425
214.406
214.391
214.402
214.406
214.462
214.339
214.391
216.063
212.73
214.391
214.898
213.925
214.417
214.376
214.512
214.297
214.391
214.402
214.432
214.406
214.369
214.391
214.417
214.391
214.391
214.425
214.376
214.402
218.477
210.29
214.432
214.417
214.384
214.398
214.403
214.597
214.2
214.398
214.417
214.639
214.132
214.414
214.424
214.384
214.398
214.403
214.391
214.409
214.399
214.402
214.414
214.391
214.387
214.406
214.402
214.384
214.406
214.409
214.399
214.398
217.17
211.646
214.354
214.432
214.402
214.414
214.383
214.395
214.398
214.399
214.41
215.582
213.192
214.41
214.552
214.279
214.537
214.241
214.428
214.369
214.41
214.391
214.402
214.421
214.387
214.406
214.391
214.417
214.376
214.399
214.41
214.398
214.432
214.354
214.391
214.417
214.399
214.402
214.398
214.418
214.391
214.391
214.417
214.383
214.433
214.616
214.151
214.402
214.406
214.586
214.215
214.398
214.41
214.391
214.41
214.413
214.387
214.504
214.286
214.391
214.425
214.394
214.406
214.384
216.816
212.007
214.346
214.496
214.335
214.391
214.41
214.398
214.402
214.399
214.56
214.218
214.429
214.394
214.512
214.289
214.425
214.372
214.395
214.406
214.391
214.41
214.417
214.398
214.384
214.395
214.398
214.406
214.395
214.406
214.402
214.399
215.83
212.985
214.384
214.391
214.425
214.376
214.424
214.384
214.402
214.399
214.398
214.936
213.887
214.354
214.44
214.376
214.402
214.406
214.395
214.436
214.368
214.425
214.361
214.425
214.398
214.391
214.402
214.425
214.384
214.391
214.391
214.409
217.512
211.263
214.44
214.383
214.402
214.399
214.402
214.406
214.384
214.398
214.489
214.312
214.387
214.429
214.635
214.15
214.399
214.402
214.399
214.409
214.399
214.417
214.406
214.402
214.534
214.233
214.406
214.395
214.425
214.376
214.47
214.361
216.567
212.207
214.376
214.417
214.425
214.376
214.399
214.402
214.406
214.391
214.417
214.41
214.365
214.496
214.312
214.41
214.391
214.473
214.335
214.44
214.368
214.402
214.365
214.425
214.398
214.403
214.391
214.402
214.406
214.391
214.41
214.391
214.688
214.097
214.384
214.406
214.425
214.402
214.413
214.384
214.425
214.376
214.402
214.421
214.402
214.406
214.808
213.978
214.526
214.256
214.568
214.248
214.424
218.602
210.192
214.368
214.489
214.316
214.394
214.406
214.403
214.398
214.402
214.425
214.372
214.418
214.376
214.409
214.399
214.41
214.391
214.391
214.409
214.399
214.402
214.478
214.304
217.504
211.338
214.384
214.406
214.383
214.402
214.624
214.185
214.398
218.44
210.523
214.236
214.553
214.248
214.399
214.402
214.391
214.417
214.384
214.417
214.383
214.384
214.413
214.388
214.432
214.383
214.399
214.391
214.41
214.398
214.402
214.406
214.384
214.41
214.398
214.417
214.384
214.402
214.384
214.406
214.409
214.376
214.406
214.433
214.394
214.391
214.399
214.398
214.41
214.632
214.176
214.384
214.391
214.425
214.383
214.402
214.425
214.391
214.384
214.406
214.417
214.376
217.184
211.632
214.409
214.384
214.417
214.365
214.41
214.406
214.778
214.015
214.44
214.361
214.391
214.409
214.425
214.384
214.391
214.391
214.409
214.406
214.403
214.391
214.409
214.391
214.399
214.398
214.418
214.383
214.402
214.399
214.391
214.41
214.391
214.402
214.413
214.388
214.398
214.399
214.402
214.398
214.399
214.609
218.432
210.158
214.41
214.391
214.425
214.394
214.399
214.519
214.274
214.399
214.406
214.394
214.433
214.391
214.368
214.41
214.391
214.406
214.391
214.41
214.391
214.424
214.369
214.432
214.376
214.399
214.409
214.391
214.41
214.399
214.439
214.361
218.775
210
214.425
214.406
214.394
214.399
214.391
214.41
214.391
214.398
214.41
216.823
211.985
214.391
214.538
214.285
214.369
214.41
214.394
214.414
214.406
214.383
214.38
214.414
214.522
214.534
214.218
214.335
214.391
214.409
214.391
214.568
218.32
210.304
214.417
214.399
214.395
214.406
214.402
214.391
214.398
214.403
214.413
214.384
214.424
214.418
214.361
214.406
214.398
214.41
214.391
214.391
214.41
214.406
214.409
214.391
214.482
214.304
214.414
214.394
214.399
214.391
214.643
214.165
217.068
211.74
214.403
214.462
214.32
214.417
214.383
214.418
214.383
214.399
214.417
214.977
213.801
214.436
214.433
214.353
214.391
214.391
214.496
214.312
214.395
214.406
214.417
214.391
214.41
214.549
214.233
214.402
214.391
214.402
214.406
214.489
217.88
210.831
214.417
214.398
214.384
214.402
214.399
214.597
214.203
214.391
214.403
214.383
214.391
214.406
214.444
214.376
214.406
214.391
214.402
214.413
214.384
214.41
214.398
214.395
214.428
214.376
214.418
214.376
214.424
214.376
214.418
214.391
217.169
211.631
214.519
214.271
214.41
214.391
214.409
214.391
214.399
214.41
214.398
214.41
214.383
214.406
214.388
214.421
214.402
214.391
214.41
214.391
214.391
214.409
214.406
214.376
214.425
214.384
214.406
214.417
214.376
214.41
214.391
214.409
215.391
213.403
214.428
214.583
214.21
214.527
214.267
214.511
214.282
214.406
214.391
214.376
214.417
214.399
214.424
214.376
214.41
214.391
214.399
214.402
214.41
218.579
210.191
214.425
214.417
214.384
214.391
214.41
214.391
214.398
214.41
214.398
214.41
214.376
214.466
214.357
214.609
214.177
214.399
214.402
214.406
214.402
214.399
214.402
214.372
214.41
214.583
214.255
214.384
214.387
214.406
214.391
214.41
214.391
214.424
214.41
214.384
214.406
214.391
214.673
214.12
214.583
214.218
214.391
215.026
213.966
214.226
214.462
214.32
214.402
214.406
214.391
214.41
214.406
214.402
214.383
214.391
214.391
214.425
214.41
214.383
214.399
214.41
214.391
214.409
218.256
210.56
214.399
214.376
214.402
214.398
214.406
214.41
214.384
214.409
214.41
215.82
212.947
214.62
214.188
214.406
214.399
214.402
214.399
214.537
214.271
214.41
214.349
214.451
214.406
214.384
214.383
214.418
214.391
214.507
214.301
214.402
216.966
211.816
214.391
214.489
214.327
214.41
214.391
214.417
214.383
214.406
214.403
214.383
214.41
214.413
214.384
214.41
214.616
214.177
214.406
214.406
214.395
214.368
214.414
214.417
214.395
214.406
214.391
214.398
214.425
214.387
214.414
214.383
215.993
212.785
214.414
214.425
214.376
214.432
214.376
214.395
214.406
214.391
214.402
214.425
214.357
214.823
213.993
214.402
214.398
214.482
214.327
214.406
214.383
218.94
209.868
214.403
214.391
214.402
214.406
214.391
214.41
214.391
214.439
214.369
214.391
214.459
214.334
214.432
214.384
214.41
214.391
214.398
214.391
214.417
214.395
214.414
214.417
214.391
214.376
214.41
214.534
214.248
214.417
214.391
214.402
214.414
215.703
213.112
214.361
214.425
214.384
214.398
214.53
214.271
214.402
214.406
214.391
214.993
213.834
214.399
214.376
214.391
214.409
214.583
214.218
214.399
214.417
218.748
210.026
214.448
214.376
214.391
214.387
214.406
214.425
214.376
214.391
214.409
214.959
213.85
214.383
214.399
214.424
214.384
214.41
214.391
214.406
214.394
214.399
214.41
214.413
214.41
214.383
214.391
214.41
214.399
214.56
214.304
214.361
214.361
214.399
214.432
214.496
214.278
214.474
214.327
214.384
214.409
214.399
214.432
214.369
214.368
214.474
214.372
214.391
214.395
214.398
214.417
214.384
214.402
214.414
214.383
216.41
212.398
214.403
214.838
213.951
214.395
214.406
214.402
214.406
214.496
214.305
214.406
214.496
214.56
214.128
214.425
214.383
214.395
214.406
214.391
214.395
214.425
214.383
214.391
214.399
214.402
214.406
214.398
214.395
214.417
217.79
211
214.402
214.44
214.35
214.409
214.399
214.402
214.598
214.203
214.406
214.383
214.425
214.414
214.699
214.064
214.47
214.353
214.624
214.151
214.409
214.399
214.376
214.447
214.402
214.399
214.376
214.402
214.399
214.417
214.383
214.399
216.162
212.612
214.403
214.439
214.399
214.383
214.41
214.421
214.387
214.391
214.41
214.399
214.368
214.402
214.455
214.357
214.41
214.466
214.32
214.391
214.417
214.384
214.432
214.383
214.399
214.402
214.391
214.41
214.398
214.455
214.346
214.399
217.368
211.406
214.432
214.403
214.383
214.399
214.409
214.399
214.522
214.279
214.391
214.391
214.432
214.387
214.421
214.376
214.666
214.146
214.542
214.263
214.391
214.387
214.425
214.372
214.56
214.248
214.402
214.406
214.395
214.391
214.399
214.417
216.413
212.354
214.432
214.384
214.402
214.413
214.384
214.402
214.41
214.398
214.406
214.403
214.376
214.421
214.387
214.398
214.41
214.391
214.406
214.44
214.361
214.402
214.406
214.369
214.454
214.369
214.402
214.399
214.402
214.413
214.384
214.398
216.884
211.936
214.398
214.391
214.388
214.398
214.417
214.391
214.433
214.364
214.425
214.361
214.617
214.199
214.579
214.214
214.545
214.301
214.447
214.305
214.417
218.248
210.523
214.413
214.489
214.32
214.455
214.353
214.391
214.398
214.403
214.406
216.658
212.15
214.387
214.406
214.391
214.594
214.214
214.391
214.395
214.526
214.275
214.383
214.433
214.406
214.376
214.44
214.368
214.616
214.177
214.44
214.361
214.425
214.383
214.429
214.387
214.383
214.414
214.376
214.402
214.399
214.398
214.41
214.786
214.015
214.447
214.462
214.297
214.395
214.391
214.399
214.409
214.455
214.568
214.143
214.432
214.395
214.504
214.3
214.395
214.406
214.41
214.391
214.398
218.29
210.519
214.417
214.391
214.395
214.383
214.399
214.398
214.41
214.402
214.391
216.12
212.681
214.421
214.402
214.376
214.425
214.383
214.399
214.398
214.437
218.165
210.609
214.402
214.391
214.391
214.399
214.409
214.41
214.387
214.41
214.384
216.312
212.488
214.391
214.418
214.398
214.395
214.406
214.398
214.395
214.41
214.398
214.399
214.417
214.376
214.421
214.387
214.406
214.395
214.399
214.496
214.297
214.447
214.346
214.414
214.417
214.383
214.41
214.654
214.128
214.399
214.402
214.406
216.098
212.703
214.391
214.609
214.199
214.391
214.417
214.391
214.395
214.406
214.41
214.398
214.406
214.38
214.455
214.342
214.41
214.391
214.402
214.492
214.497
218.033
210.602
214.368
214.406
214.41
214.391
214.399
214.53
214.278
214.402
214.391
214.44
214.342
214.425
214.398
214.395
214.402
214.406
214.41
214.399
214.398
214.587
214.221
214.376
214.399
214.417
214.523
214.71
214.072
214.368
214.327
214.41
214.376
214.398
214.44
214.391
214.369
214.409
214.583
214.218
214.56
214.256
214.383
215.617
213.188
214.372
214.414
214.398
214.5
214.308
214.459
214.342
214.402
214.399
214.417
214.376
214.414
214.402
214.391
214.402
214.391
214.617
214.222
214.368
214.417
214.384
214.406
214.409
214.384
214.41
214.406
214.41
214.375
214.399
214.398
214.403
214.413
214.402
214.391
216.801
211.993
214.398
214.41
214.391
214.402
214.406
218.816
210.079
214.297
214.402
214.399
214.417
214.383
214.414
214.387
214.429
214.361
214.977
213.797
214.444
214.368
214.432
214.463
214.327
214.391
214.41
214.409
214.391
214.455
214.335
214.41
214.413
214.395
214.383
214.399
214.41
214.425
214.375
218.482
210.308
214.432
214.418
214.375
214.41
214.399
214.376
214.406
214.409
214.384
214.376
214.41
214.447
214.368
214.406
214.395
214.399
214.398
214.56
214.248
214.482
214.304
214.399
214.409
214.406
214.433
214.361
214.409
214.512
214.278
214.44
216.083
212.661
214.41
214.406
214.402
214.399
214.406
214.394
214.399
214.398
214.425
214.41
214.357
214.41
214.402
214.399
214.432
214.361
214.462
214.346
214.399
214.425
214.357
214.44
214.593
214.185
214.406
214.391
214.394
214.41
214.391
214.391
214.432
214.391
214.384
214.41
214.391
214.409
214.391
214.399
214.41
214.398
215.252
213.519
214.489
214.334
214.406
214.538
214.263
214.395
214.406
214.488
214.312
214.406
214.41
214.647
214.135
214.402
214.391
214.399
214.425
214.376
214.409
218.824
210.041
214.342
214.399
214.394
214.391
214.406
214.403
214.391
214.409
214.399
216.936
211.85
214.413
214.402
214.399
214.402
214.399
214.485
214.315
214.399
214.616
214.185
214.417
214.414
214.511
214.267
214.391
214.391
214.518
214.282
214.418
214.391
214.425
214.39
214.376
214.399
214.41
214.398
214.448
214.345
214.399
214.41
216.015
212.744
214.417
214.414
214.41
214.398
214.417
214.376
214.406
214.395
214.433
214.383
214.391
214.417
214.384
214.391
214.424
214.376
214.41
214.59
214.215
218.8
209.978
214.432
214.384
214.503
214.297
214.534
214.275
214.391
214.391
214.409
216.621
212.195
214.369
214.406
214.624
214.184
214.395
214.406
214.391
214.409
214.399
214.44
214.346
214.44
214.391
214.398
214.402
214.391
214.632
214.161
214.391
218.88
209.955
214.391
214.647
214.142
214.418
214.376
214.406
214.402
214.391
214.417
217.158
211.602
214.44
214.447
214.327
214.41
214.398
214.399
214.402
214.391
214.41
214.406
214.372
214.519
214.312
214.391
214.417
214.383
214.399
214.417
214.384
214.383
214.391
214.44
214.376
214.41
214.398
214.402
214.406
214.395
214.391
214.399
214.425
214.368
214.432
214.369
214.406
214.409
214.399
214.402
214.399
214.391
214.447
214.353
214.384
214.41
214.605
214.21
214.632
214.177
214.383
214.399
214.409
217.767
211.008
214.41
214.398
214.417
214.399
214.41
214.391
214.391
214.402
214.406
215.793
213.057
214.342
214.665
214.135
214.399
214.41
214.398
214.402
214.519
214.305
214.361
214.44
214.383
214.383
214.399
214.41
214.391
214.409
214.44
214.369
218.816
209.981
214.417
214.361
214.432
214.384
214.391
214.586
214.214
214.568
214.241
214.966
213.865
214.368
214.398
214.467
214.327
214.409
214.391
214.403
214.406
214.425
214.391
214.56
214.289
214.448
214.278
214.425
214.375
214.418
214.391
214.417
217.789
210.978
214.432
214.44
214.35
214.394
214.391
214.403
214.406
214.398
214.402
217.546
211.229
214.425
214.582
214.234
214.541
214.237
214.413
214.384
214.425
214.383
214.474
215.616
213.136
214.349
214.425
214.425
214.376
214.406
214.402
214.391
214.402
218.102
210.68
214.391
214.56
214.29
214.376
214.409
214.399
214.391
214.417
214.384
215.759
213.015
214.432
214.41
214.384
214.631
214.169
214.549
214.248
214.403
217.383
211.511
214.29
214.425
214.391
214.406
214.41
214.383
214.41
214.391
214.41
216.071
212.752
214.364
214.403
214.391
214.417
214.391
214.402
214.406
214.399
214.44
214.379
214.391
214.384
214.511
214.289
214.399
214.402
214.399
214.391
214.409
218.982
210.665
213.538
214.406
214.53
214.278
214.398
214.403
214.391
214.409
214.406
214.403
214.368
214.414
214.409
214.399
214.417
214.384
214.41
214.39
214.418
214.398
214.737
214.072
214.391
214.383
214.402
214.414
214.395
214.462
214.334
214.384
214.417
214.455
214.338
214.662
214.147
214.582
214.207
214.402
214.391
214.41
214.399
214.609
214.18
214.444
214.368
214.391
214.418
214.383
214.398
214.425
214.376
216.474
212.35
214.391
214.424
214.361
214.406
214.402
214.647
214.154
214.391
214.406
214.41
214.383
214.391
214.418
214.44
214.36
214.407
214.394
214.391
214.406
216.523
212.286
214.402
214.391
214.398
214.402
214.414
214.387
214.399
214.406
214.387
214.429
214.372
214.391
214.413
214.418
214.375
214.418
214.398
214.384
214.409
214.384
214.398
214.418
214.481
214.319
214.399
214.586
214.215
214.398
214.402
214.391
218.538
210.237
214.436
214.485
214.304
214.474
214.327
214.402
214.406
214.391
214.406
216.354
212.41
214.439
214.433
214.368
214.399
214.391
214.515
214.301
214.383
214.417
214.384
214.402
214.398
214.425
214.421
214.354
214.601
214.199
214.41
214.391
214.433
214.375
214.407
214.383
214.402
214.406
214.402
214.399
214.395
214.406
214.398
216.579
212.192
214.421
214.496
214.312
214.402
214.391
214.406
214.636
214.173
214.383
214.418
214.375
214.433
214.455
214.33
214.504
214.286
214.474
214.346
214.39
217.064
211.752
214.391
214.466
214.327
214.399
214.406
214.41
214.376
214.409
214.399
214.737
214.037
214.433
214.394
214.399
214.391
214.41
214.391
214.425
214.383
214.432
214.418
214.383
214.361
214.496
214.527
214.184
214.417
214.383
214.561
214.229
217.992
210.831
214.387
214.399
214.402
214.391
214.406
214.402
214.399
214.398
214.395
214.384
214.409
214.391
214.44
214.384
214.398
214.402
214.391
214.414
214.395
214.417
214.399
214.375
214.425
214.688
214.113
214.654
214.128
214.402
214.391
214.406
216.496
212.29
214.432
214.384
214.402
214.398
214.399
214.391
214.402
214.418
214.391
214.417
214.364
214.418
214.473
214.414
214.304
214.41
214.399
214.398
214.651
214.15
214.417
214.384
214.398
214.418
214.375
214.399
214.523
214.285
214.403
214.398
216.147
212.646
214.406
214.41
214.383
214.406
214.403
214.391
214.41
214.398
214.391
214.383
214.425
214.391
214.402
214.406
214.403
214.398
214.403
214.39
214.41
214.406
214.391
214.41
214.383
214.403
214.492
214.305
214.41
214.518
214.282
214.391
216.696
212.113
214.398
214.538
214.278
214.383
214.399
214.394
214.41
214.399
214.398
214.403
214.39
214.425
214.384
214.417
214.384
214.39
214.418
214.398
214.399
214.402
214.534
214.274
214.391
214.384
214.481
214.327
214.402
214.399
214.601
214.215
218.391
210.424
214.391
214.403
214.364
214.429
214.376
214.413
214.391
214.403
214.398
214.41
214.398
214.41
214.384
214.39
214.403
214.406
214.398
214.403
214.39
214.399
214.395
214.432
214.414
214.511
214.259
214.56
214.245
214.436
214.349
214.425
216.88
211.914
214.406
214.439
214.339
214.406
214.391
214.41
214.39
214.399
214.402
214.44
214.369
214.406
214.409
214.376
214.406
214.403
214.398
214.417
214.376
218.895
209.887
214.417
214.655
214.154
214.398
214.403
214.398
214.391
214.601
214.207
214.387
214.391
214.414
214.41
214.391
214.41
214.56
214.237
214.402
214.398
214.395
214.44
214.383
214.369
214.406
214.41
214.398
214.395
214.406
214.616
214.185
216.725
212.09
214.399
214.41
214.406
214.391
214.466
214.327
214.376
214.432
214.376
214.383
214.418
214.383
214.425
214.406
214.402
214.384
214.406
214.395
214.406
214.383
214.41
214.398
214.395
214.406
214.504
214.297
214.398
214.403
214.406
214.391
214.402
217.225
212.079
213.895
214.402
214.399
214.417
214.384
214.398
214.466
214.335
214.395
214.383
214.421
214.391
214.41
214.417
214.462
214.335
214.395
214.391
214.406
214.417
214.353
214.44
214.399
214.387
214.414
214.383
214.391
214.41
214.425
214.462
214.282
214.455
214.391
214.383
214.418
214.409
214.376
214.606
214.218
214.391
214.383
214.414
214.402
214.496
214.305
214.383
214.399
214.402
214.398
214.481
214.32
216.256
212.545
214.398
214.403
214.398
214.41
214.391
214.398
214.418
214.391
214.402
214.421
214.402
214.391
214.384
214.53
214.278
214.391
214.402
214.406
214.387
214.384
214.44
214.342
214.432
214.391
214.41
214.402
214.399
214.398
214.41
214.391
214.368
214.414
214.402
214.553
214.255
214.399
214.425
214.488
214.297
214.399
218.455
210.312
214.473
214.361
214.391
214.414
214.395
214.398
214.801
214.007
214.41
214.376
214.414
214.409
214.399
214.376
214.41
214.398
214.402
214.399
214.466
214.319
214.414
214.41
214.398
214.399
214.395
214.398
214.624
214.177
214.391
214.417
214.41
214.38
214.394
214.418
214.375
214.44
214.373
214.383
214.417
214.403
214.391
214.409
214.399
214.398
214.425
214.369
214.402
214.541
214.256
214.579
214.222
214.424
214.384
214.519
214.282
214.496
214.304
214.384
214.413
214.425
214.391
214.417
214.369
214.432
214.496
214.279
214.417
214.406
214.376
214.41
214.398
214.395
214.398
214.41
214.613
214.177
214.657
214.143
214.433
214.383
214.609
214.177
214.413
214.376
214.403
214.398
214.399
214.402
214.391
214.41
214.398
214.391
214.402
214.399
214.41
214.391
214.409
214.647
214.15
214.418
214.376
214.398
214.402
214.406
214.481
214.376
214.361
214.489
214.297
214.399
214.402
214.398
214.391
214.425
214.391
214.384
214.439
214.376
214.44
214.369
214.391
214.402
214.383
214.598
214.241
214.402
214.368
214.399
214.519
214.289
214.391
214.402
214.448
214.349
214.418
214.398
214.617
214.176
214.602
214.263
214.35
214.409
214.361
214.44
214.369
214.406
214.424
214.391
214.369
214.417
214.455
214.338
214.391
214.399
214.504
214.308
214.413
214.406
214.459
214.335
214.383
214.553
214.27
214.418
214.361
214.398
214.417
214.44
214.354
214.477
214.305
214.398
214.432
215.482
213.312
214.376
214.424
214.384
214.417
214.575
214.181
214.428
214.399
214.391
214.41
214.417
214.383
214.512
214.285
214.403
214.413
214.402
214.406
217.624
211.177
214.376
214.391
214.466
214.504
214.241
214.518
216.185
212.567
214.346
214.485
214.29
214.511
214.304
214.463
214.353
214.376
214.399
214.409
214.403
215.191
213.606
214.391
214.417
214.402
214.414
214.402
214.376
214.376
214.582
214.256
214.504
214.304
214.369
214.425
214.376
214.413
214.417
214.376
214.579
214.215
216.992
211.816
214.383
214.433
214.503
214.279
214.409
214.376
214.406
214.418
214.533
214.252
214.391
214.425
214.447
214.376
214.361
214.421
214.384
214.417
214.376
214.383
214.425
214.418
215.184
213.752
214.229
214.402
214.403
214.421
214.391
214.409
214.384
214.425
214.406
214.391
214.409
214.376
214.391
214.403
214.958
213.831
214.41
214.631
214.17
214.391
214.398
214.41
214.398
214.425
214.395
214.575
214.199
214.406
214.41
214.504
214.289
214.391
214.406
214.403
214.391
217.936
210.879
214.399
214.53
214.256
214.409
214.399
214.406
214.41
214.398
214.395
214.391
214.44
214.361
214.432
214.365
214.409
214.395
214.414
214.376
214.409
214.399
214.395
214.398
214.485
214.316
214.515
214.289
214.403
214.398
214.417
214.384
214.41
214.383
214.432
214.384
214.383
214.418
214.391
214.398
214.402
214.399
214.398
214.921
213.903
214.394
214.534
214.241
214.41
214.391
214.409
214.399
214.398
214.395
214.399
214.424
214.391
214.433
214.368
214.59
214.226
214.376
214.41
214.436
214.361
215.488
213.297
214.425
214.399
214.605
214.177
214.402
214.406
214.395
214.398
214.391
215.417
213.376
214.418
214.398
214.402
214.406
214.399
214.395
214.406
214.391
214.417
214.402
214.399
214.537
214.496
214.151
214.391
214.41
214.398
214.41
214.406
216.458
212.343
214.413
214.451
214.32
214.398
214.425
214.391
214.387
214.399
214.41
214.406
214.383
214.432
214.384
214.391
214.395
214.391
214.417
214.391
214.406
214.402
214.384
214.402
214.556
214.241
214.519
214.297
214.398
214.402
214.391
214.433
215.928
212.842
214.414
214.41
214.526
214.256
214.417
214.376
214.391
214.41
214.383
214.432
214.369
214.425
214.383
214.414
214.402
214.398
214.418
214.376
214.406
214.432
214.353
214.414
214.41
214.609
214.199
214.391
214.391
214.515
214.278
217.023
211.755
214.414
214.41
214.398
214.402
214.399
214.391
214.398
214.418
214.402
214.624
214.199
214.399
214.383
214.387
214.391
214.399
214.41
214.398
214.402
214.414
214.402
214.372
214.421
214.47
214.32
214.391
214.41
214.398
214.391
214.41
217.41
211.413
214.41
214.519
214.263
214.458
214.328
214.398
214.391
214.41
214.402
214.647
214.135
214.53
214.286
214.391
214.41
214.398
214.395
214.406
214.391
214.417
214.399
214.398
214.41
214.376
214.398
214.41
214.391
214.41
214.391
214.41
216.778
211.996
214.402
214.414
214.41
214.391
214.409
214.399
214.398
214.403
214.398
215.361
213.455
214.376
214.601
214.207
214.399
214.402
214.391
214.41
214.398
214.402
214.406
214.399
214.443
214.35
214.395
214.406
214.398
214.602
214.192
214.409
214.399
214.406
214.368
214.481
214.369
214.376
214.391
214.639
214.177
214.387
214.406
214.398
214.388
214.391
214.424
214.406
214.399
214.41
214.391
214.417
214.376
214.41
214.47
214.327
214.409
214.399
214.466
214.327
214.432
214.369
214.391
214.406
214.41
216.255
212.56
214.391
214.602
214.192
214.383
214.399
214.417
214.391
214.395
218.063
210.711
214.44
214.395
214.387
214.402
214.41
214.391
214.417
214.399
214.376
217.665
211.113
214.447
214.384
214.391
214.552
214.256
214.53
214.278
214.402
214.399
214.391
214.406
214.402
214.391
214.417
214.384
214.391
214.425
214.391
214.409
214.418
214.406
214.391
214.383
214.384
214.424
214.369
214.417
214.399
214.391
214.409
218.594
210.185
214.421
214.36
214.44
214.482
214.312
214.398
214.402
214.399
214.526
214.29
217.424
211.35
214.41
214.391
214.41
214.398
214.643
214.158
214.406
215.737
213.049
214.409
214.433
214.357
214.41
214.391
214.402
214.406
214.391
214.432
214.41
214.383
214.406
214.369
214.41
214.391
214.398
214.459
214.342
214.41
216.71
212.098
214.391
214.857
213.932
214.403
214.417
214.47
214.312
214.41
214.391
214.424
214.35
214.395
214.432
214.399
214.402
214.406
214.398
214.403
214.391
214.383
214.432
214.361
214.463
214.368
214.425
214.391
214.391
214.41
214.391
214.391
217.071
211.771
214.368
214.391
214.44
214.368
214.624
214.166
214.395
214.402
214.428
214.391
214.358
214.428
214.587
214.214
214.398
214.403
214.391
214.432
214.376
214.368
214.455
214.399
214.353
214.459
214.364
214.418
214.391
214.402
214.383
214.621
214.21
214.376
214.417
214.76
214.026
214.519
214.286
214.402
214.391
214.41
214.391
214.447
214.353
214.399
214.417
214.421
214.361
214.391
214.432
214.384
214.402
214.391
214.399
214.402
214.406
214.387
214.519
214.297
214.477
214.312
214.403
214.398
214.425
214.361
214.398
214.433
214.838
213.936
214.571
214.294
214.451
214.293
214.41
214.372
214.417
214.418
214.391
214.391
214.402
214.391
214.41
214.406
214.402
214.391
214.759
214.034
214.406
214.425
214.376
214.398
214.403
214.398
214.399
214.53
214.282
214.391
214.398
214.696
214.105
214.41
214.391
214.631
214.169
214.568
214.222
217.958
210.843
214.417
214.376
214.598
214.218
214.398
214.402
214.399
214.398
214.403
214.398
214.395
214.413
214.455
214.346
214.399
214.383
214.44
214.368
214.403
214.413
217.466
211.376
214.354
214.406
214.383
214.391
214.41
214.41
214.398
214.639
215.263
213.267
214.391
214.73
214.094
214.398
214.444
214.357
214.41
214.413
214.376
214.395
214.421
214.425
214.518
214.267
214.406
214.369
214.417
214.41
214.406
215.793
213
214.391
214.406
214.376
214.417
214.391
214.609
214.2
214.488
214.312
214.41
214.384
214.398
214.402
214.399
214.398
214.395
214.406
214.41
214.383
218.79
209.985
214.425
214.402
214.406
214.391
214.41
214.391
214.398
214.41
214.391
214.951
213.872
214.41
214.41
214.357
214.417
214.384
214.417
214.662
214.146
214.557
215.169
213.473
214.391
214.553
214.248
214.384
214.409
214.399
214.391
214.398
218.106
210.665
214.414
214.409
214.418
214.391
214.417
214.376
214.406
214.432
214.399
214.379
214.406
214.425
214.369
214.398
214.391
214.41
214.398
214.403
214.406
214.398
214.395
214.413
214.373
214.406
214.406
214.402
214.398
214.41
214.391
214.41
214.406
216.88
211.887
214.417
214.384
214.424
214.399
214.395
214.398
214.402
214.406
214.455
214.436
214.309
214.394
214.624
214.173
214.41
214.391
214.609
214.192
214.398
214.395
214.429
214.409
214.448
214.346
214.391
214.383
214.417
214.399
214.391
214.402
218.278
210.482
214.447
214.41
214.376
214.398
214.402
214.399
214.406
214.395
214.447
214.361
214.421
214.387
214.376
214.414
214.402
214.391
214.402
214.399
214.398
218.666
210.157
214.388
214.406
214.383
214.417
214.384
214.391
214.41
214.398
214.417
216.711
212.064
214.417
214.376
214.417
214.399
214.41
214.398
214.391
214.41
214.639
214.15
214.369
214.432
214.399
214.402
214.417
214.384
214.526
214.274
214.399
214.425
214.391
214.409
214.677
214.098
214.398
214.399
214.395
214.398
214.41
216.616
212.17
214.432
214.631
214.151
214.391
214.402
214.406
214.399
214.402
214.391
214.962
213.861
214.402
214.639
214.143
214.403
214.391
214.398
214.402
214.425
214.357
214.44
214.369
214.417
214.391
214.41
214.398
214.402
214.388
214.492
214.32
217.992
210.782
214.417
214.429
214.372
214.399
214.409
214.399
214.398
214.399
214.395
215.24
213.56
214.391
214.418
214.398
214.399
214.402
214.398
214.448
214.353
214.425
214.368
214.44
214.369
214.398
214.391
214.402
214.406
214.403
214.391
214.432
214.496
214.286
214.402
214.504
214.286
214.394
214.399
214.41
214.391
214.424
214.399
214.496
214.297
217
211.936
214.256
214.413
214.388
214.406
214.391
214.537
214.256
216.312
212.53
214.376
214.413
214.388
214.379
214.433
214.394
214.399
214.383
214.41
214.391
214.459
214.357
214.575
214.395
214.225
214.391
214.406
214.384
214.41
214.398
214.402
215.846
212.921
214.418
214.406
214.417
214.391
214.391
214.41
214.421
214.372
214.398
214.433
214.53
214.244
214.402
214.399
214.41
214.391
214.398
214.417
216.286
212.5
214.429
214.394
214.384
214.413
214.376
214.403
214.398
214.41
214.391
214.417
214.384
214.368
214.432
214.399
214.41
214.391
214.398
214.399
214.402
214.447
214.339
214.612
214.185
214.646
214.162
214.41
214.409
214.391
214.399
214.413
215.203
213.576
214.398
214.579
214.229
214.403
214.398
214.399
214.409
214.418
214.376
218.601
210.229
214.369
214.406
214.387
214.399
214.406
214.402
214.391
214.432
214.361
214.399
214.432
214.673
214.113
214.391
214.417
214.383
214.399
214.417
214.752
214
214.432
214.425
214.384
214.398
214.391
214.41
214.398
214.403
214.398
214.384
214.432
214.361
214.504
214.319
214.391
214.402
214.406
214.403
214.398
218.335
210.466
214.425
214.391
214.383
214.402
214.406
214.384
214.417
214.384
214.409
214.433
214.383
214.391
214.384
214.406
214.417
214.383
214.403
214.439
214.35
214.41
214.391
214.402
214.399
214.409
214.421
214.369
214.41
214.391
214.409
214.448
218.319
210.448
214.398
214.402
214.376
214.414
214.395
214.391
214.406
214.402
214.41
216.676
212.098
214.406
214.609
214.207
214.395
214.398
214.402
214.406
214.395
214.414
214.383
214.432
214.433
214.327
214.496
214.312
214.41
214.391
214.402
214.399
214.409
216.733
212.072
214.402
214.384
214.481
214.319
214.399
214.398
214.403
214.398
214.41
214.406
214.395
214.413
214.391
214.387
214.399
214.398
214.403
214.398
214.391
216.744
212.049
214.433
214.582
214.282
214.327
214.391
214.41
214.391
214.402
214.399
214.383
214.425
214.391
214.583
214.218
214.406
214.417
214.376
214.391
214.41
217.703
211.113
214.383
214.519
214.289
214.403
214.391
214.398
214.417
214.384
214.41
218.861
209.954
214.391
214.391
214.391
214.41
214.391
214.402
214.399
214.398
214.403
216.83
211.967
214.417
214.402
214.384
214.406
214.394
214.399
214.398
214.41
214.391
214.88
213.936
214.417
214.575
214.192
214.402
214.399
214.41
214.398
214.384
214.406
214.443
214.342
214.482
214.349
214.466
214.32
214.398
214.403
214.398
217.064
211.759
214.418
214.383
214.417
214.369
214.391
214.398
214.418
214.376
214.409
214.944
213.887
214.399
214.417
214.353
214.414
214.376
214.41
214.391
214.417
214.398
214.843
213.958
214.376
214.526
214.29
214.391
214.41
214.391
214.398
214.41
218.184
210.624
214.384
214.597
214.203
214.414
214.387
214.399
214.398
214.41
214.417
216.327
212.47
214.387
214.414
214.376
214.41
214.391
214.409
214.391
214.406
218.873
209.936
214.368
214.425
214.391
214.41
214.398
214.56
214.241
214.41
214.398
216.839
211.947
214.406
214.41
214.391
214.391
214.398
214.41
214.398
214.403
214.439
214.384
214.376
214.425
214.376
214.391
214.417
214.391
214.391
214.41
214.398
214.425
214.361
214.406
214.545
214.263
214.395
214.406
214.391
214.417
214.391
214.538
214.263
214.541
214.26
214.518
214.286
214.436
214.357
214.403
214.391
214.402
214.406
218.056
210.722
214.414
214.406
214.402
214.391
214.41
214.398
214.41
214.391
214.406
215.361
213.417
214.432
214.399
214.391
214.395
214.488
214.342
214.369
214.398
214.482
214.327
214.409
214.384
214.631
214.17
214.398
214.402
214.399
214.391
214.41
214.421
214.372
214.391
214.406
214.41
214.398
214.41
214.391
214.406
214.395
214.417
214.365
214.443
214.38
214.631
214.162
214.417
214.384
214.41
214.391
214.398
214.399
214.417
214.402
214.384
214.398
214.402
214.399
214.601
214.2
214.398
214.399
217.274
211.534
214.395
214.406
214.631
214.162
214.398
214.41
214.391
214.41
214.398
216.064
212.737
214.425
214.504
214.263
214.41
214.406
214.391
214.631
214.162
214.41
214.669
214.135
214.402
214.775
214
214.459
214.364
214.395
214.391
214.455
214.361
214.342
214.458
214.376
214.399
214.41
214.391
214.398
214.402
214.399
217.334
211.444
214.406
214.425
214.398
214.403
214.391
214.409
214.478
214.312
214.417
215.049
213.726
214.402
214.646
214.166
214.402
214.399
214.53
214.27
214.403
218.661
210.154
214.384
214.41
214.391
214.398
214.395
214.406
214.398
214.403
214.398
217.929
210.857
214.496
214.32
214.391
214.409
214.391
214.41
214.399
214.391
214.398
214.376
214.41
214.44
214.368
214.417
214.391
214.418
214.391
214.391
214.402
219.007
209.816
214.369
214.391
214.424
214.399
214.406
214.395
214.391
214.398
214.41
217.241
211.567
214.391
214.56
214.233
214.414
214.432
214.369
214.402
214.406
214.586
217.888
210.703
214.439
214.376
214.403
214.56
214.237
214.402
214.406
214.376
214.41
219.079
209.736
214.376
214.384
214.425
214.406
214.394
214.399
214.398
214.403
214.406
214.387
214.391
214.383
214.414
214.579
214.24
214.406
214.391
214.403
214.398
214.391
214.432
214.41
214.384
214.383
214.425
214.853
213.929
214.41
214.391
214.417
218.865
209.951
214.391
214.519
214.274
214.376
214.402
214.399
214.398
214.41
214.391
217.624
211.158
214.44
214.379
214.399
214.41
214.391
214.398
214.432
214.546
214.229
214.372
214.391
214.421
214.44
214.376
214.395
214.424
214.391
214.391
214.425
214.384
214.383
214.417
214.391
214.399
214.402
214.406
214.402
214.391
214.399
214.395
216.064
212.759
214.391
214.553
214.233
214.503
214.312
214.384
214.398
214.403
214.424
214.369
214.391
214.417
214.399
214.398
214.391
214.402
214.463
214.346
214.413
214.376
214.402
214.391
214.418
214.398
214.402
214.391
214.406
214.418
214.376
217.338
211.477
214.41
214.384
214.391
214.398
214.41
214.398
214.403
214.398
214.41
214.376
214.432
214.399
214.376
214.409
214.391
214.421
214.388
214.406
214.394
214.406
214.425
214.369
214.518
214.282
214.391
214.406
214.403
214.391
214.409
214.406
218.391
210.376
214.433
214.409
214.376
214.406
214.403
214.398
214.391
214.41
214.391
214.383
214.425
214.545
214.256
214.398
214.403
214.391
214.409
214.391
214.399
214.425
214.376
214.424
214.369
214.44
214.376
214.391
214.398
214.41
214.391
214.41
217.022
211.775
214.402
214.376
214.425
214.391
214.406
214.402
214.432
214.391
214.617
214.289
217.782
210.966
214.331
214.391
214.402
214.399
214.575
214.226
214.406
214.391
218.737
210.063
214.425
214.402
214.365
214.41
214.398
214.418
214.383
214.417
214.384
216.477
212.339
214.402
214.398
214.384
214.425
214.376
214.398
214.406
214.395
214.398
214.376
214.425
214.41
214.654
214.128
214.41
214.398
214.658
214.158
214.383
217.384
211.402
214.432
214.568
214.222
214.402
214.391
214.402
214.399
214.398
214.403
215.086
213.729
214.399
214.383
214.403
214.398
214.399
214.402
214.391
214.41
218.616
210.158
214.432
214.41
214.384
214.398
214.391
214.41
214.398
214.41
214.391
214.395
214.428
214.369
214.41
214.398
214.425
214.376
214.425
214.383
214.384
214.398
214.432
214.369
214.432
214.376
214.402
214.414
214.383
214.403
214.413
214.402
214.399
214.353
214.448
214.398
214.575
214.203
214.399
214.398
214.579
214.222
214.41
214.383
214.527
214.289
214.399
214.394
214.406
214.403
214.398
214.395
214.413
217.433
211.368
214.384
214.695
214.105
214.406
214.403
214.398
214.391
214.402
214.406
214.418
214.402
214.391
214.695
214.087
214.417
214.391
214.417
214.384
214.703
214.098
214.383
214.406
214.387
214.421
214.403
214.406
214.394
214.391
214.406
214.403
216.022
212.76
214.383
214.41
214.425
214.398
214.399
214.394
214.41
214.391
214.406
214.402
214.406
214.425
214.361
214.406
214.402
214.391
214.406
214.489
214.305
218.83
209.97
214.44
214.384
214.383
214.402
214.399
214.398
214.391
214.41
214.391
217.29
211.526
214.372
214.635
214.188
214.399
214.398
214.391
214.403
214.398
214.402
214.406
214.433
214.383
214.384
214.424
214.369
214.402
214.414
214.394
214.583
214.207
216.162
212.673
214.406
214.353
214.413
214.403
214.398
214.41
214.391
214.41
214.391
215.342
213.473
214.399
214.402
214.384
214.398
214.402
214.399
214.398
214.41
217.545
211.222
214.44
214.376
214.447
214.361
214.402
214.399
214.406
214.395
214.391
216.658
212.165
214.395
214.406
214.394
214.399
214.391
214.41
214.398
214.399
214.409
214.414
214.387
214.399
214.455
214.33
214.399
214.391
214.41
214.409
214.388
214.402
214.417
214.399
214.391
214.387
214.406
214.391
214.41
214.398
214.402
214.399
214.425
214.357
214.665
214.151
214.402
214.398
214.403
214.398
214.399
214.402
214.398
214.418
214.376
214.409
214.399
214.398
214.41
214.399
214.402
214.391
214.391
216.481
212.338
214.384
214.406
214.425
214.376
214.567
214.264
214.368
214.406
217.09
211.688
214.432
214.399
214.395
214.391
214.406
214.394
214.391
214.399
214.395
214.421
214.368
214.425
214.368
214.433
214.398
214.391
214.41
214.398
214.403
214.391
214.432
214.383
214.41
214.519
214.256
214.402
214.406
214.391
214.41
214.398
216.835
211.973
214.369
214.658
214.165
214.395
214.406
214.391
214.41
214.391
214.417
215.342
213.447
214.384
214.41
214.413
214.395
214.391
214.41
214.425
214.383
214.391
214.376
214.406
214.402
214.417
214.591
214.199
214.41
214.398
214.402
214.406
216.745
212.056
214.406
214.376
214.643
214.158
214.398
214.41
214.391
214.41
214.41
214.421
214.376
214.409
214.632
214.15
214.418
214.376
214.417
214.406
214.391
214.402
214.391
214.399
214.409
214.433
214.391
214.368
214.384
214.417
214.402
214.406
216.549
212.237
214.391
214.398
214.418
214.398
214.402
214.399
214.398
214.403
214.406
217.936
210.834
214.44
214.384
214.398
214.402
214.399
214.398
214.403
214.398
214.391
214.417
214.41
214.384
214.398
214.391
214.417
214.391
214.41
214.391
214.41
214.391
215.432
213.384
214.383
214.575
214.226
214.391
214.406
214.41
214.402
214.391
214.398
214.384
214.41
214.391
214.417
214.406
214.395
214.409
214.384
214.413
214.418
218.342
210.443
214.47
214.583
214.147
214.391
214.398
214.425
214.376
214.398
214.403
216.128
212.672
214.399
214.413
214.628
214.158
214.41
214.391
214.41
214.391
214.398
214.402
214.399
214.383
214.418
214.406
214.394
214.399
214.391
214.41
214.406
217.56
211.225
214.414
214.361
214.432
214.402
214.391
214.414
214.395
214.406
214.417
214.425
214.383
214.418
214.428
214.331
214.383
214.399
214.417
214.384
214.425
214.383
214.425
214.391
214.417
214.365
214.394
214.406
214.403
214.447
214.369
218.27
210.545
214.346
214.448
214.541
214.481
214.278
214.275
214.398
214.399
214.402
217.248
211.545
214.433
214.582
214.184
214.403
214.394
214.403
214.409
214.391
214.433
214.391
214.391
214.41
214.383
214.398
214.391
214.403
214.406
214.394
214.399
214.432
214.354
214.447
214.353
214.414
214.41
214.398
214.617
214.191
214.391
214.403
216.056
212.726
214.383
214.417
214.418
214.398
214.647
214.154
214.391
214.402
214.406
214.391
214.395
214.413
214.403
214.398
214.391
214.402
214.399
214.41
214.391
214.417
214.357
214.451
214.399
214.462
214.331
214.383
214.414
218.737
210.083
214.654
214.12
214.417
214.391
214.553
214.248
214.391
214.398
214.395
214.414
214.387
214.406
214.406
214.368
214.403
214.44
214.39
214.384
214.41
214.398
214.402
214.399
214.41
218.293
210.489
214.406
214.409
214.497
214.297
214.534
214.259
214.413
214.391
214.418
214.857
213.944
214.383
214.647
214.154
214.398
214.418
214.383
214.391
214.41
214.383
214.448
214.391
214.383
214.395
214.398
214.406
214.395
214.398
214.403
214.406
217.977
210.782
214.489
214.361
214.41
214.372
214.402
214.417
214.391
214.391
214.399
214.409
214.41
214.733
214.049
214.425
214.376
214.398
214.403
214.398
214.41
214.421
214.402
214.376
214.433
214.368
214.391
214.406
214.402
214.391
214.399
214.402
216.481
212.32
214.398
214.41
214.485
214.297
214.41
214.398
214.395
214.406
214.398
214.388
214.661
214.154
214.598
214.203
214.391
214.399
214.417
214.391
214.383
214.433
214.376
214.402
214.534
214.27
214.395
214.406
214.395
214.413
214.384
214.383
214.448
214.395
214.398
214.376
214.41
214.398
214.395
214.406
214.41
214.391
214.966
213.842
214.391
214.673
214.12
214.399
214.398
214.425
214.391
214.395
214.425
214.357
214.394
214.448
214.368
214.406
214.402
214.399
214.406
214.387
214.414
215.955
212.823
214.398
214.433
214.383
214.391
214.41
214.391
214.398
214.41
214.395
214.406
214.376
214.425
214.391
214.409
214.399
214.406
214.402
214.647
214.146
214.365
214.417
214.425
214.376
214.414
214.41
214.409
214.376
214.414
214.383
214.41
214.68
214.151
214.376
214.601
214.192
214.391
214.402
214.414
214.402
214.417
214.372
214.452
214.357
214.383
214.444
214.383
214.384
214.406
214.402
214.391
214.41
214.398
214.406
214.361
214.44
214.368
214.546
214.27
214.406
214.395
214.398
214.399
214.402
214.391
214.44
214.41
214.383
214.384
214.391
214.402
214.406
214.395
214.398
214.402
214.399
214.44
214.361
214.447
214.361
214.391
214.391
214.41
214.398
214.41
216.823
212
214.35
214.609
214.226
214.383
214.391
214.41
214.398
214.391
214.395
214.398
214.41
214.376
214.478
214.353
214.41
214.428
214.369
214.383
214.41
217.951
210.865
214.417
214.485
214.282
214.398
214.418
214.473
214.32
214.391
214.406
214.977
213.801
214.433
214.383
214.391
214.41
214.421
214.387
214.399
214.398
214.402
214.384
214.425
214.383
214.41
214.398
214.391
214.41
214.406
214.376
214.406
214.402
214.402
218.271
210.519
214.368
214.433
214.409
214.391
214.399
214.41
214.406
214.383
214.391
214.395
214.425
214.391
214.409
214.391
214.399
214.41
214.398
217.106
211.68
214.44
214.391
214.376
214.398
214.425
214.376
214.41
214.398
214.545
214.248
214.433
214.391
214.383
214.391
214.466
214.335
214.647
214.154
214.582
214.218
214.399
214.41
214.383
214.418
214.398
214.398
214.403
214.391
214.402
214.406
215.752
213.056
214.406
214.38
214.406
214.398
214.403
214.398
214.403
214.398
214.398
214.388
214.428
214.41
214.368
214.399
214.41
214.391
214.402
214.398
214.418
218.646
210.17
214.383
214.383
214.406
214.403
214.391
214.398
214.402
214.399
214.41
216.71
212.064
214.41
214.421
214.395
214.391
214.402
214.398
214.418
214.391
214.398
214.44
214.587
214.157
214.418
214.398
214.609
214.263
214.327
214.403
214.398
214.41
216.477
212.305
214.425
214.383
214.403
214.398
214.398
214.403
214.406
214.383
214.41
214.398
214.433
214.376
214.395
214.398
214.425
214.398
214.384
214.391
214.402
217.128
211.688
214.41
214.383
214.44
214.342
214.489
214.319
214.391
214.41
214.583
217.191
211.444
214.399
214.552
214.222
214.41
214.398
214.391
214.41
214.399
214.417
214.361
214.413
214.41
214.406
214.395
214.406
214.402
214.399
214.391
214.409
214.391
214.425
214.361
214.414
214.402
214.488
214.313
214.398
214.406
214.417
214.384
214.936
213.857
214.474
214.349
214.376
214.41
214.391
214.399
214.402
214.398
214.418
215.469
213.331
214.384
214.398
214.391
214.433
214.402
214.391
214.406
214.38
214.413
214.391
214.444
214.349
214.403
214.413
214.391
214.395
214.398
214.418
214.432
214.357
214.402
214.391
214.399
214.394
214.399
214.402
214.399
214.41
214.39
214.617
214.199
214.391
214.466
214.327
214.407
214.402
214.398
214.403
214.398
214.462
214.354
214.376
214.406
214.394
214.407
214.394
214.399
214.41
214.39
214.399
218.32
210.481
214.376
214.673
214.158
214.402
214.398
214.395
214.406
214.399
214.417
215.872
212.88
214.545
214.289
214.391
214.414
214.395
214.39
214.407
214.394
214.391
214.44
214.391
214.376
214.41
214.398
214.391
214.402
214.407
214.5
214.293
218.703
210.184
214.323
214.414
214.383
214.403
214.39
214.399
214.432
214.391
214.395
217.613
211.177
214.383
214.41
214.398
214.41
214.399
214.39
214.41
214.395
214.414
214.375
214.399
214.451
214.632
214.158
214.575
214.203
214.616
214.181
214.594
214.233
217.342
211.444
214.406
214.406
214.387
214.391
214.398
214.399
214.402
214.399
214.383
214.417
214.387
214.407
214.447
214.361
214.398
214.399
214.402
214.391
214.41
214.398
214.418
214.391
214.391
214.409
214.391
214.403
214.398
214.474
214.327
214.398
215.346
213.463
214.402
214.631
214.151
214.432
214.376
214.399
214.424
214.376
214.399
214.376
214.409
214.418
214.519
214.274
214.414
214.383
214.417
214.391
214.403
218.725
210.098
214.398
214.527
214.259
214.391
214.41
214.391
214.398
214.553
214.248
216.511
212.263
214.418
214.417
214.391
214.391
214.417
214.391
214.41
214.399
218.383
210.41
214.406
214.41
214.646
214.136
214.409
214.391
214.399
214.41
214.391
215.951
212.834
214.418
214.413
214.391
214.395
214.398
214.41
214.391
214.406
214.624
214.188
214.391
214.447
214.335
214.402
214.399
214.398
214.41
214.391
214.402
214.399
214.41
214.375
214.422
214.409
214.399
214.387
214.406
214.391
214.399
217.616
211.211
214.413
214.376
214.771
214.022
214.399
214.41
214.391
214.394
214.421
217.752
211.042
214.383
214.68
214.121
214.398
214.41
214.395
214.413
214.391
214.418
214.353
214.421
214.395
214.406
214.406
214.402
214.391
214.41
214.391
214.398
218.098
210.729
214.35
214.432
214.391
214.658
214.143
214.417
214.391
214.395
214.414
217.582
211.226
214.402
214.399
214.391
214.391
214.394
214.406
214.399
214.402
214.391
214.383
214.44
214.41
214.369
214.398
214.41
214.406
214.395
214.398
214.391
217.177
211.609
214.406
214.394
214.414
214.402
214.399
214.41
214.398
214.511
214.297
214.399
214.395
214.391
214.398
214.41
214.398
214.41
214.399
214.391
214.402
214.398
218.53
210.286
214.384
214.417
214.383
214.41
214.391
214.399
214.402
214.398
214.41
217.951
210.865
214.391
214.391
214.778
214.015
214.399
214.402
214.406
214.387
214.414
214.83
213.948
214.398
214.696
214.128
214.654
214.139
214.398
214.399
214.402
214.406
214.368
214.425
214.41
214.391
214.391
214.417
214.391
214.395
214.406
214.399
216.105
212.68
214.425
214.617
214.173
214.409
214.406
214.41
214.376
214.425
214.398
214.391
214.403
214.383
214.41
214.391
214.406
214.41
214.383
214.406
214.395
217.646
211.136
214.398
214.433
214.387
214.398
214.403
214.398
214.406
214.395
214.398
214.391
214.395
214.477
214.331
214.406
214.391
214.41
214.399
214.402
214.425
214.391
214.368
214.432
214.414
214.504
214.263
214.402
214.391
214.402
214.399
214.391
214.417
214.406
214.395
214.477
214.324
214.398
214.391
214.432
214.369
214.398
218.752
210.068
214.391
214.455
214.334
214.41
214.575
214.226
214.398
214.41
214.391
215.88
212.921
214.406
214.665
214.128
214.609
214.192
214.391
214.406
214.402
214.425
214.368
214.421
214.41
214.376
214.391
214.41
214.398
214.41
214.391
214.399
214.402
214.383
214.406
214.466
214.343
214.417
214.376
214.661
214.147
214.417
214.391
214.399
214.41
214.376
214.398
214.455
214.346
214.402
214.406
214.391
214.41
214.432
214.399
214.327
214.432
214.417
214.384
214.402
214.406
214.391
214.41
214.398
216.632
212.184
214.391
214.41
214.376
214.398
214.41
214.391
214.41
214.406
214.417
214.76
214.056
214.353
214.399
214.406
214.579
214.222
214.545
214.263
214.402
214.391
218.496
210.297
214.391
214.399
214.56
214.267
214.391
214.413
214.403
214.391
214.383
214.417
214.384
214.425
214.439
214.354
214.391
214.406
214.395
214.398
214.391
214.41
214.406
214.41
214.402
214.654
214.135
214.391
214.399
214.402
214.41
214.391
217.477
211.312
214.425
214.369
214.417
214.391
214.417
214.391
214.399
214.402
214.398
214.786
214.015
214.425
214.368
214.406
214.395
214.406
214.647
214.154
214.432
218.959
209.793
214.44
214.504
214.27
214.41
214.391
214.399
214.402
214.398
214.399
218.928
209.873
214.402
214.391
214.425
214.406
214.417
214.361
214.398
214.399
214.41
214.368
214.398
214.433
214.376
214.432
214.384
214.402
214.398
214.403
214.398
214.384
214.402
214.421
214.496
214.504
214.184
214.545
214.263
214.418
214.376
218.319
210.462
214.433
214.395
214.391
214.406
214.417
214.376
214.398
214.41
214.406
217.353
211.448
214.41
214.447
214.342
214.395
214.391
214.417
214.406
214.376
214.395
214.421
214.41
214.391
214.439
214.354
214.398
214.391
214.628
214.181
214.402
214.391
214.376
214.447
214.395
214.391
214.391
214.398
214.41
214.391
214.41
214.391
215.511
213.278
214.429
214.391
214.398
214.395
214.406
214.399
214.402
214.391
214.406
214.417
214.395
214.383
214.406
214.587
214.229
214.376
214.41
214.398
214.418
216.703
212.064
214.447
214.361
214.413
214.388
214.398
214.41
214.398
214.391
214.425
214.384
214.375
214.41
214.433
214.383
214.391
214.402
214.399
214.402
214.406
214.384
214.417
214.425
214.391
214.624
214.158
214.417
214.391
214.601
214.192
214.399
214.402
217.549
211.225
214.44
214.384
214.402
214.398
214.403
214.398
214.391
214.41
214.425
214.383
214.376
214.44
214.447
214.327
214.399
214.402
214.41
214.391
214.398
214.391
214.38
214.447
214.365
214.737
214.071
214.41
214.41
214.391
214.398
214.41
218.541
210.282
214.384
214.391
214.391
214.402
214.406
214.402
214.391
214.418
214.383
214.384
214.424
214.418
214.383
214.391
214.406
214.395
214.432
214.369
214.398
218.297
210.504
214.406
214.56
214.233
214.59
214.218
214.455
214.342
214.395
214.391
214.417
214.425
214.406
214.361
214.406
214.395
214.406
214.402
214.391
214.406
214.395
214.413
214.418
214.391
214.368
214.41
214.398
214.41
214.399
214.383
214.425
216.263
212.504
214.432
214.376
214.658
214.158
214.646
214.162
214.369
214.424
214.399
214.383
214.41
214.391
214.41
214.398
214.403
214.391
214.406
214.394
214.414
216.616
212.17
214.406
214.496
214.312
214.391
214.395
214.398
214.41
214.406
214.387
214.399
214.447
214.361
214.398
214.391
214.512
214.289
214.41
214.398
214.391
218.064
210.752
214.384
214.684
214.128
214.383
214.414
214.402
214.398
214.403
214.391
215.661
213.132
214.413
214.391
214.403
214.398
214.402
214.399
214.402
214.399
218.545
210.237
214.409
214.433
214.376
214.398
214.41
214.391
214.402
214.399
214.406
216.71
212.068
214.432
214.384
214.398
214.402
214.399
214.402
214.399
214.398
214.444
214.364
214.425
214.35
214.425
214.394
214.406
214.425
214.369
214.406
214.402
214.398
214.418
214.398
214.402
214.376
214.406
214.418
214.383
214.399
214.402
214.398
214.391
214.395
214.421
214.417
214.369
214.425
214.383
214.417
214.384
214.398
214.41
217.59
211.241
214.383
214.399
214.387
214.391
214.391
214.41
214.398
214.403
214.398
216.511
212.305
214.398
214.369
214.425
214.383
214.41
214.398
214.418
214.383
214.425
214.383
214.391
214.391
214.418
214.383
214.41
214.406
214.391
214.432
214.369
214.402
214.398
214.403
214.398
214.399
214.409
214.391
214.403
214.406
214.391
214.432
214.575
214.203
214.384
214.605
214.203
214.406
214.395
214.406
214.402
214.406
214.398
214.418
214.334
214.433
214.402
214.398
214.403
214.398
214.406
214.395
214.398
217.963
210.853
214.376
214.391
214.451
214.376
214.391
214.402
214.399
214.398
214.41
214.406
214.41
214.383
214.406
214.388
214.406
214.417
214.376
214.398
214.399
214.552
214.234
214.432
214.383
214.391
214.403
214.398
214.41
214.398
214.399
214.402
214.399
214.376
214.409
214.527
214.289
214.391
214.406
214.395
214.398
214.41
214.417
214.369
214.398
214.429
214.507
214.282
214.399
214.391
214.504
214.297
214.409
216.805
212
214.41
214.383
214.402
214.399
214.391
214.398
214.425
214.399
214.379
214.406
217.339
211.455
214.413
214.399
214.387
214.398
214.403
214.398
214.41
214.413
214.361
214.451
214.606
214.169
214.391
214.41
214.398
214.395
214.398
214.414
216.992
211.786
214.421
214.353
214.44
214.403
214.398
214.399
214.394
214.406
214.395
214.421
214.402
214.384
214.398
214.41
214.391
214.399
214.402
214.398
214.41
218.801
209.981
214.425
214.391
214.402
214.391
214.399
214.402
214.425
214.379
214.621
214.214
214.59
214.162
214.616
214.192
214.41
214.391
214.398
214.418
214.383
214.406
214.395
214.406
214.425
214.368
214.425
214.391
214.391
214.391
214.402
214.399
214.402
215.992
212.824
214.398
214.402
214.512
214.278
214.387
214.421
214.376
214.41
214.41
215.03
213.759
214.417
214.421
214.369
214.383
214.41
214.399
214.402
214.402
217.508
211.297
214.409
214.606
214.338
214.241
214.398
214.402
214.399
214.41
214.398
214.372
214.436
214.399
214.616
214.17
214.398
214.399
214.394
214.414
214.395
214.398
214.417
214.384
214.391
214.402
214.421
214.376
214.41
214.398
214.403
214.398
215.342
213.466
214.403
214.406
214.383
214.399
214.402
214.41
214.394
214.395
214.399
216.473
212.32
214.44
214.391
214.383
214.395
214.406
214.395
214.398
214.41
214.613
214.191
214.38
214.421
214.384
214.409
214.391
214.395
214.406
214.399
214.394
214.391
214.425
214.399
214.537
214.263
214.391
214.403
214.398
214.399
214.394
214.421
214.361
214.448
214.44
214.338
214.398
214.395
214.406
214.399
214.394
214.406
216.17
212.631
214.432
214.429
214.338
214.403
214.398
214.399
214.417
214.391
217.59
211.218
214.369
214.398
214.417
214.399
214.402
214.391
214.402
214.406
214.403
216.27
212.553
214.35
214.691
214.143
214.391
214.391
214.399
214.409
214.391
214.433
214.402
214.391
214.391
214.41
214.383
214.391
214.417
214.391
214.403
214.398
214.425
214.365
214.409
214.41
214.399
214.383
214.402
214.406
214.403
214.398
214.391
217.072
211.721
214.418
214.391
214.545
214.27
214.391
214.391
214.41
214.391
214.41
215.447
213.354
218.372
210.443
214.373
214.409
214.395
214.414
214.383
214.417
214.406
218.579
210.185
214.428
214.41
214.383
214.391
214.41
214.406
214.395
214.398
214.455
214.312
214.53
214.32
214.432
214.568
214.184
214.399
214.409
214.391
214.399
214.402
214.406
214.395
214.398
214.651
214.15
214.399
214.409
214.384
214.41
214.398
217.218
211.575
214.414
214.658
214.143
214.391
214.409
214.391
214.391
214.41
214.391
215.594
213.199
214.418
214.421
214.376
214.402
214.398
214.403
214.398
214.391
214.41
214.406
214.398
214.395
214.391
214.417
214.391
214.403
214.406
214.402
214.398
218.993
209.782
214.391
214.428
214.399
214.398
214.41
214.391
214.41
214.398
214.406
214.399
214.387
214.417
214.399
214.398
214.395
214.399
214.383
214.425
214.383
214.433
214.44
214.36
214.384
214.383
214.512
214.507
214.181
218.808
209.985
217.263
211.53
214.414
214.409
214.384
214.41
214.398
214.399
214.402
214.398
214.41
216.711
212.071
214.425
214.383
214.395
214.406
214.617
214.184
214.391
214.41
214.391
214.424
214.365
214.429
214.477
214.305
214.657
214.151
214.391
214.406
214.395
214.398
214.41
214.398
214.418
214.383
214.399
214.402
214.383
214.406
214.41
214.399
215.639
213.188
214.376
214.503
214.294
214.458
214.342
214.403
214.398
214.399
214.424
214.354
214.417
214.421
214.376
214.504
214.297
214.41
214.398
214.391
214.41
214.391
214.383
214.425
214.406
214.395
214.391
214.41
214.398
214.391
214.41
214.406
216.624
212.162
214.391
214.417
214.406
214.395
214.391
214.406
214.402
214.391
214.425
214.383
214.406
214.376
214.665
214.155
214.413
214.391
214.395
214.398
214.403
214.428
216.395
212.376
214.368
214.455
214.384
214.398
214.395
214.391
214.417
214.391
214.406
214.395
214.417
214.399
214.488
214.305
214.391
214.838
213.985
214.376
214.391
214.425
214.368
214.41
214.406
214.417
214.384
214.654
214.143
214.402
214.391
214.515
217.684
211.019
214.376
214.436
214.38
214.398
214.395
214.406
214.391
214.425
214.383
214.391
214.433
214.409
214.463
214.304
214.391
214.41
214.402
214.406
214.391
214.403
214.398
214.406
214.395
214.406
214.395
214.406
214.402
214.391
214.398
214.399
217.053
211.733
214.432
214.376
214.406
214.402
214.406
214.402
214.391
214.391
214.41
214.966
213.85
214.391
214.417
214.376
214.391
214.41
214.398
214.395
214.406
214.391
214.41
214.425
214.372
214.658
214.143
214.594
214.221
214.609
214.177
214.414
214.387
214.383
214.433
214.383
214.391
214.399
214.402
214.402
214.406
214.399
215.274
213.526
214.361
214.512
214.327
214.394
214.406
214.395
214.628
214.169
214.41
214.406
214.41
214.383
214.399
214.402
214.417
214.372
214.403
214.406
214.402
215.598
213.218
214.391
214.394
214.406
214.391
214.406
214.395
214.391
214.399
214.409
214.376
214.433
214.361
214.436
214.394
214.399
214.417
214.376
214.417
214.391
218.88
209.887
214.418
214.409
214.406
214.391
214.418
214.496
214.289
214.406
214.391
219.012
209.797
214.417
214.383
214.391
214.41
214.391
214.402
214.406
214.399
214.402
214.959
213.857
214.383
214.433
214.368
214.391
214.399
214.409
214.425
214.391
214.41
214.398
214.403
214.368
214.696
214.101
214.402
214.406
214.399
214.432
214.369
214.402
214.398
214.384
214.417
214.399
214.409
214.399
214.402
214.391
214.399
214.409
217.703
211.098
214.406
214.41
214.376
214.402
214.387
214.41
214.399
214.402
214.398
216.369
212.425
214.398
214.425
214.519
214.267
214.421
214.376
214.409
214.391
214.403
214.383
214.432
214.376
214.47
214.346
214.391
214.406
214.395
214.398
214.391
214.41
214.399
214.417
214.376
214.417
214.391
214.399
214.398
214.41
214.391
214.402
214.872
213.914
214.413
214.403
214.398
214.624
214.177
214.398
214.41
214.399
214.402
215.342
213.462
214.403
214.383
214.391
214.41
214.398
214.395
214.414
214.402
214.398
214.376
214.41
214.406
214.44
214.361
214.391
214.398
214.41
214.553
214.248
216.808
211.993
214.424
214.365
214.41
214.398
214.41
214.399
214.575
214.218
214.398
219.177
209.624
214.41
214.406
214.41
214.372
214.402
214.391
214.41
214.462
214.32
214.432
214.384
214.545
214.255
214.399
214.395
214.398
214.41
214.391
214.432
214.342
214.44
214.417
214.504
214.275
214.391
214.398
214.444
214.357
214.432
216.76
212.022
214.395
214.71
214.087
214.395
214.402
214.402
214.395
214.41
214.398
214.406
214.41
214.395
214.549
214.24
214.391
214.41
214.391
214.41
214.391
214.406
214.417
214.391
214.395
214.391
214.406
214.394
214.632
214.177
214.507
214.323
218.512
210.233
214.406
214.383
214.444
214.391
214.391
214.406
214.402
214.406
214.41
214.398
214.376
214.433
214.376
214.402
214.391
214.406
214.395
214.398
214.41
214.421
214.368
214.425
214.376
214.41
214.391
214.41
214.391
214.406
214.402
214.398
215.448
213.361
214.391
214.402
214.406
214.601
214.192
214.406
214.395
214.398
214.41
214.399
214.391
214.387
214.406
214.417
214.391
214.41
214.391
214.398
214.391
214.425
217
211.752
214.425
214.425
214.782
214
214.409
214.391
214.403
214.398
214.391
214.44
214.402
214.384
214.383
214.391
214.41
214.391
214.417
214.391
214.44
214.391
214.361
214.41
214.413
214.56
214.226
214.406
214.402
214.391
214.406
214.474
215.808
212.929
214.376
214.417
214.391
214.391
214.41
214.631
214.166
214.511
214.289
214.384
214.432
214.376
214.41
214.398
214.418
214.383
214.391
214.41
214.398
217.703
211.098
214.425
214.391
214.398
214.41
214.384
214.391
214.417
214.376
214.41
216.03
212.793
214.376
214.417
214.406
214.376
214.399
214.402
214.398
214.403
214.383
214.44
214.368
214.421
214.395
214.433
214.364
214.395
214.398
218.658
210.143
214.384
214.391
214.432
214.553
214.24
214.391
214.41
214.398
214.395
214.406
217.391
211.425
214.398
214.452
214.334
214.399
214.402
214.398
214.553
214.248
214.44
214.823
213.97
214.369
214.488
214.301
214.402
214.399
214.402
214.406
214.391
214.417
214.376
214.414
214.421
214.383
214.399
214.398
214.403
214.398
214.391
214.399
218.992
209.835
214.342
214.447
214.395
214.391
214.398
214.41
214.399
214.394
214.406
214.41
214.399
214.56
214.233
214.391
214.41
214.398
214.391
214.399
214.409
214.361
214.433
214.424
214.358
214.417
214.398
214.41
214.391
214.41
214.391
214.425
217.376
211.398
214.417
214.376
214.418
214.391
214.398
214.402
214.47
214.331
214.406
214.391
217.929
210.872
214.398
214.425
214.632
214.154
214.406
214.395
214.406
214.391
215.985
212.83
214.515
214.286
214.376
214.417
214.399
214.402
214.391
214.399
214.376
214.439
214.403
214.383
214.463
214.338
214.398
214.418
214.398
214.56
214.233
214.406
214.41
214.391
214.384
214.409
214.391
214.391
214.418
214.383
214.41
214.413
216.155
212.646
217.963
210.83
214.391
214.399
214.402
214.391
214.41
214.398
214.41
218.511
210.286
214.41
214.665
214.117
214.402
214.391
214.406
214.402
214.643
214.173
214.402
214.384
214.406
214.395
214.406
214.398
214.395
214.398
214.399
214.402
214.399
214.409
214.418
214.364
214.41
214.399
214.402
214.398
214.41
214.391
214.406
216.169
212.639
214.403
214.376
214.409
214.406
214.391
214.399
214.402
214.399
214.417
214.368
214.425
214.406
214.41
214.368
214.406
214.391
214.403
214.398
217.97
210.853
214.395
214.406
214.384
214.402
214.391
214.398
214.403
214.406
214.402
214.929
213.887
214.383
214.384
214.665
214.154
214.395
214.402
214.402
214.399
218.695
210.121
214.383
214.399
214.496
214.304
214.425
214.369
214.398
214.41
214.391
217.504
211.312
214.417
214.391
214.383
214.391
214.418
214.398
214.395
214.391
214.402
216.519
212.304
214.373
214.402
214.41
214.398
214.399
214.402
214.391
214.398
214.403

------------------------------------------------------------------------------------------------------------------------------------------------
max val(#9553) = 219.18us
min val(#9554) = 209.62us
peak-to-peak = 9.55us
mean +- RMS = 214.40 +- 0.84 us

packet size: 516
number of packets: 10000
RATE = 19253.73kbps, PPS = 4664.2
