Destination address set to 01:1B:19:00:00:00
Defaults: 01:1B:19:00:00:00 or 01:80:C2:00:00:0E
SIOCSHWTSTAMP: tx_type 1 requested, got 1; rx_filter 0 requested, got 0
setting ts_flags: 0x53
new ts_flags: 0x53


gap of hw tx time, us: packets 10000:
------------------------------------------------------------------------------------------------------------------------------------------------
0
107.146
100.038
101.586
235.73
72.804
100.53
101.782
101.658
114.481
92.2
101.751
101.406
234.978
71.568
103.661
102.82
101.917
101.56
102.395
104.511
225.342
80.97
101.384
102.552
101.88
102.568
102.128
102.552
220.775
87.872
101.176
102.264
102.545
101.966
103.019
101.928
208.591
99.958
101.282
102.162
102.526
102.696
101.609
103.045
206.425
101.815
108.451
98.854
99.759
104.233
101.497
109.751
96.809
101.353
103.335
101.695
104.384
102.594
100.973
101.53
105.767
103.207
95.489
103.383
101.636
101.83
102.286
103.049
168.97
41.865
98.454
103.271
106.583
98.68
100.636
105.12
105.5
102.985
97.459
102.015
101.567
109.639
98.44
99.647
102.628
103.199
101.616
109.918
97.184
98.906
102.902
102.793
101.88
103.455
101.184
103.369
110.545
98.116
98.485
102.733
102.312
210.632
99.361
100.015
103.113
101.654
108.943
96.929
99.778
103.978
102.752
101.815
102.846
100.978
103.304
102.237
108.65
95.286
106.064
98.801
102.225
103.606
102.308
101.27
110.703
97.335
99.617
102.447
102.94
102.045
102.752
102.609
100.895
103.624
103.808
102.906
99.432
103.542
109.282
97.263
100.503
102.985
103.038
104.395
99.342
101.353
102.064
124.865
86.101
97.361
101.327
102.786
108.703
97.327
101.402
108.215
97.026
101.853
103.384
100.936
103.459
101.518
104.433
100.327
105.368
99.921
101.846
102.82
109.605
97.098
100.782
103.575
99.722
104.127
102.177
101.681
103.157
102.482
106
100.594
99.932
101.898
107.384
98.071
106.2
98.537
102.241
102.496
105.32
98.902
105.105
100.526
101.425
104.88
100.767
102.865
102.744
141.331
63.413
102.553
102.233
103.165
101.241
102.944
101.744
103.432
105.278
99.203
101.279
105.473
99.632
108.007
99.098
100.654
99.914
105.56
101.165
102.816
102.113
102.688
101.68
104.993
99.631
108.944
96.88
101.567
108.602
97.391
101.808
104.793
99.568
103.297
101.087
102.951
106.759
98.587
104.616
99.921
104.173
100.41
102.376
104.391
100.007
102.857
102.538
105.647
99.285
102.827
100.824
108.165
98.745
101.432
102.511
101.248
104.617
99.504
104.451
102.037
101.872
102.452
102.951
101.894
102.094
101.384
106.24
99.594
103.959
100.737
103.376
101.462
107.53
98.215
101.049
105.135
99.041
107.895
98.263
101.752
104.368
101.835
102
102.109
102.41
102.56
102.695
101.73
104.184
101.944
101.654
101.289
103.417
102.079
106.696
97.921
101.271
155.785
50.79
105.872
98.88
102.312
101.695
103.842
101.376
105.512
98.887
102.511
105.947
100
100.583
104.29
100.703
103.71
103.154
102.294
103.255
101.402
103.504
101.887
100.136
103.289
105.808
98.839
102.601
104.936
99.023
102.59
103.049
102.425
102.793
102.056
103.335
99.714
106.185
99.646
101.88
103.56
100.895
104
102.767
101.737
102.09
101.214
102.801
104.079
101.537
102.335
106.895
98.466
101.113
107.462
98.256
101.466
119.398
85.906
104.47
101.143
101.56
101.53
104.177
102.493
100.857
106.624
99.816
102.913
101.838
101.008
101.898
103.775
101.759
101.872
104.497
100.609
102.289
105.432
99.91
101.241
104.007
102.384
102.703
102.195
102.632
101.703
107.936
97.929
101.552
104.733
100.482
108.921
96.624
99.861
103.304
103.556
101.854
103.504
102.665
100.823
105.015
99.775
102.131
103.384
104.846
99.368
103.978
102.984
100.094
104.794
99.71
102.538
107.921
96.583
101.327
102.992
104.169
100.192
103.944
101.361
102.815
100.455
105.598
102.331
102.737
101.718
101.793
101.823
102.463
102.913
103.786
102.293
102.425
99.703
104.113
101.951
101.834
103.207
104.519
100.632
105.289
99.12
101.929
103.278
102.447
105.771
98.432
103.824
103.079
99.086
106.696
98.864
107.425
98.56
100.959
102.771
102.985
100.973
102.418
103.526
102.199
101.763
102.598
104.015
99.681
104.003
106.301
98.545
102.32
103.056
100.831
104.346
101.368
100.974
105.665
101.087
101.643
103.109
103.879
101.624
101.944
101.635
101.181
105.635
102.248
106.711
97.022
102.369
102.391
102.849
103.767
100.651
100.534
104.203
137.142
66.433
102.597
102.632
104.444
102.631
101.662
100.643
102.767
101.767
103.887
100.609
104.015
102.022
102.339
102.767
101.872
107.192
97.695
102.06
102.511
105.647
99.087
102.815
101.083
107.624
98.256
102.47
105.082
99.343
102.03
103.594
101.184
105.169
105.158
97.737
106.601
98.598
101.432
106.425
99.447
101.546
102.454
102.271
101.617
102.834
104.271
101.41
103.951
100.184
102.966
104.29
99.368
103.985
102.327
102.526
101.609
101.625
103.375
102.719
101.586
106.624
98.158
102.688
102.85
101.83
103.154
117.143
87.248
106.361
98.726
102.214
101.955
102.538
104.718
99.673
102.128
105.729
103.575
97.959
104.782
100.955
101.59
101.864
105.192
99.417
102.561
104.112
103.497
101.879
102.079
105.583
98.207
101.571
104.857
99.767
102.237
105.128
113.064
98.368
99.617
100.992
101.752
102.391
103.282
100.895
103.402
100.617
103.759
102.44
105.222
103.439
98.136
103.97
102
105.519
96.751
106.076
100.797
103.466
99.12
106.462
98.688
107.782
99.553
100.617
102.409
103.726
103.752
99.804
101.639
102.425
104.5
105.466
98.895
102.951
106.801
102.105
97.305
105.703
99.744
101.312
102.865
102.481
104.086
102.854
103.921
100.47
100.244
103.647
100.609
105.319
99.865
105.44
100.504
101.455
103.127
104.042
99.334
103.474
103.222
102.184
103.256
100.857
103.752
103.417
100.549
101.466
102.417
106.263
103.44
98.85
102.293
101.906
102.669
102.042
101.906
103.165
102.263
102.809
99.672
104.929
102.665
102.335
102.162
101.406
101.816
103.082
102.951
102.192
106.271
98.68
101.406
105.53
100.406
102.459
99.038
102.496
100.695
104.827
105.192
99.023
100.785
103.974
102.346
100.752
103.192
102.59
102.624
102.737
103.022
102.496
100.538
102.504
103.447
100.673
105.47
105.169
98.072
102.112
102.512
101.522
103.079
104.647
101.21
110.177
94.677
105.849
99.944
100.695
107.418
98.879
100.087
102.786
101.793
102.406
108.872
96.793
100.669
104.384
101.928
102.906
101.32
103.602
100.541
102.282
105.958
99.561
102.808
101.774
106.707
100.782
101.801
99.921
105.12
100.068
103.451
103.041
103.688
100.809
105.372
97.394
102.534
105.497
100.304
102.154
105.335
99.447
103
101.752
102.688
104.992
100.719
100.714
105.169
100.767
108.624
96.744
104.177
102.774
99.41
102.151
104.921
100.349
106.139
99.166
102.026
105.887
98.839
102.154
101.744
102.241
105.094
1224.71
109.106
103.838
100.075
101.241
103.349
103.263
101.632
101.132
105.876
99.451
102.455
105.47
101.778
100.161
103.79
104.601
99.418
102.718
101.545
102.278
103.297
103.737
100.462
102.647
106.075
98.237
102.21
103.546
103.5
99.906
106.631
98.466
102.271
106.951
97.583
102.195
101.624
104.151
102.545
101.357
103.553
101.624
103.673
104.15
105.865
96.481
102.169
103.598
101.289
101.782
102.594
105.094
100.827
102.293
101.185
109.169
97.161
100.094
105.057
100.353
101.56
104.109
102.504
101.177
104.951
102.154
102.974
101.552
100.843
106.15
102.496
102.448
97.736
101.504
109.327
97.256
101.443
102.88
101.816
105.432
100.124
102.73
102.146
102.087
102.71
102.978
103.368
100.256
103.022
103.113
106.263
96.327
108.275
98.849
101.47
103.218
101.151
103.849
103.335
100.338
103.117
102
103.383
102.617
100.65
105.681
99.398
104.008
100.654
103.77
105.809
103.334
99.154
102.414
100.481
101.399
101.488
105.681
102.846
102.898
101.857
100.264
104.078
102.658
101.606
102.146
105.981
98.226
101.639
103.816
100.688
103.68
103.722
100.327
104.44
100.752
104.774
99.97
102.391
103.44
104
99.681
102.233
102.575
103.376
101.289
103.809
102.357
106.282
98.221
102.331
102.493
100.571
104.278
101.335
102.921
101.609
103.455
101.304
102.482
102.225
103.684
104.297
98.624
102.794
107.184
98.511
101.944
106.128
98.778
101.598
103.646
103.816
99.827
103.18
101.997
103.909
101.681
104.616
99.809
101.191
103.76
102.037
117.418
90.034
99.526
102.218
104.32
100.872
104.902
103.906
97.703
102.936
102.023
104.879
100.448
101.331
102.639
104.793
101.68
102.03
103.944
103.297
104.929
97.838
101.056
104.215
101.379
101.136
103.552
101.782
102.346
101.541
102.94
103.35
101.432
103.215
103.496
103.793
99.56
102.057
104.631
99.248
103.654
108.124
97.5
101.395
102.519
103.327
102.023
103.105
100.225
103.767
101.794
102.545
105.334
99.951
101.711
103.744
103.778
99.688
102.399
103.571
106.061
98.154
102.736
102.809
100.631
102.606
101.808
103.368
103.602
100.534
101.24
106.177
99.744
103.497
101.71
101.327
103.064
107.56
98.658
100.775
104.432
101.545
102.793
101.399
103.823
103.346
101.654
103.489
99.857
102.368
103.421
102.835
103.015
104.049
104.045
97.425
102.616
102.248
105.147
99.117
102.537
105.432
103.215
98.575
102.297
103.098
101.015
101.582
103.752
107.715
98.646
101.256
103.714
101.575
102.072
104.44
101.03
103.034
101.766
102.602
102.583
102.778
101.782
101.56
102.665
102.406
101.388
102.541
102.959
102.507
102.222
102.177
105.624
98.594
102.421
101.097
109.023
98.56
100.624
102.241
104.263
101.026
104.959
104.041
98.121
103.909
101.831
102.211
104.992
98.485
108.139
98.391
100.654
104.504
101.714
102.455
101.553
101.654
105.402
98.463
104.319
104.515
100.816
102.478
102.857
105.462
98.346
104.977
100.726
100.831
103.376
102.255
105.467
98.744
102.951
104.128
103.609
99.658
103.504
102.206
100.745
102.808
102.662
103.537
103
100.617
102
106.496
98.056
102.429
118.545
87.88
100.894
104.628
101.094
104.241
99.974
104.522
101.966
105.008
98.545
102.098
103.413
100.929
103.943
100.993
103.225
101.681
104.071
100.057
108.631
97.32
101.432
101.839
103.77
102.839
100.8
103.921
101.44
103.816
101.485
106.553
97.579
102.541
106.673
98.319
102.41
102.03
102.617
102.207
108.721
96.045
102.587
103.511
102.248
103.56
101.752
102.985
100.839
103.793
101.056
102.606
102.353
105.128
101.376
100.09
104.921
99.35
102.887
102.481
104.199
100.696
102.699
102.109
103.432
101.703
101.41
107.936
97.312
102.463
101.864
108.064
97.808
101.305
105.143
100.353
101.008
108.41
97.661
106.793
98.782
101.929
102.207
101.331
103.406
104.586
101.03
103.865
101.808
100.44
102.568
101.624
102.105
102.214
103.496
101.745
104.894
101.809
101.263
104.459
100.383
103.135
101.903
112.857
93.09
101.184
102.038
104.056
100.617
103.432
102.399
103.071
101.883
101.072
103.598
100.522
106.632
103.342
99.21
103.109
102.346
102.015
100.794
103.902
104.631
99.399
102.94
105.342
97.955
102.199
102.616
106.685
98.77
105.113
99.504
101.744
102.993
103.229
101.951
100.184
104.452
103.718
105.086
98.241
101.135
105.323
100.925
103.218
101.342
105.203
99.053
102.319
104.756
100.617
102.62
106.808
98.26
101.406
103
106.184
97.049
105.676
100.418
101.233
106.143
99.169
102.631
105.504
100.267
101.583
101.797
105.075
101.113
102.624
101.91
101.68
104
101.951
102.767
102.203
102.688
101.342
103.519
101.466
105.553
98.767
103.545
102.943
100.399
103.985
101.624
104.665
100.072
103.143
102.902
104.955
98.823
101.214
105.211
101.767
100.338
106.854
98.278
103.169
107.68
97.433
100.879
103.177
101.793
107.327
97.831
101.985
106
101.455
100.402
102.44
102.56
104.654
100.211
102.071
103.512
101.815
100.583
106.327
102.139
101.895
99.759
102.489
103.56
102.376
102.887
99.666
103.037
106.177
99.767
101.553
102.823
103.771
100.496
104.432
101.406
102.376
105.369
98.913
102.44
107.207
102.552
98.846
102.921
102.632
101.737
104.113
102.015
100.206
101.85
103.838
102.121
101.673
105.503
101.418
105.094
97.985
101.218
103.958
102.094
103.786
100.831
102.383
102.361
103.568
100.368
109.271
96.297
100.801
104.09
101.974
103.481
101.567
103.711
101.064
106.071
98.737
101.192
104.338
102.933
100.875
102.328
102.327
102.146
107.173
98.207
102.282
102.56
101.59
103.042
102.383
104.53
100.639
103.151
113.992
97.177
96.135
101.602
103.248
101.056
101.959
102.68
103.079
103.816
100.402
101.944
103.902
101.312
103.448
101.154
105.518
99.376
101.91
104.778
100.681
101.786
103.255
101.47
103.985
102.462
102.553
101.327
104.737
103.568
98.857
101.432
104.455
100.402
104.166
101.567
101.82
107.135
98.718
101.609
101.681
103.128
102.958
101.76
104.248
101.368
104.075
100.388
102.8
103.057
102.56
100.248
103.609
102.545
101.237
103.211
101.838
103.568
101.53
102.744
103.207
101.44
101.774
107.737
97.68
101.418
103.342
101.785
103.895
103.808
99.579
103.967
102.729
101.293
106.609
101.632
98.658
102.03
102.59
103.282
102.143
101.522
105.158
101.936
100.639
103.433
101.034
103.319
103
105.575
98.745
102.218
105.71
98.177
102.15
105.816
99.872
123.425
84.624
105.143
95.865
102.8
103.151
105.019
99.319
102.853
101.049
103.455
102.027
102.304
102.222
102.481
105.158
98.94
103.12
103.06
100.666
104.248
102.722
100.582
103.519
101.177
105.353
101.278
102.809
104.206
98.113
103.707
102.455
102.703
105.609
100.511
99.526
102.737
101.951
104.369
101.692
101.131
102.203
101.846
103.707
102.15
104.406
103.737
99.09
108.662
96.327
102.601
102.384
102.97
100.823
102.542
103.105
103.041
101.448
102.977
103.342
100.65
102.677
105.237
99.628
102.267
105.285
98.527
105.203
103.071
101.91
101.274
100.993
103.286
102.282
104.503
102.647
100.695
101.891
105.32
99.038
101.984
105.361
98.944
105.071
101.865
102.639
101.474
102.774
101.29
108.541
96.196
101.879
104.703
104.015
99.226
102.695
103.463
100.891
103.342
103.165
100.978
102.169
103.929
103.481
100.3
103.474
100.917
103.376
104.068
102.056
102.143
99.143
104.44
102.282
103.214
100.568
105.071
101.177
101.432
103.275
101.124
104.068
103.007
101.677
104.94
98.815
102.072
105.752
98.455
102.447
107.259
97.286
102.887
103.44
102.778
102.519
101.057
103.225
103.733
101.207
101.481
102.88
102.56
103.248
102.936
101
101.921
101.545
103.782
102.482
104.511
99.105
102.079
103.105
103.493
101.195
102.406
101.369
102.646
102.993
107.729
98.135
102.433
99.801
105.894
101.527
104.913
98.978
102.086
106.113
98.639
102.064
102.255
105.425
100.282
102.222
102.538
104.744
99.857
102.158
104.914
103.112
99.925
101.32
104.695
103.94
98.955
104.556
101.669
101.538
102.944
101.721
102.549
102.331
102.12
105.47
99.346
102.545
102.023
102.455
103.59
122.553
86.673
98.094
102.225
102.395
102.631
103.444
100.572
103.751
101.609
101.158
105.76
100.154
101.943
105.023
99.241
102.609
103.846
100.593
101.681
104.744
102.008
102.342
101.304
105.433
99.958
103.2
100.947
104.677
100.131
103.433
104.229
99.744
101.583
103.417
102.391
105.079
102.305
99.304
102.169
109.906
97.448
104.511
99.166
101.545
102.135
103.898
102.647
101.068
105.237
100.639
104.473
99.087
102.169
102.962
102.061
101.921
103.225
103.271
101.985
105.286
98.887
101.68
104.113
101.906
102.135
102.425
104.312
99.504
108.726
97.146
102.15
102.121
101.624
102.849
102.294
103.361
103.142
104.816
98.801
102.297
104.327
101.256
101.752
103.394
101.391
103.448
101.823
102.68
101.234
102.022
102.481
116.391
91.369
99.759
102.184
106.184
98.346
102.455
103.169
101.816
101.895
108.071
97.455
103.827
100.632
102.944
105.454
100.53
101.064
103.854
102.928
99.519
104.057
102.432
101.169
105.481
99.072
102.349
103.515
101.831
102.673
106.944
99.417
101.391
100.797
103.601
102.455
102.267
103.278
101.914
103.128
100.71
103.264
102.751
102.906
99.256
104.143
103.631
101.625
104.266
101.47
105.128
98.824
103.992
99.872
102.718
101.643
107.177
100.406
100.545
99.838
107.184
100.418
103.537
101.549
104.402
98.591
102.936
102.176
103.121
105.056
99.808
103.47
103.568
101.417
102.072
102.128
101.898
104.504
100.56
102.18
100.489
103.891
102.312
103.421
104.203
101.418
102.214
101.943
102.929
101.632
101.488
103.493
100.571
104.278
104.264
98.849
101.214
104.173
105.358
102.417
98.598
102.718
104.481
102.65
102.399
101.353
105.158
98.256
102.921
105.815
98.745
102.41
102.18
105.105
99.673
102.29
104.334
103.914
100.432
104.557
98.281
101.726
104.793
103.226
102.037
103.515
100.797
104.899
99.534
101.88
103.778
101.24
103.015
103.47
100.433
102.199
104.162
100.8
103.703
104.985
98.839
102.545
103.706
100.621
103.203
103.214
100.966
102.771
101.838
103.339
100.943
104.575
101.519
101.538
105.128
99.545
103.206
103.192
101.681
102.582
102.512
100.394
102.094
103.643
114.887
90.046
103.985
103.127
101.865
103.158
99.936
102.763
105.79
98.898
102.463
102.518
101.857
101.779
102.334
107.752
97.192
103.977
107.688
97.384
103
103.744
101.647
99.838
103.331
101.541
106.921
98
102.433
103.552
101.29
103.996
102.658
101.105
104.293
100.73
101.879
102.73
103.255
102.767
100.519
105.312
99.681
101.992
102.425
106.44
98.447
102.135
103.914
102.944
100.751
102.873
105.36
99.094
102.346
106.357
98.057
102.346
102.958
103.057
102.331
100.518
105.072
100.887
106.162
99.8
101.681
102.895
100.533
104.666
100.752
101.831
102.849
102.793
101.527
104.233
100.537
103.391
103.809
103.293
101.368
101.451
103.151
102.007
102.775
105.297
97.992
101.681
105.169
100.207
104.056
104.696
99.24
103.113
102.256
101.214
104.816
100.319
103.545
102.831
101.177
101.334
106.252
98.959
103.007
102.143
103.53
100.895
102.222
102.658
102.943
101.921
104.985
99.925
103.993
100.616
102.275
101.079
104.398
102.508
104.868
99.808
102.241
105.071
99.155
101.022
102.226
106.079
101.052
122.617
768.225
241.211
392.15
327.312
443.106
332.781
520.155
385.669
352.169
429.184
487.76
413.473
510.846
414.865
238.785
378.734
257.864
458.857
432.478
444.891
256.462
265.263
511.121
199.673
406.921
413.857
540.165
276.184
222.624
504.313
358.624
241.112
266.087
224.823
268.632
325.872
395.459
314.022
336.049
470.071
250.888
48.962
263.297
160.214
299.888
184.954
292.925
313.335
212.834
329.335
318.962
317.873
343.943
269.767
397.35
469.744
340.97
160.594
477.94
210.083
172.022
363.857
356.023
214.808
522.688
184.034
168.47
202.154
270.038
207.921
188.289
454.59
292.696
404.496
206.703
353.353
289.049
267.121
282.729
409.94
437.402
372.838
163.873
342.687
161.88
185.211
200.511
250.586
207.591
187.297
384.582
196.354
254.797
398.207
393.778
209.338
373.365
167.77
473.733
560.008
455.361
289.12
205.76
209.24
394.53
224.35
527.737
298.319
236.057
358.206
442.929
332.474
179.782
302.624
339.346
356.361
316.496
310.327
204.071
359.008
233.488
444.662
312.233
230.218
337.519
226.872
220.158
494.203
219.775
170.759
261.282
278.902
252.44
541.481
382.312
284.184
337.418
367.334
305.632
226.85
347.285
320.786
354.617
198.688
287.56
182.278
237.162
282.83
303.711
306.673
468.823
284.019
191.35
303.646
319.008
372.233
314.09
202.184
240.56
294.433
446.477
323.65
521.846
281.113
460.744
206.234
224.59
574.319
258.632
302.808
246.688
501.267
295.421
258.793
322.801
238.414
185.673
310.65
243.88
241.436
335.68
437.248
281.73
333.913
216.23
476.36
401.203
572.606
315.417
226.03
369.147
395.894
164.967
305.33
288.775
411.831
329.071
373.075
358.2
353.582
219.752
265.921
323.519
394.075
270.568
201.158
54.289
147.993
210.526
268.391
355.192
359.714
408.237
325.816
423.939
383.2
386.462
241.207
212.786
443.327
302.503
201.44
544.188
257.365
260.282
317.526
202.587
338.319
310.989
275.707
327.774
199.639
196.049
319.538
350.376
271.845
303.313
200.21
321.553
469.695
164.308
172.042
505.146
198.831
216.816
336.752
389.639
194.034
325.985
182.443
199.365
285.455
351.831
217.376
303.248
288.319
193.448
342.154
346.725
277.297
230.888
405.778
358.951
286.526
183.786
384.169
341.917
164.256
195.395
306.959
348.466
405.334
406.008
359.695
284.184
220.794
163
426.981
424.793
321.793
403.03
182.433
320.985
224.135
209.688
199.199
489.132
179.413
247.624
527.61
210
409.8
357.293
214.891
283.053
181.729
187.497
426.03
169.996
185.485
396.538
450.541
220.673
208.594
275.921
272.959
192.022
456.481
205.97
225.79
163.319
286.944
237.673
214.816
350.823
377.688
313.267
291.222
192.744
292.744
381.632
325.695
367
268.185
179.688
287.695
170.88
208.778
459.545
199.5
46.62
262.816
159.59
272.647
282.895
217.282
160.458
311.647
332.477
185.636
490.285
451.609
559.482
353.357
430.864
413.963
348.007
605.391
307.688
174.688
532.91
387.97
470.15
328.745
174.466
540.895
216.729
228.038
320.601
193.85
434.229
313.289
401.752
387.831
213.192
374.834
386.982
370.064
338.424
396.786
241.895
434.184
218.962
190.016
283.86
219.73
215.481
277.662
211.842
212.176
502.185
359.838
433.331
186.804
261.459
194.733
114.835
412.789
325.688
325.658
259.91
206.601
359.775
280.368
246.899
391.966
472.639
316.417
351.105
426.895
440.526
207.771
379.624
247.854
391.319
639.09
542.072
334.304
437.504
340.752
221.135
345.369
393.849
233.35
448.425
190.951
136.831
318.643
367.759
455.064
336.936
332.786
228.789
273.376
219.162
190.191
318.369
321.165
309.211
262.917
338.602
180.511
283.376
161.68
171.575
80.707
270.733
297.354
341.921
294.872
231.44
229.128
45.609
526.966
243.368
371.824
435.082
323.008
166.973
260.696
327.395
392.086
270.575
282.512
203.424
310.914
298.789
229.843
244.233
324.109
387.842
356.455
376.424
236.008
326.88
488.552
207.079
239.73
425.056
287.639
306.56
412.057
291.793
561.91
502.575
592.395
451.661
586.384
256.409
410.655
549.402
529.079
480.27
309.816
607.575
447.643
302.29
472.206
229.824
496.27
310.779
657.485
408.003
178.087
346.398
414.185
393.906
473.169
352.447
407.03
199.85
313.808
471.008
347.225
228.087
627.823
365.737
380.12
680.15
161.527
645.387
577.654
878.338
476.173
598.346
564.959
921.248
553.192
662.289
339.959
380.079
220.06
287.711
331.511
213.27
223.049
302.553
386.278
228.73
435.511
308.233
297.432
414.286
243.921
369.064
232.97
359.838
356.504
311.248
347.083
319.248
425.789
397.233
377.895
226.523
229.44
308.469
483.369
453.744
364.102
188.225
567.914
191.808
404.681
370.879
216.895
434.376
263.601
326.47
411.151
443.082
291.647
305.624
501.966
334.891
651.959
407.515
331.383
279.782
417.327
445.087
266.18
313.478
402.09
347.079
394.744
333.29
323.462
255.534
210.729
228.29
322.12
227
461.669
394.448
520.056
238.842
187.696
304.744
494.15
559.658
242.703
323.745
438.391
189.594
267.383
444.496
404.391
493.85
477.605
342.282
316.079
358.801
398.256
294.15
392.319
431.812
597.534
627.226
469.293
242.914
402.688
297.97
468.357
355.511
410.274
385.233
521.478
433.568
348.778
344.086
412.703
221.188
238.068
357.752
299.507
674.876
473.369
330.684
163.925
191.387
309
249.391
234.413
445.673
272.839
395.665
217.312
599.057
280.594
240.172
542.779
361.007
218.553
354.135
192.88
363.846
252.609
277.169
477.71
302.587
383.68
327.583
232.12
379.185
354.409
360.67
230.439
311.418
332.853
400.602
345.135
248.568
219.695
45.714
361.959
448.184
305.76
418.33
384.271
340.703
46.177
345.887
340.026
420.47
239.906
308.256
370.169
209.5
287.805
218.436
218.631
314.433
231.048
493.384
236.665
250.376
298.015
424.106
357.943
472.399
386.394
438.207
398.226
379.71
243.85
364.372
212.609
218.444
332.996
227.139
531.293
369.418
240.838
292.113
267.985
398.485
326.748
216.917
351.008
255.954
348.136
429.425
247.304
402.023
507.007
375.177
262.925
371.056
241.402
203.297
276.248
473.072
278.88
274.605
187.688
288.537
267.049
293.418
310.3
289.85
282.944
286.015
420.53
267.736
307.463
211.334
170.914
296.88
227.255
221.128
354.339
252.943
359.526
375.651
235.158
388.639
190.387
236.865
324.725
243.32
464.928
483.271
485.263
414.884
166.541
299.041
285.512
386.368
373.256
180.575
226.368
378.098
254.327
397.602
387.413
510.835
292.767
242.477
487.41
255.169
512.432
682.121
334.62
291.154
466.838
473.452
370.533
329.433
280.801
495.736
411.512
254.101
260.075
207.448
45.248
270.575
405.09
188.173
179.643
342.726
340.086
303.673
276.695
228.561
409.049
379.872
223.887
177.737
355.785
266.286
336.632
343.12
365.376
434.759
254.26
209.071
314.173
260.842
451.914
379.237
556.785
318.786
425.372
332.053
361.492
178.824
284.785
198.162
203.504
305.62
189.545
52.944
227.271
223.195
375.853
436.564
433.038
302.462
377.481
389.952
262.913
368.113
197.241
218.15
339.898
423.534
321.745
258.751
389.143
300.271
45.992
474.85
305.113
1152.11
288.221
451.873
268.218
210.966
586.432
321.545
363.959
370.425
638.631
806.166
413.763
595.823
333.966
367.553
444.632
331.394
167.696
188.68
381.47
430.113
453.248
382.602
197.492
381.011
449.839
227.639
53.083
372.703
363.511
670.327
398.586
519.493
377.282
165.936
535.838
357.538
363.665
207.711
199.086
297.955
151.816
191.695
196.752
525.993
356.015
152.207
270.424
199.666
326.109
288.188
47
391.052
197.579
321.327
365.222
475.545
514.527
436.161
477.846
196.763
260.583
249.143
238.004
457.263
396.049
214.455
577.845
316.76
360.94
241.342
208.759
518.523
408.015
585.801
393.477
216.368
383.624
395
270.155
459.988
259.594
471.113
461.135
272.072
448.895
199.977
575.658
268.959
355.518
296.512
199
385.752
342.233
551.815
529.433
211.105
455.124
459.075
376.433
639.8
385.136
371.255
372.609
443.094
543.361
488.793
506.937
659.101
428.44
219.098
202.759
542.169
272.248
325.312
368.143
208.384
324.143
52.657
165.47
189.545
393.703
492.553
425.688
205.211
231.312
379.349
354.305
451.872
271.071
360.192
354.737
180.233
202.32
543.552
439.414
274.169
307.959
273.624
355.624
286.056
345.248
385.899
242.567
239.399
45.256
470.77
335.357
373.256
451.147
517.973
569.158
466.113
215.387
216.839
348.77
514.068
521.139
238.327
397.85
441.094
341.785
374.951
240.531
389.804
398.417
482.545
427.542
197.977
330.072
314.906
273.101
314.008
143.816
228.007
304.53
396.624
212.914
502.812
395.267
140.173
510.962
161.256
206.545
181.958
326.583
207.372
206.741
293.376
220.21
182.752
341.782
416.831
258.368
242.275
374.049
528.3
398.756
337.91
309.064
210.086
190.801
328.771
369.932
224.444
430.18
343.572
344.157
418.993
389.568
398.657
217.008
542.03
567.432
236.384
390.834
262.824
204.936
195.398
374.888
117.233
254.729
218.56
170.248
269.263
231.222
379.466
317.801
399.895
221.552
356.406
407.384
330.244
236.357
212.576
520.056
501.015
654.786
466.27
467.049
565.497
402.368
380.177
333.12
179.015
214.808
325.722
278.478
411.672
317.824
483.665
314.519
411.399
629.609
241.864
167.282
281.199
216.639
198.279
357.898
252.312
216.869
278.011
442.135
357.297
367.846
241.417
546.418
241.71
304.985
47.143
345.383
268
313.474
123.951
100.88
101.263
100.211
122.894
84.782
101.41
101.128
102.263
246.951
366.38
295.271
309.206
223.624
293.034
300.489
244.038
348.424
332.617
208.654
493.466
339.278
227.463
466.624
387.906
266.023
49.266
435.222
355.143
401.218
218.335
330.722
363.063
289.192
420.489
365.583
486.417
519.207
438.319
403.083
592.631
447.328
362.413
411.338
356.271
194.211
211.255
150.79
462.331
201.996
417.801
309.131
463.493
367.184
509.534
425.684
377.865
400.887
312.12
455.489
496.056
461.079
466.406
531.778
440.824
663.838
534.496
331.489
198.545
275.071
404.88
219.038
286.098
206.383
196.53
257.286
235.97
218.511
344.128
440.616
525.673
290.294
296.026
324.816
235.353
214.038
250.064
260.312
286.985
299.15
440.913
393.97
172.854
196.015
273.466
346.985
509.192
536.47
206.154
336.831
416.477
215.65
233.534
300.267
420.974
359.816
283.992
225.09
208.85
333.639
406.188
352.594
443.049
497.015
411.15
288.707
277.47
195.673
259.695
526.44
187.632
399.793
258.199
290.722
198.662
311.049
478.575
338.511
189.955
198.553
242.924
317.185
458.808
575.834
545.32
465.023
368.672
326.448
216.737
206.056
335.805
355.323
336.789
284.106
199.21
226.598
272.786
223.797
206.417
202.992
287.271
216.481
238.143
258.192
251.898
201.79
403.515
453.229
446.993
46.263
414.248
371.007
391.944
234.538
290.289
424.782
434.632
337.658
413.718
157.793
270.722
240.582
411.846
456.681
287.729
547.233
343.432
324.181
377.274
236.091
338.631
371.744
364.925
485.594
407.854
313.026
45.511
360.887
179.241
283.835
371.669
229.496
296.199
223.282
277.542
467.586
429.575
376.639
297
235.064
408.951
272.929
173.921
515.383
424.929
389.823
529
289.888
323.443
388.478
369.744
565.816
392.056
414.177
398.248
444.774
383.752
364.44
565.06
387.606
599.041
374.62
204.132
355.496
445.128
289.376
443.575
213.113
485.816
428.83
302.177
394.222
245.105
271.658
257.696
364.639
374.992
173.425
458.319
526.967
423.575
315.12
309.41
224.319
454.049
391.497
201.342
466.049
230.936
359.545
127.932
527.282
560.895
402.176
251.752
286.624
363.312
261.504
368.154
258.414
250.823
520.609
408
307.218
208.057
209.406
307.496
245.113
197.206
331.568
348.914
326.597
308.324
303.973
242.545
296.094
248.504
339.816
289.011
232.936
277.718
505.944
368.587
232.071
364.007
273.079
414.993
391.816
242.774
324.075
181.639
194.538
518.271
302.511
319.737
399.361
445.124
476.139
306.703
307.15
420.346
613.696
368.488
380.463
561.267
258.173
479.402
232.624
246.936
476.241
206.684
176.872
274.996
312.132
231.252
346.958
354.568
220.101
309.835
371.199
205.248
321.399
330.177
357.274
333.342
205.88
204.297
124.752
384.887
332.192
192.225
296.072
458.518
260.418
345.767
203.496
256.425
419.849
211.354
207.301
258.466
362.428
248.978
425.767
309.928
345.226
190.928
323.433
194.958
341.895
420.594
571.895
238.41
489.635
436.098
326.319
192.786
201.192
396.496
142.146
361.35
528.128
330.049
458.278
333.778
373.839
240.624
420
374.654
330.722
420.462
243.579
300.327
401.68
173.993
371.278
214.44
211.451
265.733
225.391
190.624
278.241
442.759
611.113
223.744
328.527
414.116
189.839
326.624
407.992
451.177
324.398
232.023
199.564
297.688
216.748
467.361
417.752
259.808
503.199
399.523
408.342
330.567
322.218
249.993
387.492
366.474
217.463
403.176
345.361
206.985
382.406
397.041
1236.18
508.887
435.977
377.5
201.474
545.068
487.357
480.767
355.624
339.872
231.474
329.56
214.985
161.109
586.248
452.737
116.673
409.248
448.541
540.572
357.541
201.816
396.379
353.519
505.598
275.481
200.767
486.963
221.372
516.139
431.192
482.654
373.368
376.154
493.741
370.06
211.462
353.433
385.902
361.545
298.962
226.32
216.173
52.801
131.774
189.489
212.184
487.673
203.602
221.488
208.989
257.699
318.76
206.902
500.808
537.632
321.383
319.568
242.402
279.256
212.101
536.466
239.647
197.049
401.447
396.53
239.102
346.105
215.222
475.195
223.015
215.391
504.53
235.613
216.376
315.763
352.936
195.512
358.973
401.316
305.805
506.586
126.966
510.888
358.665
291.474
363.173
208.011
399.966
210.895
401.537
297.015
401.602
596.079
222.199
232.338
349.166
253.857
632.744
317.816
662.53
396.429
348.338
426.617
164.624
556.988
415.275
361.162
314.03
527.56
194.086
596.632
294.962
463.008
309.846
220.21
393.169
443.342
396.038
397.899
380.992
390.094
395.474
421.477
214.658
333.752
267.274
597.756
404.218
403.079
381.331
271.669
329.695
414.771
253.297
322.286
255.056
313.711
187.831
210.586
313.29
247.981
419.537
213.587
417.075
336.763
211.669
417.049
387.41
522.101
318.249
374.808
284.94
218.763
301.267
401.432
314.023
628.737
458.56
369.24
203.406
362.395
389.432
638.327
454.158
491.936
176.587
255.086
288.873
491.033
481.015
500.67
557.819
419.677
295.695
319.978
245.759
386.075
559.534
885.023
392.082
304.094
669.136
330.864
208.76
469.282
435.207
378.225
283.335
245.33
499.301
435.985
237.218
319.805
350.323
562.583
281.128
575.688
401.221
206.97
412.809
388.582
402.203
437.839
247.334
161.312
165.929
222.707
320.214
253.271
425.015
352.338
294.094
294.857
247.12
238.568
441.368
470.29
380.492
200.106
226.97
556.285
239.688
215.632
365.609
410.631
602.305
283.143
352.353
262.944
225.432
504.823
219.463
190.225
113.688
292.73
524.105
557.846
471.24
584.794
412.015
462.425
300.511
449.703
464.135
431.463
500.977
438.65
171.617
340.15
482.384
674.207
261.368
342.752
412.417
277.681
483.838
212.387
208.053
449.24
431.248
302.794
260.391
333.894
335.985
255.072
215.361
403.725
155.493
457.278
252.007
213.512
330.891
564.477
418.282
677.113
398.583
337.447
284.838
294.091
535.214
322.162
225.759
320.744
209.775
624.77
357.44
474.647
416.688
309.192
494.849
612.609
428.966
454.497
421.891
446.116
352.985
243.872
487.929
533.101
388.842
222.072
244.064
384.992
452.455
356.29
242.56
351.556
411.737
448.985
575.304
258.279
611.721
415.185
336.928
444.038
222.53
599.658
218.917
482.831
350.872
440.624
408.842
256.128
397.808
331.23
410.759
373.188
470.711
344.936
236.921
355.015
321.214
212.196
423.03
80.872
339.462
194.481
508.049
213.85
239.128
502.526
490.59
587.459
225.165
345.527
448.06
260.992
620.008
633.398
401.895
702.068
472.654
480.094
265.834
569.989
712.162
432.601
806.286
344.248
218.632
187.673
514.466
359.237
650.849
191.959
381.898
464.057
482.583
361.094
208.684
523.883
348.504
517.955
447.504
760.928
721.504
561.545
412.805
776.695
514.587
375.165
360.722
426.752
558.432
452.335
489.191
225.241
389.936
230.177
568.033
405.534
237.091
272.966
262.601
218.015
542.384
613.255
380.76
413.65
517.744
371.782
351.354
221.334
222.639
380.155
428.349
364.012
534.951
285.112
248.343
347.928
458.158
204.162
417.233
347.27
309.2
624.744
413.079
402.451
395.726
511.09
383.906
327.259
386.305
142.586
517.173
415.681
505.586
362.102
216.898
483.158
462.211
504.327
429.695
182.335
389.154
332.248
151.534
371.504
397.552
225.696
347.353
245.786
534.086
405.839
421.785
350.297
434.839
290.09
439.519
372.725
345.098
411.887
282.098
417.406
345.432
335.512
245.793
186.007
364.015
417.835
534.304
234.399
321
414.782
516.124
384.342
968.974
323.041
197.451
219.166
307.537
407.902
327.704
359.977
350.744
588.824
190.53
293.304
294.951
207.921
277.301
374.402
380.312
394.576
472.485
358.563
238.967
228.022
413.793
284.049
374.929
541.327
330.865
246.289
358.237
469.594
340.293
326.252
185.35
374.383
371.184
229.538
324.03
249.624
213.203
334.143
373.759
553.831
393.489
368.658
200.609
176.895
365.312
443.432
210.079
577.936
184.974
463.699
462.143
433.503
538.031
301.992
418.993
377.609
296.045
401.827
198.853
309.993
457
374.304
412.865
338.737
416.488
272.166
309.567
210.012
268.349
85
273.512
411.09
291.286
342.383
291.489
234.154
444.391
246.68
578.271
224.177
299.752
310.248
377.09
478.71
375.666
226.485
282.21
236.286
307
300.744
213.722
289.109
299.936
182.474
241.985
423.447
463.512
453.063
356.275
426.583
444.654
188.248
182.007
434.767
245.346
166.083
613.853
382.993
336.774
225.808
228.211
237.44
248.222
242.496
290.579
317.421
225.737
344.409
394.079
367.703
301.922
374.8
374.775
492.056
253.842
488.981
230.835
241.56
339.399
231.518
611.865
401.353
537.422
464.473
495.335
411.113
337.609
326.729
372.342
384.519
380.312
196.545
139.199
274.042
241.063
254.576
488.105
243.135
391.647
487.97
214.951
308.68
336.816
440.59
316.132
618.966
373.151
263.481
638.759
564.297
214.568
220.504
303.127
439.944
322.282
377.135
352.263
603.809
276.458
545.436
199.756
189.135
325.136
281.958
215.455
376.891
352.113
302.165
404.587
209.222
144.473
315.752
213.294
189.176
301.008
216.616
214.064
441.218
190.782
237.801
502.304
395.008
335.207
293.936
423.233
245.128
264.665
247.696
220.59
247.064
237.53
516.225
413.358
197.248
551.184
186.47
172.353
320.643
216.575
184.47
353.305
344.488
615.264
459.815
240.944
387.985
371.248
340.68
214.681
219.838
323.688
440.184
290.399
256.793
233.459
311.045
331.496
234.256
355.737
469.248
357.928
301.895
521.545
362.568
154.714
243.109
304.489
226.154
395.094
425.402
468.448
245.804
382.331
412.88
226.774
294.545
244.793
352.143
270.305
451.861
185.793
310.008
241.815
519.801
379.331
244.902
486.079
489.019
378.917
364.44
215.218
317.361
484.944
204.868
303.226
173.785
385.121
512.943
433.56
510.966
208.211
207.511
332.824
321.383
205.218
377.752
334.677
347.331
366.093
233.497
453.673
225.037
218.508
308.447
466.098
327.428
288.185
268.962
305.775
202.639
216.022
300.835
195.504
285.398
534.65
302.301
393.105
532.843
404.165
341.887
445.154
206.696
470.473
365.985
212.358
321.601
418.271
324.022
248.034
236.639
364.624
426.027
327.158
445.409
506.32
378.992
228.015
552.305
332.857
183.917
333.906
381.966
314.17
286.473
378.222
481.929
399.248
318
371.271
232.624
342.105
189.928
179.241
384.541
415.233
583.2
375.793
282.519
455.086
392.745
457.594
354.481
205.101
324.425
250.32
581.71
388.203
337.88
493.838
557.105
428.542
334.372
415.278
388.895
309.673
284.327
197.274
302.767
432.519
504.041
391.418
325.079
312.278
434.928
561.696
441.011
550.966
168.008
234.353
517.854
446.928
466.256
358.056
337.433
512.21
207.684
240.899
358.654
384.97
170.59
319.609
178.914
171.624
305.631
160.606
170.883
362.271
418.782
351.033
287.959
230.872
366.466
135.937
178.334
201.801
374.413
496.034
205.951
195.384
301.842
196.913
186.264
321.376
227.725
510.474
216.902
476.417
429
181.696
378.289
256.113
403.568
291.007
434.816
358.669
339.034
230.91
482.177
411.041
217.703
299.575
244.707
483.214
326.395
376.789
220.673
352.305
356
293.398
310.346
425.824
484.176
390.511
209.775
300.241
458.887
472.097
220.335
243.594
241.105
257.869
177.936
526.936
238.519
244.259
379.79
352.834
342.094
260.602
231.447
187.041
281.767
185.88
253.335
444.864
380.827
209.124
517
195.997
570.278
385.992
382.568
278.695
415.215
214.955
325.744
299.368
197.997
332.424
253.143
309.7
412.567
211.824
248.695
410.823
221.403
491.413
414.936
413.072
311.289
368.526
342.418
384.481
321.974
332.451
469.774
518.105
363.873
178.184
288.24
376.384
197.101
411.53
457.959
594.447
464.279
264.218
214.176
203.64
792.312
324.815
434.97
362.56
332.237
452.523
477.71
496.993
498.271
468.187
180.429
259.914
234.533
459.609
290.553
387.023
369.872
453.353
251.466
215.421
317.835
181.853
160.865
377.466
217.872
235.128
487.35
243.895
329.24
363.256
187.447
382.963
412.766
207.767
128.921
240.031
361.721
522.034
191.207
255.553
571.526
463.635
308.613
200.177
322.849
328.56
258.568
194.357
431.876
182.981
356.715
368.143
442.695
466.79
424.77
372.865
409.44
511.767
475.383
346.489
518.609
362.286
461.424
465.651
380.624
323.91
204.642
317.015
388.079
206.576
338.233
408.68
241.865
334.864
345.869
469.722
463.921
222.789
415.049
166.008
428.77
342.47
322.658
337.214
353.617
441.816
435.022
917.091
96.932
103.282
107.895
81.819
264.895
427.68
294.966
426.643
594.669
710.865
288.504
652.007
397.297
697.673
679.861
350.865
199.771
323.541
501.21
284.985
228.316
350.763
580.087
444.849
170.703
319.895
294.451
419.621
307.12
395.274
181.113
434.654
186.696
207.631
371.282
208.703
425.538
316.556
184.459
149.335
151.537
322.602
273.612
253.85
327.895
205.737
348.774
204.41
227.271
311.593
389.47
187.53
417.824
206.654
224.432
310.515
180.207
42.008
180.007
230.737
902.936
662.229
384.681
283.699
241.925
164.225
522.576
194.785
215.696
274.184
191.887
191.553
578.192
202.248
682.545
246.534
214.951
345.177
408.657
215.982
297.315
348.143
183.113
399.327
385.959
329.199
254.737
437.778
505.989
199.338
209.222
268.808
128.906
196.538
146.676
444.395
280.072
341.368
198.812
281.936
214.177
236
321.169
407.658
494.413
214.568
439.275
483.669
420.552
335.978
359.774
204.384
297.267
198.045
307.24
384.098
287.143
421
332.632
340.601
206.049
564.541
449.658
506.485
403.331
191.335
181.082
265.463
192.609
189.526
285.496
385.963
285.342
298.801
409.751
725.76
399.966
475.553
496.887
361.977
154.647
255.319
578.722
204.072
155.064
561.77
384.519
609.056
364.959
219.353
304.023
471.865
538.071
397.617
231.462
322.083
481.477
293.816
341.992
551.858
213.609
233.255
380.079
249.895
322.338
210.624
168.03
309.015
401.568
369.808
346.624
247.249
416.609
304.958
372.425
397.008
245.928
366.184
273.801
530.914
442.661
490.425
216.951
238.177
388.447
362.106
279.462
225.865
309.83
472.906
377.673
484.192
437.03
481.064
291.41
389.064
269.496
288.335
332.736
192.463
303.729
257.921
378.222
246.384
533.09
217.545
233.519
392.526
287.451
232.166
410.394
209.79
229.12
351.087
260.672
469.993
251.199
348.162
360.293
215.211
257.815
185.88
221.617
508.327
225.977
334.109
226.346
234.944
480.77
364.03
447.207
415.128
198.368
354.376
444.632
305.09
207.143
215.959
305.985
212.176
218.594
515.632
181.199
354.733
308.124
342.286
189.383
319.696
318.962
223.951
317.624
373.542
187.267
788.59
352.361
238.162
390.12
67.15
155.906
263.079
200.775
477.522
412.981
414.835
485.143
356.263
451.169
341.808
247.399
223.135
567.489
206.015
390.147
406.165
365.571
294.88
344.902
394.937
297.24
186.534
171.936
173.162
306.225
167.966
230.384
287.143
212.425
190.759
308.929
389.022
250.921
301.384
199.507
186.316
489.481
441.575
387.064
213.53
330.688
433.241
235.349
318.617
426.602
318.503
233.008
461.225
423.929
212.959
215.958
267.057
221.601
487.015
326.801
279.241
477.375
366.031
188.206
45.85
399.177
185.8
369.489
363.429
221.424
228.85
351.703
403.609
492.583
329.03
188.793
584.481
369.993
380.654
372.628
212.387
294.387
389.568
1045.89
412.12
243.474
344.03
232.966
563.425
356.376
265.29
524.751
226.35
353.865
420.68
210.865
440.334
441.042
535.455
422.842
538.158
374.503
568.019
475.959
437.425
472.526
432.53
294.496
404.294
490.36
471.512
249.688
206.936
268.515
243.695
233.688
522.504
217.793
509.677
200.192
203.737
365.56
239.086
198.827
397.489
339.293
395.824
349.609
350.409
359.192
349.921
219.117
295.082
420.553
325.936
186.508
409.169
388.699
218.805
213.609
496.898
252.974
311.752
435.094
45.793
304.586
324.752
234.023
500.282
410.428
240.324
157.199
262.609
188.079
355.59
215.94
388.462
116.47
235.425
424.425
414.56
307.85
436.597
423.497
436.165
293.098
237.297
512.552
330.271
128.85
451.71
238.184
225.775
360.872
228.673
182.647
547.898
213.759
312.722
396.399
166.673
304.624
382.887
171.304
300.861
184.561
215.409
470.41
354.959
227.545
330.887
181.759
453.839
438.624
191.146
360.121
198.861
181.97
135.447
358.071
372.809
293.12
223.992
185.752
413.263
173.264
190.977
260.786
218.966
180.519
340.154
399.425
200.789
378.97
225.974
195.793
278.376
214.335
462.842
359.064
409.086
301.09
381.887
215.376
523.609
381.79
253.936
469.019
229.255
382.703
259.801
172.846
209.857
322.782
186.459
176.398
543.73
272.616
209.094
360.211
225.597
404.143
288.643
203.135
503.042
509.519
336.353
200.35
194.943
304.504
384.241
198.097
405.805
361.319
239.196
485.041
385.805
408.312
317.936
243.586
252.824
222.368
228.102
484.751
247.267
576.015
462.433
274.455
355.729
217.177
455.703
359.575
194.865
322.864
200.511
338.369
308.831
379.176
216.41
368.406
383.248
453.354
325.432
370.752
223.695
465.737
435.293
232.937
186.071
315.658
229.049
496.079
217.582
281.091
422.815
235.478
217.451
294.929
177.436
221.394
433.568
197.015
382.993
330.03
147.906
165.631
217.85
472
197.188
348.09
199.199
217.049
547.218
192.207
241.936
306.895
186.906
237.052
314.538
224.59
330.459
263.519
256.658
306.071
214.696
228.68
362.041
418.215
323.541
226.353
378.632
263.786
447.567
317.527
329.947
344.293
350.211
249.541
184.85
439.816
196.958
225.823
781.715
390.609
413.255
466.688
343.015
198.32
333.376
215.545
246.711
361.68
218.816
546.026
251.703
331.32
347.383
214.872
370.41
448.38
337.962
388.305
252.958
397.545
679.576
401.631
209.53
234.662
525.609
365.752
450.12
196.32
224.417
393.128
375.823
327.504
208.169
189.838
369.779
427.432
162.47
353.857
311.774
46.087
502.004
441.605
664.192
391.891
316.846
437.063
238.049
275.271
228.786
282.383
117.786
206.789
159.147
207.966
306.718
333.699
196.064
293.478
195.77
441.237
306.091
353.496
214.086
132.29
366.59
316.459
332.278
313.44
214.673
484.184
224.432
194.248
322.527
228.026
328.872
331.271
225.154
285.876
412.338
363.376
276.278
234.106
395.334
310.361
433.218
604.071
433.816
374.895
258.609
162.312
180.421
312.098
215.037
388.019
411.354
223.086
178.402
294.391
224.2
384.894
279.842
355.015
176.801
487.342
196.241
403.568
285.142
198.673
212.403
328.725
239.113
370.575
374.218
234.895
532.026
453.869
232.425
404.27
337.26
342.052
174.707
459.711
285.906
217.687
348.722
234.324
289.65
463.718
343.545
215.369
303.744
364.297
230.94
479.691
208.576
216.902
294.53
207.335
185.218
506.312
418.921
302.534
394.969
339.252
468.786
201.034
243.327
224.711
224.033
293.775
363.184
202.105
447.632
215.007
208.936
343.846
385.196
200.925
283.481
139.631
198.97
327.079
363.512
335.432
311.801
195.248
227.03
369.872
258.162
516.312
388.744
426.384
413.439
354.113
407.023
198.624
205
351.722
359.646
215.714
328.455
386.839
364.049
496.353
490.271
304.221
191.752
205.474
289.519
163.808
147.767
209.011
289.29
241.981
221.586
461.046
242.913
387.109
429.857
175.948
214.819
300.628
215.534
211.879
432.955
395.831
343.737
263.305
192.436
230.323
321.421
378.545
335.872
293.497
129.688
542.488
431.042
221.312
503.064
174.244
217.707
245.823
367.248
186.617
179.894
275.098
390.35
479.913
310.399
334.488
251.722
232.342
160.079
189.482
293.609
207.278
227.361
303.936
317.872
188.959
314.259
208.925
206.346
503.767
202.548
301.7
331.402
349.263
202.575
457.177
227.222
304.793
240.752
407.744
284.688
211.56
333.888
320.921
353.135
205.233
300.222
199.071
402.76
339.827
483.109
305.808
394.474
333.105
576.425
178.925
316.282
194.263
223.973
313.978
199.162
235.263
297.992
251.192
451.831
365.248
370.248
436.425
369.158
189.943
341.075
211.719
224.289
485.598
355.353
224.098
318.549
416.379
342.982
383.992
234.481
371.79
191.992
299.211
331.973
205.049
377.433
412.462
168.993
351.729
207.297
224.207
445.921
179.973
201.609
49.218
358.433
198.759
271.079
337.542
419.041
495.522
216.861
215.106
314.601
187.237
217.515
305.929
226.875
198.267
259.737
213.925
386.489
315.473
215.993
453.432
423.741
207.376
459.154
208.135
217.737
329.59
474.091
335.406
286.033
198.121
495.176
195.046
467.289
363.902
214.079
322.121
318.409
166.233
266.376
296.726
248.146
240.455
468.512
420.688
222.496
289.786
277.808
354.94
509.515
229.285
282.752
213.7
232.255
562.113
320.455
295.568
46.928
455.602
225.462
296.286
228.387
235.613
310.064
378.041
328.113
427.485
190.011
296.143
169.658
212.511
337.496
405.775
194.041
365.094
380.538
294.27
205.271
247.098
548.184
415.97
375.959
153.567
450.489
225.199
338.169
408.023
328.248
481.936
282
232.808
270.433
303.601
202.335
351.071
306.598
303.162
559.977
390.417
468.256
342.383
196.177
492.639
466.008
386.639
318.85
207.612
341.993
194.722
243.007
515.767
199.098
309.255
475.489
524.59
447.267
317.891
361.974
362.308
228.402
447.181
397.026
195.504
275.838
187.154
53.17
167.703
453.74
426.707
205.944
240.849
188.767
196.015
795.936
482.403
665.157
637.064
668.914
562.519
462.184
410.41
275.112
493.117
370.786
550.045
293.665
488.154
258.873
440.12
392.015
268.094
188.225
207.455
320.73
211.27
590.842
236.952
154.473
320.47
418.831
198.808
273.312
188.433
171.567
188.906
287.241
203.327
204.647
240.09
209.759
180.278
303.88
250.778
392.632
251.553
193.488
386.895
334.553
197.455
160.488
225.057
294.007
386.993
288.488
310.497
248.774
378.241
232.808
204.759
277.429
197.97
251.913
307.279
187.466
329.334
272.538
283.06
178.026
373.993
419.801
262.03
182.891
197.045
486.44
302.522
181.342
181.218
285.568
164.632
148.688
484.447
456.398
215.241
315.086
217.85
313.729
240.568
215.688
505.327
171.128
307.474
287.654
234.992
414.496
478.158
189.842
422.297
293.369
196.327
289.936
154.647
187.097
293.797
297.068
205.47
237.504
301.255
390.361
188.617
299.304
205.2
414.063
214.967
259.353
516.56
373.12
312.313
289.135
218.699
184.158
207.008
289.887
330.943
203.921
249.151
178.041
216.369
329.966
206.906
361.985
405.616
246.342
176.248
257.538
258.575
208.369
316.44
294.789
597.256
413.744
359.665
242.41
218.605
170.865
319.978
339.86
400.425
311.963
366.639
200.056
304.229
232.752
182.997
277.966
168.808
225.744
304.816
218.109
516.124
297.654
344.576
141.176
300.271
381.722
169.966
299.218
421.568
224.616
278.662
359.571
243
279.662
224.162
215.582
292.143
397.963
207.263
313.815
304.959
211.105
425.824
392.034
173.27
316.808
344.561
199.597
276.301
220.775
188.68
323.782
247.624
176.376
260.226
231.406
193.962
453.91
232.594
193.917
450.891
178.376
181.383
320.967
403.319
264.214
324.305
388.906
266.425
470.503
259.719
608.834
328.057
163.808
356.263
227.759
216.463
478.594
394.12
343.383
393.895
215.29
304.233
436.71
204.993
266.12
217.361
190.44
322.398
187.602
303.981
243.602
188.157
292.369
343.865
186.969
206.166
112.12
391.745
244.913
503.384
294.496
296.222
258.827
169.071
205.647
402.857
245.271
199.879
278.745
191.319
180.177
342.402
459.135
319.32
432.327
207.951
297.53
184.305
439.549
310.62
358.06
172.267
250.568
239.654
362.567
423.312
312.275
215.951
335.094
196.872
173.643
285.902
356.985
226.256
315.368
396.455
341.583
304.41
364.413
552.297
339.73
215.518
304.654
217.606
213.91
424.15
486.071
390.523
380.801
175.101
184.417
518
315.17
187.921
299.485
202.785
186.312
204.158
449.786
351.35
181.146
358.256
214.094
287.361
220.019
195.981
187.673
271.041
180.207
165.24
289.602
241.477
414.857
267.185
240.797
321.928
288.354
222.334
192.008
447.346
267.481
278.932
209.011
209.903
320.143
354.09
206.03
544.88
168.266
186.745
299.763
279.357
215.207
275.722
177.079
242.173
284.579
357.172
215.331
322.91
211.632
248.808
528.955
407.789
393.865
417.665
333.568
258.481
427.301
329.289
416.64
347.992
335.071
401.88
428.026
207.568
234.831
120.432
177.816
384.831
320.338
317.647
217.793
459.966
347.098
214.327
187.722
337.293
226.474
291.744
382.575
280.873
311.526
209.816
408.488
351.264
176.684
209.293
310.673
258.808
437.966
328.658
188.974
279.624
208.444
202.5
215.642
246.264
197.808
415.537
400.207
204.839
222.834
288.113
440.436
185.962
322.752
198.079
249.651
289.3
387.651
306.477
197.275
290.229
286.147
213.503
196.354
323.639
222.695
196.369
326.639
282.15
213.609
1020.11
372.68
571.256
396.669
334.857
235.568
365.26
564.74
438.248
338.008
366.402
189.489
301.8
498.35
364.838
443.88
459.673
216.714
166.624
268.057
369.143
326.391
182.105
317.447
200.711
225.714
215.256
249.8
249.11
385.338
308.992
178.959
185.368
440.094
178.425
285.808
45.523
484.406
191
296.688
293.729
181.448
225.049
255.297
296.094
376.778
275.853
176.775
206.624
450.601
190.842
191.102
178.609
249.977
169.143
200.489
293.598
425.962
175.598
574.977
199.575
202.831
339.504
258.568
250.985
481.481
348.398
270.602
231.639
205.639
391.071
207.076
154.981
269.643
213.071
380.391
298.496
377.504
181.658
358.639
466.733
582.203
339.199
395.718
458.076
214.951
231.03
308.09
217
193.744
316.361
46.03
275.609
170.613
333.827
338.602
336.507
522.248
429.203
306.286
344.515
207.44
282.609
359.492
206.895
305.395
224.263
188.015
312.808
220.568
360.38
315.774
387.064
330.361
295.35
190.545
341.59
345.338
400.647
196.496
305.857
193.745
217.71
435.384
206.376
186.8
331.282
340.03
370.042
282.447
210.88
398.477
329.73
186.985
207.631
442.432
186.207
220.098
288.455
279.537
375.703
227.241
172.312
345.417
269.91
381.718
198.745
491.763
325.173
186.417
314.199
250.899
329.158
304.522
333.951
300.113
202.376
197.143
222.767
498.801
204.729
207.624
308.553
398.646
446.839
376.503
222.29
517.601
199.79
312.496
313.233
281.305
363.639
257.112
241.177
402.823
477.662
428.026
235.297
381.741
428.504
508.034
355.778
225.391
306.936
315.293
228.632
565.639
341.052
364.64
358.639
196.432
345.966
204.951
575.196
288.12
112.113
94.861
96.018
102.429
102.226
101.383
102.481
104.2
101.289
253.56
283.369
371.759
177.477
507.764
363.5
285.304
457.019
436.128
555.511
462.357
380.196
224.376
205.214
330.282
354.462
400.136
416.319
535.538
373.425
274.526
306.44
363.026
374.335
325.575
296.609
465.992
470.278
225.831
396.418
423.601
303.654
205.572
212.943
548.91
301.41
464.109
127.041
465.346
169.263
328.872
359.703
194.737
489.745
193.541
243.241
52.079
317.466
253.097
219.67
398.721
298.598
371.609
444.76
367.496
242.786
194.15
358.639
324.064
441.977
473.967
359.195
213.432
286.654
224.978
193.662
316.079
201.635
422.804
500.433
216.68
186.658
716.534
323.594
293.865
420.161
225.308
277.234
188.233
189.767
162.665
302.158
252.857
187.68
445.384
212.959
180.097
266
331.102
403.387
465.808
398.365
208.064
307.034
178.894
351.809
278.327
351.635
321.741
368.947
396.143
203.304
342.113
354.312
201.624
319.797
222.872
379.944
306.391
465.665
472.211
261.805
387.195
272.086
420.824
236.857
290.88
180.8
207.576
291.157
359.82
193.305
201.187
455.617
355.914
203.169
305.503
225.929
503.192
212.349
199.076
214.646
300.256
407.786
331.917
172.849
197.064
227.335
340.406
222.425
483.274
368.921
213.327
346.489
372.696
197.838
312.177
382.184
306.925
422.706
225.038
524.5
379.199
414.47
229.696
269.507
199.256
453.646
171.143
332.624
241.579
214.399
233.263
199.007
197.587
301.455
332.68
193.094
184.929
460.297
181.263
188.752
321.113
196.297
391.808
316.015
256.398
331.985
358.647
194.226
203.334
425.692
219.038
209.977
294.632
187.071
199.233
333.985
310.944
188.03
341.778
276.804
148.155
455.398
459.417
394.433
292.094
400.12
197.553
311.703
307.522
219.192
338.752
201.413
534.263
369.993
558.816
362.706
189.271
329.481
405.418
189.18
303.087
205.849
225.722
654.662
193.473
212
178.042
313.503
258.384
510.041
190.512
203.428
354.218
279.29
193.808
325.391
295.624
378.474
174.432
365.071
275.775
336.44
323.361
231.496
314.59
217.094
170.132
201.605
286.395
206.079
209.297
330.733
179.552
223.226
552.425
336.548
220.019
312.872
371.73
311.007
310.128
206.974
327.658
194.297
221.996
313.21
246.143
420.696
315.447
334.936
225.282
471.846
194.376
356.872
297.376
162.271
172.891
331.255
377.346
230.102
459.898
403.888
177
314.845
202.827
215.508
229.515
196.88
184.846
349.507
374.929
153.74
352.083
304.519
421.477
361.354
331.898
205.662
444.026
221.368
373.79
320.538
362.744
493.361
207.462
369.199
376.234
372.127
177.305
491.293
378.354
168.353
254.677
404.834
504.545
177.406
355.921
215.256
305.609
233.414
186.928
335.44
461.049
367.928
384.343
198.609
298.894
206.376
370.154
317.846
354.609
380.455
347.241
345.624
224.049
307.041
289.56
207.925
294.034
420.447
248.214
290.185
221.169
240.609
420.974
212.297
201.665
285.113
331.094
320.643
330.12
224.165
188.279
295.184
208.628
305.3
558.914
376.567
232.17
348.101
229.929
540.327
395.146
425.959
370.744
202.391
176.786
253.703
206.162
508.631
266.76
209.767
230.838
254.865
259.721
238.775
455
362.21
415.422
276.684
194.541
217.154
344.782
220.448
299.387
413.782
344.425
295.639
316.928
207.32
328.094
374.962
215.079
285.929
268.319
491.553
270.44
470.902
237.947
312.534
246.752
193.696
315.097
215.91
332.211
237.221
226.745
313.695
227.771
366.116
290.185
214.409
226.703
306.264
408.65
238.511
323.872
359.106
310.511
226.447
194.553
302.823
379.106
211.766
400.418
218.037
222.891
542.384
440.925
502.631
385.756
198.654
559.041
178.639
351.561
511.278
313.849
281.023
295.162
189.511
358.338
540.327
370.752
338.463
394.977
277.887
222.027
204.605
247.064
412.203
212.894
243.015
540.113
407.654
340.226
384.816
284.808
356.489
365.831
254.398
402.587
379.477
328.786
444.409
389.008
477.271
401.673
313.872
263.759
239.399
273.842
409.654
356.793
298.207
248.21
363.47
295.914
179.534
225.857
260.793
221.568
225.143
273.312
349.218
186.549
425.808
197.146
189.072
168.662
295.022
192.496
187.673
335.027
294.782
348.759
233.338
373.598
551.688
191.248
361.56
416.587
409.413
216.737
273.714
308.752
198.384
158.064
376.646
400.192
447.526
434.7
344.853
236.507
433.79
342.105
210.801
198.632
213.872
306.086
313.226
344.567
272.015
196.993
221.15
276.444
306.662
347.233
405.958
290.098
314.489
424.654
344.214
219.474
222.289
372.158
393.793
205.207
393.425
390.647
343.639
485.812
291.192
356.59
359.049
184.27
301.087
350.883
198.741
362.297
366.643
163.59
482.85
173.725
214.575
337.2
329.793
318.695
149.136
76.53
468.575
240.759
294.609
265.824
203.376
283
352.281
241.79
466.523
406.063
239.448
109.067
206.395
207.73
321.424
255.504
195.177
160.334
253.136
215.447
214.978
313.406
354.184
362.082
326.76
193.447
191.177
297.992
459.113
250.846
422.274
235.429
352.85
532.064
425.921
289.206
188.512
171.624
249.898
253.094
229.481
439.185
274.413
193.993
165.105
294.951
229.218
208.094
366.361
305.086
503.978
372.59
281.218
420.448
286.823
610.489
362.736
474.918
243.105
212.929
439.665
233.902
384.609
234.654
275.857
191.719
324.522
188.248
218.669
311.091
187.958
203.73
422.432
223.575
217.899
319.229
301.631
277.801
329.241
365.353
492.869
355.556
198.293
489.474
199.801
221.966
303.665
249.903
173.349
331.387
376.264
295.255
299.583
168.124
404.053
409.751
189.106
241.191
313.241
361.519
241.601
279.406
198.354
197.248
197.583
157.665
187.917
138.993
171.707
301.616
321.256
178.767
471.169
196.485
327.68
346.297
274.658
223
193.88
322.684
239.97
323.729
517.872
360.294
202.346
322.552
198.496
93.286
59.256
159.906
173.462
509.128
219.289
463.162
208.542
210.225
157.478
529.842
216.432
174.616
277.121
428.831
445.703
292.12
219.338
319.444
327.827
556.624
392.15
377.418
354.248
432.176
344.422
544.552
185.162
373.327
212.504
347.736
211.831
231.282
293.606
330.281
583.297
234.279
799.12
288.568
335.248
6206.6
62.47
111.955
100.023
101.992
101.29
102.845
101.888
102.545
102.68
120.929
98.88
109.12
98.192
99.439
106.993
96.365
106.642
105.741
105.756
97.376
96.376
110.319
95.553
107.624
99.24
108.391
89.617
114.616
100.358
103.879
94.504
106.744
99.88
109.113
98.887
96.865
108.007
116.256
75.105
112.136
108.751
95.241
110.128
96.255
107.128
97.497
108.248
98.624
99.071
104.692
104.365
99.834
106.166
96.992
108.019
97.364
108.185
96.673
108.282
96.349
108.008
88.879
105.339
98.654
103.049
99.41
101.27
100.087
107.575
99.571
100.861
102.29
100.782
103.488
101.425
101.76
102.56
103.049
101.793
102.27
103.361
101.952
102.936
103
101.973
103.715
104.368
98.553
102.079
102.391
102.695
104.38
100.597
108.591
100.77
103.015
235.339
69.507
102.643
101.902
100.632
120.323
97.606
370.503
198.466
554.598
382.504
561.906
477.47
146.402
446.526
539.632
514.729
375.44
359.354
437.861
584.379
235.966
334.688
354.801
225.583
304.872
164.688
356.921
367.929
258.928
190.053
314.297
400.695
228.658
242.76
207.105
204.455
519.03
216.793
707.447
324.745
343.289
228.47
412.891
192.47
344.248
292.218
573.654
483.17
346.101
362.583
396.394
290.297
313.391
402.474
309.293
310.865
304.199
295.85
307.534
387.898
435.801
234.936
371.406
463.135
405.794
441.041
372.192
407.327
228.767
324.519
383.394
200.376
234.169
365.478
431.071
378.801
211.793
183.406
328.248
382.587
634.725
209.64
532.507
431.35
191.346
398.078
383.2
545.409
265.568
528.417
239.591
490.545
543.759
395.29
382.236
288.737
299.696
278.225
237.094
195.929
356.147
552.045
274.007
288.568
428.274
392.801
312.207
393.225
254.967
348.368
215.391
533.658
304.744
463.023
521.12
434.865
380.432
356.079
225.447
336.914
339.064
231.759
324.56
231.117
200.507
437.185
211.56
301.853
357.075
499.662
370.617
318.048
409.816
550.072
204.218
477.932
315.346
277.526
539.072
388.985
265.24
561.895
443.304
271.587
244.808
379.143
298.041
343.997
761.169
486.567
580.767
228.474
560.09
223.654
172.282
467.91
248.85
433.782
340.026
272.944
298.094
466.962
590.823
279.023
495.041
474.538
728.15
377.76
571.639
416.955
147.894
486.35
303.489
512.609
406.609
389.654
209.289
219.598
543.538
158.526
302.594
339.447
316.873
403.631
419.481
251.369
60.695
227.73
391.206
214.662
340.771
162.312
203.56
297.086
246.482
292.424
364.504
400.15
322.527
372.139
333.334
250.531
245.526
385.319
399.233
458.831
501.801
477.008
232.665
420.951
217.169
142.286
192.65
285.504
211.752
227.526
484.594
488.391
348.865
431.895
526.225
398.598
232.568
347.906
261.391
490.049
504
669.864
472.511
377.512
405.071
526.496
191.297
466.237
431.387
217.519
446.169
483.136
384.056
232.312
600.944
396.304
549.391
441.568
397.977
568.959
694.361
463.68
346.606
452.097
1580.06
262.128
230.44
434.345
439.748
374.177
688.666
171.206
264.098
298.504
214.895
234.793
350.733
259.098
213.97
343.157
463.091
523.222
312.898
609.222
222.007
484.673
239.481
566.613
400.083
313.447
212.087
222.248
333.944
424.105
268.658
450.447
436.03
421.579
221.143
241.406
371.737
222.808
227.632
314.601
238.489
205.718
420.519
248.883
331.214
444.745
636.808
585.478
343.977
400.951
432.083
250.391
411.849
466.061
206.665
395.071
270.794
416.913
297.951
265.29
237.519
232.263
540.176
256.301
335.805
446.932
358.267
350.519
463.176
340.279
500.582
587.482
410.785
392.237
446.056
462.809
396.744
758.955
555.789
216.425
452.2
415.695
388.376
473.387
223.583
438.094
328.459
277.15
501.338
508.839
245.304
350.064
222.966
489.042
466.319
616.944
238.522
371.222
358.233
605.831
413.895
474.312
405.09
639.413
306.643
576.809
337.526
385.673
452.049
279.951
319.079
305.958
228.692
521.256
236.958
470.361
195.527
224.263
321.353
394.094
249.985
485.921
260.737
488.169
414.647
260.24
301.44
191.846
455.617
489.361
396.609
595.71
669.602
436.319
652.271
285.906
361.109
394.034
489.349
214.85
2352.96
413.861
380.106
305.15
409.368
391.696
305.763
206.921
376.583
209.534
486.77
196.718
243.087
310.951
256.323
458.113
340.902
204.767
408.154
205.801
356.925
286.842
252.782
378
378.793
269.339
308.398
415.049
425.575
237.263
507.899
183.744
326.869
312.53
240.879
204.008
353.383
303.03
255.835
318.064
184.496
374.914
327.879
247.519
402.12
239.136
607.936
341.943
355.952
583.639
307.331
263.094
280.319
477.177
236.161
225.079
579.921
378.215
370.496
388.425
513.906
256.158
189.759
276.538
250.191
420.008
47.248
96.47
96.361
240.263
170.154
343.414
337.368
209.97
383.857
264.895
199.41
291.372
165.977
229.312
206.015
442.594
327.151
333.488
197.418
206.101
506.121
202.048
304.97
408.391
209.414
112.771
591.413
424.571
235.606
301.906
239.846
531.439
302.692
266.519
483.248
401.575
404.463
208.962
341.47
362
320.218
336.008
236.575
355.481
375.534
341.639
348.402
382.263
470.327
434.888
212.62
180.413
301.767
230.632
226.143
421.883
414.482
536.548
383.068
289.237
477.816
238.695
184.857
482.248
399.73
310.624
264.752
377.823
203.335
232.785
533.192
503
243.383
548.591
392.97
279.736
3974
258.17
335.143
189.184
209.797
427.77
346.35
403.553
417.688
209.673
408.751
442.226
421.695
226.2
459.113
288.639
235.079
441.169
293.511
517.169
294.752
375.47
427.786
339.936
394.977
322.301
413.643
328.192
465.086
379.575
220.617
413.545
241.639
614.425
436.398
383.658
312.248
438.831
47.985
188.432
282
186.109
413.474
271.729
253.816
312.839
390.003
169.733
328.185
163.537
197.733
200.113
268.865
188.425
269.184
343.135
550.489
392.958
205.779
425.293
524.68
237.32
640.256
437.481
494.27
176.234
195.21
82.327
215.32
394.319
251.207
413.226
325.15
298.816
442.391
500.94
225.022
235.658
345.519
254.511
428.865
391.113
490.187
320.779
276.447
211.511
320.658
334.376
331.474
423.831
236.27
474.553
265.534
656.282
442.015
540.432
210.008
216.481
449.007
443.271
566.56
420.553
370.744
471.951
366.403
497.312
470.357
373.176
489.241
276.12
348
343.482
336.135
193.425
236.12
421.008
449.751
398.128
335.895
390.007
366.801
310.143
383.801
356.154
377.372
412.835
277.079
216.688
184.176
308.369
372.688
273.639
423.849
396.2
396.639
281.026
410.688
429.598
3279.1
380.759
353.553
396.582
424.425
439.102
224.714
358.59
313.323
479.109
301.132
335.511
217.136
296.086
243.538
294.549
322.665
345.162
192.334
321.53
220.455
377.057
384.424
180.568
410.237
328.147
403.165
446.098
513.823
217.417
225.448
493.53
276.887
326.271
284.056
332.177
351.485
408.691
198.846
467.745
303.567
206.35
283.323
338.087
229.977
417.102
402.011
398.88
293.936
554.135
452.342
326.282
432.177
201.128
287.127
321.549
414.771
463.703
571.899
336.364
209.184
116.899
98.015
114.737
351.902
201.425
273.169
396.241
344.759
486.414
288.409
341.32
445.383
238.816
239.688
386.793
261.425
357.838
353.042
356.819
395.403
260.823
379.105
285.282
232.057
62.285
118.801
103.128
101.654
103.083
101.447
103.872
102.064
103.921
261.256
276.688
427.12
317.853
280.97
351.376
455.414
182.695
235.226
387.278
488.748
391.903
262.766
363.752
324.978
320.714
302.244
469.474
442.613
354.804
485.797
350.391
243.997
409.767
450.838
612.631
412.234
447.537
370.681
325.766
368.767
221.482
442.853
288.624
360.177
526.323
428.229
297.049
245.816
398.335
302.721
294.655
470.793
328.782
356.722
341.105
354.368
402.782
429.083
3235.02
421.2
227.135
404.714
413.448
589.349
445.226
465.823
442.057
381.157
189.7
244.485
430.417
372.41
501.383
324.406
268.737
461.09
322.527
261.793
303.575
442.944
365.353
575.733
341.53
672.113
312.462
605.008
614.225
543.745
674.992
555.143
498.85
407.989
463.338
332.534
210.409
267.057
404.199
350.951
313.865
265.865
254.928
333.166
421.808
263.729
581.049
426.846
301.496
213.226
300.135
313.831
408.515
244.03
375.857
453.207
341.455
359.921
404.552
396.44
389.831
406.993
226.409
386.718
284.241
362.545
263.263
205.151
389.21
565.372
283.196
443.846
256.673
196.304
369.226
501.831
580.567
182.064
264.526
355.275
353.214
186.474
309.045
318.872
501.609
225.872
176.519
356.816
213.714
648.113
281.462
423.264
436.891
361.797
414.488
248.545
504.745
288.15
416.297
496.184
514
330.767
579.184
343.015
215.873
218.97
276.823
278.816
467.206
493.715
541.774
275.511
393.339
349.534
435.785
361.32
366.834
454.365
393.207
466.553
530.282
511.774
314.241
365.902
474.992
365.369
581.191
525.128
1337.76
329.797
459.779
260.718
162.688
355.65
340.823
377.857
337.696
341.12
490.271
276.327
318.331
203.101
471.56
478.177
246.008
338.248
555.801
236.184
275.207
218.695
471.417
310.121
264.169
387.421
456.695
363.139
493.305
343.045
262.85
458.654
262.65
295.357
376.786
347.786
355.966
410.022
463.305
423.128
523.511
458.346
236.744
319.03
267.73
386.03
330.079
203.97
209.417
355.59
434.026
532.35
326.162
256.037
294.41
425.361
480.192
394.056
314.113
525.718
350.914
209.469
428.057
466.064
321.842
459.673
495.03
410.368
155.846
339.132
523.646
518.598
583.049
223.32
239.203
345.484
340.057
316.906
321.278
394.673
215.974
363.049
353.139
352.894
360.711
265.271
482.947
216.335
517.864
277.966
305.29
387.44
376.199
199.575
161.105
252.057
618.447
459.098
483.744
315.271
358.865
293.605
411.24
270.275
515.816
460.447
428.816
471.857
420.053
360.481
319.609
224.079
489.88
366.567
424.451
156.185
345.582
197.376
560.087
254.879
261.715
508.703
350.665
494.639
427.128
529.767
396.609
212.553
476.086
398.504
260.248
272.951
430.643
525.489
363.774
1984.85
358.342
320.639
199.041
468.214
207.906
351.297
191.677
179.305
354.808
262.617
251.864
457.688
227.865
260.143
354.481
425.71
189.662
572.733
203.06
192.275
519.447
167.59
653.128
237.872
393.515
346.854
360.842
352.015
180.113
182.199
286.007
215.034
148.493
201.906
320.184
264.192
454.327
509.041
432.553
655.312
412.357
394.316
331.861
367.65
354.846
414.447
439.324
232.248
473.909
328.978
586.128
913.158
214.714
153.669
366.56
297.41
295.654
183.154
358.297
388.79
376.503
244.794
280.169
327.342
418.105
100.248
246.312
227.2
368.906
434.718
537.985
351.552
364.136
348.631
272.361
420.613
264.218
216.47
296.699
241.917
274.609
363.455
220.203
315.583
254.376
228.128
497.425
295.135
197.098
310.541
218.962
201.703
472.673
219.215
387.47
285.289
347.143
418.041
346.88
289.41
226.47
530.921
367.113
477.838
207.402
304.76
539.063
322.226
460.229
353.651
224.27
371.639
420.602
171.553
320.8
344.572
232.624
427.962
231.809
617.357
409.688
432.947
204.248
368.237
427.218
381
361.59
290.963
425.045
479.12
394.004
173.511
194.872
271.527
229.191
398.384
351.545
360.071
242.177
238.504
982.191
476.959
1362.42
311.579
359.951
206.425
463.015
197.113
204.789
275.226
360.056
503.782
352.263
478.218
184.91
425.808
542.594
288.008
285.289
253.88
259.887
357.293
312.827
315.809
316.406
220.368
207.594
481.038
387.481
423.12
254.087
197.872
129.568
162.657
308.598
173.666
201.199
254.568
157.09
227.887
244.335
226.135
143.455
212.594
468.24
262.703
350.617
497.504
178.12
500.823
323.636
188.631
278.624
298.895
226.553
178.086
383.978
466.853
273.338
244.241
187.214
377.057
290.496
152.552
240.534
172.128
275.993
226.962
411.617
110.823
185.759
157.098
153.158
273.921
272.319
251.151
187.034
324.094
197.146
192.865
392.741
212.368
177.008
299.481
309.519
229.744
344.545
365.462
593.771
218.015
231.128
414.718
381.154
496.489
291.169
345.805
652.785
469.966
339.786
417.617
244.304
299.278
214.128
329.079
203.85
203.631
296.425
206.808
477.624
496.399
311.759
174.17
370.327
228.673
218.567
256.737
280.335
190.184
509.319
384.722
448.801
246.271
408.037
371.929
251.451
172.015
230.098
328.455
211.8
212.925
279.778
184.959
235.019
318.421
377.823
234.786
371.113
399.616
553.365
277.44
351.195
365.831
339.03
227.707
455.865
180.575
235.744
295.801
210.639
319.519
530.263
354.951
333.226
272.83
432.745
361.191
230.034
478.512
489.879
416.136
4298.95
484.804
315.128
397.729
397.793
343.237
340.94
407.166
366.402
222.368
392.384
230.357
547.876
397.485
309.214
293.267
279.68
431.369
383.673
209.612
267.858
307.575
211.154
353.477
410.226
205.752
363.229
248.658
182.169
501.504
349.158
180.282
354.383
285.519
193.842
385.192
251.511
309.906
223.485
266.177
248.522
312.192
404.917
460.722
434.087
330.842
308.278
332.12
512.305
309.425
203.176
370.741
430.395
244.135
345.489
337.752
222.312
187.879
105.624
114.185
297.518
215.143
355.361
343.978
349.293
502.552
578.098
358.064
334.305
429.8
434.335
340.361
220.47
649.53
335.165
355.707
232
518.752
509.368
331.861
383.203
365.591
404.481
563.361
233.127
199.527
367.864
421.35
678.466
399.151
407.011
490.504
520.015
292.815
604.752
515.903
456.913
466.782
535.184
232.579
449.237
261.545
421.263
353.681
419.026
348.726
314.304
557.008
293.409
551.102
297.665
281.41
360.748
294.23
409.398
484.384
399.112
258.271
383.711
407.913
499.425
325.492
343.049
366.579
397.327
366.981
456.985
283.459
413.831
64.071
400.936
201.809
203.609
532.109
370.834
282.181
315.932
218.677
338.883
376.294
208.488
303.211
224.436
214.943
299.113
187.809
216.24
429.263
376.835
320.349
396.361
293.688
374.839
179.282
202.409
305.888
384.488
218.989
274.184
228.809
177.601
597.534
44.913
296.85
206.782
496.105
239.248
336.527
351.049
224.928
360.151
198.033
235.47
386.82
193.895
611.767
320.601
271.767
270.985
421.071
414.482
453.669
491.77
302.237
274.32
583.06
322.996
234.666
211.736
298.681
395.774
335.433
318.24
377.808
322.271
279.177
559.368
393.128
259.639
395.072
406.064
472.015
406.827
404.406
199.402
330.511
387.598
228.289
462.297
247.2
255.977
542.696
268.936
364.552
361.47
190.752
240.831
305.545
217.049
521.977
231.053
373.714
423.903
249.304
342.914
213.199
372.361
366.582
524.561
472.646
286.523
502.958
224.234
230.037
368.579
226.624
422.447
165.079
417.234
537.413
623.538
209.402
260.391
485.214
365.346
401.726
202.977
474.297
338.301
194.24
544.97
381.647
343.601
323.354
378.887
412.041
280.591
387.71
265.511
196.203
596.76
245.47
368
403.842
332.808
201.421
228.29
360.503
197.192
227.391
286.681
248.274
182.553
300.59
239.609
336.349
225.29
587.823
385.038
618.203
262.553
210.454
394.369
316.673
326.504
170.488
257.113
708.556
202.835
1339.29
569.305
228.233
309.928
422.406
236.019
486.936
458.448
335.477
53.26
191.781
299.279
392.233
256.785
274.854
240.755
529.136
288.895
561.665
337.624
381.18
283.012
224.383
239.511
486.433
231.793
545.782
228.519
217.537
300.233
218.207
210.583
319.083
228.759
257.432
298.737
203.072
186.575
280.207
205.274
387.447
279.151
223.537
230.681
571.391
416.319
375.643
226.109
220.666
393.928
523.433
542.364
362.226
557.977
392.184
271.2
510
529.631
423.846
390.466
461.263
442.602
456.304
446.373
622.203
489.894
623.083
286.711
540.184
198.406
228.007
395.098
206.463
547.09
293.639
203.12
461.049
370.534
221.162
273.304
303.56
497.504
459.56
304.158
271.906
189.944
311.496
206.177
234.094
485.409
169.185
361.327
318.214
205.913
564.327
442.474
394.47
307.481
368.745
178.808
313.631
218.151
218.823
495.481
165.568
173.143
326.955
220.263
659.703
242.617
267.199
569.44
202.304
632.113
295.398
658.083
430.669
334.297
318.602
289.846
224.706
371.015
342.519
221.609
307.263
207.369
257.323
328.222
219.222
470.767
314.18
204.395
198.474
310.872
348.522
390.974
383.823
244.106
409.714
339.229
189.207
2099.26
347.846
274.865
498.688
406.391
424.425
239.673
320.327
408.567
219.681
305.909
239.929
158.275
560.902
249.049
220.169
368.71
417.482
339.406
184.056
381.049
249.214
229.139
371.542
310.503
228.312
251.121
364.252
302.007
340.726
367.409
257.369
529.91
212.191
326.583
303.259
590.952
444.105
396.748
326.985
382.928
521.403
213.165
353.617
216.12
388.192
314.413
167.771
237.282
376.853
264.042
48.391
621.206
193.786
255.56
292.128
226.857
224.797
460.722
368.737
186.071
485.342
235.801
287.353
263.937
236.639
402.8
371.207
208.951
416.643
344.933
275.041
373.331
299.334
53.008
289.143
196.624
205.744
340.29
272.27
354.402
434.185
683.639
384.812
536.105
255.323
572.136
194.567
240.688
342.233
384.023
610.105
234.639
620.865
445.688
405.045
486.805
296.83
468.143
505.015
374.233
425.162
324.143
251.496
336.391
422.271
413.658
474.485
470.819
199.654
206.403
347.597
305.873
173.879
386.681
457.079
627.609
261.056
524.902
374.609
435.978
199.489
276.101
372.12
218.842
255.854
326.233
249
527.609
253.496
585.47
255.714
227.376
372.136
219.872
362.413
234.944
482.801
1959.17
423.631
192.711
304.267
245.135
209.384
366.744
321.654
359.921
207.906
222.384
331.639
377.849
234.151
531.91
418.447
433.842
224.135
399.418
308.135
234.071
329.715
218.695
216.722
522.391
208.165
344.049
290.553
255.398
263.636
408.462
393.218
521.647
256.413
381.53
277.192
398.726
247.297
198.958
355.395
469.214
353.722
405.049
198.271
280.064
291.703
452.402
297.91
391.631
252.185
254.21
331
46.184
367.624
241.301
461.154
247.335
241.567
471.858
444.665
292.477
441.027
343.27
369.376
587.545
272.031
580.56
174.034
250.477
357.62
269.741
411.481
269.993
246.838
243.823
219.267
459.256
410.098
362.052
430.064
657.56
440.809
438.785
1000.5
281.181
332.665
228.185
394.56
309.567
214.335
294.835
218.191
334.512
362.808
175.609
263.801
377.364
383.617
303.778
243.932
225.444
556.688
347.504
423.545
357.27
206.888
197.827
326.812
255.707
681.214
554.304
397.121
486.361
274.368
45.47
453.887
517.226
360.688
556.312
409.661
505.312
344.177
448.432
327.474
466.259
317.835
288.985
587.59
228.963
411.695
280.647
232.12
413.432
399.192
327.147
255.421
494.849
458.895
440.29
256.24
358.688
201.59
4926.96
454.665
240.546
265.59
242.225
183.726
472.395
434.462
360.41
389.286
216.289
117.737
378.793
202.932
576.226
215.643
372.436
372.759
407.459
357.853
306.218
334.162
296.846
470.842
224.447
255.711
410.233
423.158
291.282
354.568
202.176
365.094
228.771
208
362.079
421.733
472.515
194.023
368.135
306.24
208
245.008
513.241
499.954
289.215
201.977
198.158
323.353
399.485
249.737
258.376
223.722
312.801
53.128
99.597
357.737
494.053
619.755
371.568
494.617
423.221
410.512
274.812
696.718
349.985
231.519
641.176
295.624
417.583
452.759
47.85
79.305
401.383
351.568
398.229
381.068
444.015
620.936
296.609
288.816
352.142
395.625
557.849
350.944
223.229
200.681
413.394
546.741
373.586
489.406
566.106
340.793
572.887
646
197.801
376.816
500.349
167.56
90.73
109.079
99.338
101.632
101.68
103.79
100.552
103.448
101.488
367.929
136.857
616.654
507.793
302.733
379.538
479.368
200.786
526.177
192.887
365.733
226.891
157.613
358.793
221.936
398.594
333.384
472.143
472.127
186.921
482.718
556.32
310.786
361.368
254.094
407.951
374.707
236.12
438.023
278.041
760.639
437.865
226.744
85.873
210.063
160.553
232.312
327.624
321.312
472.79
362.921
283.519
325.736
336.32
451.192
427.793
246.887
384.451
405.613
357.417
339.169
204.839
421.034
270.639
455.864
179.598
427.312
411.609
432.233
463.944
373.24
409.79
423.113
223.552
244.647
481.177
548.255
388.906
353.233
296.158
325.057
492.511
362.165
427.561
293.736
482.779
433.349
419.891
283.143
395.929
350.845
509.267
447.166
556.154
241.729
488.278
280.647
534.432
293.489
422.135
222.185
402.879
205.282
280.519
325.726
291.075
636.752
263.398
450.015
336.139
367.598
310.346
497.286
241.639
537.537
335.418
474.15
185.624
232.914
310.654
340.135
274.827
391.711
493.601
377.278
436.568
308.267
240.902
333.985
466.38
360.793
433.075
351.166
336.936
273.609
222.105
261.609
312.741
369.801
352.082
266.662
408.12
307.722
314.583
440.951
492.808
363.793
499.136
298.846
525.063
558.132
329.805
385.601
483.688
265.703
403.523
456.767
345.943
301.944
400.71
338.177
433.97
388.808
262.511
110.47
252.068
475.902
573.654
225.546
583.312
353.624
203.793
316.263
558.977
431.591
145.518
176.651
325.44
215.071
564.718
293.113
377.233
298.902
412.275
243.481
390.263
392.053
1622.35
157.553
257.729
263.015
315.759
632.057
268.432
445.418
268.548
240.579
636.617
270.301
324.68
386.744
204.538
397.993
256.086
352.538
261.142
189.015
304.346
297.497
328.766
371.47
267.666
254.312
259.68
520.617
369.526
324.816
489.135
271.872
420.865
405.282
389.872
392.117
518.906
353.943
299.921
313.17
413.071
622.88
245.534
273.105
447.113
195.052
528.617
428.947
494.271
387.398
355.418
296.27
469.128
167.049
397.342
255.042
284.105
231.511
281.184
338.921
278.312
187.406
545.312
349.553
511.105
416.271
302.079
572.026
439.839
268.191
230.128
365.105
366.162
287.534
521.451
247.094
441.241
644.041
288.639
510.008
398.83
229.865
378.673
217.222
225.353
288.12
274.17
444.973
426.639
377.249
488.026
329.447
415.44
199.944
407.432
633.278
416.963
387.552
403.448
407.045
548.417
413.32
383.071
172.921
521.248
381.617
541.722
229.469
249.034
409.824
565.83
195.955
393.812
199.651
482.064
583.624
185.376
228.767
355.09
399.526
303.665
514.944
420.88
360.951
258.673
663.729
412.775
599.71
2035.58
468.106
668.864
643.192
446.447
542.297
483.241
537.391
495.936
285.594
422.045
144.425
281.361
349.037
451.354
603.398
385.5
464.598
205.274
417.335
350.688
473.917
310.106
219.537
240.887
358.143
284.282
387.918
238.714
200.214
443.466
188.639
206.639
356.786
267.015
448.568
314.327
355.763
350.335
400.857
221.958
545.343
477.345
243.399
226.425
515.353
246.038
462.97
252.417
383.981
236.76
517.176
227.76
279.289
321.354
201.74
359.425
276.447
283.929
598.883
349.846
324.647
293.778
462.56
242.064
231.56
302.861
278.026
515.846
244.068
665.496
515.045
296.707
254.759
210.016
360.12
242.774
461.523
324.718
530.289
222.181
375.812
530.406
281.838
486.82
408.391
370.037
475.218
406.583
371.936
263.793
180.688
461.688
46.482
504.165
366.601
173.903
279.176
308.794
230.552
451.448
180.676
215.948
508.646
369.609
190.606
342.684
246.989
481.744
408.586
196.015
311.391
357.297
309.399
362.195
258.23
525.391
443.842
390.037
317.985
239.666
364.928
274.91
495.248
367.714
654.215
184.282
44.958
506.985
207.169
214.136
553.767
425.56
7566.78
400.402
197.782
484.602
503.552
289.775
246.21
337.76
445.116
356.666
493.176
520.263
383.816
459.466
403.312
392.121
533.789
641.778
408.752
516.128
375.861
430.643
311.184
263.925
371.834
396.185
556.673
431.406
358.545
453.439
484.816
449.752
457.711
492.15
363.628
303.74
288.459
254.293
297.188
265.222
342.816
272.481
184.192
529.737
265.894
566.779
287.782
645.007
429.015
506.748
301.575
211.391
292.098
524.094
507.414
242.955
388.432
550.278
222.914
513.624
362.03
517.842
520.68
563.151
676.041
454.241
283.045
247.522
277.982
323.075
180.526
383.32
474.695
545.226
572.342
334.819
279.575
676
255.207
368.079
516.658
540.974
378.778
473.222
462.883
373.918
345.383
233.929
287.161
216.015
402.966
471.745
426.128
384.135
214.147
508.533
227.418
450.481
270.511
210.91
338.105
249.722
218.071
316.546
391.391
188.15
473.274
188.534
188.143
292.523
260.218
287.094
368.334
245.842
473.726
263.834
246.903
324.985
223.12
507.293
214.113
295.857
397.184
391.072
188.639
456.319
182.049
235.899
506.278
439.59
288.914
189.473
205.557
334.019
409.165
414.5
321.03
229.369
372.488
473.365
353.65
409.384
515.759
282.075
505.376
584.782
230.049
405.959
433.631
304.53
365.433
506.718
415.714
197.053
259.353
230.248
361.696
320.112
314.433
177.44
548.631
490.248
261.279
207.665
262.192
483.488
207.448
390.616
509.151
452.785

------------------------------------------------------------------------------------------------------------------------------------------------
max val(#9830) = 7566.00us
min val(#70) = 41.00us
peak-to-peak = 7525.00us
mean +- RMS = 286.33 +- 196.36 us

packet size: 516
number of packets: 10000
RATE = 14416.68kbps, PPS = 3492.4
