Destination address set to 01:1B:19:00:00:00
Defaults: 01:1B:19:00:00:00 or 01:80:C2:00:00:0E
SIOCSHWTSTAMP: tx_type 1 requested, got 1; rx_filter 0 requested, got 0
setting ts_flags: 0x53
new ts_flags: 0x53


gap of hw tx time, us: packets 10000:
------------------------------------------------------------------------------------------------------------------------------------------------
0
107.173
107.204
107.205
107.162
107.237
107.204
107.191
107.199
107.199
107.192
110.255
104.155
107.214
107.21
107.173
107.192
107.226
107.184
107.2
107.206
107.192
107.394
106.974
107.241
107.184
107.41
106.992
107.192
107.237
107.579
106.815
107.192
107.192
107.184
107.199
107.185
107.199
107.21
107.192
107.199
107.233
107.182
107.202
107.237
107.432
106.955
107.165
107.226
107.35
107.067
107.263
107.113
107.207
107.29
107.127
107.158
107.275
107.191
107.151
107.191
107.312
107.106
107.214
107.15
107.233
107.17
107.256
107.191
107.184
107.199
107.192
107.338
107.072
107.233
107.177
107.191
107.188
107.181
107.237
107.206
107.226
107.169
107.192
107.207
107.177
107.214
107.218
107.184
107.199
107.177
107.255
107.155
107.188
107.195
107.271
107.199
107.17
107.183
107.365
107.034
107.225
107.171
107.213
107.207
107.184
107.21
107.188
107.211
107.199
107.192
107.218
107.391
107.007
107.215
107.636
106.758
107.2
107.206
107.388
106.981
107.233
107.192
107.391
107
107.225
107.169
107.2
107.184
107.24
107.192
107.181
107.587
106.815
107.44
106.973
107.188
107.185
107.206
107.215
107.191
107.203
107.2
107.199
107.207
107.177
107.311
107.106
107.278
107.128
110.963
103.743
106.888
107.214
107.199
107.275
107.12
107.188
107.218
107.177
107.199
107.184
107.226
107.278
107.128
107.353
107.064
107.177
110.244
104.162
107.255
107.169
107.162
107.207
107.199
107.227
107.175
107.5
106.899
107.199
111.689
102.759
107.154
107.191
107.207
107.203
107.207
107.199
107.184
107.222
107.177
107.192
107.218
107.456
106.968
107.181
107.177
107.233
110.463
103.89
107.229
107.192
107.203
107.223
107.202
107.199
107.184
107.192
107.278
107.128
107.203
107.174
107.225
107.214
107.184
107.192
107.402
107.015
107.327
107.072
107.191
107.177
107.218
107.182
107.224
107.199
107.211
107.192
111.207
103.184
107.199
107.192
107.21
107.207
107.214
107.184
107.342
107.061
107.206
107.192
107.192
107.241
107.169
107.439
106.967
107.199
107.192
107.312
107.09
107.225
107.173
107.192
107.297
107.114
107.217
107.173
107.271
107.146
107.199
107.207
107.196
107.214
107.289
107.102
107.199
107.177
107.225
107.185
107.191
107.192
107.233
107.2
107.176
107.207
107.229
107.162
107.203
107.199
107.207
107.192
107.199
107.199
107.218
107.184
107.222
107.184
107.203
107.192
107.207
111.783
103.104
106.703
107.226
107.263
107.12
107.199
107.185
107.21
107.207
107.184
107.214
107.186
107.209
107.207
107.214
107.184
107.192
107.211
107.191
107.215
107.184
107.21
107.215
107.184
107.184
107.207
107.199
107.203
107.207
107.775
106.657
107.166
107.21
107.199
107.192
107.199
107.196
107.18
107.218
107.207
107.192
107.21
107.182
107.209
107.207
107.192
107.218
107.184
107.207
107.199
107.192
107.21
107.286
107.105
107.208
107.198
107.196
107.195
107.211
108.505
105.886
107.21
107.23
107.169
107.199
107.184
107.218
107.188
107.203
107.369
107.022
107.215
107.203
107.334
107.064
107.207
107.184
107.282
107.128
107.192
107.225
107.335
107.041
107.207
107.199
107.218
107.184
107.215
107.184
109.2
105.198
107.218
107.192
107.199
107.399
107
107.188
107.195
107.233
107.196
107.259
107.113
107.227
107.19
107.185
107.225
107.192
108.072
106.326
107.192
107.192
107.199
107.233
107.177
107.199
107.192
107.447
106.97
107.192
107.199
107.207
107.184
107.203
107.207
107.199
111.37
103.032
107.192
107.184
107.215
107.184
107.214
107.204
107.206
107.192
107.191
107.218
108.663
105.728
107.207
107.207
107.21
107.185
107.191
107.215
107.185
107.209
107.192
107.214
107.2
107.2
107.311
107.083
107.255
107.143
107.199
107.203
107.188
107.203
107.2
107.199
107.192
107.21
107.199
107.2
107.206
107.388
107.003
107.197
107.213
107.192
107.199
107.211
107.199
107.199
107.2
107.202
107.188
107.369
107.049
107.177
107.21
107.244
107.162
107.192
107.214
107.248
107.154
107.199
107.185
107.191
107.192
107.218
107.271
107.135
107.199
107.2
107.203
107.207
107.191
107.192
107.21
107.188
107.211
107.192
107.199
107.21
107.192
107.207
107.184
107.207
107.225
107.185
107.398
107
107.199
107.203
107.188
107.185
107.225
107.192
107.24
107.158
107.186
107.224
107.199
107.192
107.203
107.208
107.206
107.199
107.195
107.2
107.214
107.184
107.199
107.177
107.218
107.207
107.214
107.177
107.199
107.218
107.192
107.319
107.079
107.2
107.203
107.199
107.293
107.169
107.139
107.185
107.229
107.199
107.177
107.214
107.184
107.227
107.191
107.191
107.29
107.113
107.199
107.199
107.199
107.211
107.184
107.207
107.184
107.214
107.178
107.221
107.203
107.199
107.354
109.264
104.972
107.203
107.482
106.917
107.21
107.185
107.214
107.192
107.199
107.21
107.192
107.199
107.207
107.218
107.192
107.207
107.184
108.527
105.879
107.185
107.21
107.255
107.143
107.214
107.17
107.233
107.191
107.336
107.089
110.016
104.353
107.199
107.214
107.369
107.048
107.151
107.218
107.214
107.184
107.192
107.184
107.226
107.335
107.056
107.207
107.203
107.214
108.865
105.744
106.977
107.181
107.218
107.225
107.166
107.199
107.211
107.199
107.199
107.199
107.218
107.171
107.213
107.184
107.222
107.192
107.203
107.199
107.225
107.166
107.312
107.071
107.226
107.335
107.056
107.218
107.229
107.26
109.406
104.887
107.21
107.181
107.218
107.199
107.369
107.041
107.177
107.214
107.199
107.211
107.191
107.216
107.183
107.192
107.218
107.206
107.185
107.199
107.199
107.192
107.256
107.154
107.199
107.223
107.457
106.944
107.199
107.192
110.17
104.255
107.191
107.185
107.206
107.185
107.218
107.278
107.098
107.199
107.222
107.169
107.248
107.144
107.217
107.184
107.248
107.166
107.21
107.199
107.2
107.191
107.192
107.395
107.184
107.038
107.192
107.65
106.759
107.192
107.192
110.106
104.303
107.2
107.319
107.121
107.176
107.199
107.207
107.177
107.192
107.191
107.474
106.937
107.206
107.192
107.233
107.173
107.218
107.176
107.241
107.301
107.064
107.218
107.184
107.207
107.211
107.191
107.184
107.207
107.207
107.177
107.214
107.203
107.199
107.199
107.297
107.158
107.147
107.214
107.184
107.207
107.192
107.184
107.203
107.214
107.207
107.177
107.225
107.23
107.161
107.218
107.184
107.215
107.176
107.215
107.2
107.191
107.203
107.263
107.128
107.226
107.183
107.2
107.214
107.184
107.192
107.203
107.207
107.206
107.2
107.184
107.24
107.177
107.207
107.192
107.184
107.203
107.214
110.257
104.142
107.176
107.215
107.203
107.191
107.2
107.214
107.41
106.985
107.199
107.192
107.489
106.909
107.203
107.199
107.222
107.177
107.199
107.211
107.191
107.2
107.199
107.233
107.177
107.185
107.221
107.184
107.24
107.185
111.144
103.232
107.199
107.207
107.203
107.368
107.15
107.079
107.233
107.17
107.206
107.2
107.184
107.2
107.21
107.191
107.215
107.282
109.681
104.631
107.199
107.263
107.128
107.184
107.226
107.192
107.199
107.199
107.184
107.226
111.598
102.8
107.199
107.218
107.185
107.199
107.192
107.206
107.203
107.2
107.199
107.192
107.199
107.193
107.217
107.191
107.2
107.206
110.376
104.027
107.199
107.207
107.218
107.176
107.2
107.199
107.199
107.199
107.203
107.2
107.199
107.226
107.165
107.203
107.222
107.176
107.207
107.192
107.199
107.211
107.199
107.177
107.221
107.186
107.457
106.959
107.218
107.18
111.151
103.248
107.195
107.192
107.425
107
107.192
107.191
107.655
106.744
107.207
107.203
107.199
107.219
107.172
107.225
107.185
107.199
107.199
107.233
107.166
107.203
107.191
107.207
107.369
107.041
107.169
107.222
107.207
107.184
111.76
102.65
107.199
107.184
107.207
107.338
107.049
107.214
107.2
107.21
107.192
107.222
107.184
107.208
107.198
107.192
107.203
107.191
107.2
107.199
107.218
107.192
107.199
107.192
107.199
107.207
107.195
107.207
107.192
107.248
107.169
107.192
107.368
107.023
107.214
107.195
107.215
107.184
107.207
107.218
107.173
107.218
107.176
107.216
107.198
107.21
107.286
107.098
107.192
107.225
107.181
107.21
107.184
107.2
107.206
107.2
107.225
107.177
107.192
107.221
107.177
107.682
106.743
107.184
107.184
107.218
107.173
107.211
107.207
107.24
107.173
107.196
107.199
107.199
107.192
107.207
107.203
107.199
107.192
111.512
102.894
107.203
107.206
107.192
107.192
107.207
107.409
106.993
107.192
107.221
107.188
108.479
105.92
107.199
107.177
107.361
107.064
107.184
107.214
107.192
107.207
107.199
107.195
107.2
107.2
107.198
107.218
107.184
107.2
107.248
107.158
107.203
107.199
107.192
107.214
107.195
107.192
107.385
107.014
107.199
107.218
107.192
107.185
107.206
107.233
107.176
107.2
107.191
107.2
107.233
107.165
107.211
107.184
107.263
107.151
107.199
107.203
107.263
107.135
107.842
106.549
107.211
107.214
107.177
107.206
107.207
107.196
107.199
107.304
107.094
107.192
107.211
107.23
107.161
107.206
107.226
107.177
107.199
107.192
107.199
107.289
107.121
107.191
107.215
107.185
107.24
107.184
107.191
107.185
108.561
105.845
107.218
107.218
107.173
107.184
107.207
107.203
107.222
107.176
107.226
107.158
107.233
107.185
107.191
107.21
107.214
107.185
107.206
107.2
107.184
107.241
107.184
107.191
107.297
107.106
107.222
107.169
107.199
107.192
107.199
108.467
105.943
107.199
107.192
107.199
107.199
107.211
107.3
107.091
107.199
107.184
107.218
107.193
107.206
107.383
107.064
107.162
107.191
107.207
107.192
107.184
107.226
107.191
107.192
107.218
107.189
107.304
107.094
107.203
107.199
107.2
107.21
107.191
107.2
107.199
107.218
107.214
107.177
107.214
107.177
107.21
107.2
107.199
107.223
107.168
107.304
107.128
107.163
107.213
107.222
107.177
107.21
107.192
107.241
107.18
107.169
107.192
107.218
107.199
107.192
107.193
107.431
106.966
107.233
107.169
107.207
107.384
107.026
107.222
107.169
107.21
107.2
107.199
107.192
107.199
107.21
107.192
107.207
108.554
105.837
107.218
107.199
107.177
107.199
107.207
107.207
107.218
107.184
107.207
107.176
107.234
107.184
107.199
107.218
107.18
107.218
107.335
107.049
107.222
107.169
107.207
107.195
107.207
107.185
107.206
107.199
107.226
107.184
109.584
104.92
107.112
107.185
107.199
107.278
107.128
107.21
107.207
107.192
107.184
107.218
107.184
107.216
107.183
107.199
107.214
107.211
108.128
106.255
107.192
107.233
107.192
107.177
107.199
107.215
107.183
107.218
107.173
107.241
109.892
104.54
107.139
107.173
107.327
107.117
107.165
107.207
107.226
107.176
107.207
107.214
107.188
107.216
107.183
107.199
107.211
107.18
108.865
105.545
107.398
106.985
107.211
107.195
107.226
107.184
107.218
107.173
107.211
107.191
107.207
107.193
107.206
107.21
107.177
107.222
107.191
107.2
107.184
107.233
107.192
107.218
107.173
107.204
107.198
107.184
107.199
107.233
109.429
104.94
107.214
107.184
107.218
107.192
107.199
107.343
107.075
107.188
107.203
107.184
107.214
107.193
107.255
107.154
107.221
107.192
107.196
107.27
107.121
107.199
107.391
107.019
107.173
107.218
107.447
106.951
107.218
107.181
110.161
104.248
107.185
107.225
107.357
107.027
107.214
107.177
107.199
107.21
107.2
107.214
107.192
107.185
107.209
107.2
107.214
107.184
107.207
107.21
107.185
107.199
107.192
107.214
107.177
107.218
107.2
107.213
107.177
107.21
107.215
107.334
107.057
107.191
107.177
107.327
107.113
107.192
107.361
107.297
106.928
107.229
107.177
107.185
107.39
107.015
107.188
107.222
107.207
107.218
107.165
107.226
107.192
107.176
107.207
107.203
107.207
107.199
107.199
107.177
107.226
107.185
107.206
107.206
107.196
107.199
107.214
107.2
107.184
107.192
107.481
106.936
107.192
107.206
107.192
107.203
107.207
107.226
107.172
109.881
104.522
107.206
107.192
107.192
107.21
107.192
107.207
107.199
107.199
107.192
107.203
107.215
107.184
107.199
107.207
107.21
107.192
107.207
107.191
107.177
107.226
107.199
107.222
107.169
107.184
107.29
107.127
107.207
107.199
110.141
104.254
107.207
107.368
107.03
107.203
107.188
107.203
107.222
107.177
107.207
107.304
107.079
107.233
107.184
107.203
107.192
107.207
107.199
107.199
107.2
107.203
107.191
107.222
107.177
107.219
107.179
107.418
107.019
107.165
110.907
103.491
107.203
107.207
107.192
107.207
107.353
107.041
107.343
107.063
107.2
107.203
107.199
107.214
107.184
107.2
107.191
107.211
107.192
107.199
107.199
107.203
107.207
107.199
107.199
107.197
107.198
107.199
107.215
107.184
111.523
102.887
107.191
107.2
107.206
107.215
107.176
107.211
107.207
107.21
107.173
107.211
107.191
107.208
107.341
107.049
107.218
107.192
110.313
104.078
107.199
107.218
107.192
107.199
107.192
107.21
107.256
107.143
107.199
107.199
107.192
107.212
107.213
107.248
107.158
107.177
107.203
107.24
107.421
106.929
107.199
107.203
107.199
107.216
107.194
107.188
107.241
107.169
111.242
103.156
107.203
107.188
107.211
107.199
107.211
107.18
107.226
107.176
107.207
107.207
107.192
107.196
107.206
107.199
107.41
106.989
107.203
107.191
107.2
107.214
107.184
107.199
107.211
107.192
107.219
107.187
107.191
107.203
111.682
102.717
107.199
107.218
107.184
107.2
107.199
107.199
107.226
107.176
107.207
107.199
107.207
107.212
107.183
107.192
107.191
107.47
106.948
107.206
107.192
107.211
107.188
107.218
107.184
107.199
107.207
107.184
107.203
107.316
107.09
107.193
107.198
107.207
107.21
107.2
107.225
107.297
107.064
107.207
107.199
107.199
107.192
107.227
107.175
107.207
107.241
107.161
107.207
107.215
107.176
107.199
107.192
107.211
107.206
107.192
107.185
107.206
107.207
107.177
107.233
107.647
106.744
107.195
107.207
107.199
107.199
107.211
107.18
107.203
107.2
107.199
107.199
107.199
107.235
107.168
107.206
107.2
107.21
111.024
103.367
107.207
107.203
107.398
107.008
107.184
107.184
107.207
107.199
107.226
107.184
108.343
106.048
107.226
107.184
107.199
107.192
107.199
107.233
107.184
107.185
107.206
107.192
107.203
107.199
107.207
107.192
107.391
107.026
111.776
102.642
107.165
107.203
107.199
107.335
107.071
107.192
107.207
107.191
107.211
107.199
107.199
107.185
107.206
107.211
107.199
107.199
107.523
106.872
107.214
107.192
107.192
107.207
107.203
107.215
107.183
107.199
107.218
107.177
107.768
106.638
107.192
107.207
107.195
107.199
107.192
107.207
107.225
107.173
107.218
107.241
107.143
107.199
107.211
107.199
107.199
107.192
111.298
103.104
107.207
107.192
107.199
107.21
107.2
107.319
107.128
107.15
107.185
107.225
108.464
105.957
107.154
107.233
107.185
107.206
107.207
107.177
107.184
107.226
107.214
107.402
106.981
107.212
107.164
107.7
106.725
107.192
107.199
107.218
107.192
107.207
107.191
107.185
107.214
107.203
107.241
107.157
107.203
107.207
107.192
107.199
107.199
107.211
107.214
107.177
107.207
107.191
107.203
107.215
107.184
107.184
107.222
107.305
107.09
107.199
107.241
107.157
107.297
107.121
107.184
107.199
107.207
107.274
107.151
107.169
107.215
107.183
107.203
107.2
107.206
107.186
107.205
107.218
107.207
107.177
107.218
107.173
107.207
107.184
107.218
107.233
107.199
107.35
107.019
107.199
107.199
107.199
107.249
108.267
106.3
106.985
107.207
107.203
107.207
107.184
107.44
106.958
107.211
107.177
107.214
107.193
107.205
107.203
107.173
107.233
107.2
107.184
107.207
107.218
107.184
107.207
107.176
107.215
107.196
107.206
107.199
107.233
107.384
108.489
105.68
107.214
107.241
107.169
107.165
107.226
107.199
107.207
107.195
107.2
107.199
107.203
107.189
107.24
107.345
107.023
107.207
107.417
106.966
107.218
107.192
107.199
107.199
107.2
107.189
107.213
107.226
107.157
107.211
109.244
105.154
107.207
107.218
107.184
107.2
107.184
107.214
107.177
107.24
107.181
107.218
107.184
107.282
107.128
107.192
107.184
107.222
107.225
107.177
107.192
107.184
107.207
107.206
107.177
107.227
107.198
107.207
107.248
107.146
109.953
104.781
106.864
107.177
107.225
107.2
107.199
107.199
107.192
107.218
107.237
107.154
107.207
107.17
107.213
107.218
107.286
107.105
108.761
105.638
107.274
107.151
107.195
107.18
107.376
107.049
107.192
107.184
107.199
107.226
107.192
107.192
107.184
107.206
107.177
107.241
107.455
106.921
107.218
107.207
107.184
107.191
107.2
107.185
107.24
107.199
107.207
107.184
109.377
105.021
107.196
107.229
107.162
107.206
107.203
107.2
107.222
107.169
107.206
107.2
107.203
107.185
107.206
107.206
107.192
107.211
107.191
107.2
107.199
107.192
107.218
107.349
107.042
107.206
107.178
107.225
107.199
107.199
110.079
104.312
107.203
107.214
107.185
107.199
107.267
107.143
107.206
107.185
107.199
107.21
107.2
107.2
107.191
107.199
107.192
107.218
107.191
107.2
107.199
107.226
107.184
107.199
107.192
107.206
107.219
107.184
107.199
107.207
107.184
107.241
107.169
107.199
107.192
107.199
107.214
107.196
107.191
107.328
107.071
107.218
107.192
107.181
107.21
107.21
107.173
107.226
107.206
107.177
107.207
107.241
107.169
107.191
107.207
107.425
106.967
107.206
107.203
107.214
107.177
107.227
107.183
107.191
107.2
107.199
107.184
107.226
107.191
107.2
107.199
107.214
107.169
107.226
107.218
107.173
107.21
107.2
107.206
109.874
104.517
107.192
107.211
107.191
107.234
107.172
107.178
107.24
107.191
107.192
107.211
107.208
107.183
107.206
107.215
107.169
107.226
107.184
107.191
107.215
107.184
107.207
107.203
107.199
107.222
107.188
107.207
107.278
107.112
110.088
104.416
107.09
107.192
107.207
107.199
107.248
107.151
107.203
107.199
107.199
107.433
106.966
107.177
107.217
107.207
107.248
107.154
107.2
107.199
107.184
107.207
107.21
107.2
107.199
107.178
107.213
107.327
107.064
107.21
110.84
103.743
107.015
107.188
107.214
107.2
107.199
107.21
107.2
107.312
107.079
107.199
107.21
107.186
107.205
107.2
107.199
107.447
109.355
104.807
107.192
107.191
107.218
107.192
107.199
107.207
107.215
107.187
107.2
107.199
111.666
102.725
107.199
107.218
107.192
107.192
107.206
107.192
107.218
107.192
107.241
107.15
107.207
107.177
107.65
106.767
107.214
107.195
110.238
104.153
107.2
107.222
107.176
107.211
107.199
107.192
107.353
107.053
107.195
107.207
107.192
107.199
107.199
107.211
107.191
107.207
107.203
107.215
107.184
107.191
107.2
107.199
107.199
107.234
107.176
107.383
107.023
107.192
111.001
103.386
107.207
107.184
107.225
107.2
107.477
106.914
107.184
107.241
107.199
107.176
107.2
107.215
107.21
107.18
107.338
107.057
107.218
107.195
107.196
107.184
107.207
107.199
107.184
107.222
107.218
107.184
107.192
107.226
107.199
107.185
107.198
107.184
107.218
107.215
107.191
107.185
107.222
107.187
107.237
107.143
107.211
107.185
107.221
107.203
107.184
107.263
107.143
107.226
107.184
107.191
107.2
107.199
107.21
107.2
107.184
107.207
107.199
107.233
107.169
107.182
107.217
107.353
107.064
107.192
107.191
107.376
107.023
107.226
107.184
107.199
107.192
107.218
107.173
107.218
107.184
107.214
107.192
107.312
107.098
107.199
107.192
107.199
107.312
107.098
107.215
107.176
107.199
107.199
107.211
107.527
106.864
107.206
107.219
107.184
107.199
107.192
107.285
107.098
107.226
107.191
107.185
107.214
107.192
107.218
107.191
107.463
106.936
107.218
107.192
107.199
107.192
107.327
107.105
107.199
107.185
107.199
107.184
107.207
107.203
108.477
105.929
107.184
107.226
107.447
106.928
107.234
107.191
107.173
107.211
107.199
107.184
107.207
107.418
107.022
107.169
107.192
107.206
111.667
102.717
107.218
107.207
107.191
107.219
107.184
107.199
107.207
107.184
107.207
107.203
107.199
107.193
107.239
107.166
107.218
107.639
106.759
107.169
107.305
107.263
107.034
107.214
107.211
107.2
107.191
107.199
107.241
107.157
107.752
106.651
107.199
107.199
107.312
107.106
107.214
107.169
107.214
107.184
107.41
107.008
107.199
107.193
107.183
107.218
107.173
107.203
111.229
103.211
107.184
107.18
107.211
107.199
107.199
107.44
106.951
107.211
107.199
107.207
108.417
105.978
107.206
107.2
107.184
107.241
107.15
107.218
107.214
107.184
107.219
107.184
107.199
107.223
107.183
107.184
107.226
107.184
107.226
107.157
107.226
107.192
107.199
107.192
107.191
107.215
107.195
107.207
107.199
107.226
107.173
107.204
107.19
107.207
107.199
107.2
107.21
107.199
107.2
107.21
107.181
107.203
107.214
107.369
106.999
107.218
107.173
107.218
107.207
107.203
107.199
107.215
107.184
107.207
107.21
107.181
107.204
107.206
107.345
107.023
107.222
107.196
107.42
106.978
107.191
107.215
107.184
107.21
107.215
107.176
107.215
107.203
107.184
107.214
107.218
107.173
107.211
107.406
107.135
107.885
106.374
107.2
107.229
107.169
107.199
107.203
107.197
107.202
107.199
107.207
107.195
107.201
107.454
106.943
107.207
107.195
107.207
107.173
107.218
107.199
107.219
107.18
107.203
107.199
107.192
107.297
107.113
107.199
107.207
108.587
105.823
107.206
107.177
107.184
107.199
107.218
107.222
107.185
107.248
107.15
107.192
107.225
107.185
107.199
107.203
107.214
107.177
107.214
107.447
106.952
107.176
107.207
107.211
107.184
107.192
107.21
107.199
107.184
107.215
109.129
105.269
107.218
107.184
107.207
107.199
107.211
107.18
107.226
107.184
107.199
107.192
107.241
107.203
107.165
107.199
107.354
107.041
107.911
106.495
107.199
107.346
107.049
107.215
107.191
107.192
107.21
107.2
107.207
107.184
109.854
104.544
107.203
107.222
107.177
107.417
106.966
107.218
107.222
107.184
107.199
107.2
107.21
107.185
107.199
107.206
107.185
107.21
108.655
105.751
107.192
107.233
107.169
107.222
107.184
107.192
107.496
106.914
107.199
107.199
107.199
107.2
107.191
107.211
107.233
107.165
107.2
107.199
107.203
107.207
107.184
107.199
107.203
107.216
107.19
107.192
107.184
107.214
109.282
105.121
107.206
107.219
107.191
107.192
107.199
107.199
107.185
107.21
107.207
107.184
107.207
107.185
107.213
107.211
107.199
107.199
107.203
107.264
107.127
107.215
107.184
107.199
107.184
107.226
107.207
107.203
107.18
107.211
107.214
107.193
107.198
107.184
107.211
107.349
107.185
107.063
107.207
107.211
107.192
107.199
107.21
107.174
107.202
107.199
107.222
107.177
107.207
107.21
107.184
107.226
107.184
107.199
107.2
107.199
107.199
107.192
107.199
107.199
107.211
107.208
107.183
107.199
107.203
107.207
107.406
106.985
107.207
107.218
107.184
107.199
107.192
107.21
107.215
107.184
107.192
107.206
107.192
107.203
107.199
107.215
107.184
107.207
107.184
107.21
107.193
107.213
107.203
107.215
107.176
107.193
107.206
107.207
107.203
107.191
107.2
107.206
107.203
107.192
107.192
107.455
106.977
107.184
107.185
107.47
106.943
107.192
107.199
107.203
107.207
107.199
107.184
107.215
107.195
107.199
107.208
107.191
107.21
107.196
107.203
107.185
107.213
107.192
107.192
107.21
107.207
107.192
107.199
107.211
107.199
107.192
107.361
107.048
107.181
107.218
107.376
107.03
107.195
110.054
104.345
107.199
107.218
107.184
107.2
107.199
107.199
107.184
107.249
107.157
107.211
107.432
107.121
107.037
107.226
107.169
107.214
110.448
103.947
107.214
107.192
107.199
107.207
107.402
106.982
107.21
107.199
107.305
107.113
110.711
103.672
107.199
107.226
107.176
107.2
107.199
107.192
107.233
107.192
107.176
107.184
107.222
107.219
107.18
107.191
107.211
107.207
109.553
104.841
107.188
107.373
107.052
107.203
107.207
107.184
107.434
106.991
107.165
107.2
111.473
102.937
107.368
107.297
106.925
107.21
107.192
107.199
107.207
107.195
107.192
107.207
107.207
107.17
107.277
107.135
107.203
107.207
110.167
104.232
107.195
107.215
107.191
107.192
107.184
107.218
107.406
107
107.192
107.304
107.264
107.042
107.198
107.199
107.376
107.015
107.219
107.233
107.15
107.199
107.199
107.211
107.192
107.215
107.183
107.199
107.192
107.218
110.873
103.751
106.978
107.199
107.192
107.206
107.219
107.176
107.184
107.222
107.199
107.275
107.116
107.186
107.232
107.184
107.203
107.199
107.181
107.218
107.199
107.184
107.226
107.199
107.207
107.191
107.219
107.176
107.207
107.214
107.169
110.937
103.481
107.199
107.229
107.188
107.2
107.184
107.215
107.176
107.206
107.2
107.203
107.215
107.168
107.455
106.985
107.177
107.447
106.951
107.192
107.207
107.203
107.199
107.199
107.199
107.2
107.203
107.199
107.199
107.192
107.193
107.217
107.199
107.214
107.192
107.211
107.184
107.214
107.177
107.191
107.234
107.191
107.215
107.203
107.172
107.2
107.203
107.207
107.199
107.191
107.204
107.214
107.207
107.184
107.184
107.226
107.184
107.199
107.214
107.177
107.49
106.942
107.177
107.184
107.214
107.282
107.102
107.218
107.214
107.192
107.192
107.346
107.056
107.214
107.177
107.207
107.218
107.255
111.095
103.375
107.057
107.203
107.191
107.294
107.097
107.219
107.214
107.184
107.192
107.214
108.163
106.247
107.184
107.184
107.222
107.203
107.256
107.135
107.214
107.177
107.207
107.274
107.114
107.263
107.191
107.162
107.221
107.185
111.79
102.593
107.211
107.199
107.199
107.192
107.199
107.199
107.227
107.345
107.045
107.176
107.226
107.192
107.199
107.192
107.225
107.192
110.399
104.007
107.184
107.2
107.199
107.203
107.199
107.321
107.07
107.218
107.177
107.214
107.703
106.714
107.181
107.21
107.192
107.192
107.191
107.376
107.057
107.192
107.206
107.376
107
107.208
107.21
107.191
107.184
107.226
111.32
103.071
107.199
107.218
107.181
107.203
107.214
107.184
107.207
107.192
107.203
107.199
107.199
107.216
107.187
107.214
107.184
107.207
107.192
107.206
107.188
107.207
107.263
107.128
107.312
107.155
107.142
107.207
107.192
107.218
111.921
102.695
106.966
107.241
107.177
107.18
107.226
107.176
107.201
107.431
106.958
107.211
107.207
107.538
106.872
107.199
107.184
107.207
107.218
107.158
107.21
107.207
107.207
107.184
107.218
107.214
107.177
107.192
107.214
107.188
107.207
107.199
107.192
107.24
107.166
107.203
107.207
107.191
107.204
107.195
107.267
107.135
107.199
107.185
107.218
107.191
107.215
107.191
107.207
107.169
107.214
107.211
107.207
107.192
107.21
107.18
107.219
107.184
107.199
107.214
107.184
107.211
107.199
107.207
107.346
107.049
107.199
107.199
107.192
107.211
107.199
107.199
107.199
107.193
107.183
107.226
107.207
107.191
107.192
107.207
107.191
107.219
107.191
107.192
107.199
107.199
107.219
107.398
106.985
107.271
107.131
108.407
106.078
107.121
107.233
107.184
107.184
107.192
107.199
107.184
107.218
107.207
107.199
107.192
107.212
107.186
107.211
107.199
107.2
108.801
105.593
107.263
107.143
107.2
107.176
107.218
107.2
107.199
107.346
107.094
107.169
109.046
105.345
107.207
107.191
107.199
107.203
107.207
107.192
107.184
107.226
107.207
107.184
107.376
107.064
107.176
107.192
107.184
107.207
107.858
106.552
107.199
107.199
107.192
107.214
107.196
107.207
107.184
107.214
107.248
107.139
109.806
104.593
107.21
107.192
107.207
107.207
107.375
107.023
107.203
107.192
107.199
107.192
107.207
107.234
107.16
107.207
107.184
107.215
108.56
105.834
107.199
107.207
107.192
107.192
107.21
107.207
107.177
107.222
107.191
107.218
107.192
107.185
107.214
107.191
107.226
107.176
107.207
107.226
107.165
107.26
107.15
107.199
107.2
107.192
107.21
107.199
107.199
107.192
109.207
105.195
107.207
107.256
107.143
107.266
107.185
107.221
107.158
107.211
107.178
107.198
107.207
107.143
107.233
107.233
107.459
106.95
107.192
107.35
107.034
107.172
107.211
107.214
107.177
107.199
107.211
107.199
107.199
107.2
107.203
109.358
105.04
107.199
107.218
107.256
107.12
107.207
107.192
107.207
107.233
107.169
107.214
107.178
107.221
107.218
107.184
107.184
107.199
107.226
107.15
107.226
107.342
107.064
107.192
107.21
107.207
107.184
107.199
107.403
106.996
107.196
107.214
107.184
107.199
107.218
107.199
107.32
107.064
107.214
107.432
106.963
107.214
107.184
107.184
107.226
107.192
107.169
107.244
107.185
107.21
107.207
107.184
107.199
107.192
107.207
107.177
107.225
107.199
107.233
107.17
107.241
107.157
107.199
107.211
107.214
107.199
107.177
107.199
107.233
107.177
107.192
107.199
107.199
107.219
107.191
107.192
107.222
107.169
109.305
105.086
107.218
107.199
107.199
107.2
107.203
107.199
107.207
107.214
107.195
107.2
107.256
107.127
107.192
107.191
107.234
107.184
107.207
107.191
107.192
107.218
107.207
107.47
106.913
107.218
107.185
107.206
107.207
107.184
109.978
104.455
107.169
107.214
107.177
107.222
107.161
107.226
107.184
107.214
107.192
107.226
107.184
107.199
107.199
107.207
107.203
107.192
108.864
105.534
107.2
107.176
107.233
107.192
107.41
106.967
107.232
107.192
107.255
107.143
110.633
103.785
107.184
107.342
107.049
107.199
107.192
107.218
107.207
107.199
107.207
107.188
107.199
107.193
107.333
107.072
107.176
107.222
109.515
104.929
107.161
107.189
107.195
107.229
107.169
107.478
106.992
107.162
107.169
107.391
107.113
107.159
107.16
107.313
107.105
107.188
107.203
107.278
107.135
107.162
107.225
107.181
107.203
107.2
107.206
107.225
107.185
107.199
110.32
104.063
107.218
107.173
107.218
107.2
107.184
107.199
107.233
107.192
107.192
107.199
107.274
107.152
107.16
107.2
107.214
107.192
107.191
107.226
107.177
107.432
106.981
107.184
107.275
107.128
107.233
107.173
107.184
107.218
110.798
103.593
107.207
107.203
107.191
107.207
107.361
107.045
107.203
107.192
107.192
107.214
107.195
107.216
107.175
107.2
107.184
107.222
107.21
107.184
107.2
107.368
107.038
107.191
107.203
107.2
107.225
107.173
107.199
107.594
106.809
107.199
107.199
107.32
107.075
107.207
107.206
107.211
107.5
106.891
107.192
107.206
107.2
107.185
107.416
106.993
107.285
107.121
107.36
107.03
107.211
107.207
107.184
107.207
107.233
107.162
107.241
107.165
107.203
107.195
107.196
107.234
107.164
107.211
107.199
107.192
107.206
107.192
107.211
107.206
107.192
107.199
107.2
107.199
107.225
107.354
107.015
107.207
107.199
111.802
102.6
107.214
107.188
107.2
107.188
107.203
107.222
107.184
107.203
107.18
107.211
107.448
106.961
107.196
107.184
107.218
107.192
107.184
107.222
107.203
107.192
107.199
107.199
107.211
107.18
107.218
107.199
107.376
107.023
110.858
103.537
107.214
107.184
107.211
107.428
106.978
107.199
107.184
107.226
107.184
107.192
108.151
106.255
107.218
107.176
107.207
107.447
106.944
107.211
107.188
107.203
107.214
107.184
107.218
107.193
107.198
107.207
107.176
107.215
111.553
102.857
107.191
107.218
107.2
107.184
107.368
107.015
107.233
107.181
107.203
107.199
107.199
107.233
107.17
107.191
107.2
107.199
110.328
104.119
107.151
107.203
107.206
107.2
107.218
107.158
107.225
107.199
107.177
107.222
107.602
106.8
107.192
107.199
107.207
107.195
107.207
107.192
107.191
107.215
107.195
107.188
107.211
107.2
107.217
107.181
107.203
107.206
111.042
103.357
107.203
107.199
107.207
107.192
107.199
107.195
107.192
107.214
107.2
107.203
107.191
107.471
106.928
107.199
107.211
107.191
107.2
107.206
107.192
107.207
107.203
107.192
107.447
106.952
107.206
107.203
107.214
107.184
111.696
102.703
107.195
107.215
107.184
107.199
107.218
107.192
107.214
107.177
107.199
107.199
107.211
107.215
107.311
107.072
107.191
107.203
107.207
107.263
107.128
107.211
107.191
107.196
107.195
107.391
107.042
107.176
107.2
107.199
107.207
107.203
107.199
107.207
107.191
107.192
107.184
107.369
107.32
106.935
107.192
107.207
107.203
107.2
107.206
107.199
107.192
107.195
107.2
107.206
107.192
107.192
107.225
107.185
107.214
107.192
107.21
107.192
107.192
107.206
107.2
107.625
106.777
107.199
107.192
107.214
107.211
107.184
107.192
107.221
107.177
107.327
107.267
107.016
107.176
107.229
107.184
107.207
107.203
107.192
107.207
107.225
107.192
107.177
107.199
107.207
107.177
107.225
107.199
107.297
107.117
108.331
106.037
107.211
107.206
107.192
107.199
107.203
107.207
107.342
107.064
107.192
107.203
107.421
106.97
107.218
107.192
107.172
107.219
111.752
102.661
107.192
107.203
107.192
107.214
107.192
107.249
107.168
107.184
107.32
107.169
108.895
105.567
107.064
107.241
107.112
107.207
107.248
107.177
107.214
107.185
107.199
107.203
107.199
107.227
107.172
107.203
107.221
107.192
107.744
106.64
107.199
107.218
107.184
107.184
107.207
107.218
107.192
107.199
107.192
107.184
107.226
107.191
107.215
107.199
107.192
107.218
107.319
107.064
107.214
107.177
107.207
107.184
107.218
107.208
107.183
107.207
107.218
107.192
108.481
105.91
107.21
107.173
107.417
107
107.346
107.064
107.207
107.184
107.207
107.199
107.203
107.208
107.183
107.207
107.184
107.211
107.199
107.207
107.191
107.233
107.186
107.397
106.993
107.184
107.225
107.185
107.214
107.184
109.184
105.207
107.338
107.158
107.128
107.211
107.492
106.891
107.173
107.218
107.199
107.233
107.166
107.196
107.214
107.191
107.192
107.218
107.199
107.2
107.36
107.046
107.248
107.139
107.293
107.105
107.233
107.158
107.211
107.248
107.143
107.199
107.207
107.203
107.207
107.184
107.214
107.192
107.176
107.226
107.207
107.177
107.218
107.215
107.183
107.192
107.207
107.199
107.203
107.192
107.206
107.207
107.196
107.199
107.199
107.346
107.071
107.188
107.196
107.214
107.177
107.2
107.191
107.297
107.12
107.207
107.207
107.394
106.989
107.184
107.218
107.207
107.196
107.199
107.207
107.184
107.199
107.226
107.184
110.158
104.255
107.2
107.188
107.206
107.2
107.199
107.178
107.213
107.203
107.18
107.226
107.177
107.191
107.226
107.192
107.206
107.192
107.192
107.458
106.944
107.214
107.192
107.192
107.218
107.2
107.198
107.192
107.192
107.218
109.208
105.303
107.079
107.199
107.211
107.214
107.184
107.177
107.343
107.183
107.098
107.199
107.185
107.218
107.214
107.169
107.237
107.195
107.2
107.173
107.195
107.237
107.177
107.176
107.233
107.167
107.217
107.222
107.195
107.192
109.959
104.432
107.225
107.192
107.184
107.207
107.199
107.207
107.203
107.199
107.2
107.191
107.2
107.219
107.175
107.207
107.199
107.2
108.752
105.665
107.184
107.177
107.222
107.203
107.18
107.204
107.213
107.226
107.192
107.173
110.602
103.822
107.177
107.211
107.206
107.192
107.199
107.192
107.226
107.176
107.207
107.207
107.192
107.204
107.205
107.192
107.184
107.207
109.392
105.018
107.192
107.24
107.158
107.192
107.207
107.21
107.214
107.177
107.211
107.199
107.199
107.185
107.214
107.203
107.199
107.199
107.199
107.192
107.218
107.188
107.203
107.184
107.207
107.227
107.175
107.207
107.207
107.192
110.083
104.311
107.207
107.214
107.177
107.207
107.248
107.154
107.184
107.207
107.199
107.203
107.207
107.193
107.198
107.207
107.199
107.196
107.206
107.207
107.192
107.195
107.2
107.206
107.192
107.207
107.188
107.214
107.199
107.211
110.711
103.669
107.21
107.199
107.192
107.199
107.203
107.207
107.192
107.199
107.207
107.195
107.207
107.193
107.198
107.211
107.214
107.192
107.199
107.21
107.181
107.218
107.169
107.207
107.207
107.203
107.199
107.199
107.207
107.225
107.166
107.211
107.191
107.214
107.177
107.199
107.203
107.222
107.184
107.215
107.176
107.218
107.192
107.193
107.206
107.451
106.958
107.207
107.199
107.331
107.053
107.192
107.203
107.206
107.53
106.869
107.184
107.218
107.192
107.184
107.214
107.204
107.199
107.214
107.225
107.158
107.2
107.225
107.177
107.218
107.188
107.195
107.207
107.199
107.192
107.207
107.353
107.049
107.192
110.065
104.341
107.195
107.207
107.192
107.222
107.176
107.203
107.207
107.192
107.199
107.199
107.434
106.976
107.199
107.185
107.218
107.191
107.2
107.206
107.207
107.192
107.21
107.192
107.199
107.185
107.218
107.188
107.443
106.966
110.802
103.589
107.403
106.992
107.207
107.207
107.176
107.218
107.207
107.199
107.192
107.211
107.199
107.176
107.222
107.185
107.206
107.226
107.184
107.192
107.192
107.206
107.211
107.207
107.184
107.193
107.213
107.195
107.184
107.215
111.441
102.965
107.192
107.375
107.034
107.185
107.199
107.346
107.398
106.872
107.2
107.176
107.233
107.17
107.221
107.2
107.199
107.192
107.21
107.199
107.2
107.199
107.192
107.21
107.199
107.2
107.21
107.184
107.23
107.176
107.561
106.864
107.169
107.215
107.184
107.218
107.214
107.192
107.192
107.191
107.2
107.203
107.191
107.2
107.214
107.207
107.188
107.206
110.975
103.409
107.207
107.218
107.191
107.207
107.199
107.177
107.214
107.203
107.192
107.184
107.215
107.191
107.203
107.207
107.226
107.264
107.085
107.226
107.199
107.391
107
107.203
107.207
107.193
107.198
107.207
107.225
107.199
111.588
102.788
107.2
107.398
106.996
107.2
107.24
107.158
107.192
107.218
107.447
106.944
107.207
107.226
107.168
107.207
107.199
107.192
107.218
107.184
107.2
107.199
107.207
107.191
107.203
107.207
107.207
107.192
107.203
107.191
107.2
108.497
105.901
107.199
107.203
107.2
107.191
107.215
107.218
107.184
107.233
107.334
107.143
107.073
107.224
107.192
107.184
107.222
107.177
107.425
107.033
107.158
107.185
107.206
107.263
107.162
107.169
107.207
107.207
107.184
107.248
107.554
106.848
107.177
107.222
107.169
107.214
107.192
107.196
107.199
107.214
107.184
107.2
107.185
107.217
107.199
107.192
107.218
107.207
107.165
107.218
107.214
107.185
107.199
107.203
107.199
107.207
107.184
107.41
107
107.214
108.249
106.345
106.981
107.211
107.214
107.192
107.218
107.173
107.184
107.402
107.03
107.177
107.222
107.218
107.177
107.191
107.2
107.199
111.883
102.519
107.222
107.169
107.207
107.203
107.192
107.222
107.191
107.199
107.211
107.184
109.008
105.424
107.305
107.071
107.192
107.222
107.319
107.395
106.865
107.199
107.199
107.218
107.181
107.185
107.217
107.192
107.225
107.181
107.763
106.639
107.207
107.178
107.205
107.196
107.199
107.214
107.218
107.173
107.211
107.364
107.034
107.208
107.161
107.289
107.128
107.222
107.177
107.503
106.929
107.207
107.199
107.44
106.928
107.218
107.207
107.192
107.225
107.166
108.44
105.962
107.199
107.218
107.2
107.214
107.192
107.176
107.218
107.181
107.218
107.184
107.199
107.193
107.198
107.211
107.199
107.199
107.192
107.199
107.207
107.203
107.207
107.184
107.192
107.225
107.2
107.184
107.207
107.218
109.361
105.022
107.192
107.225
107.188
107.181
107.199
107.214
107.233
107.17
107.199
107.184
107.222
107.219
107.149
107.226
107.192
107.214
107.184
107.184
107.226
107.391
107.105
107.094
107.192
107.331
107.195
107.09
107.192
107.199
107.211
107.193
107.205
107.192
107.211
107.199
107.199
107.233
107.166
107.24
107.192
107.169
107.184
107.216
107.202
107.206
107.2
107.233
107.191
107.2
107.169
107.199
107.256
107.143
107.176
107.226
107.223
107.168
107.218
107.222
107.169
107.223
107.168
107.199
107.207
107.203
107.199
107.327
107.079
107.169
107.226
107.188
107.203
107.199
107.211
107.199
107.192
107.225
107.173
108.482
105.928
107.192
107.342
107.267
107.007
107.192
107.185
107.206
107.199
107.199
107.211
107.185
107.206
107.199
107.211
107.199
107.192
107.206
107.226
107.165
107.211
107.192
107.191
107.215
107.177
107.225
107.192
107.206
107.192
109.185
105.225
107.199
107.192
107.207
107.191
107.233
107.177
107.192
107.342
107.068
107.199
107.214
107.193
107.191
107.218
107.184
107.192
107.199
107.199
107.184
107.226
107.199
107.207
107.192
107.219
107.179
107.196
107.214
107.184
109.851
104.574
107.177
107.255
107.143
107.211
107.364
107.034
107.207
107.184
107.211
107.199
107.192
107.192
107.206
107.211
107.199
107.192
107.199
107.199
107.199
107.211
107.199
107.199
107.177
107.335
107.09
107.199
107.184
107.215
110.482
103.901
107.211
107.199
107.207
107.191
107.211
107.199
107.177
107.214
107.226
107.191
107.192
107.264
107.142
107.417
106.952
107.233
109.256
105.142
107.184
107.196
107.207
107.191
107.192
107.241
107.424
106.974
107.177
107.199
107.214
107.196
107.199
107.192
107.199
107.203
107.229
107.177
107.192
107.207
107.191
107.196
107.207
107.207
107.191
107.214
107.203
107.185
110.031
104.367
107.214
107.17
107.218
107.199
107.199
107.218
107.192
107.192
107.199
107.192
107.214
107.226
107.176
107.192
107.233
107.159
107.311
107.105
107.199
107.185
107.233
107.18
107.196
107.383
107.049
107.173
107.203
107.199
107.462
106.945
107.21
107.191
107.192
107.184
107.222
107.192
107.21
107.192
107.222
107.21
107.166
107.185
107.217
107.241
107.184
107.177
107.221
107.162
107.214
107.222
107.177
107.203
107.207
107.191
107.233
107.177
107.192
107.207
107.413
106.964
107.217
107.199
107.192
107.199
107.214
107.196
107.214
107.169
107.214
107.211
107.173
107.2
107.195
107.221
107.185
107.206
107.218
107.2
107.184
107.225
107.181
107.177
107.206
107.211
107.225
107.391
106.993
107.214
107.192
107.2
107.217
107.177
107.214
107.327
107.057
107.21
107.192
107.214
107.177
107.199
107.241
107.176
107.512
106.879
107.2
107.191
107.211
110.031
104.529
107.038
107.176
107.226
107.199
107.207
107.185
107.21
107.199
107.207
107.199
107.312
107.056
107.233
107.222
107.162
107.27
107.14
107.199
107.184
107.214
107.192
107.241
107.169
107.199
107.207
107.184
107.184
107.226
110.719
103.672
107.319
107.113
107.177
107.199
107.192
107.207
107.218
107.184
107.199
107.199
107.192
107.2
107.225
107.184
107.192
107.218
107.18
107.211
107.199
107.199
107.192
107.395
107.015
107.208
107.19
107.192
107.218
107.192
111.368
103.045
107.185
107.218
107.184
107.199
107.214
107.177
107.214
107.196
107.207
107.191
107.192
107.2
107.21
107.199
107.214
107.185
110.218
104.169
107.214
107.199
107.215
107.338
107.064
107.184
107.184
107.207
107.207
107.203
107.489
106.894
107.215
107.184
107.214
107.203
107.248
107.143
107.226
107.184
107.199
107.207
107.304
107.073
107.232
107.192
107.191
107.207
110.892
103.51
107.376
107.015
107.233
107.185
107.184
107.192
107.206
107.2
107.203
107.199
107.199
107.219
107.18
107.191
107.211
107.214
107.177
107.199
107.199
107.185
107.225
107.192
107.199
107.242
107.168
107.199
107.177
107.214
111.603
102.807
107.192
107.191
107.207
107.218
107.184
107.414
106.993
107.199
107.203
107.199
107.192
107.23
107.176
107.218
107.18
107.196
107.199
107.218
107.195
107.211
107.192
107.184
107.248
107.15
107.226
107.192
107.184
107.21
107.188
107.219
107.184
107.206
107.192
107.199
107.192
107.211
107.222
107.195
107.192
107.199
107.192
107.207
107.191
107.207
107.177
107.218
107.206
107.192
107.211
107.214
107.184
107.207
107.192
107.199
107.21
107.185
107.199
107.199
107.218
107.456
107.037
107.09
107.199
107.199
107.211
107.24
107.158
107.384
107.019
107.199
107.199
107.199
107.192
107.214
107.17
107.218
107.199
107.21
107.188
107.185
107.225
107.192
107.214
107.192
107.178
107.224
107.192
107.255
107.155
108.151
106.326
107.113
107.233
107.173
107.188
107.199
107.207
107.199
107.203
107.207
107.184
107.214
107.185
107.206
107.211
107.199
107.192
107.199
107.199
107.211
107.207
107.184
107.207
107.176
107.226
107.207
107.184
107.192
107.214
108.865
105.53
107.206
107.177
107.222
107.203
107.192
107.199
107.225
107.181
107.203
107.357
107.034
107.225
107.32
107.064
107.199
107.192
107.68
106.73
107.199
107.184
107.214
107.192
107.199
107.226
107.319
107.072
107.184
107.256
107.143
107.218
107.184
107.214
107.184
107.211
111.463
102.935
107.211
107.215
107.191
107.177
107.214
107.234
107.134
107.207
107.226
107.233
108.368
106.301
106.891
107.214
107.199
107.185
107.214
107.188
107.207
107.191
107.192
107.211
107.199
107.185
107.213
107.207
107.188
107.207
112
102.406
107.184
107.226
107.199
107.184
107.199
107.211
107.208
107.183
107.199
107.199
107.192
107.227
107.19
107.192
107.199
107.2
107.203
107.199
107.207
107.191
107.2
107.199
107.203
107.185
107.24
107.184
107.165
107.226
107.199
107.184
107.215
107.176
107.226
107.199
107.184
107.215
107.21
107.192
107.207
107.406
106.988
107.197
107.217
107.192
107.304
107.072
107.214
107.203
107.199
107.192
107.214
107.184
107.226
107.178
107.22
107.192
107.523
106.872
107.207
107.184
107.207
107.176
107.226
107.184
107.214
107.2
107.184
107.218
107.199
107.199
107.2
107.204
107.213
107.184
107.192
107.199
107.248
107.169
107.28
107.146
107.18
107.195
107.222
107.184
107.178
107.213
107.203
107.207
107.184
108.64
105.751
107.248
107.177
107.192
107.191
107.185
107.215
107.217
107.192
107.191
107.218
107.178
107.206
107.199
107.207
107.297
107.086
107.226
107.192
107.225
107.357
107.019
107.207
107.184
107.392
107.048
107.158
107.203
107.207
109.143
105.248
107.199
107.218
107.192
107.199
107.184
107.211
107.229
107.184
107.184
107.218
107.181
107.185
107.217
107.199
107.215
107.176
107.226
107.184
107.199
107.339
107.06
107.203
107.199
107.215
107.176
107.192
107.218
107.199
109.817
104.574
107.211
107.229
107.169
107.184
107.463
106.962
107.199
107.192
107.199
107.335
107.064
107.211
107.191
107.199
107.185
107.248
108.552
105.831
107.226
107.176
107.173
107.196
107.214
107.192
107.207
107.21
107.192
107.184
110.448
103.966
107.203
107.18
107.211
107.199
107.199
107.211
107.214
107.177
107.199
107.225
107.181
107.219
107.176
107.199
107.222
107.188
109.215
105.176
107.199
107.184
107.222
107.177
107.233
107.184
107.225
107.406
106.978
107.207
107.184
107.2
107.21
107.191
107.207
107.199
107.369
107.056
107.177
107.184
107.207
107.199
107.199
107.193
107.217
107.192
107.184
107.233
109.911
104.473
107.199
107.222
107.176
107.211
107.229
107.169
107.177
107.226
107.342
107.056
107.192
107.234
107.176
107.199
107.293
107.098
107.225
107.271
107.113
107.207
107.184
107.229
107.173
107.207
107.199
107.192
107.199
107.199
107.211
107.185
107.206
107.199
107.297
107.128
107.184
107.192
107.297
107.128
107.184
107.192
107.199
107.185
107.221
107.282
107.154
107.158
107.199
107.214
107.196
107.192
107.199
107.199
107.214
107.196
107.184
107.207
107.214
107.192
107.331
107.072
107.191
107.199
107.199
107.211
107.199
107.192
107.199
107.211
107.199
107.199
107.192
107.207
107.206
107.196
107.192
107.199
107.199
107.203
107.447
106.959
107.192
107.199
107.207
107.203
107.214
107.177
107.207
107.218
107.184
107.215
107.176
107.207
107.225
107.177
107.192
107.191
107.215
107.218
107.184
107.199
107.192
107.199
107.233
107.177
107.192
107.349
107.049
107.199
107.211
107.199
107.222
107.169
107.199
107.218
107.2
107.199
107.184
107.207
107.203
107.264
107.127
107.199
107.192
107.218
107.199
107.199
107.192
107.214
107.196
107.199
107.271
107.169
107.263
107.184
107.129
107.213
107.249
110.921
103.447
107.139
107.293
107.106
107.214
107.218
107.192
107.47
106.913
107.207
107.267
107.15
107.218
107.177
107.188
107.203
107.199
109.838
104.617
107.136
107.24
107.368
107
107.211
107.2
107.187
107.218
107.199
107.192
111.306
103.089
107.192
107.191
107.455
106.978
107.199
107.192
107.432
106.959
107.176
107.335
107.09
107.208
107.202
107.188
107.195
107.207
110.406
104.034
107.162
107.214
107.184
107.184
107.222
107.203
107.181
107.218
107.206
107.192
107.203
107.17
107.221
107.214
107.177
107.211
107.199
107.199
107.214
107.568
106.816
107.203
107.199
107.193
107.209
107.196
107.218
107.199
110.771
103.605
107.207
107.218
107.184
107.192
107.233
107.173
107.195
107.215
107.191
107.203
107.196
107.204
107.221
107.176
107.256
107.143
107.203
107.199
107.207
107.218
107.177
107.206
107.192
107.208
107.191
107.255
107.162
107.184
111.541
102.873
107.184
107.218
107.184
107.207
107.184
107.211
107.214
107.207
107.191
107.233
107.162
107.193
107.213
107.346
107.049
107.18
107.226
107.207
107.169
107.207
107.203
107.195
107.218
107.184
107.185
107.218
107.199
107.199
107.192
111.441
102.976
107.192
107.214
107.199
107.177
107.192
107.204
107.221
107.21
107.196
107.188
107.18
107.226
107.191
107.218
107.192
107.192
107.214
107.177
107.225
107.181
107.203
107.199
107.199
107.192
107.211
107.357
107.184
107.056
107.489
106.936
107.177
107.214
107.192
107.225
107.185
107.184
107.18
107.218
107.192
107.211
107.398
107.144
107.048
107.207
107.199
107.21
107.192
107.207
107.203
107.214
107.233
107.143
107.192
107.223
107.232
107.169
107.504
106.894
108.107
106.281
107.229
107.459
106.909
107.211
107.165
107.241
107.184
107.207
107.184
107.199
107.218
107.207
107.184
107.2
107.225
107.166
111.561
102.848
107.192
107.199
107.203
107.207
107.184
107.327
107.106
107.176
107.207
107.425
108.576
105.593
107.214
107.433
106.958
107.192
107.192
107.218
107.214
107.184
107.192
107.199
107.2
107.189
107.269
107.143
107.214
107.188
107.625
106.781
107.192
107.211
107.188
107.21
107.184
107.207
107.44
106.959
107.21
107.29
107.259
107.05
107.191
107.21
107.369
107.03
111.057
103.36
107.177
107.191
107.215
107.176
107.218
107.182
107.224
107.2
107.191
107.203
108.272
106.345
106.989
107.203
107.199
107.199
107.192
107.207
107.184
107.21
107.207
107.192
107.199
107.193
107.206
107.203
107.199
107.199
111.704
102.713
107.192
107.256
107.135
107.207
107.184
107.218
107.199
107.192
107.199
107.211
107.199
107.279
107.266
107.053
107.225
107.192
107.177
107.214
107.196
107.206
107.2
107.199
107.192
107.185
107.337
107.072
107.214
107.192
107.439
106.985
107.185
107.214
107.425
106.977
107.184
107.192
107.233
107.166
107.195
107.222
107.177
107.185
107.213
107.256
107.143
107.21
107.199
107.192
107.199
107.203
107.215
107.191
107.192
107.199
107.193
107.251
107.207
107.15
107.211
107.191
107.207
107.192
107.199
107.199
107.188
107.222
107.23
107.169
107.191
107.2
107.21
107.215
107.184
107.191
107.226
107.177
107.206
107.192
107.425
106.992
107.192
107.192
107.207
107.191
107.226
107.184
107.199
107.192
107.207
107.195
107.414
106.977
107.271
107.402
107.03
107.121
107.184
107.432
106.978
107.191
107.207
107.185
107.285
107.12
107.192
107.199
107.218
107.2
107.199
107.195
107.207
107.199
107.192
107.199
107.234
107.176
107.192
107.207
107.199
108.956
105.446
107.32
107.079
107.191
107.2
107.233
107.176
107.211
107.18
107.459
106.951
107.199
107.203
107.2
107.199
107.199
107.199
108.163
106.232
107.189
107.274
107.142
107.185
107.214
107.204
107.198
107.199
107.185
107.21
109.685
104.736
107.192
107.218
107.192
107.184
107.192
107.368
107.03
107.226
107.191
107.215
107.169
107.223
107.175
107.203
107.207
107.229
108.475
105.913
107.191
107.207
107.177
107.199
107.282
107.102
107.24
107.192
107.184
107.207
107.195
107.189
107.21
107.192
107.206
107.2
107.274
107.135
107.211
107.18
107.211
107.173
107.316
107.095
107.213
107.195
107.192
107.222
109.121
105.262
107.2
107.255
107.162
107.21
107.215
107.161
107.192
107.214
107.192
107.207
107.195
107.186
107.22
107.2
107.191
107.2
107.203
107.199
107.207
107.21
107.181
107.21
107.177
107.2
107.213
107.2
107.195
107.47
109.576
104.559
107.2
107.188
107.221
107.192
107.207
107.203
107.173
107.218
107.263
107.128
107.207
107.204
107.453
106.944
107.192
107.218
107.207
107.184
107.199
107.199
107.26
107.15
107.192
107.199
107.218
107.184
107.2
107.214
107.368
109.505
104.721
107.192
107.206
107.192
107.203
107.196
107.372
107.037
107.2
107.191
107.203
107.216
107.19
107.192
107.218
107.184
107.207
107.192
107.207
107.233
107.161
107.207
107.278
107.113
107.226
107.391
106.992
107.222
107.163
107.304
107.183
107.128
107.223
107.24
107.169
107.169
107.229
107.196
107.199
107.184
107.199
107.286
107.163
107.16
107.421
106.955
107.215
107.199
107.177
107.233
107.191
107.215
107.481
106.887
107.185
107.225
107.327
107.079
107.203
107.223
107.408
106.959
107.199
107.2
107.455
106.928
107.218
107.192
107.21
107.2
107.184
107.214
107.184
107.215
107.21
107.207
107.376
109.723
104.484
107.199
107.203
107.199
107.199
107.218
107.173
107.211
107.199
107.199
107.2
107.203
107.199
107.361
107.045
107.184
107.207
107.188
107.214
107.256
107.207
107.135
107.304
107.106
107.219
107.164
107.211
107.214
107.184
110.56
103.88
107.169
107.406
106.985
107.199
107.185
107.218
107.173
107.225
107.184
107.215
107.199
107.185
107.217
107.406
106.993
107.263
109.338
105.109
107.098
107.199
107.211
107.165
107.218
107.2
107.199
107.199
107.225
107.177
111.328
103.168
107.102
107.195
107.207
107.199
107.177
107.226
107.214
107.184
107.184
107.215
107.206
107.212
107.191
107.184
107.184
107.222
110.098
104.312
107.432
106.951
107.214
107.196
107.192
107.206
107.192
107.211
107.195
107.203
107.199
107.193
107.68
106.729
107.207
107.191
107.192
107.211
107.18
107.218
107.192
107.233
107.173
107.204
107.221
107.184
107.195
107.196
110.876
103.541
107.192
107.368
107.034
107.184
107.207
107.376
107.008
107.206
107.211
107.199
107.207
107.242
107.153
107.199
107.199
107.192
107.225
107.2
107.18
107.203
107.425
106.981
107.169
107.226
107.184
107.327
107.079
107.207
111.459
102.943
107.207
107.177
107.21
107.214
107.185
107.206
107.313
107.142
107.147
107.199
107.199
107.219
107.18
107.218
107.248
107.162
107.173
107.451
106.932
107.218
107.192
107.432
107.057
107.127
107.185
107.206
107.2
107.199
107.203
107.192
107.199
107.199
107.207
107.338
107.064
107.192
107.207
107.199
107.21
107.185
107.206
107.216
107.175
107.2
107.195
107.214
107.211
107.184
107.196
107.188
107.221
107.192
107.226
107.176
107.193
107.213
107.192
107.184
107.218
107.422
106.984
107.2
107.191
107.203
107.264
107.142
107.192
107.218
107.357
107.034
107.199
107.192
107.199
107.203
107.207
107.192
107.199
111.362
103.037
107.188
107.391
107.022
107.211
107.191
107.182
107.224
107.2
107.206
107.185
108.001
106.416
107.184
107.192
107.207
107.21
107.327
107.064
107.184
107.218
107.414
107
107.192
107.191
107.218
107.192
107.199
107.192
111.475
102.942
107.177
107.248
107.158
107.207
107.192
107.21
107.192
107.199
107.199
107.218
107.192
107.249
107.161
107.18
107.2
107.21
107.192
107.207
107.225
107.192
107.184
107.199
107.192
107.227
107.183
107.222
107.184
107.184
107.53
106.944
107.128
107.206
107.192
107.199
107.203
107.207
107.184
107.215
107.199
107.195
107.2
107.222
107.199
107.184
107.203
107.199
107.199
107.192
107.199
107.218
107.185
107.199
107.199
107.212
107.22
107.177
107.184
107.207
108.163
106.239
107.391
107.03
107.177
107.207
107.395
107.007
107.199
107.192
107.207
107.195
107.207
107.185
107.206
107.211
107.18
107.218
111.598
102.801
107.191
107.361
107.064
107.177
107.218
107.192
107.214
107.184
107.199
107.418
106.973
108.08
106.33
107.192
107.289
107.117
107.21
107.185
107.278
107.128
107.195
107.222
107.184
107.185
107.214
107.199
107.203
107.192
107.206
107.192
107.203
107.222
107.184
107.192
107.207
107.191
107.186
107.224
107.192
107.192
107.218
107.2
107.213
107.177
107.297
107.113
107.188
107.368
107.041
107.185
107.214
107.192
107.21
107.199
107.212
107.179
107.2
107.191
107.218
107.282
107.117
107.218
107.177
107.214
107.192
107.203
107.222
107.169
107.221
107.192
107.196
107.181
107.217
107.207
107.192
107.191
107.203
107.222
107.199
107.177
107.211
107.199
107.199
107.192
107.241
107.184
107.206
107.185
107.199
108.305
106.086
107.195
107.207
107.199
107.44
107.121
107.048
107.215
107.169
107.199
107.207
107.185
107.217
107.199
107.185
107.206
107.425
106.985
107.199
107.211
107.18
107.2
107.203
107.206
107.193
107.21
107.191
107.207
107.192
108.937
105.469
107.195
107.23
107.169
107.199
107.305
107.097
107.222
107.184
107.207
107.233
107.154
107.295
107.111
107.2
107.199
107.203
107.76
106.646
107.184
107.207
107.192
107.21
107.207
107.219
107.172
107.195
107.2
107.206
109.584
104.807
107.203
107.215
107.206
107.162
107.222
107.195
107.2
107.206
107.2
107.225
107.177
107.185
107.213
107.2
107.195
107.199
108.422
105.984
107.192
107.211
107.199
107.199
107.192
107.207
107.21
107.376
107.015
107.207
107.192
107.192
107.202
107.207
107.207
107.184
107.233
107.169
107.215
107.191
107.2
107.199
107.432
106.979
107.19
107.2
107.203
107.188
109.14
105.277
107.203
107.222
107.169
107.192
107.353
107.068
107.259
107.135
107.2
107.206
107.177
107.204
107.198
107.23
107.169
107.225
107.185
107.477
106.921
107.199
107.192
107.207
107.225
107.185
107.199
107.184
107.233
107.169
109.791
104.615
107.2
107.21
107.188
107.203
107.199
107.192
107.226
107.176
107.188
107.241
107.169
107.185
107.214
107.21
107.425
106.966
107.207
107.195
107.2
107.199
107.199
107.226
107.176
107.207
107.218
107.181
107.191
107.211
107.199
107.192
107.207
107.191
107.305
107.105
107.199
107.192
107.267
107.135
107.2
107.206
107.2
107.192
107.202
107.2
107.184
107.214
107.218
107.184
107.207
107.214
107.177
107.199
107.388
107.022
107.207
107.184
107.199
107.226
107.184
107.208
107.191
107.191
107.211
107.207
107.191
107.2
107.199
107.177
107.218
107.199
107.192
107.439
106.978
107.199
107.192
107.553
106.845
109.505
104.905
107.184
107.207
107.207
107.195
107.207
107.193
107.206
107.191
107.203
107.2
107.181
107.386
107.03
107.267
107.143
107.207
107.184
107.199
107.203
107.207
107.233
107.166
107.203
107.191
107.192
107.214
107.192
107.233
109.817
104.559
107.199
107.2
107.191
107.203
107.207
107.199
107.215
107.184
107.195
107.222
107.192
107.218
107.165
107.233
107.177
107.218
107.188
107.188
107.199
107.192
107.207
107.207
107.218
107.192
107.263
107.135
107.192
107.21
110.471
103.92
107.199
107.2
107.21
107.199
107.32
107.071
107.192
107.199
107.2
107.21
107.192
107.215
107.191
107.195
107.342
107.064
107.192
107.44
106.959
107.21
107.199
107.2
107.203
107.181
107.21
107.214
107.177
107.206
111.219
103.285
107.105
107.207
107.184
107.32
107.09
107.199
107.192
107.199
107.226
107.185
107.424
106.993
107.191
107.192
107.462
106.985
110.015
104.346
107.35
107.129
107.104
107.21
107.188
107.26
107.15
107.207
107.192
107.199
107.199
107.219
107.183
107.192
107.226
107.18
107.211
107.176
107.241
107.158
107.714
106.688
107.214
107.186
107.213
107.203
107.184
107.335
110.537
103.726
107.225
107.173
107.218
107.2
107.218
107.184
107.233
107.173
107.184
107.211
107.199
107.208
107.19
107.264
107.338
107
107.207
107.233
107.165
107.218
107.177
107.391
107.03
107.169
107.242
107.168
107.199
107.192
111.376
103.218
107.015
107.199
107.199
107.192
107.233
107.177
107.214
107.184
107.226
107.192
107.184
107.208
107.224
107.158
107.248
107.177
107.192
107.206
107.418
106.992
107.177
107.214
107.312
107.064
107.241
107.169
107.199
107.184
107.215
107.184
107.218
107.199
107.199
107.2
107.203
107.199
107.207
107.184
107.278
107.132
107.229
107.17
107.206
107.192
107.203
107.255
107.158
107.169
107.222
107.346
107.049
107.199
107.184
107.248
107.143
107.226
107.199
107.256
107.169
107.392
106.991
107.192
107.184
107.222
107.184
107.226
107.184
107.199
107.361
107.038
107.177
107.225
107.193
107.213
107.196
107.199
107.199
111.129
103.281
107.188
107.218
107.184
107.184
107.222
107.17
107.217
107.222
107.184
107.391
107.772
106.439
107.199
107.184
107.222
107.211
107.184
107.199
107.214
107.185
107.199
107.203
107.207
107.207
107.417
106.97
107.199
107.199
111.415
102.961
107.226
107.199
107.199
107.233
107.158
107.211
107.432
106.981
107.184
107.192
107.211
107.181
107.217
107.199
107.218
107.2
107.199
107.207
107.192
107.184
107.203
107.199
107.165
107.219
107.24
107.158
107.312
107.162
107.439
106.895
107.218
107.207
107.177
107.206
107.2
107.191
107.233
107.32
107.098
107.192
107.184
107.158
107.24
107.199
107.361
107.015
110.922
103.514
107.173
107.192
107.211
107.191
107.2
107.206
107.216
107.187
107.199
107.199
108.129
106.277
107.192
107.218
107.184
107.199
107.207
107.196
107.192
107.206
107.278
107.147
107.192
107.256
107.142
107.199
107.177
107.184
111.61
102.789
107.218
107.207
107.191
107.218
107.185
107.199
107.395
107.011
107.195
107.207
107.207
107.192
107.195
107.196
107.21
107.207
107.192
107.233
107.161
107.192
107.214
107.2
107.203
107.286
107.112
107.433
106.958
107.211
107.191
107.327
107.087
107.184
107.211
107.206
107.185
107.199
107.193
107.224
107.184
107.207
107.199
107.186
107.217
107.191
107.192
107.214
107.264
107.146
107.181
107.188
107.229
107.192
107.184
107.218
107.199
107.192
107.353
107.045
107.203
107.832
106.574
107.211
107.18
107.2
107.203
107.206
107.204
107.195
107.192
107.188
107.221
107.208
107.232
107.158
107.218
107.177
107.199
107.199
107.211
107.214
107.184
107.2
107.218
107.191
107.185
107.206
107.192
107.297
107.105
108.167
106.239
107.384
107.007
107.2
107.21
107.399
106.992
107.199
107.203
107.207
107.192
107.207
107.211
107.183
107.2
107.206
107.2
107.191
107.211
107.207
107.44
106.951
107.206
107.185
107.204
107.213
107.184
107.199
107.218
108.859
105.532
107.192
107.432
106.967
107.21
107.192
107.327
107.098
107.176
107.207
107.327
107.064
107.233
107.192
107.184
107.496
106.914
107.214
107.166
107.21
107.207
107.353
107.03
107.2
107.211
107.198
107.192
107.184
107.215
109.587
104.871
107.151
107.225
107.335
107.041
107.233
107.166
107.218
107.176
107.207
107.199
107.192
107.2
107.202
107.2
107.191
107.207
108.347
106.063
107.199
107.199
107.203
107.173
107.215
107.21
107.226
107.165
107.199
107.218
107.2
107.2
107.183
107.207
107.192
107.274
107.143
107.177
107.206
107.395
107.015
107.192
107.207
107.226
107.183
107.192
107.226
107.173
109.035
105.359
107.2
107.221
107.177
107.207
107.192
107.21
107.199
107.2
107.451
106.951
107.192
107.192
107.214
107.191
107.2
107.218
107.199
107.177
107.206
107.185
107.218
107.206
107.192
107.207
107.185
107.217
107.199
107.467
109.421
104.706
107.207
107.184
107.215
107.27
107.124
107.2
107.334
107.072
107.191
107.192
107.211
107.215
107.183
107.199
107.2
107.21
107.199
107.192
107.211
107.184
107.214
107.199
107.2
107.199
107.203
107.192
107.199
107.199
107.226
107.177
107.191
107.214
107.192
107.199
107.211
107.199
107.199
107.2
107.191
107.203
107.207
107.2
107.225
107.184
107.207
107.184
107.199
107.234
107.157
107.2
107.218
107.184
107.432
106.978
107.199
107.233
107.173
107.361
107.041
107.177
107.647
106.766
107.218
107.173
107.211
107.192
107.199
107.319
107.079
107.2
107.188
107.221
107.207
107.192
107.195
107.215
107.191
109.058
105.345
107.199
107.207
107.184
107.207
107.191
107.186
107.217
107.206
107.312
107.091
107.181
107.21
107.199
107.207
107.199
107.21
107.185
107.206
107.207
107.184
107.218
107.489
106.936
107.185
107.18
107.192
107.233
107.161
110.272
104.146
107.199
107.293
107.113
107.233
107.15
107.324
107.116
107.169
107.192
107.523
106.887
107.23
107.176
107.203
107.214
107.177
107.199
107.199
107.207
107.192
107.192
107.225
107.184
107.186
107.352
107.071
107.185
107.206
110.411
103.999
107.192
107.184
107.222
107.192
107.191
107.211
107.214
107.177
107.214
107.203
107.192
107.208
107.19
107.2
107.21
107.199
109.207
105.29
107.3
107.012
107.184
107.199
107.207
107.184
107.192
107.225
107.17
107.221
111.137
103.296
107.169
107.222
107.176
107.218
107.177
107.207
107.214
107.192
107.226
107.169
107.206
107.208
107.183
107.207
107.184
107.482
109.665
104.462
107.226
107.15
107.226
107.263
107.143
107.199
107.218
107.192
107.184
107.207
107.199
107.196
107.199
107.199
107.199
107.2
107.225
107.263
107.113
107.199
107.2
107.191
107.211
107.185
107.213
107.192
107.226
107.184
110.526
103.88
107.192
107.218
107.184
107.226
107.165
107.214
107.218
107.177
107.207
107.176
107.222
107.211
107.184
107.192
107.221
107.177
107.218
107.173
107.218
107.184
107.207
107.199
107.211
107.199
107.192
107.214
107.203
107.207
107.184
107.185
107.405
107.012
107.199
107.199
107.233
107.166
107.199
107.425
106.977
107.226
107.165
107.208
107.217
107.184
107.192
107.383
107.023
107.192
107.225
107.177
107.207
107.184
107.425
106.992
107.192
107.207
107.199
107.192
107.21
107.214
107.339
107.045
107.184
107.218
107.199
107.211
107.199
107.207
107.312
107.071
107.201
107.198
107.211
107.199
107.199
107.184
107.218
107.496
106.895
107.222
107.162
107.218
107.222
107.349
107.005
107.228
107.226
107.398
107.034
107.144
107.183
107.207
107.203
107.199
107.192
107.241
107.191
107.2
107.184
107.191
107.192
107.214
107.226
107.184
107.192
107.218
107.177
107.199
107.199
107.199
107.403
106.988
107.207
107.203
107.222
107.169
107.207
107.21
107.185
107.847
106.566
107.211
107.199
107.199
107.192
107.184
107.199
107.211
107.192
107.199
107.207
107.191
107.192
107.218
107.414
106.977
107.203
111.287
103.119
107.192
107.184
107.218
107.207
107.184
107.207
107.44
106.97
107.199
107.199
107.192
107.208
107.198
107.203
107.229
107.169
111.731
102.664
107.182
107.217
107.191
107.207
107.207
107.219
107.176
107.199
107.199
107.199
107.362
107.048
107.192
107.199
107.199
107.211
107.207
107.184
107.2
107.217
107.192
107.184
107.214
107.177
107.226
107.199
107.207
107.184
110.839
103.559
107.226
107.304
107.072
107.199
107.211
107.199
107.256
107.135
107.218
107.485
107.787
106.333
107.177
107.199
107.211
107.199
107.207
107.184
107.208
107.202
107.199
107.199
107.192
107.223
107.175
107.211
107.184
107.207
111.617
102.785
107.207
107.192
107.199
107.21
107.203
107.196
107.173
107.218
107.199
107.207
107.402
106.986
107.206
107.199
107.207
107.203
107.207
107.184
107.199
107.226
107.199
107.184
107.207
107.185
107.198
107.211
107.199
107.192
107.207
107.214
107.188
107.199
107.192
107.199
107.211
107.199
107.185
107.213
107.192
107.241
107.169
107.384
107.022
107.184
107.241
107.304
107.072
107.274
107.109
107.211
107.199
107.199
107.184
107.215
107.191
107.211
107.192
107.199
107.199
107.49
107.104
107.008
107.206
107.192
107.199
107.211
107.184
107.207
107.199
107.199
107.211
107.2
107.375
107.015
107.184
107.433
107.049
107.15
107.184
107.199
107.211
107.222
107.184
107.203
107.166
107.225
107.192
107.191
107.215
108.065
106.352
107.286
107.09
107.214
107.199
107.26
107.128
107.199
107.199
107.211
107.199
107.192
107.191
107.215
107.199
107.203
107.199
107.192
107.199
107.226
107.184
107.199
107.184
107.215
107.176
107.226
107.192
107.214
107.184
108.843
105.548
107.218
107.199
107.192
107.226
107.191
107.185
107.191
107.222
107.196
107.184
107.38
107.026
107.199
107.218
107.192
107.199
107.576
107.063
106.951
107.211
107.192
107.199
107.199
107.211
107.199
107.192
107.214
107.184
109.467
105.059
107.147
107.12
107.207
107.214
107.297
107.091
107.383
107.135
107.079
107.211
107.199
107.199
107.2
107.199
107.192
107.199
108.283
106.119
107.395
107.011
107.196
107.199
107.214
107.192
107.21
107.2
107.184
107.199
107.199
107.207
107.218
107.184
107.211
107.18
111.723
102.68
107.199
107.304
107.102
107.203
107.192
107.215
107.191
107.191
107.185
107.218
108.959
105.447
107.199
107.203
107.199
107.192
107.184
107.425
107.015
107.184
107.192
107.241
107.157
107.185
107.225
107.192
107.199
107.199
107.211
107.207
107.184
107.184
107.226
107.357
107.041
107.199
107.192
107.207
107.203
107.199
107.192
107.234
107.172
107.203
107.199
107.199
107.192
107.207
107.459
106.936
107.199
107.218
107.327
107.046
107.21
107.199
107.229
107.177
107.226
107.233
107.165
107.197
107.171
107.226
107.263
107.128
107.192
107.203
107.297
107.109
107.184
107.227
107.254
107.135
107.192
107.214
107.192
107.192
107.199
107.218
107.203
107.2
107.199
107.191
107.208
107.206
107.192
107.176
107.211
107.207
107.191
107.226
107.173
107.195
107.222
107.192
107.195
107.207
107.297
107.102
107.191
107.186
107.288
107.128
107.214
107.184
107.241
107.143
107.218
107.192
107.221
107.185
107.191
107.211
107.192
107.206
107.192
107.207
107.218
107.184
107.192
107.199
107.199
107.211
107.214
107.177
107.242
107.168
107.195
107.211
107.191
107.186
107.224
107.192
107.192
107.206
107.2
107.206
107.196
107.229
107.169
107.234
107.165
107.21
107.193
107.198
107.192
107.312
107.105
110.009
104.39
107.195
107.181
107.327
107.09
107.207
107.184
107.241
107.165
107.203
107.199
107.192
107.193
107.224
107.192
107.184
107.207
110.128
104.257
107.225
107.221
107.199
107.196
107.255
107.159
107.168
107.369
107.015
107.218
110.343
104.127
107.12
107.233
107.192
107.184
107.192
107.199
107.211
107.199
107.199
107.199
107.207
107.212
107.164
107.226
107.191
107.2
109.154
105.263
107.199
107.192
107.207
107.184
107.21
107.2
107.199
107.199
107.282
107.113
111.095
103.288
107.215
107.191
107.211
107.199
107.199
107.192
107.226
107.199
107.199
107.169
107.207
107.219
107.172
107.218
107.199
107.192
109.842
104.575
107.192
107.184
107.207
107.207
107.184
107.218
107.199
107.2
107.206
107.361
107.034
107.223
107.168
107.207
107.304
107.106
107.199
107.353
107.049
107.278
107.113
107.184
107.327
107.08
107.21
107.199
107.271
107.12
110.545
103.865
107.199
107.173
107.218
107.335
107.098
107.176
107.208
107.27
107.124
107.199
107.425
106.997
107.168
107.199
107.218
107.185
107.206
107.2
107.263
107.131
107.2
107.206
107.192
107.211
107.222
107.169
107.214
107.199
107.211
110.392
103.991
107.192
107.184
107.214
107.211
107.207
107.214
107.177
107.199
107.203
107.192
107.215
107.183
107.207
107.218
107.177
107.206
107.2
107.203
107.206
107.192
107.215
107.176
107.433
107.056
107.143
107.169
107.44
106.966
107.211
107.327
107.063
107.219
107.18
107.203
107.214
107.184
107.219
107.18
107.188
107.222
107.191
107.185
107.218
107.191
107.207
107.215
107.176
107.207
107.21
107.448
106.936
107.319
107.091
107.174
107.352
107.071
107.177
107.214
107.186
107.213
107.203
107.214
107.184
107.211
107.192
107.199
107.199
107.207
107.387
107
107.214
107.185
107.214
107.192
107.21
107.199
110.626
103.822
107.146
107.207
107.369
107.022
107.241
107.169
107.199
107.192
107.184
107.222
107.745
106.672
107.184
107.192
107.207
107.203
107.199
107.199
107.265
107.134
107.21
107.2
107.191
107.208
107.183
107.203
107.207
107.192
111.305
103.105
107.199
107.207
107.184
107.226
107.199
107.176
107.2
107.425
106.981
107.203
107.199
107.207
107.191
107.2
107.218
107.184
110.087
104.319
107.184
107.233
107.177
107.184
107.233
107.174
107.225
107.199
107.184
107.207
107.275
107.116
107.203
107.199
107.207
107.199
107.211
107.184
107.193
107.198
107.474
106.924
107.2
107.203
107.199
107.207
107.203
107.199
110.712
103.686
107.2
107.184
107.225
107.185
107.184
107.214
107.211
107.199
107.192
107.184
107.222
107.192
107.21
107.214
107.184
107.2
107.218
107.184
107.257
107.134
107.207
107.184
107.218
107.208
107.19
107.264
107.12
107.21
111.47
102.944
107.184
107.222
107.188
107.192
107.184
107.222
107.211
107.191
107.192
107.206
107.2
107.234
107.157
107.203
107.199
107.207
107.199
107.192
107.218
107.199
107.199
107.184
107.203
107.207
107.174
107.225
107.225
107.177
107.199
107.199
107.658
106.745
107.188
107.203
107.206
107.192
107.208
107.217
107.184
107.215
107.184
107.219
107.183
107.192
107.191
107.207
107.211
107.199
107.192
107.206
107.192
107.207
107.184
107.233
107.177
107.199
107.211
107.199
107.199
107.199
107.192
107.211
107.206
107.185
107.199
107.184
107.306
107.119
107.192
107.199
107.199
107.242
107.206
107.176
107.177
107.199
107.226
107.184
107.207
107.233
107.158
107.218
107.207
107.169
107.215
107.194
107.196
107.203
107.376
107.869
106.368
107.203
107.199
107.177
107.214
107.192
107.199
107.218
107.192
107.184
107.233
107.177
107.222
107.169
107.199
107.226
107.18
108.433
105.958
107.203
107.207
107.191
107.192
107.211
107.215
107.202
107.188
107.211
107.184
108.726
105.905
106.974
107.218
107.399
106.977
107.199
107.207
107.203
107.192
107.199
107.192
107.218
107.199
107.192
107.206
107.192
107.211
107.527
106.864
107.199
107.207
107.203
107.199
107.188
107.21
107.192
107.199
107.211
107.207
109.343
105.273
106.978
107.184
107.207
107.206
107.313
107.09
107.18
107.211
107.206
107.192
107.226
107.159
107.224
107.192
107.218
107.173
108.192
106.225
107.241
107.178
107.235
107.139
107.35
107.056
107.219
107.172
107.211
107.304
107.087
107.242
107.164
107.211
107.191
107.199
111.625
102.789
107.188
107.222
107.248
107.162
107.169
107.2
107.198
107.199
107.192
107.207
108.88
105.545
107.176
107.219
107.18
107.195
107.215
107.191
107.215
107.188
107.214
107.211
107.172
107.22
107.179
107.203
107.184
107.23
107.191
107.226
107.184
107.199
107.2
107.402
106.981
107.203
107.192
107.214
107.199
107.192
107.203
108.839
105.559
107.2
107.225
107.177
107.222
107.176
107.249
107.15
107.203
107.222
107.169
107.2
107.225
107.18
107.451
106.951
107.207
107.203
107.192
107.184
107.214
107.2
107.191
107.211
107.214
107.184
107.354
107.03
107.312
107.091
107.383
107.022
107.207
107.203
107.335
107.071
107.199
107.196
107.199
107.192
107.214
107.184
107.335
107.075
107.199
107.32
107.079
107.218
107.184
107.207
107.191
107.241
107.177
107.293
107.09
107.199
107.207
107.203
107.2
107.177
107.213
107.2
107.233
107.177
107.191
107.184
107.215
107.203
107.199
107.199
107.199
107.211
107.301
107.09
107.199
107.233
107.166
108.944
105.458
107.192
107.199
107.199
107.218
107.207
107.297
107.102
107.176
107.226
107.398
106.994
107.19
107.2
107.218
107.184
107.199
107.199
107.192
107.226
107.184
107.184
107.207
107.207
107.185
107.217
107.199
107.207
107.192
109.644
104.758
107.199
107.199
107.2
107.289
107.09
107.222
107.207
107.353
107.049
107.207
107.184
107.199
107.192
107.218
107.188
107.339
108.283
105.98
107.327
107.083
107.199
107.176
107.207
107.297
107.113
107.199
107.199
107.256
110.178
104.198
107.169
107.297
107.102
107.195
107.293
107.113
107.218
107.192
107.188
107.195
107.192
107.208
107.198
107.199
107.2
107.289
109.042
105.278
107.203
107.176
107.23
107.191
107.192
107.218
107.184
107.2
107.206
107.215
107.195
107.174
107.345
107.09
107.173
107.211
107.199
107.199
107.199
107.2
107.203
107.214
107.184
107.185
107.206
107.211
107.173
107.225
109.776
104.63
107.196
107.199
107.44
106.958
107.185
107.206
107.226
107.184
107.199
107.192
107.199
107.227
107.183
107.199
107.2
107.191
107.203
107.207
107.199
107.192
107.203
107.215
107.184
107.206
107.192
107.207
107.177
107.225
110.497
104.045
107.048
107.207
107.203
107.199
107.192
107.199
107.2
107.21
107.199
107.2
107.203
107.215
107.183
107.199
107.241
107.15
107.203
107.207
107.199
107.192
107.211
107.191
107.207
107.199
107.2
107.191
107.203
107.271
107.135
107.2
107.199
107.192
107.21
107.199
107.282
107.158
107.185
107.176
107.192
107.207
107.203
107.192
107.244
107.154
107.218
107.188
107.211
107.24
107.143
107.192
107.206
107.226
107.162
107.221
107.223
107.176
107.192
107.184
107.233
107.185
107.198
107.313
107.097
107.199
107.2
107.218
107.173
107.184
107.218
107.447
106.951
107.219
107.206
107.184
107.2
107.225
107.169
111.434
102.972
107.215
107.233
107.15
107.203
107.218
107.173
107.211
107.191
107.2
107.214
107.204
107.179
107.211
107.432
106.966
107.192
107.211
107.188
107.218
107.184
107.199
107.207
107.195
107.207
107.226
107.173
107.561
106.841
110.512
104.037
107.139
107.128
107.184
107.199
107.215
107.188
107.35
107.022
107.225
107.199
107.81
106.593
107.199
107.184
107.214
107.211
107.188
107.211
107.255
107.143
107.199
107.207
107.188
107.242
107.179
107.184
107.177
107.274
111.271
103.263
107.015
107.226
107.169
107.199
107.215
107.176
107.233
107.2
107.233
107.158
107.184
107.298
107.104
107.199
107.192
107.207
110.135
104.259
107.207
107.222
107.162
107.218
107.184
107.238
107.175
107.185
107.222
107.432
106.977
107.169
107.207
107.226
107.199
107.184
107.184
107.215
107.203
107.195
107.252
107.15
107.192
107.234
107.176
107.199
107.192
107.207
110.64
103.777
107.184
107.215
107.199
107.192
107.176
107.218
107.215
107.184
107.203
107.199
107.222
107.208
107.175
107.196
107.199
107.199
107.226
107.173
107.218
107.184
107.199
107.192
107.199
107.276
107.149
107.199
107.169
107.207
111.387
103.004
107.233
107.201
107.198
107.218
107.15
107.226
107.225
107.384
106.985
107.214
107.184
107.178
107.221
107.199
107.195
107.207
107.207
107.169
107.222
107.203
107.199
107.192
107.199
107.233
107.192
107.184
107.2
107.263
107.154
107.199
107.184
107.215
107.184
107.21
107.207
107.199
107.17
107.206
107.327
107.091
107.191
107.242
107.176
107.191
107.2
107.191
107.448
106.958
107.192
107.218
107.184
107.207
107.184
107.211
107.214
107.177
107.207
107.191
107.218
107.295
107.089
107.214
107.184
107.218
107.207
107.177
107.207
107.191
107.233
107.207
107.169
107.185
107.225
107.192
107.199
107.199
107.207
107.226
107.165
107.184
107.211
107.207
107.207
107.195
107.196
107.202
107.2
107.184
107.214
107.944
106.443
107.207
107.425
106.966
107.218
107.192
107.214
107.184
107.207
107.195
107.2
107.207
107.191
107.207
107.195
107.207
107.2
111.369
103.119
107.113
107.229
107.17
107.199
107.199
107.219
107.176
107.207
107.184
107.206
108.716
105.694
107.2
107.21
107.32
107.086
107.177
107.207
107.233
107.184
107.176
107.215
107.184
107.199
107.199
107.203
107.215
107.192
107.462
106.955
107.413
106.978
107.207
107.191
107.184
107.219
107.191
107.192
107.199
107.184
107.215
107.275
107.135
107.199
107.199
107.192
107.21
107.2
107.206
107.196
107.188
107.203
107.207
107.192
107.21
107.191
107.2
107.248
108.045
106.312
107.195
107.2
107.207
107.199
107.184
107.383
107.177
107.049
107.207
107.203
107.199
107.178
107.221
107.191
107.324
107.086
107.192
107.199
107.199
107.218
107.421
106.97
107.2
107.191
107.617
106.91
107.067
107.222
108.801
105.688
107.097
107.207
107.192
107.199
107.199
107.219
107.518
106.873
107.191
107.192
107.218
107.174
107.225
107.191
107.207
107.195
107.2
107.207
107.191
107.199
107.2
107.203
107.191
107.207
107.184
107.215
107.21
107.2
107.191
107.199
107.203
107.207
107.2
107.319
107.09
107.207
107.177
107.214
107.192
107.191
107.203
107.182
107.217
107.207
107.191
107.2
107.21
107.192
107.207
107.191
107.203
107.207
107.215
107.176
107.193
107.209
107.207
107.177
107.222
107.211
107.199
107.191
107.218
107.173
107.241
107.169
107.199
107.184
107.365
107.049
107.211
107.199
107.599
106.792
107.225
107.177
107.207
109.794
104.604
107.211
107.176
107.207
107.2
107.191
107.204
107.198
107.207
107.192
107.199
107.234
107.165
107.203
107.207
107.191
107.233
107.185
107.184
107.207
107.218
107.391
106.984
107.207
107.177
107.222
107.191
107.241
107.169
109.306
105.085
107.211
107.398
107
107.215
107.176
107.199
107.226
107.177
107.207
107.345
107.065
107.191
107.199
107.222
107.203
107.173
107.195
107.207
107.192
107.207
107.191
107.226
107.184
107.185
107.206
107.218
107.192
107.192
109.512
104.894
107.191
107.226
107.177
107.207
107.206
107.184
107.226
107.184
107.192
107.211
107.251
107.122
107.217
107.207
107.191
107.199
108.321
106.067
107.229
107.192
107.199
107.192
107.259
107.159
107.183
107.199
107.226
107.184
110.223
104.176
107.203
107.192
107.199
107.207
107.191
107.207
107.226
107.176
107.192
107.192
107.206
107.193
107.21
107.214
107.214
107.181
109.022
105.376
107.2
107.184
107.206
107.204
107.206
107.2
107.206
107.192
107.196
107.406
106.992
107.242
107.168
107.188
107.21
107.192
107.199
107.199
107.234
107.161
107.207
107.199
107.199
107.205
107.205
107.2
107.255
107.135
109.716
104.702
107.192
107.199
107.191
107.219
107.214
107.169
107.289
107.121
107.192
107.206
107.2
107.215
107.179
107.215
107.191
107.192
107.233
107.158
107.474
106.951
107.199
107.196
107.206
107.185
107.18
107.218
107.199
107.226
110.399
103.984
107.2
107.191
107.207
107.211
107.191
107.2
107.176
107.218
107.2
107.206
107.2
107.177
107.221
107.196
107.229
107.338
107.038
107.199
107.196
107.214
107.184
107.214
107.196
107.199
107.199
107.2
107.191
107.241
107.144
107.21
107.206
107.192
107.214
107.226
107.424
106.952
107.191
107.233
107.192
107.312
107.162
107.11
107.318
107.083
107.263
107.136
107.225
107.184
107.192
107.222
107.177
107.27
107.147
107.184
107.199
107.271
107.12
107.218
107.192
107.208
107.191
107.199
107.199
107.203
107.207
107.207
107.255
107.147
107.184
107.199
107.215
107.176
107.215
107.372
107.022
107.222
107.177
109.768
104.634
107.199
107.207
107.432
106.963
107.199
107.214
107.44
106.944
107.218
107.192
107.2
107.375
107.007
107.369
107.037
107.211
107.225
107.173
107.177
107.218
107.207
107.192
107.191
107.199
107.211
107.199
107.192
107.218
110.376
104.06
107.154
107.207
107.199
107.354
107.022
107.218
107.192
107.383
107.038
107.184
107.203
107.234
107.172
107.211
107.184
107.199
107.327
107.072
107.225
107.177
107.278
107.147
107.398
106.968
107.194
107.214
107.241
107.271
111.023
103.251
107.248
107.384
106.973
107.226
107.278
107.128
107.184
107.447
107.282
107.158
106.906
107.185
107.24
107.177
107.214
107.169
107.222
107.218
107.166
107.24
107.169
107.263
107.128
107.184
107.297
107.136
107.222
107.184
111.794
102.616
107.176
107.248
107.177
107.192
107.184
107.327
107.079
107.199
107.211
107.199
107.184
107.223
107.176
107.199
107.218
107.184
110.56
103.858
107.184
107.199
107.199
107.207
107.184
107.218
107.207
107.199
107.185
107.199
107.199
107.211
107.191
107.2
107.184
107.214
107.211
107.191
107.215
107.176
107.2
107.203
107.364
107.061
107.172
107.215
107.21
107.184
111.301
103.147
107.154
107.214
107.184
107.2
107.191
107.218
107.182
107.202
107.207
107.184
107.214
107.184
107.233
107.169
107.215
107.184
107.353
107.064
107.192
107.207
107.199
107.199
107.196
107.207
107.215
107.176
107.21
107.293
107.098
108.129
106.277
107.203
107.207
107.184
107.207
107.203
107.248
107.143
107.199
107.199
107.218
107.174
107.225
107.199
107.192
107.199
107.196
107.206
107.2
107.191
107.211
107.199
107.192
107.214
107.169
107.215
107.21
107.192
107.229
107.178
107.202
107.199
107.192
107.214
107.184
107.211
107.199
107.192
107.207
107.199
107.199
107.212
107.183
107.263
107.135
107.207
107.203
107.192
107.199
107.218
107.188
107.196
107.206
107.192

------------------------------------------------------------------------------------------------------------------------------------------------
max val(#5273) = 112.00us
min val(#5274) = 102.41us
peak-to-peak = 9.59us
mean +- RMS = 107.20 +- 0.71 us

packet size: 516
number of packets: 10000
RATE = 38507.46kbps, PPS = 9328.4
