Destination address set to 01:1B:19:00:00:00
Defaults: 01:1B:19:00:00:00 or 01:80:C2:00:00:0E
SIOCSHWTSTAMP: tx_type 1 requested, got 1; rx_filter 0 requested, got 0
setting ts_flags: 0x53
new ts_flags: 0x53


gap of hw tx time, us: packets 10000:
------------------------------------------------------------------------------------------------------------------------------------------------
0
107.199
107.192
107.184
107.225
107.342
107.042
107.207
107.176
107.207
107.304
107.087
107.218
107.575
106.823
107.219
107.191
107.32
107.184
107.086
107.203
107.2
107.199
107.184
107.199
107.2
107.255
107.154
107.222
107.203
107.181
107.203
107.191
107.2
107.199
107.199
107.226
107.169
107.199
107.214
107.185
107.24
107.169
107.2
107.199
107.226
107.18
107.195
107.264
107.142
107.2
107.203
107.222
107.169
107.206
107.2
107.203
107.214
107.184
107.199
107.2
107.218
107.199
107.184
107.199
107.219
107.184
107.191
107.207
107.199
107.2
107.199
107.203
107.192
107.206
107.403
107
107.199
107.199
107.199
107.2
107.203
107.199
107.414
106.984
107.2
107.203
107.191
107.207
107.192
107.21
107.2
107.199
107.192
107.222
107.184
107.199
107.195
107.207
107.199
107.203
107.2
107.191
107.207
107.199
107.2
107.331
107.071
107.192
107.206
107.203
107.196
107.203
107.199
107.339
107.06
107.282
107.12
107.199
107.199
107.203
107.207
107.312
107.079
107.199
107.2
107.203
107.199
107.199
107.192
107.207
107.199
107.203
107.192
107.206
107.2
107.203
107.24
107.158
107.199
107.2
107.203
107.199
107.199
107.199
107.256
107.147
107.199
107.199
107.199
107.2
107.203
107.199
107.192
107.206
107.203
107.2
107.199
107.199
107.199
107.2
107.203
107.199
107.199
107.199
107.2
107.203
107.199
107.199
107.199
107.185
107.218
107.398
107
107.199
107.203
107.2
107.199
107.199
107.199
107.2
107.203
107.191
107.207
107.199
107.203
107.2
107.199
107.199
107.199
107.219
107.199
107.176
107.2
107.206
107.455
106.948
107.199
107.207
107.184
107.207
107.195
107.207
107.327
107.071
107.2
107.203
107.199
107.199
107.199
107.203
107.335
107.135
107.128
107.192
107.226
107.221
758.154
107.207
107.233
107.279
107.199
107.169
107.15
107.324
107.056
107.199
107.207
1238.89
107.136
107.233
107.176
107.207
107.184
107.203
107.207
107.184
107.222
107.203
107.199
107.425
106.974
107.192
107.21
107.188
107.203
107.207
107.184
107.455
106.947
107.207
107.222
107.184
107.203
107.192
107.199
107.199
107.207
107.199
107.203
107.192
107.207
107.199
107.203
107.199
107.2
107.191
107.207
107.203
107.192
107.207
107.346
107.052
107.199
107.203
107.192
107.199
107.207
107.199
107.354
107.049
107.191
107.207
107.203
107.192
107.199
107.207
107.199
107.203
107.199
107.2
107.206
107.192
107.203
107.199
107.2
107.199
107.199
107.203
107.199
107.2
107.191
107.271
107.139
107.192
107.199
107.207
107.192
107.206
107.196
107.286
107.112
107.207
107.196
107.206
107.2
107.191
107.207
107.203
107.199
107.2
107.199
107.199
107.203
107.199
107.192
107.207
107.199
107.199
107.196
107.195
107.203
107.207
107.199
107.203
107.192
107.199
107.433
106.973
107.203
107.2
107.191
107.207
107.203
107.199
107.44
106.959
107.199
107.203
107.196
107.195
107.199
107.207
107.203
107.199
107.192
107.207
107.199
107.199
107.203
107.192
107.207
107.199
107.203
107.196
107.195
107.199
107.207
107.346
107.049
107.199
107.199
107.207
107.203
107.199
107.192
107.369
107.037
107.203
107.199
107.2
107.199
107.199
107.203
107.214
107.177
107.199
107.207
107.196
107.206
107.2
107.191
107.2
107.206
107.203
107.192
107.199
107.207
107.203
107.263
107.136
107.191
107.207
107.192
107.203
107.199
107.207
107.282
107.12
107.199
107.2
107.191
107.2
107.206
107.203
107.222
107.169
107.207
107.203
107.192
107.199
107.207
107.199
107.199
107.196
107.207
107.191
107.207
107.203
107.199
107.2
107.191
107.207
107.199
107.436
106.959
107.207
107.199
107.199
107.203
107.2
107.191
107.448
106.962
107.199
107.192
107.199
107.207
107.192
107.21
107.2
107.191
107.207
107.203
107.199
107.192
107.207
107.199
107.199
107.203
107.192
107.207
107.199
107.203
107.192
107.357
107.049
107.199
107.199
107.203
107.2
107.199
107.199
107.361
107.041
107.192
107.207
107.199
107.203
107.188
107.203
107.207
107.199
107.199
107.196
107.199
107.199
107.207
107.199
107.196
107.199
107.199
107.207
107.199
107.203
107.192
107.278
107.128
107.203
107.199
107.192
107.199
107.207
107.199
107.282
107.121
107.191
107.2
107.21
107.199
107.2
107.199
107.199
107.199
107.196
107.199
107.207
107.199
107.196
107.206
107.192
107.207
107.203
107.199
107.199
107.192
107.207
107.199
107.203
107.199
107.2
107.424
106.967
107.21
107.199
107.2
107.199
107.199
107.203
107.44
106.959
107.199
107.199
107.199
107.203
107.2
107.191
107.207
107.203
107.199
107.192
107.207
107.199
107.199
107.192
107.203
107.199
107.207
107.192
107.203
107.199
107.207
107.353
107.049
107.199
107.192
107.199
107.207
107.203
107.199
107.358
107.041
107.203
107.199
107.192
107.199
107.207
107.199
107.199
107.203
107.192
107.207
107.199
107.199
107.196
107.199
107.207
107.199
107.199
107.192
107.203
107.207
107.199
107.275
107.127
107.207
107.184
107.207
107.203
107.192
107.207
107.289
107.109
107.192
107.203
107.207
107.191
107.207
107.199
107.203
107.2
107.191
107.207
107.196
107.195
107.211
107.191
107.2
107.21
107.199
107.192
107.199
107.207
107.199
107.196
107.199
107.207
107.199
107.432
106.97
107.2
107.199
107.199
107.203
107.188
107.203
107.448
106.962
107.195
107.203
107.2
107.199
107.199
107.192
107.21
107.192
107.199
107.207
107.192
107.203
107.199
107.207
107.199
107.203
107.199
107.2
107.199
107.199
107.203
107.35
107.041
107.199
107.207
107.203
107.207
107.184
107.199
107.369
107.037
107.305
107.09
107.199
107.2
107.21
107.199
107.2
107.199
107.199
107.199
107.192
107.203
107.199
107.207
107.218
107.214
107.162
107.199
107.207
107.203
107.192
107.278
107.12
107.207
107.196
107.195
107.203
107.207
107.199
107.29
107.112
107.192
107.199
107.2
107.21
107.188
107.211
107.191
107.207
107.199
107.2
107.195
107.207
107.199
107.199
107.196
107.207
107.199
107.199
107.203
107.199
107.2
107.191
107.207
107.192
107.21
107.433
106.966
107.199
107.199
107.211
107.192
107.191
107.2
107.455
106.951
107.195
107.207
107.199
107.203
107.192
107.199
107.199
107.207
107.199
107.192
107.211
107.199
107.199
107.203
107.199
107.2
107.199
107.199
107.203
107.199
107.192
107.361
107.045
107.199
107.196
107.199
107.207
107.199
107.199
107.369
107.026
107.207
107.199
107.199
107.203
107.192
107.199
107.207
107.199
107.196
107.199
107.199
107.2
107.21
107.188
107.203
107.207
107.199
107.199
107.203
107.2
107.191
107.282
107.136
107.165
107.218
107.199
107.207
107.203
107.192
107.199
107.199
107.207
107.199
107.203
107.2
107.191
107.226
107.18
107.196
107.214
107.184
107.207
107.199
107.192
107.203
107.207
107.199
107.199
107.196
107.199
107.199
107.207
107.192
107.199
107.203
107.199
107.44
106.966
107.196
107.199
107.214
107.192
107.203
107.207
107.44
106.951
107.199
107.192
107.203
107.207
107.191
107.207
107.199
107.203
107.207
107.192
107.199
107.199
107.203
107.2
107.199
107.192
107.21
107.199
107.2
107.191
107.2
107.368
107.034
107.207
107.191
107.207
107.199
107.203
107.192
107.376
107.03
107.203
107.196
107.195
107.207
107.203
107.195
107.203
107.192
107.199
107.207
107.199
107.2
107.195
107.207
107.304
107.094
107.203
107.2
107.199
107.199
107.199
107.282
107.121
107.199
107.199
107.199
107.192
107.203
107.207
107.289
107.109
107.203
107.2
107.199
107.199
107.199
107.192
107.226
107.199
107.203
107.173
107.21
107.2
107.191
107.207
107.199
107.196
107.199
107.199
107.207
107.203
107.207
107.192
107.191
107.207
107.203
107.44
106.951
107.207
107.199
107.211
107.184
107.207
107.199
107.199
107.218
107.177
107.199
107.199
107.207
107.203
107.199
107.192
107.207
107.203
107.195
107.203
107.2
107.191
107.233
107.177
107.192
107.199
107.199
107.207
107.199
107.196
107.368
107.03
107.207
107.199
107.196
107.199
107.207
107.199
107.369
107.022
107.203
107.207
107.199
107.199
107.203
107.192
107.199
107.207
107.203
107.199
107.192
107.207
107.199
107.192
107.21
107.2
107.191
107.207
107.203
107.188
107.203
107.286
107.12
107.199
107.192
107.211
107.191
107.211
107.195
107.29
107.113
107.191
107.207
107.203
107.199
107.2
107.199
107.199
107.199
107.192
107.211
107.191
107.207
107.199
107.192
107.211
107.199
107.199
107.192
107.21
107.192
107.199
107.207
107.192
107.21
107.192
107.448
106.958
107.203
107.199
107.222
107.177
107.199
107.203
107.192
107.199
107.199
107.211
107.195
107.203
107.192
107.199
107.207
107.203
107.199
107.192
107.199
107.2
107.21
107.192
107.199
107.199
107.207
107.199
107.196
107.207
107.191
107.369
107.041
107.199
107.192
107.199
107.2
107.206
107.196
107.383
107.023
107.199
107.203
107.199
107.192
107.207
107.199
107.199
107.203
107.192
107.207
107.199
107.192
107.21
107.192
107.199
107.207
107.203
107.199
107.192
107.199
107.207
107.282
107.113
107.214
107.184
107.207
107.203
107.199
107.2
107.297
107.101
107.199
107.196
107.199
107.207
107.199
107.199
107.203
107.192
107.207
107.199
107.203
107.199
107.192
107.207
107.192
107.21
107.199
107.2
107.199
107.199
107.203
107.199
107.192
107.199
107.207
107.448
106.954
107.192
107.199
107.226
107.184
107.199
107.192
107.463
106.936
107.21
107.192
107.199
107.199
107.207
107.199
107.203
107.2
107.191
107.207
107.203
107.196
107.195
107.207
107.199
107.203
107.192
107.199
107.199
107.207
107.203
107.357
107.034
107.199
107.207
107.199
107.196
107.199
107.207
107.376
107.026
107.199
107.2
107.191
107.207
107.199
107.192
107.203
107.207
107.192
107.206
107.196
107.199
107.207
107.199
107.199
107.203
107.2
107.199
107.199
107.199
107.203
107.286
107.105
107.207
107.203
107.188
107.203
107.207
107.199
107.297
107.098
107.199
107.207
107.199
107.203
107.188
107.203
107.199
107.2
107.21
107.192
107.207
107.199
107.199
107.199
107.196
107.199
107.207
107.199
107.203
107.199
107.192
107.207
107.199
107.199
107.196
107.207
107.199
107.199
107.199
107.218
107.177
107.199
107.207
107.459
106.936
107.199
107.207
107.199
107.203
107.192
107.199
107.199
107.207
107.192
107.203
107.207
107.199
107.199
107.203
107.192
107.199
107.199
107.207
107.199
107.196
107.207
107.361
107.037
107.203
107.199
107.2
107.199
107.199
107.203
107.192
107.207
107.191
107.207
107.199
107.2
107.195
107.207
107.199
107.203
107.192
107.199
107.199
107.207
107.203
107.199
107.192
107.199
107.207
107.192
107.199
107.203
107.207
107.289
107.113
107.199
107.192
107.207
107.199
107.199
107.203
107.294
107.097
107.207
107.199
107.203
107.192
107.199
107.211
107.199
107.199
107.192
107.207
107.199
107.203
107.192
107.199
107.207
107.199
107.192
107.203
107.207
107.199
107.199
107.207
107.195
107.192
107.199
107.207
107.199
107.192
107.203
107.233
107.173
107.192
107.21
107.192
107.207
107.218
107.18
107.203
107.2
107.191
107.207
107.203
107.199
107.2
107.199
107.199
107.192
107.203
107.199
107.199
107.207
107.199
107.203
107.192
107.199
107.2
107.376
107.033
107.192
107.199
107.207
107.199
107.203
107.2
107.376
107.026
107.192
107.206
107.2
107.191
107.207
107.192
107.21
107.2
107.191
107.207
107.203
107.199
107.192
107.207
107.199
107.199
107.196
107.199
107.207
107.199
107.203
107.286
107.105
107.207
107.203
107.199
107.199
107.192
107.207
107.304
107.098
107.192
107.199
107.199
107.207
107.203
107.199
107.192
107.207
107.199
107.199
107.203
107.192
107.199
107.207
107.199
107.196
107.199
107.207
107.199
107.203
107.192
107.214
107.192
107.199
107.199
107.192
107.203
107.207
107.199
107.226
107.169
107.199
107.199
107.474
106.951
107.184
107.2
107.191
107.207
107.192
107.207
107.195
107.207
107.199
107.203
107.199
107.192
107.207
107.214
107.177
107.203
107.199
107.218
107.188
107.192
107.203
107.376
107.022
107.207
107.199
107.196
107.207
107.199
107.199
107.387
107.008
107.199
107.207
107.199
107.199
107.203
107.192
107.207
107.199
107.199
107.196
107.199
107.207
107.192
107.206
107.203
107.192
107.207
107.199
107.203
107.192
107.199
107.305
107.101
107.199
107.2
107.203
107.195
107.275
107.127
107.305
107.098
107.199
107.199
107.203
107.199
107.192
107.207
107.192
107.21
107.192
107.199
107.271
107.139
107.199
107.199
107.2
107.199
107.192
107.206
107.192
107.203
107.207
107.218
107.173
107.21
107.192
107.207
107.199
107.199
107.203
107.222
107.169
107.207
107.199
107.203
107.192
107.207
107.199
107.203
107.192
107.207
107.191
107.211
107.199
107.192
107.207
107.191
107.207
107.203
107.199
107.2
107.191
107.2
107.225
107.184
107.192
107.207
107.368
107.023
107.203
107.199
107.199
107.207
107.199
107.196
107.391
107.007
107.207
107.203
107.192
107.199
107.199
107.2
107.199
107.21
107.192
107.199
107.207
107.199
107.211
107.184
107.207
107.199
107.203
107.199
107.192
107.199
107.222
107.282
107.094
107.211
107.199
107.199
107.192
107.199
107.203
107.312
107.087
107.206
107.196
107.199
107.207
107.199
107.199
107.196
107.199
107.207
107.199
107.199
107.196
107.199
107.207
107.199
107.203
107.192
107.199
107.207
107.199
107.192
107.225
107.185
107.191
107.207
107.203
107.199
107.192
107.207
107.226
107.172
107.196
107.199
107.207
107.199
107.192
107.199
107.211
107.191
107.211
107.199
107.192
107.207
107.199
107.199
107.199
107.196
107.199
107.207
107.199
107.199
107.203
107.192
107.199
107.207
107.199
107.376
107.019
107.222
107.184
107.203
107.188
107.203
107.199
107.403
107.003
107.196
107.199
107.199
107.207
107.196
107.206
107.2
107.191
107.207
107.199
107.196
107.207
107.191
107.207
107.203
107.192
107.199
107.207
107.199
107.203
107.192
107.304
107.094
107.207
107.199
107.196
107.199
107.199
107.207
107.312
107.09
107.192
107.199
107.207
107.203
107.192
107.207
107.199
107.199
107.199
107.196
107.199
107.199
107.207
107.192
107.21
107.192
107.207
107.199
107.226
107.169
107.199
107.199
107.207
107.203
107.192
107.207
107.199
107.199
107.203
107.23
107.161
107.207
107.199
107.199
107.203
107.2
107.199
107.199
107.203
107.196
107.203
107.199
107.192
107.206
107.192
107.203
107.207
107.199
107.203
107.199
107.192
107.207
107.199
107.203
107.199
107.2
107.376
107.026
107.199
107.192
107.207
107.191
107.207
107.199
107.395
107.008
107.199
107.199
107.192
107.199
107.203
107.199
107.2
107.199
107.199
107.203
107.207
107.199
107.192
107.203
107.207
107.199
107.199
107.203
107.199
107.192
107.199
107.305
107.105
107.192
107.199
107.199
107.207
107.203
107.192
107.319
107.087
107.203
107.195
107.192
107.203
107.199
107.207
107.199
107.203
107.192
107.199
107.32
107.086
107.196
107.199
107.199
107.207
107.199
107.196
107.207
107.199
107.199
107.218
107.181
107.203
107.191
107.207
107.199
107.2
107.195
107.241
107.165
107.199
107.203
107.192
107.199
107.226
107.184
107.199
107.2
107.199
107.192
107.206
107.196
107.207
107.191
107.211
107.199
107.199
107.192
107.207
107.199
107.203
107.192
107.199
107.199
107.207
107.384
107.011
107.207
107.199
107.199
107.203
107.192
107.207
107.391
107.007
107.199
107.203
107.2
107.191
107.2
107.206
107.196
107.199
107.207
107.199
107.199
107.203
107.2
107.199
107.199
107.203
107.199
107.192
107.207
107.199
107.203
107.293
107.106
107.191
107.2
107.21
107.199
107.2
107.191
107.32
107.09
107.188
107.203
107.207
107.192
107.206
107.2
107.203
107.199
107.199
107.203
107.199
107.192
107.199
107.207
107.203
107.192
107.199
107.207
107.199
107.203
107.199
107.215
107.184
107.199
107.192
107.203
107.207
107.191
107.207
107.233
107.169
107.192
107.207
107.199
107.192
107.203
107.207
107.191
107.2
107.21
107.188
107.203
107.207
107.199
107.199
107.203
107.2
107.191
107.207
107.199
107.196
107.199
107.199
107.207
107.199
107.203
107.384
107.015
107.192
107.21
107.199
107.2
107.191
107.207
107.402
106.993
107.207
107.191
107.207
107.199
107.196
107.199
107.207
107.199
107.203
107.199
107.192
107.199
107.207
107.199
107.203
107.192
107.199
107.2
107.206
107.203
107.192
107.312
107.094
107.199
107.196
107.199
107.207
107.199
107.203
107.32
107.071
107.199
107.207
107.203
107.196
107.203
107.191
107.207
107.199
107.203
107.192
107.207
107.282
107.116
107.203
107.2
107.191
107.211
107.188
107.199
107.211
107.199
107.226
107.176
107.192
107.199
107.207
107.199
107.199
107.196
107.248
107.15
107.207
107.199
107.196
107.207
107.199
107.199
107.211
107.191
107.192
107.199
107.2
107.199
107.203
107.199
107.207
107.199
107.199
107.196
107.207
107.199
107.199
107.203
107.199
107.2
107.191
107.391
107.019
107.199
107.2
107.191
107.207
107.203
107.199
107.391
107.008
107.199
107.203
107.199
107.192
107.207
107.199
107.199
107.196
107.199
107.207
107.199
107.199
107.192
107.211
107.191
107.207
107.199
107.192
107.203
107.207
107.199
107.305
107.086
107.203
107.207
107.199
107.199
107.203
107.192
107.32
107.086
107.192
107.21
107.192
107.207
107.199
107.203
107.188
107.203
107.207
107.312
107.086
107.196
107.199
107.199
107.207
107.199
107.2
107.191
107.211
107.199
107.203
107.222
107.169
107.207
107.199
107.199
107.203
107.192
107.199
107.249
107.161
107.188
107.203
107.207
107.199
107.192
107.203
107.199
107.199
107.207
107.203
107.199
107.192
107.199
107.207
107.192
107.21
107.2
107.191
107.2
107.206
107.203
107.2
107.199
107.199
107.192
107.395
107.007
107.199
107.207
107.199
107.192
107.203
107.199
107.406
106.993
107.21
107.192
107.207
107.199
107.203
107.199
107.192
107.199
107.207
107.192
107.203
107.199
107.199
107.207
107.203
107.192
107.199
107.207
107.203
107.199
107.188
107.316
107.086
107.207
107.199
107.196
107.207
107.199
107.199
107.32
107.082
107.192
107.199
107.207
107.203
107.199
107.192
107.199
107.207
107.203
107.199
107.192
107.199
107.211
107.195
107.196
107.207
107.191
107.207
107.199
107.196
107.207
107.225
107.173
107.203
107.192
107.199
107.207
107.199
107.199
107.241
107.162
107.191
107.207
107.203
107.192
107.207
107.191
107.207
107.203
107.192
107.199
107.207
107.199
107.199
107.203
107.2
107.199
107.199
107.199
107.203
107.192
107.207
107.199
107.199
107.2
107.195
107.399
107
107.21
107.188
107.203
107.199
107.207
107.199
107.403
107
107.199
107.199
107.203
107.188
107.203
107.207
107.199
107.199
107.196
107.199
107.207
107.192
107.21
107.199
107.2
107.191
107.207
107.199
107.203
107.192
107.207
107.312
107.218
107.064
107.207
107.199
107.199
107.199
107.203
107.335
107.056
107.211
107.199
107.192
107.199
107.207
107.199
107.203
107.199
107.2
107.199
107.199
107.199
107.196
107.207
107.191
107.2
107.206
107.196
107.207
107.191
107.207
107.233
107.162
107.199
107.199
107.207
107.203
107.192
107.199
107.248
107.158
107.203
107.199
107.207
107.192
107.199
107.199
107.203
107.2
107.199
107.241
107.161
107.196
107.203
107.191
107.207
107.199
107.203
107.192
107.207
107.199
107.199
107.203
107.192
107.199
107.207
107.391
107.011
107.2
107.199
107.199
107.203
107.199
107.2
107.398
107
107.199
107.203
107.2
107.191
107.207
107.199
107.203
107.2
107.191
107.207
107.203
107.199
107.2
107.191
107.207
107.203
107.192
107.207
107.199
107.199
107.203
107.312
107.087
107.191
107.207
107.203
107.199
107.2
107.199
107.32
107.078
107.203
107.192
107.199
107.207
107.203
107.199
107.207
107.192
107.199
107.203
107.199
107.2
107.199
107.199
107.203
107.199
107.192
107.207
107.199
107.199
107.203
107.23
107.169
107.199
107.199
107.203
107.2
107.191
107.207
107.248
107.154
107.2
107.191
107.211
107.199
107.199
107.2
107.191
107.207
107.203
107.199
107.2
107.199
107.199
107.199
107.203
107.2
107.199
107.199
107.203
107.199
107.2
107.199
107.199
107.203
107.199
107.391
107.008
107.199
107.203
107.199
107.2
107.199
107.199
107.41
106.992
107.2
107.191
107.207
107.199
107.203
107.2
107.191
107.207
107.203
107.188
107.211
107.199
107.199
107.199
107.203
107.192
107.199
107.207
107.199
107.203
107.2
107.312
107.086
107.199
107.203
107.2
107.199
107.199
107.199
107.331
107.072
107.191
107.207
107.199
107.203
107.2
107.191
107.207
107.203
107.199
107.2
107.199
107.199
107.203
107.199
107.2
107.199
107.199
107.199
107.203
107.2
107.199
107.233
107.169
107.199
107.2
107.191
107.207
107.203
107.199
107.249
107.15
107.199
107.203
107.199
107.2
107.191
107.207
107.203
107.199
107.192
107.256
107.15
107.199
107.203
107.192
107.207
107.199
107.199
107.203
107.192
107.207
107.192
107.206
107.203
107.2
107.191
107.41
107
107.192
107.199
107.207
107.203
107.199
107.192
107.413
106.985
107.207
107.199
107.203
107.192
107.207
107.192
107.206
107.203
107.192
107.199
107.207
107.199
107.203
107.2
107.191
107.207
107.199
107.196
107.199
107.199
107.2
107.327
107.071
107.199
107.203
107.207
107.199
107.203
107.192
107.335
107.064
107.206
107.196
107.207
107.191
107.2
107.199
107.21
107.192
107.207
107.192
107.21
107.192
107.199
107.199
107.207
107.196
107.206
107.192
107.199
107.207
107.199
107.241
107.162
107.191
107.207
107.199
107.203
107.192
107.207
107.248
107.15
107.196
107.199
107.199
107.207
107.203
107.199
107.192
107.207
107.199
107.203
107.188
107.211
107.199
107.192
107.206
107.196
107.199
107.199
107.207
107.199
107.203
107.192
107.199
107.207
107.203
107.399
106.992
107.207
107.199
107.203
107.196
107.203
107.199
107.41
106.988
107.196
107.199
107.199
107.2
107.206
107.203
107.192
107.207
107.199
107.203
107.188
107.203
107.199
107.207
107.203
107.192
107.199
107.199
107.2
107.21
107.199
107.32
107.071
107.211
107.188
107.21
107.192
107.199
107.207
107.339
107.063
107.192
107.199
107.207
107.199
107.203
107.192
107.199
107.207
107.203
107.199
107.192
107.207
107.199
107.203
107.199
107.192
107.199
107.207
107.203
107.199
107.192
107.248
107.158
107.203
107.199
107.192
107.207
107.192
107.225
107.184
107.2
107.199
107.199
107.203
107.199
107.2
107.199
107.199
107.203
107.199
107.207
107.192
107.199
107.199
107.203
107.2
107.199
107.199
107.199
107.203
107.2
107.191
107.207
107.203
107.199
107.2
107.398
107
107.199
107.203
107.2
107.199
107.199
107.199
107.41
106.993
107.199
107.199
107.203
107.199
107.2
107.199
107.199
107.203
107.199
107.2
107.191
107.211
107.199
107.199
107.192
107.207
107.199
107.199
107.203
107.2
107.199
107.32
107.078
107.203
107.192
107.207
107.199
107.203
107.199
107.328
107.071
107.199
107.203
107.199
107.2
107.191
107.207
107.199
107.203
107.2
107.191
107.207
107.199
107.203
107.2
107.199
107.199
107.203
107.199
107.2
107.199
107.199
107.241
107.161
107.2
107.199
107.199
107.199
107.203
107.2
107.255
107.143
107.199
107.203
107.192
107.207
107.199
107.203
107.199
107.2
107.199
107.199
107.199
107.203
107.2
107.199
107.203
107.199
107.199
107.2
107.199
107.192
107.21
107.199
107.2
107.191
107.207
107.402
107
107.2
107.199
107.199
107.203
107.199
107.2
107.417
106.981
107.203
107.199
107.2
107.199
107.199
107.199
107.203
107.2
107.199
107.199
107.203
107.192
107.207
107.199
107.199
107.199
107.203
107.192
107.207
107.199
107.199
107.324
107.071
107.199
107.207
107.199
107.203
107.192
107.207
107.338
107.064
107.199
107.2
107.191
107.207
107.203
107.199
107.2
107.199
107.199
107.199
107.2
107.203
107.199
107.199
107.199
107.203
107.2
107.199
107.199
107.199
107.203
107.249
107.15
107.199
107.199
107.203
107.192
107.207
107.199
107.256
107.139
107.207
107.199
107.199
107.199
107.203
107.2
107.199
107.199
107.203
107.199
107.2
107.225
107.173
107.199
107.203
107.192
107.199
107.207
107.199
107.192
107.211
107.199
107.192
107.21
107.192
107.406
106.992
107.207
107.199
107.192
107.211
107.191
107.207
107.418
106.984
107.2
107.199
107.199
107.211
107.191
107.192
107.207
107.199
107.192
107.203
107.199
107.207
107.199
107.203
107.199
107.192
107.207
107.218
107.18
107.196
107.199
107.335
107.071
107.199
107.203
107.2
107.199
107.203
107.195
107.339
107.052
107.203
107.207
107.203
107.199
107.192
107.207
107.199
107.199
107.203
107.192
107.199
107.207
107.203
107.192
107.207
107.199
107.199
107.192
107.203
107.199
107.207
107.241
107.157
107.203
107.192
107.207
107.199
107.203
107.188
107.267
107.135
107.207
107.199
107.196
107.207
107.199
107.199
107.199
107.203
107.192
107.199
107.207
107.203
107.188
107.211
107.199
107.199
107.196
107.206
107.2
107.191
107.207
107.203
107.199
107.2
107.191
107.418
106.992
107.192
107.199
107.207
107.199
107.203
107.199
107.422
106.969
107.207
107.203
107.192
107.199
107.199
107.207
107.196
107.206
107.2
107.191
107.207
107.199
107.203
107.2
107.191
107.207
107.203
107.199
107.2
107.191
107.207
107.327
107.064
107.203
107.207
107.199
107.203
107.192
107.199
107.35
107.056
107.203
107.192
107.207
107.199
107.203
107.199
107.199
107.192
107.199
107.207
107.199
107.203
107.192
107.199
107.207
107.203
107.192
107.207
107.191
107.207
107.199
107.252
107.143
107.199
107.207
107.203
107.199
107.2
107.191
107.271
107.135
107.211
107.192
107.199
107.233
107.169
107.196
107.195
107.207
107.199
107.203
107.2
107.199
107.199
107.199
107.199
107.204
107.199
107.191
107.207
107.199
107.204
107.199
107.191
107.207
107.199
107.41
106.993
107.199
107.199
107.199
107.204
107.199
107.199
107.417
106.985
107.2
107.199
107.191
107.207
107.199
107.204
107.199
107.191
107.207
107.199
107.204
107.191
107.207
107.192
107.206
107.204
107.199
107.191
107.207
107.203
107.2
107.327
107.079
107.191
107.199
107.204
107.199
107.199
107.199
107.346
107.057
107.199
107.199
107.199
107.203
107.2
107.199
107.191
107.207
107.203
107.2
107.199
107.199
107.199
107.203
107.2
107.199
107.199
107.199
107.199
107.204
107.191
107.256
107.15
107.203
107.2
107.191
107.199
107.207
107.199
107.267
107.136
107.199
107.199
107.199
107.204
107.199
107.191
107.211
107.195
107.2
107.195
107.207
107.199
107.203
107.2
107.191
107.207
107.199
107.203
107.2
107.199
107.199
107.199
107.203
107.2
107.199
107.417
106.981
107.199
107.204
107.199
107.191
107.207
107.203
107.421
106.978
107.191
107.207
107.199
107.204
107.199
107.199
107.199
107.203
107.2
107.199
107.191
107.207
107.203
107.2
107.199
107.199
107.192
107.21
107.2
107.199
107.199
107.331
107.067
107.204
107.199
107.199
107.199
107.199
107.196
107.35
107.056
107.203
107.195
107.204
107.199
107.199
107.199
107.203
107.2
107.199
107.199
107.192
107.21
107.196
107.203
107.199
107.203
107.195
107.204
107.199
107.199
107.199
107.248
107.155
107.199
107.191
107.207
107.203
107.23
107.169
107.263
107.135
107.2
107.203
107.199
107.191
107.207
107.2
107.203
107.199
107.199
107.199
107.2
107.203
107.199
107.304
107.087
107.21
107.2
107.199
107.191
107.207
107.2
107.203
107.191
107.207
107.192
107.417
106.993
107.199
107.199
107.199
107.2
107.203
107.191
107.433
106.973
107.192
107.211
107.191
107.199
107.2
107.199
107.211
107.191
107.199
107.207
107.192
107.211
107.199
107.199
107.199
107.203
107.2
107.199
107.199
107.192
107.207
107.338
107.064
107.191
107.207
107.203
107.2
107.191
107.207
107.346
107.045
107.211
107.191
107.207
107.192
107.199
107.211
107.191
107.207
107.192
107.203
107.207
107.191
107.199
107.207
107.203
107.2
107.191
107.207
107.199
107.203
107.2
107.255
107.143
107.199
107.2
107.203
107.191
107.199
107.207
107.275
107.128
107.199
107.199
107.199
107.203
107.2
107.191
107.207
107.192
107.21
107.2
107.199
107.199
107.192
107.199
107.211
107.191
107.199
107.207
107.203
107.2
107.191
107.207
107.192
107.203
107.207
107.413
106.977
107.2
107.21
107.2
107.199
107.191
107.207
107.425
106.978
107.199
107.191
107.2
107.207
107.203
107.199
107.199
107.192
107.21
107.2
107.199
107.191
107.207
107.2
107.199
107.203
107.191
107.207
107.203
107.2
107.191
107.342
107.064
107.203
107.2
107.199
107.191
107.2
107.207
107.345
107.057
107.199
107.192
107.21
107.2
107.199
107.199
107.199
107.203
107.2
107.191
107.207
107.199
107.192
107.211
107.191
107.207
107.192
107.21
107.2
107.199
107.191
107.264
107.146
107.2
107.191
107.199
107.241
107.158
107.199
107.275
107.135
107.203
107.199
107.2
107.436
106.962
107.199
107.203
107.2
107.199
107.199
107.199
107.203
107.2
107.191
107.207
107.199
107.2
107.203
107.199
107.199
107.199
107.203
107.2
107.199
107.199
107.417
106.985
107.2
107.199
107.199
107.199
107.203
107.2
107.432
106.966
107.199
107.203
107.2
107.199
107.199
107.203
107.196
107.203
107.199
107.199
107.199
107.203
107.2
107.191
107.207
107.199
107.203
107.2
107.191
107.199
107.207
107.335
107.068
107.191
107.207
107.192
107.207
107.199
107.203
107.349
107.049
107.2
107.203
107.199
107.199
107.199
107.2
107.203
107.191
107.207
107.199
107.192
107.211
107.191
107.199
107.207
107.2
107.203
107.199
107.199
107.199
107.203
107.252
107.147
107.199
107.199
107.203
107.196
107.195
107.199
107.279
107.128
107.203
107.191
107.207
107.199
107.2
107.203
107.191
107.199
107.211
107.199
107.2
107.199
107.199
107.199
107.2
107.203
107.199
107.199
107.199
107.2
107.199
107.195
107.199
107.211
107.199
107.421
106.978
107.199
107.199
107.203
107.2
107.191
107.199
107.44
106.967
107.203
107.191
107.207
107.199
107.2
107.203
107.191
107.199
107.211
107.196
107.203
107.199
107.199
107.199
107.203
107.2
107.191
107.207
107.199
107.2
107.203
107.334
107.056
107.207
107.2
107.203
107.199
107.199
107.199
107.354
107.049
107.191
107.199
107.207
107.203
107.2
107.191
107.199
107.207
107.203
107.2
107.191
107.199
107.207
107.2
107.203
107.199
107.199
107.199
107.2
107.203
107.199
107.255
107.143
107.203
107.2
107.199
107.192
107.206
107.2
107.274
107.128
107.199
107.199
107.2
107.203
107.191
107.222
107.184
107.2
107.203
107.199
107.199
107.199
107.218
107.185
107.199
107.199
107.199
107.29
107.113
107.199
107.199
107.199
107.192
107.199
107.211
107.413
106.985
107.192
107.211
107.199
107.199
107.199
107.192
107.44
106.962
107.207
107.199
107.203
107.188
107.211
107.192
107.206
107.196
107.199
107.199
107.207
107.203
107.188
107.211
107.199
107.192
107.206
107.192
107.203
107.207
107.199
107.346
107.045
107.203
107.207
107.199
107.203
107.196
107.203
107.349
107.049
107.199
107.192
107.199
107.203
107.2
107.206
107.203
107.2
107.199
107.199
107.199
107.203
107.192
107.207
107.192
107.206
107.203
107.2
107.199
107.192
107.206
107.267
107.128
107.207
107.199
107.199
107.192
107.211
107.199
107.27
107.121
107.21
107.192
107.199
107.207
107.218
107.181
107.195
107.199
107.207
107.199
107.203
107.188
107.211
107.199
107.199
107.2
107.203
107.199
107.192
107.206
107.2
107.203
107.199
107.199
107.199
107.425
106.978
107.199
107.199
107.199
107.203
107.2
107.191
107.44
106.966
107.192
107.211
107.191
107.2
107.206
107.192
107.211
107.199
107.199
107.199
107.203
107.192
107.207
107.199
107.199
107.192
107.211
107.199
107.192
107.199
107.199
107.353
107.057
107.192
107.206
107.203
107.192
107.207
107.199
107.361
107.041
107.2
107.199
107.199
107.199
107.203
107.2
107.199
107.199
107.199
107.192
107.211
107.199
107.192
107.206
107.192
107.203
107.207
107.192
107.206
107.203
107.2
107.263
107.135
107.199
107.2
107.203
107.199
107.199
107.192
107.289
107.121
107.199
107.192
107.206
107.196
107.199
107.207
107.192
107.214
107.21
107.185
107.236
107.162
107.199
107.2
107.195
107.199
107.2
107.206
107.2
107.203
107.199
107.199
107.203
107.196
107.203
107.424
106.967
107.206
107.2
107.203
107.191
107.207
107.199
107.44
106.963
107.199
107.192
107.206
107.2
107.203
107.199
107.192
107.206
107.203
107.2
107.191
107.207
107.199
107.203
107.192
107.207
107.199
107.199
107.2
107.203
107.199
107.349
107.049
107.2
107.203
107.199
107.192
107.206
107.203
107.357
107.042
107.199
107.199
107.203
107.2
107.199
107.192
107.206
107.203
107.2
107.199
107.199
107.192
107.21
107.2
107.199
107.192
107.206
107.203
107.196
107.195
107.2
107.278
107.131
107.2
107.191
107.207
107.199
107.2
107.248
107.233
107.12
107.192
107.21
107.2
107.199
107.199
107.199
107.203
107.2
107.199
107.199
107.199
107.203
107.2
107.199
107.199
107.199
107.203
107.2
107.199
107.192
107.206
107.2
107.203
107.199
107.192
107.439
106.97
107.2
107.199
107.199
107.199
107.2
107.203
107.439
106.959
107.199
107.2
107.203
107.191
107.2
107.206
107.2
107.203
107.191
107.207
107.199
107.2
107.195
107.199
107.2
107.206
107.2
107.195
107.199
107.207
107.199
107.354
107.049
107.199
107.192
107.206
107.203
107.2
107.199
107.192
107.206
107.2
107.203
107.199
107.199
107.199
107.203
107.2
107.191
107.207
107.199
107.203
107.2
107.191
107.207
107.199
107.203
107.2
107.199
107.199
107.199
107.2
107.266
107.128
107.2
107.206
107.2
107.203
107.199
107.199
107.282
107.12
107.2
107.191
107.207
107.199
107.203
107.2
107.199
107.199
107.199
107.203
107.2
107.199
107.199
107.199
107.2
107.203
107.199
107.192
107.206
107.2
107.203
107.191
107.207
107.199
107.203
107.192
107.199
107.2
107.199
107.21
107.2
107.191
107.207
107.447
106.955
107.2
107.191
107.2
107.206
107.203
107.192
107.199
107.2
107.206
107.203
107.188
107.203
107.207
107.199
107.203
107.196
107.195
107.207
107.199
107.203
107.192
107.357
107.042
107.206
107.203
107.2
107.191
107.207
107.192
107.368
107.034
107.199
107.2
107.206
107.203
107.2
107.383
107.008
107.199
107.21
107.2
107.191
107.207
107.192
107.21
107.192
107.199
107.2
107.199
107.207
107.203
107.191
107.278
107.121
107.21
107.2
107.191
107.2
107.206
107.2
107.281
107.121
107.192
107.206
107.192
107.203
107.199
107.2
107.199
107.21
107.2
107.191
107.2
107.206
107.2
107.203
107.191
107.2
107.199
107.21
107.2
107.199
107.199
107.199
107.192
107.203
107.207
107.432
106.959
107.21
107.2
107.206
107.185
107.206
107.2
107.451
106.943
107.207
107.199
107.203
107.2
107.199
107.199
107.192
107.207
107.199
107.203
107.192
107.206
107.2
107.203
107.191
107.207
107.199
107.2
107.203
107.191
107.207
107.353
107.049
107.2
107.191
107.207
107.192
107.207
107.203
107.368
107.023
107.206
107.2
107.203
107.191
107.2
107.199
107.21
107.196
107.195
107.2
107.206
107.203
107.2
107.199
107.192
107.199
107.207
107.195
107.199
107.2
107.206
107.275
107.128
107.191
107.207
107.199
107.2
107.203
107.191
107.297
107.102
107.207
107.203
107.191
107.207
107.203
107.196
107.203
107.191
107.2
107.199
107.225
107.185
107.214
107.184
107.199
107.2
107.195
107.199
107.248
107.158
107.2
107.203
107.214
107.184
107.199
107.203
107.2
107.199
107.192
107.214
107.195
107.2
107.199
107.447
106.951
107.203
107.2
107.199
107.199
107.199
107.2
107.195
107.207
107.199
107.199
107.203
107.2
107.199
107.199
107.199
107.203
107.192
107.199
107.207
107.199
107.203
107.357
107.042
107.199
107.199
107.203
107.2
107.199
107.199
107.368
107.034
107.2
107.199
107.199
107.199
107.2
107.203
107.199
107.199
107.199
107.2
107.203
107.191
107.2
107.206
107.203
107.2
107.199
107.199
107.199
107.2
107.203
107.278
107.12
107.199
107.203
107.188
107.211
107.192
107.206
107.29
107.113
107.199
107.192
107.206
107.2
107.199
107.195
107.207
107.199
107.2
107.203
107.199
107.199
107.199
107.203
107.2
107.199
107.199
107.199
107.2
107.203
107.199
107.199
107.199
107.203
107.2
107.432
106.959
107.206
107.203
107.207
107.192
107.192
107.206
107.448
106.955
107.191
107.207
107.199
107.2
107.203
107.199
107.192
107.206
107.203
107.2
107.199
107.199
107.199
107.2
107.203
107.199
107.192
107.206
107.203
107.196
107.203
107.361
107.037
107.2
107.203
107.191
107.207
107.199
107.2
107.372
107.03
107.199
107.199
107.2
107.218
107.184
107.199
107.199
107.2
107.203
107.199
107.192
107.21
107.199
107.2
107.199
107.199
107.199
107.2
107.191
107.211
107.199
107.282
107.12
107.2
107.199
107.199
107.199
107.2
107.203
107.285
107.106
107.21
107.199
107.192
107.207
107.192
107.206
107.203
107.2
107.199
107.199
107.199
107.203
107.2
107.199
107.192
107.206
107.203
107.2
107.199
107.199
107.199
107.2
107.191
107.211
107.199
107.192
107.199
107.203
107.199
107.222
107.184
107.203
107.2
107.447
106.951
107.192
107.21
107.2
107.199
107.199
107.199
107.203
107.192
107.199
107.207
107.199
107.203
107.2
107.191
107.2
107.206
107.203
107.2
107.191
107.207
107.192
107.368
107.042
107.191
107.2
107.199
107.21
107.2
107.191
107.384
107.022
107.2
107.203
107.191
107.207
107.192
107.207
107.203
107.199
107.192
107.199
107.21
107.2
107.191
107.207
107.192
107.207
107.203
107.191
107.2
107.206
107.203
107.279
107.112
107.2
107.206
107.203
107.2
107.199
107.199
107.297
107.105
107.2
107.191
107.2
107.21
107.196
107.203
107.191
107.2
107.199
107.21
107.2
107.191
107.207
107.199
107.2
107.203
107.199
107.192
107.199
107.207
107.203
107.199
107.192
107.206
107.2
107.439
106.963
107.192
107.206
107.218
107.185
107.191
107.2
107.462
106.944
107.203
107.191
107.2
107.206
107.2
107.203
107.191
107.2
107.206
107.192
107.211
107.191
107.2
107.206
107.203
107.188
107.203
107.207
107.192
107.207
107.203
107.357
107.034
107.206
107.2
107.203
107.191
107.207
107.192
107.383
107.027
107.199
107.199
107.199
107.2
107.203
107.191
107.207
107.203
107.199
107.2
107.191
107.207
107.192
107.21
107.2
107.191
107.207
107.199
107.203
107.2
107.191
107.294
107.105
107.207
107.203
107.191
107.2
107.206
107.203
107.294
107.097
107.207
107.199
107.203
107.2
107.199
107.192
107.199
107.207
107.203
107.199
107.199
107.199
107.2
107.218
107.184
107.199
107.199
107.211
107.192
107.191
107.2
107.214
107.195
107.2
107.199
107.192
107.199
107.207
107.203
107.214
107.184
107.199
107.2
107.466
106.936
107.199
107.199
107.2
107.203
107.199
107.214
107.184
107.203
107.2
107.199
107.199
107.199
107.2
107.195
107.199
107.207
107.199
107.203
107.2
107.191
107.207
107.368
107.031
107.203
107.191
107.207
107.199
107.2
107.203
107.383
107.015
107.199
107.203
107.192
107.199
107.2
107.206
107.2
107.203
107.199
107.192
107.206
107.2
107.203
107.199
107.199
107.199
107.2
107.203
107.199
107.199
107.199
107.29
107.113
107.191
107.2
107.206
107.2
107.203
107.199
107.304
107.094
107.192
107.211
107.199
107.192
107.206
107.2
107.203
107.199
107.199
107.199
107.2
107.203
107.199
107.192
107.206
107.203
107.2
107.199
107.199
107.192
107.21
107.2
107.199
107.199
107.199
107.451
106.952
107.199
107.199
107.214
107.185
107.203
107.191
107.47
106.936
107.2
107.203
107.199
107.199
107.199
107.203
107.2
107.199
107.199
107.199
107.203
107.2
107.199
107.199
107.199
107.2
107.203
107.199
107.199
107.203
107.199
107.365
107.034
107.199
107.199
107.2
107.203
107.199
107.199
107.376
107.023
107.203
107.191
107.207
107.199
107.203
107.2
107.191
107.2
107.206
107.203
107.2
107.199
107.199
107.199
107.203
107.2
107.199
107.199
107.199
107.203
107.2
107.285
107.113
107.199
107.2
107.203
107.199
107.199
107.199
107.297
107.106
107.191
107.207
107.199
107.203
107.2
107.199
107.199
107.199
107.2
107.203
107.199
107.192
107.206
107.203
107.2
107.24
107.158
107.199
107.2
107.203
107.199
107.207
107.191
107.2
107.203
107.199
107.199
107.199
107.203
107.215
107.184
107.199
107.192
107.21
107.2
107.199
107.192
107.206
107.2
107.203
107.199
107.199
107.207
107.195
107.2
107.191
107.207
107.199
107.203
107.2
107.191
107.2
107.206
107.192
107.211
107.191
107.376
107.023
107.207
107.203
107.199
107.199
107.199
107.192
107.395
107.007
107.2
107.206
107.203
107.2
107.199
107.199
107.192
107.207
107.195
107.207
107.192
107.206
107.203
107.2
107.199
107.199
107.199
107.192
107.211
107.199
107.199
107.29
107.101
107.211
107.191
107.207
107.192
107.199
107.203
107.312
107.087
107.199
107.21
107.2
107.191
107.207
107.192
107.199
107.203
107.207
107.199
107.192
107.207
107.203
107.199
107.199
107.203
107.199
107.2
107.191
107.207
107.199
107.211
107.192
107.199
107.199
107.192
107.207
107.203
107.199
107.225
107.173
107.192
107.211
107.191
107.2
107.206
107.203
107.2
107.199
107.207
107.304
107.346
106.944
107.206
107.185
107.199
107.199
107.211
107.199
107.192
107.206
107.192
107.211
107.214
107.184
107.192
107.207
107.203
107.191
107.2
107.206
107.203
107.2
107.191
107.391
107.015
107.203
107.2
107.199
107.192
107.206
107.2
107.203
107.191
107.2
107.199
107.199
107.211
107.199
107.199
107.192
107.207
107.195
107.199
107.2
107.206
107.203
107.294
107.097
107.207
107.192
107.199
107.211
107.191
107.207
107.305
107.097
107.2
107.191
107.2
107.199
107.21
107.2
107.191
107.207
107.192
107.207
107.203
107.191
107.207
107.192
107.203
107.207
107.199
107.214
107.184
107.203
107.2
107.214
107.184
107.199
107.2
107.203
107.199
107.199
107.199
107.226
107.177
107.199
107.199
107.199
107.2
107.203
107.199
107.199
107.199
107.2
107.203
107.199
107.192
107.206
107.203
107.2
107.191
107.207
107.199
107.2
107.203
107.199
107.199
107.199
107.2
107.203
107.376
107.022
107.199
107.203
107.2
107.199
107.192
107.206
107.384
107.019
107.199
107.199
107.199
107.2
107.203
107.191
107.207
107.199
107.2
107.203
107.191
107.207
107.199
107.203
107.2
107.199
107.192
107.206
107.2
107.203
107.199
107.297
107.101
107.2
107.195
107.207
107.199
107.199
107.203
107.301
107.098
107.199
107.203
107.196
107.203
107.199
107.199
107.199
107.2
107.191
107.211
107.199
107.199
107.203
107.2
107.199
107.199
107.199
107.2
107.195
107.207
107.199
107.218
107.181
107.203
107.199
107.199
107.199
107.2
107.203
107.229
107.162
107.206
107.203
107.2
107.199
107.199
107.199
107.2
107.203
107.191
107.2
107.206
107.203
107.2
107.191
107.207
107.199
107.203
107.2
107.191
107.2
107.206
107.2
107.203
107.199
107.199
107.391
107.011
107.2
107.199
107.192
107.206
107.203
107.2
107.391
107
107.206
107.203
107.2
107.199
107.199
107.199
107.203
107.2
107.199
107.192
107.206
107.203
107.2
107.199
107.199
107.199
107.203
107.192
107.207
107.199
107.199
107.297
107.106
107.199
107.199
107.192
107.207
107.203
107.199
107.312
107.09
107.196
107.203
107.199
107.192
107.206
107.203
107.2
107.199
107.199
107.199
107.203
107.2
107.199
107.199
107.199
107.203
107.2
107.199
107.192
107.206
107.2
107.218
107.184
107.192
107.206
107.2
107.203
107.206
107.185
107.233
107.165
107.211
107.191
107.2
107.199
107.21
107.188
107.203
107.2
107.206
107.2
107.195
107.222
107.184
107.199
107.203
107.2
107.191
107.2
107.206
107.196
107.207
107.191
107.207
107.199
107.196
107.38
107.018
107.207
107.199
107.203
107.2
107.199
107.192
107.398
107
107.203
107.207
107.192
107.206
107.2
107.203
107.199
107.192
107.21
107.196
107.203
107.199
107.199
107.199
107.192
107.199
107.211
107.199
107.192
107.207
107.191
107.312
107.091
107.206
107.203
107.2
107.199
107.199
107.199
107.312
107.091
107.191
107.2
107.206
107.203
107.2
107.191
107.2
107.21
107.188
107.211
107.199
107.199
107.199
107.2
107.195
107.199
107.207
107.199
107.203
107.2
107.191
107.226
107.18
107.203
107.192
107.199
107.207
107.199
107.2
107.233
107.169
107.199
107.199
107.2
107.195
107.207
107.199
107.199
107.203
107.192
107.207
107.199
107.199
107.203
107.192
107.207
107.199
107.199
107.2
107.195
107.207
107.199
107.199
107.192
107.211
107.191
107.391
107.008
107.21
107.188
107.211
107.192
107.206
107.2
107.394
107
107.207
107.199
107.192
107.199
107.211
107.199
107.199
107.203
107.2
107.191
107.207
107.199
107.203
107.196
107.203
107.192
107.206
107.192
107.203
107.199
107.207
107.305
107.097
107.192
107.207
107.199
107.199
107.203
107.188
107.331
107.079
107.199
107.192
107.211
107.199
107.199
107.199
107.2
107.203
107.199
107.199
107.218
107.181
107.203
107.199
107.192
107.206
107.2
107.203
107.199
107.199
107.199
107.218
107.177
107.199
107.207
107.199
107.2
107.203
107.199
107.24
107.162
107.199
107.2
107.199
107.199
107.199
107.203
107.2
107.199
107.192
107.206
107.203
107.2
107.199
107.192
107.206
107.2
107.203
107.199
107.199
107.199
107.2
107.203
107.191
107.207
107.199
107.388
107.015
107.191
107.2
107.206
107.203
107.2
107.199
107.391
107
107.21
107.2
107.191
107.2
107.206
107.2
107.203
107.191
107.207
107.199
107.2
107.203
107.199
107.199
107.199
107.2
107.203
107.191
107.2
107.206
107.203
107.301
107.09
107.207
107.199
107.2
107.203
107.199
107.199
107.312
107.09
107.2
107.199
107.199
107.199
107.2
107.203
107.199
107.199
107.199
107.2
107.203
107.199
107.192
107.206
107.203
107.2
107.199
107.192
107.206
107.203
107.2
107.221
107.177
107.199
107.203
107.2
107.191
107.207
107.199
107.233
107.17
107.191
107.207
107.199
107.203
107.2
107.199
107.199
107.199
107.196
107.207
107.199
107.199
107.203
107.199
107.2
107.191
107.2
107.206
107.203
107.2
107.199
107.199
107.199
107.2
107.203
107.383
107.015
107.199
107.2
107.203
107.191
107.207
107.199
107.403
107
107.199
107.199
107.192
107.21
107.2
107.191
107.2
107.206
107.203
107.2
107.191
107.207
107.199
107.2
107.203
107.191
107.2
107.21
107.199
107.2
107.199
107.304
107.094
107.2
107.203
107.191
107.207
107.199
107.2
107.323
107.079
107.199
107.199
107.203
107.2
107.191
107.2
107.206
107.203
107.2
107.199
107.199
107.199
107.203
107.2
107.199
107.199
107.199
107.2
107.203
107.191
107.207
107.226
107.173
107.191
107.203
107.207
107.199
107.192
107.211
107.236
107.162
107.199
107.192
107.203
107.207
107.192
107.206
107.203
107.2
107.199
107.199
107.199
107.192
107.211
107.199
107.192
107.206
107.2
107.203
107.199
107.199
107.199
107.203
107.192
107.199
107.2
107.398
107
107.203
107.207
107.199
107.199
107.192
107.203
107.406
107
107.199
107.192
107.211
107.191
107.207
107.199
107.2
107.191
107.203
107.207
107.199
107.2
107.195
107.207
107.192
107.206
107.203
107.192
107.199
107.207
107.199
107.305
107.094
107.203
107.192
107.206
107.192
107.211
107.191
107.327
107.079
107.192
107.203
107.199
107.207
107.199
107.346
107.057
107.191
107.207
107.203
107.199
107.192
107.199
107.207
107.192
107.199
107.211
107.199
107.199
107.199
107.203
107.222
107.169
107.2
107.199
107.21
107.2
107.191
107.2
107.248
107.15
107.211
107.199
107.192
107.206
107.192
107.211
107.191
107.207
107.199
107.203
107.2
107.199
107.199
107.192
107.199
107.199
107.203
107.207
107.199
107.192
107.211
107.191
107.2
107.21
107.196
107.394
107.008
107.199
107.199
107.2
107.195
107.199
107.207
107.41
106.989
107.203
107.199
107.199
107.199
107.192
107.211
107.199
107.192
107.206
107.203
107.2
107.191
107.2
107.206
107.203
107.188
107.211
107.199
107.192
107.21
107.192
107.32
107.086
107.199
107.203
107.2
107.199
107.199
107.199
107.32
107.083
107.191
107.207
107.199
107.203
107.2
107.199
107.192
107.206
107.203
107.196
107.195
107.2
107.199
107.225
107.185
107.199
107.192
107.199
107.207
107.203
107.199
107.192
107.206
107.2
107.203
107.199
107.199
107.199
107.2
107.251
107.151
107.199
107.199
107.203
107.2
107.199
107.192
107.206
107.2
107.203
107.191
107.207
107.199
107.203
107.2
107.191
107.2
107.206
107.203
107.2
107.199
107.192
107.21
107.196
107.203
107.199
107.391
107.007
107.192
107.211
107.199
107.192
107.206
107.203
107.399
106.992
107.2
107.206
107.2
107.203
107.199
107.199
107.199
107.203
107.2
107.191
107.2
107.206
107.203
107.2
107.199
107.199
107.199
107.203
107.2
107.199
107.199
107.312
107.09
107.2
107.199
107.199
107.199
107.203
107.2
107.327
107.071
107.199
107.203
107.2
107.191
107.207
107.199
107.2
107.203
107.191
107.2
107.206
107.203
107.2
107.199
107.192
107.206
107.2
107.203
107.199
107.199
107.199
107.233
107.17
107.199
107.199
107.199
107.203
107.2
107.199
107.248
107.154
107.199
107.2
107.191
107.207
107.199
107.203
107.2
107.191
107.2
107.206
107.2
107.203
107.199
107.192
107.206
107.2
107.203
107.199
107.199
107.203
107.196
107.203
107.199
107.199
107.199
107.395
107.008
107.199
107.199
107.199
107.203
107.2
107.199
107.41
106.988
107.203
107.2
107.199
107.199
107.199
107.203
107.2
107.191
107.207
107.199
107.203
107.2
107.191
107.2
107.206
107.2
107.203
107.199
107.199
107.199
107.203
107.309
107.09
107.192
107.206
107.203
107.2
107.199
107.199
107.327
107.072
107.203
107.191
107.207
107.199
107.203
107.2
107.199
107.199
107.199
107.2
107.203
107.191
107.207
107.203
107.199
107.181
107.21
107.2
107.206
107.2
107.203
107.229
107.169
107.199
107.2
107.203
107.199
107.192
107.206
107.248
107.155
107.199
107.192
107.206
107.203
107.2
107.191
107.2
107.199
107.207
107.195
107.199
107.207
107.192
107.207
107.195
107.199
107.2
107.206
107.203
107.2
107.191
107.207
107.199
107.192
107.203
107.399
107
107.199
107.207
107.203
107.199
107.192
107.206
107.418
106.985
107.199
107.192
107.199
107.21
107.2
107.191
107.207
107.199
107.203
107.188
107.203
107.2
107.199
107.207
107.203
107.191
107.207
107.192
107.21
107.2
107.199
107.319
107.083
107.196
107.195
107.199
107.2
107.199
107.21
107.327
107.072
107.199
107.192
107.207
107.203
107.191
107.2
107.199
107.21
107.2
107.191
107.2
107.199
107.21
107.2
107.199
107.192
107.206
107.2
107.203
107.191
107.2
107.24
107.166
107.203
107.191
107.207
107.199
107.203
107.2
107.248
107.15
107.199
107.2
107.203
107.199
107.192
107.206
107.203
107.2
107.191
107.2
107.206
107.203
107.2
107.191
107.23
107.176
107.2
107.203
107.199
107.192
107.206
107.2
107.203
107.199
107.192
107.409
107
107.2
107.191
107.207
107.199
107.203
107.2
107.413
106.985
107.199
107.203
107.2
107.191
107.207
107.192
107.207
107.203
107.191
107.2
107.206
107.2
107.195
107.199
107.207
107.199
107.203
107.2
107.199
107.199
107.199
107.32
107.083
107.191
107.2
107.206
107.203
107.192
107.199
107.342
107.064
107.2
107.203
107.191
107.2
107.206
107.203
107.192
107.199
107.2
107.199
107.207
107.203
107.191
107.2
107.206
107.203
107.207
107.192
107.199
107.199
107.203
107.237
107.154
107.207
107.199
107.203
107.2
107.191
107.207
107.256
107.146
107.2
107.199
107.192
107.21
107.196
107.203
107.199
107.192
107.206
107.2
107.191
107.211
107.199
107.199
107.203
107.2
107.199
107.192
107.206
107.2
107.203
107.199
107.199
107.199
107.203
107.399
106.992
107.207
107.199
107.203
107.2
107.199
107.192
107.417
106.992
107.2
107.191
107.2
107.206
107.203
107.2
107.199
107.199
107.199
107.203
107.2
107.199
107.199
107.199
107.2
107.203
107.199
107.199
107.199
107.203
107.2
107.319
107.072
107.206
107.203
107.2
107.199
107.199
107.199
107.339
107.064
107.199
107.199
107.199
107.203
107.2
107.199
107.199
107.192
107.207
107.203
107.199
107.192
107.206
107.2
107.203
107.199
107.199
107.199
107.2
107.203
107.191
107.248
107.158
107.2
107.203
107.199
107.199
107.199
107.203
107.252
107.147
107.199
107.199
107.2
107.195
107.207
107.199
107.203
107.199
107.2
107.191
107.207
107.192
107.21
107.2
107.199
107.199
107.199
107.203
107.2
107.199
107.199
107.199
107.203
107.2
107.199
107.406
106.992
107.203
107.2
107.199
107.199
107.199
107.203
107.414
106.977
107.207
107.199
107.2
107.203
107.199
107.192
107.206
107.203
107.2
107.191
107.207
107.199
107.2
107.203
107.191
107.207
107.199
107.203
107.2
107.191
107.207
107.32
107.082
107.2
107.199
107.199
107.199
107.203
107.2
107.334
107.064
107.199
107.203
107.188
107.203
107.2
107.206
107.203
107.2
107.199
107.192
107.206
107.203
107.192
107.207
107.199
107.199
107.2
107.203
107.184
107.214
107.199
107.248
107.155
107.191
107.207
107.199
107.203
107.2
107.199
107.256
107.142
107.203
107.2
107.191
107.207
107.199
107.203
107.2
107.191
107.207
107.199
107.203
107.192
107.199
107.2
107.199
107.21
107.2
107.191
107.2
107.206
107.203
107.2
107.199
107.199
107.192
107.417
106.993
107.199
107.192
107.206
107.2
107.203
107.191
107.433
106.966
107.207
107.203
107.191
107.207
107.203
107.199
107.2
107.191
107.207
107.199
107.203
107.2
107.191
107.207
107.192
107.207
107.203
107.199
107.199
107.199
107.2
107.319
107.075
107.2
107.21
107.199
107.188
107.203
107.207
107.346
107.053
107.203
107.191
107.2
107.199
107.21
107.2
107.191
107.2
107.199
107.21
107.2
107.191
107.2
107.206
107.2
107.203
107.191
107.2
107.199
107.207
107.203
107.248
107.15
107.199
107.203
107.2
107.199
107.192
107.206
107.264
107.139
107.199
107.192
107.206
107.203
107.2
107.191
107.207
107.199
107.203
107.2
107.191
107.207
107.203
107.188
107.211
107.191
107.2
107.199
107.21
107.2
107.191
107.2
107.225
107.181
107.199
107.41
106.985
107.206
107.2
107.203
107.191
107.2
107.199
107.425
106.985
107.199
107.199
107.192
107.207
107.203
107.191
107.2
107.199
107.21
107.2
107.191
107.2
107.206
107.2
107.203
107.199
107.199
107.199
107.203
107.192
107.199
107.2
107.199
107.21
107.2
107.191
107.207
107.203
107.199
107.342
107.049
107.2
107.199
107.207
107.203
107.188
107.203
107.21
107.188
107.203
107.199
107.2
107.206
107.2
107.195
107.199
107.2
107.206
107.203
107.2
107.199
107.207
107.24
107.154
107.2
107.191
107.207
107.192
107.207
107.203
107.255
107.143
107.199
107.2
107.203
107.199
107.199
107.199
107.2
107.195
107.207
107.199
107.199
107.203
107.196
107.203
107.192
107.206
107.203
107.2
107.191
107.2
107.206
107.2
107.203
107.199
107.199
107.406
106.993
107.203
107.199
107.192
107.206
107.203
107.2
107.421
106.977
107.199
107.203
107.2
107.199
107.199
107.199
107.2
107.203
107.199
107.199
107.199
107.203
107.2
107.199
107.199
107.199
107.203
107.2
107.191
107.207
107.199
107.331
107.072
107.199
107.199
107.199
107.2
107.203
107.199
107.342
107.056
107.203
107.2
107.199
107.192
107.206
107.203
107.2
107.199
107.199
107.199
107.2
107.203
107.199
107.199
107.199
107.2
107.203
107.199
107.199
107.199
107.2
107.248
107.154
107.192
107.206
107.203
107.2
107.191
107.207
107.263
107.139
107.2
107.199
107.199
107.199
107.2
107.203
107.199
107.199
107.199
107.203
107.2
107.199
107.192
107.206
107.2
107.195
107.199
107.207
107.199
107.203
107.2
107.199
107.199
107.203
107.199
107.414
106.985
107.199
107.199
107.2
107.203
107.199
107.192
107.432
106.977
107.2
107.199
107.199
107.199
107.2
107.203
107.199
107.199
107.199
107.203
107.2
107.191
107.207
107.199
107.203
107.2
107.199
107.199
107.199
107.2
107.203
107.221
107.177
107.199
107.203
107.2
107.199
107.199
107.199
107.354
107.045
107.203
107.199
107.199
107.203
107.2
107.199
107.199
107.199
107.2
107.203
107.191
107.2
107.21
107.199
107.2
107.199
107.199
107.199
107.203
107.2
107.199
107.334
107.064
107.2
107.195
107.207
107.199
107.199
107.203
107.271
107.128
107.199
107.199
107.271
107.132
107.191
107.2
107.206
107.2
107.203
107.191
107.2
107.199
107.21
107.192
107.207
107.199
107.192
107.207
107.203
107.191
107.207
107.199
107.203
107.2
107.199
107.417
106.981
107.192
107.199
107.211
107.199
107.199
107.192
107.44
106.97
107.192
107.206
107.2
107.203
107.191
107.207
107.199
107.203
107.192
107.207
107.192
107.206
107.203
107.188
107.203
107.2
107.206
107.203
107.196
107.203
107.192
107.345
107.064
107.2
107.191
107.207
107.199
107.203
107.192
107.35
107.049
107.199
107.21
107.192
107.199
107.207
107.192
107.199
107.211
107.191
107.2
107.206
107.203
107.192
107.199
107.2
107.21
107.188
107.203
107.199
107.207
107.199
107.256
107.139
107.207
107.199
107.199
107.203
107.2
107.199
107.271
107.127
107.192
107.211
107.191
107.207
107.199
107.192
107.211
107.191
107.207
107.199
107.196
107.195
107.211
107.192
107.206
107.203
107.192
107.207
107.199
107.199
107.192
107.199
107.211
107.199
107.203
107.414
106.985
107.199
107.199
107.199
107.203
107.192
107.207
107.432
106.959
107.21
107.2
107.191
107.2
107.206
107.196
107.199
107.207
107.199
107.199
107.192
107.211
107.199
107.199
107.199
107.192
107.203
107.207
107.192
107.206
107.192
107.346
107.064
107.199
107.199
107.203
107.2
107.191
107.207
107.354
107.037
107.203
107.199
107.2
107.206
107.192
107.203
107.199
107.207
107.199
107.192
107.203
107.207
107.192
107.206
107.203
107.192
107.199
107.207
107.199
107.2
107.203
107.255
107.185
107.165
107.195
107.2
107.229
107.169
107.199
107.275
107.128
107.199
107.199
107.203
107.196
107.203
107.191
107.2
107.206
107.2
107.195
107.199
107.207
107.199
107.2
107.203
107.191
107.207
107.199
107.203
107.2
107.191
107.207
107.199
107.203
107.2
107.424
106.974
107.203
107.199
107.2
107.199
107.199
107.199
107.433
106.97
107.199
107.199
107.199
107.2
107.203
107.199
107.199
107.199
107.203
107.2
107.199
107.192
107.206
107.2
107.199
107.195
107.207
107.199
107.2
107.203
107.199
107.346
107.052
107.203
107.2
107.199
107.199
107.199
107.2
107.353
107.049
107.199
107.199
107.203
107.2
107.199
107.192
107.206
107.2
107.203
107.199
107.192
107.206
107.2
107.203
107.199
107.199
107.199
107.2
107.191
107.211
107.192
107.274
107.132
107.203
107.199
107.192
107.21
107.196
107.203
107.27
107.128
107.199
107.203
107.192
107.199
107.207
107.199
107.2
107.203
107.191
107.207
107.199
107.2
107.199
107.195
107.207
107.199
107.203
107.2
107.199
107.199
107.199
107.203
107.2
107.191
107.2
107.432
106.977
107.2
107.191
107.207
107.199
107.203
107.2
107.432
106.966
107.199
107.203
107.2
107.199
107.199
107.199
107.203
107.2
107.199
107.199
107.199
107.203
107.2
107.199
107.199
107.199
107.203
107.2
107.191
107.207
107.199
107.346
107.057
107.199
107.199
107.199
107.2
107.203
107.199
107.353
107.045
107.2
107.203
107.191
107.207
107.199
107.2
107.203
107.199
107.192
107.206
107.203
107.196
107.203
107.199
107.199
107.203
107.2
107.199
107.199
107.199
107.2
107.267
107.135
107.199
107.214
107.185
107.203
107.199
107.192
107.282
107.124
107.203
107.206
107.192
107.199
107.203
107.2
107.221
107.17
107.199
107.207
107.203
107.199
107.192
107.199
107.21
107.2
107.199
107.199
107.192
107.207
107.195
107.207
107.192
107.199
107.207
107.424
106.97
107.2
107.206
107.203
107.2
107.191
107.2
107.447
106.962
107.2
107.191
107.2
107.199
107.21
107.2
107.199
107.192
107.199
107.207
107.203
107.191
107.207
107.192
107.21
107.2
107.191
107.207
107.199
107.196
107.207
107.342
107.049
107.199
107.199
107.211
107.199
107.199
107.199
107.361
107.042
107.191
107.207
107.192
107.199
107.211
107.199
107.199
107.199
107.2
107.203
107.191
107.2
107.206
107.203
107.192
107.207
107.199
107.192
107.199
107.211
107.199
107.263
107.128
107.199
107.211
107.199
107.192
107.199
107.207
107.282
107.12
107.192
107.21
107.188
107.211
107.191
107.207
107.199
107.192
107.211
107.199
107.192
107.206
107.192
107.211
107.199
107.192
107.199
107.207
107.203
107.199
107.199
107.192
107.207
107.199
107.203
107.425
106.973
107.203
107.192
107.207
107.199
107.199
107.2
107.443
106.951
107.2
107.206
107.192
107.211
107.199
107.192
107.199
107.199
107.211
107.199
107.199
107.192
107.203
107.207
107.191
107.2
107.199
107.21
107.2
107.199
107.192
107.353
107.056
107.2
107.191
107.207
107.199
107.203
107.2
107.361
107.037
107.199
107.2
107.203
107.191
107.2
107.199
107.199
107.211
107.191
107.2
107.199
107.199
107.211
107.191
107.207
107.192
107.21
107.2
107.199
107.192
107.199
107.274
107.136
107.191
107.2
107.206
107.218
107.2
107.176
107.286
107.12
107.2
107.203
107.199
107.192
107.206
107.203
107.2
107.199
107.192
107.206
107.218
107.181
107.203
107.192
107.206
107.226
107.177
107.199
107.199
107.199
107.2
107.203
107.199
107.214
107.184
107.218
107.185
107.191
107.207
107.199
107.203
107.2
107.199
107.44
106.958
107.2
107.203
107.199
107.192
107.206
107.203
107.2
107.191
107.207
107.199
107.203
107.2
107.199
107.199
107.199
107.2
107.203
107.199
107.199
107.199
107.196
107.35
107.048
107.207
107.199
107.203
107.2
107.191
107.207
107.361
107.038
107.203
107.199
107.199
107.199
107.2
107.203
107.199
107.199
107.199
107.203
107.2
107.199
107.192
107.206
107.203
107.2
107.191
107.2
107.206
107.2
107.203
107.27
107.128
107.199
107.203
107.2
107.199
107.192
107.225
107.263
107.121
107.199
107.199
107.199
107.2
107.203
107.199
107.199
107.199
107.203
107.2
107.199
107.192
107.206
107.203
107.2
107.199
107.199
107.192
107.21
107.2
107.199
107.192
107.206
107.203
107.2
107.432
106.966
107.199
107.203
107.207
107.192
107.199
107.199
107.44
106.963
107.199
107.199
107.199
107.203
107.196
107.195
107.2
107.206
107.203
107.2
107.191
107.207
107.199
107.203
107.2
107.199
107.192
107.21
107.196
107.203
107.191
107.361
107.045
107.203
107.196
107.203
107.199
107.199
107.203
107.358
107.033
107.207
107.199
107.203
107.2
107.199
107.199
107.199
107.2
107.203
107.199
107.199
107.199
107.2
107.203
107.199
107.199
107.199
107.203
107.2
107.199
107.199
107.271
107.128
107.203
107.199
107.199
107.199
107.203
107.207
107.278
107.113
107.199
107.203
107.2
107.199
107.199
107.199
107.203
107.2
107.199
107.192
107.199
107.21
107.188
107.211
107.199
107.199
107.203
107.192
107.199
107.2
107.206
107.203
107.2
107.191
107.207
107.433
106.969
107.2
107.199
107.199
107.199
107.2
107.191
107.459
106.951
107.199
107.203
107.192
107.199
107.207
107.199
107.2
107.203
107.191
107.2
107.206
107.2
107.203
107.191
107.2
107.199
107.21
107.2
107.191
107.2
107.206
107.354
107.049
107.191
107.207
107.192
107.21
107.192
107.199
107.376
107.034
107.196
107.195
107.199
107.2
107.206
107.192
107.211
107.191
107.2
107.206
107.203
107.2
107.191
107.2
107.206
107.203
107.2
107.191
107.207
107.199
107.203
107.271
107.12
107.2
107.206
107.196
107.207
107.191
107.2
107.297
107.112
107.196
107.195
107.207
107.199
107.203
107.2
107.199
107.199
107.203
107.196
107.195
107.199
107.207
107.192
107.21
107.192
107.199
107.2
107.206
107.203
107.188
107.203
107.207
107.199
107.203
107.44
106.959
107.192
107.21
107.207
107.192
107.199
107.192
107.455
106.951
107.203
107.191
107.2
107.206
107.203
107.192
107.199
107.2
107.206
107.203
107.192
107.207
107.192
107.206
107.203
107.2
107.191
107.2
107.206
107.2
107.191
107.369
107.034
107.199
107.21
107.2
107.199
107.199
107.199
107.369
107.026
107.207
107.192
107.206
107.203
107.2
107.199
107.192
107.199
107.21
107.192
107.207
107.192
107.206
107.2
107.195
107.207
107.199
107.199
107.2
107.191
107.211
107.278
107.124
107.196
107.203
107.191
107.207
107.199
107.203
107.207
107.192
107.192
107.206
107.2
107.203
107.191
107.207
107.199
107.2
107.203
107.191
107.207
107.218
107.184
107.2
107.199
107.199
107.203
107.199
107.2
107.199
107.199
107.199
107.203
107.2
107.199
107.432
106.97
107.199
107.2
107.206
107.185
107.206
107.2
107.451
106.951
107.199
107.199
107.203
107.2
107.199
107.199
107.199
107.2
107.203
107.191
107.207
107.199
107.192
107.211
107.199
107.192
107.206
107.203
107.2
107.199
107.199
107.361
107.038
107.203
107.199
107.199
107.199
107.2
107.203
107.368
107.023
107.206
107.2
107.191
107.211
107.192
107.206
107.2
107.203
107.199
107.199
107.199
107.2
107.203
107.188
107.21
107.199
107.2
107.203
107.199
107.192
107.199
107.289
107.121
107.199
107.199
107.199
107.203
107.2
107.199
107.286
107.112
107.203
107.2
107.199
107.199
107.199
107.203
107.192
107.207
107.199
107.199
107.203
107.2
107.191
107.207
107.199
107.203
107.2
107.199
107.199
107.199
107.203
107.2
107.199
107.199
107.199
107.44
106.963
107.199
107.192
107.225
107.181
107.203
107.199
107.455
106.943
107.203
107.2
107.199
107.192
107.206
107.2
107.203
107.191
107.207
107.199
107.203
107.2
107.191
107.207
107.203
107.196
107.203
107.191
107.2
107.206
107.2
107.361
107.033
107.2
107.206
107.203
107.2
107.199
107.192
107.383
107.023
107.199
107.195
107.207
107.199
107.2
107.203
107.199
107.199
107.199
107.2
107.203
107.191
107.2
107.206
107.2
107.203
107.199
107.192
107.206
107.203
107.2
107.278
107.113
107.206
107.203
107.2
107.199
107.199
107.199
107.29
107.113
107.191
107.2
107.206
107.2
107.203
107.199
107.278
107.12
107.203
107.2
107.199
107.199
107.203
107.199
107.196
107.203
107.199
107.199
107.203
107.192
107.199
107.207
107.199
107.203
107.2
107.191
107.2
107.206
107.203
107.215
107.176
107.207
107.199
107.459
106.936
107.207
107.199
107.199
107.203
107.2
107.191
107.207
107.199
107.218
107.173
107.203
107.2
107.206
107.2
107.191
107.203
107.207
107.199
107.203
107.192
107.199
107.369
107.037
107.203
107.188
107.203
107.207
107.199
107.203
107.376
107.015
107.207
107.199
107.203
107.2
107.191
107.207
107.199
107.203
107.2
107.191
107.2
107.199
107.207
107.195
107.199
107.2
107.206
107.203
107.2
107.199
107.199
107.278
107.124
107.188
107.203
107.2
107.206
107.2
107.203
107.297
107.094
107.206
107.203
107.2
107.191
107.2
107.206
107.192
107.203
107.199
107.2
107.199
107.199
107.203
107.199
107.207
107.203
107.196
107.203
107.199
107.199
107.199
107.211
107.192
107.191
107.207
107.192
107.207
107.195
107.199
107.222
107.184
107.2
107.203
107.455
106.936
107.206
107.2
107.191
107.211
107.192
107.206
107.2
107.203
107.191
107.207
107.199
107.2
107.195
107.207
107.192
107.199
107.207
107.203
107.191
107.2
107.206
107.369
107.022
107.203
107.207
107.199
107.2
107.195
107.199
107.384
107.015
107.199
107.203
107.199
107.2
107.206
107.2
107.195
107.199
107.2
107.206
107.2
107.203
107.191
107.207
107.199
107.203
107.192
107.199
107.207
107.199
107.203
107.279
107.112
107.2
107.225
107.278
107.121
107.176
107.207
107.218
107.256
107.143
107.199
107.184
107.203
107.199
107.2
107.285
107.162
107.169
107.173
107.211
107.184
107.214
107.199
107.218
107.185
107.199
107.199
107.199
107.2
107.203
107.191
107.207
107.199
107.203
107.448
106.951
107.199
107.199
107.218
107.185
107.191
107.2
107.206
107.192
107.211
107.199
107.199
107.199
107.203
107.2
107.199
107.199
107.199
107.2
107.195
107.199
107.207
107.199
107.203
107.196
107.203
107.199
107.199
107.2
107.195
107.376
107.03
107.199
107.203
107.2
107.199
107.199
107.199
107.376
107.027
107.199
107.199
107.199
107.2
107.203
107.191
107.207
107.199
107.2
107.203
107.199
107.199
107.199
107.185
107.218
107.18
107.218
107.199
107.2
107.203
107.206
107.297
107.094
107.2
107.203
107.199
107.199
107.199
107.2
107.297
107.097
107.2
107.206
107.267
107.136
107.191
107.207
107.203
107.196
107.203
107.199
107.199
107.199
107.203
107.2
107.191
107.207
107.203
107.196
107.203
107.199
107.199
107.207
107.192
107.203
107.199
107.199
107.199
107.203
107.2
107.191
107.207
107.199
107.2
107.466
106.936
107.199
107.199
107.2
107.203
107.199
107.192
107.206
107.2
107.203
107.191
107.207
107.199
107.2
107.203
107.199
107.192
107.206
107.2
107.203
107.191
107.207
107.369
107.033
107.2
107.199
107.199
107.199
107.2
107.203
107.383
107.008
107.206
107.203
107.2
107.191
107.207
107.203
107.196
107.203
107.191
107.207
107.199
107.203
107.2
107.191
107.207
107.199
107.2
107.203
107.199
107.199
107.199
107.2
107.203
107.199
107.207
107.191
107.203
107.2
107.199
107.32
107.078
107.2
107.203
107.199
107.199
107.199
107.2
107.21
107.192
107.199
107.199
107.2
107.195
107.207
107.199
107.199
107.2
107.195
107.199
107.2
107.21
107.192
107.214
107.192
107.199
107.199
107.203
107.192
107.199
107.207
107.226
107.176
107.2
107.199
107.462
106.936
107.203
107.2
107.199
107.199
107.199
107.192
107.203
107.207
107.199
107.199
107.203
107.2
107.199
107.199
107.199
107.203
107.192
107.207
107.199
107.199
107.192
107.387
107.023
107.192
107.206
107.192
107.211
107.191
107.207
107.384
107.007
107.211
107.199
107.199
107.203
107.188
107.211
107.199
107.192
107.199
107.21
107.2
107.199
107.199
107.199
107.192
107.211
107.191
107.2
107.206
107.2
107.203
107.293
107.098
107.206
107.192
107.211
107.199
107.192
107.206
107.305
107.098
107.191
107.207
107.199
107.192
107.199
107.211
107.192
107.206
107.2
107.203
107.199
107.199
107.199
107.2
107.203
107.199
107.192
107.206
107.2
107.203
107.191
107.222
107.184
107.203
107.2
107.199
107.192
107.206
107.203
107.222
107.169
107.2
107.206
107.203
107.192
107.207
107.192
107.206
107.203
107.192
107.207
107.199
107.199
107.192
107.211
107.199
107.199
107.199
107.203
107.188
107.203
107.207
107.199
107.2
107.195
107.207
107.368
107.03
107.2
107.203
107.191
107.207
107.199
107.203
107.391
107.008
107.192
107.206
107.203
107.192
107.207
107.199
107.192
107.199
107.203
107.391
107.015
107.218
107.184
107.196
107.203
107.214
107.184
107.203
107.192
107.214
107.185
107.221
107.185
107.203
107.199
107.199
107.199
107.2
107.203
107.304
107.094
107.199
107.2
107.203
107.199
107.199
107.199
107.2
107.203
107.199
107.192
107.206
107.2
107.203
107.191
107.207
107.199
107.2
107.203
107.199
107.192
107.206
107.215
107.188
107.199
107.192
107.206
107.203
107.2
107.199
107.229
107.169
107.2
107.203
107.199
107.199
107.199
107.2
107.203
107.191
107.207
107.199
107.203
107.2
107.199
107.199
107.199
107.2
107.203
107.191
107.207
107.199
107.203
107.2
107.199
107.199
107.199
107.38
107.023
107.199
107.199
107.199
107.203
107.2
107.199
107.383
107.015
107.203
107.2
107.199
107.192
107.206
107.2
107.203
107.199
107.199
107.199
107.203
107.2
107.191
107.207
107.199
107.2
107.195
107.207
107.199
107.199
107.2
107.297
107.097
107.207
107.203
107.196
107.203
107.191
107.207
107.312
107.09
107.2
107.199
107.199
107.199
107.203
107.2
107.199
107.192
107.206
107.203
107.2
107.199
107.199
107.199
107.203
107.2
107.191
107.207
107.199
107.203
107.2
107.214
107.184
107.199
107.2
107.203
107.199
107.199
107.199
107.226
107.177
107.191
107.207
107.199
107.2
107.203
107.191
107.207
107.199
107.203
107.2
107.199
107.199
107.199
107.203
107.2
107.191
107.207
107.199
107.2
107.203
107.191
107.207
107.199
107.203
107.2
107.376
107.022
107.199
107.203
107.2
107.199
107.199
107.199
107.391
107.012
107.191
107.207
107.402
107
107.2
107.199
107.192
107.206
107.203
107.2
107.199
107.199
107.199
107.2
107.203
107.191
107.207
107.199
107.2
107.203
107.199
107.297
107.101
107.2
107.203
107.199
107.199
107.199
107.203
107.313
107.078
107.2
107.199
107.199
107.203
107.199
107.207
107.199
107.203
107.2
107.199
107.192
107.199
107.21
107.2
107.191
107.2
107.199
107.199
107.211
107.191
107.2
107.222
107.184
107.203
107.191
107.207
107.199
107.2
107.203
107.233
107.165
107.192
107.21
107.2
107.199
107.192
107.206
107.203
107.2
107.199
107.192
107.199
107.207
107.203
107.191
107.207
107.203
107.199
107.2
107.199
107.192
107.199
107.432
106.978
107.199
107.192
107.391
107.011
107.207
107.191
107.207
107.199
107.192
107.211
107.391
107.007
107.199
107.196
107.207
107.191
107.207
107.192
107.21
107.2
107.191
107.2
107.206
107.2
107.203
107.199
107.199
107.192
107.21
107.2
107.191
107.2
107.199
107.304
107.106
107.191
107.2
107.199
107.199
107.211
107.191
107.32
107.086
107.203
107.2
107.191
107.207
107.199
107.192
107.207
107.195
107.207
107.192
107.199
107.211
107.199
107.199
107.199
107.192
107.211
107.199
107.199
107.199
107.2
107.218
107.176
107.2
107.199
107.199
107.211
107.191
107.2
107.24
107.169
107.2
107.199
107.199
107.199
107.203
107.2
107.191
107.2
107.199
107.21
107.2
107.191
107.207
107.199
107.196
107.199
107.199
107.2
107.199
107.199
107.211
107.191
107.207
107.192
107.199
107.395
107.015
107.192
107.206
107.226
107.177
107.199
107.192
107.398
107.011
107.2
107.199
107.192
107.206
107.2
107.203
107.191
107.207
107.192
107.402
107.015
107.199
107.376
107.031
107.203
107.214
107.161
107.414
107.368
106.843
107.199
107.297
107.101
107.275
107.109
107.218
107.255
107.143
107.184
107.32
107.083
107.214
107.177
107.289
107.117
107.203
107.191
107.207
107.199
107.185
107.218
107.278
107.199
107.12
107.203
107.2
107.191
107.207
107.192
107.207
107.203
107.191
107.23
107.176
107.203
107.2
107.199
107.199
107.199
107.203
107.237
107.154
107.2
107.206
107.203
107.2
107.199
107.192
107.206
107.2
107.203
107.199
107.199
107.199
107.2
107.203
107.191
107.207
107.199
107.203
107.2
107.199
107.199
107.199
107.203
107.2
107.199
107.383
107.015
107.203
107.2
107.199
107.199
107.199
107.219
107.383
107
107.199
107.203
107.199
107.2
107.199
107.199
107.199
107.203
107.2
107.191
107.207
107.199
107.203
107.2
107.199
107.199
107.203
107.199
107.2
107.191
107.207
107.305
107.097
107.2
107.199
107.541
106.85
107.21
107.2
107.319
107.079
107.199
107.203
107.2
107.191
107.2
107.206
107.203
107.196
107.203
107.199
107.199
107.2
107.203
107.199
107.199
107.203
107.199
107.192
107.199
107.207
107.199
107.226
107.184
107.2
107.184
107.206
107.203
107.2
107.191
107.249
107.157
107.2
107.203
107.199
107.192
107.206
107.203
107.2
107.199
107.199
107.199
107.203
107.2
107.191
107.207
107.199
107.203
107.2
107.191
107.207
107.199
107.203
107.2
107.199
107.192
107.199
107.391
107.019
107.199
107.192
107.206
107.203
107.2
107.199
107.398
107
107.203
107.2
107.191
107.207
107.199
107.203
107.2
107.191
107.207
107.199
107.203
107.2
107.199
107.368
107.03
107.203
107.2
107.199
107.199
107.199
107.2
107.304
107.098
107.199
107.199
107.203
107.2
107.199
107.192
107.327
107.082
107.2
107.191
107.2
107.199
107.21
107.2
107.191
107.234
107.165
107.207
107.203
107.191
107.207
107.199
107.2
107.195
107.199
107.2
107.199
107.199
107.211
107.229
107.162
107.199
107.199
107.211
107.199
107.199
107.203
107.237
107.154
107.207
107.199
107.199
107.2
107.203
107.191
107.207
107.192
107.21
107.2
107.199
107.199
107.192
107.21
107.2
107.199
107.199
107.192
107.21
107.2
107.191
107.2
107.206
107.203
107.2
107.383
107.015
107.192
107.21
107.196
107.195
107.2
107.206
107.403
107
107.191
107.2
107.21
107.188
107.203
107.199
107.2
107.199
107.21
107.192
107.207
107.199
107.192
107.21
107.2
107.191
107.2
107.199
107.21
107.2
107.199
107.312
107.086
107.203
107.2
107.191
107.2
107.199
107.21
107.328
107.063
107.2
107.206
107.203
107.2
107.191
107.2
107.199
107.21
107.2
107.191
107.2
107.206
107.203
107.2
107.191
107.2
107.206
107.192
107.211
107.191
107.207
107.233
107.169
107.2
107.191
107.2
107.206
107.203
107.2
107.24
107.151
107.199
107.207
107.203
107.199
107.192
107.199
107.207
107.203
107.191
107.2
107.199
107.21
107.2
107.199
107.199
107.192
107.21
107.2
107.191
107.2
107.206
107.2
107.203
107.191
107.2
107.398
107.011
107.2
107.191
107.2
107.206
107.203
107.2
107.398
107
107.192
107.21
107.2
107.191
107.2
107.206
107.2
107.203
107.191
107.207
107.199
107.2
107.203
107.207
107.191
107.199
107.2
107.203
107.319
107.079
107.199
107.316
107.083
107.203
107.199
107.199
107.204
107.199
107.199
107.32
107.078
107.2
107.203
107.334
107.064
107.203
107.2
107.199
107.199
107.199
107.199
107.204
107.199
107.199
107.199
107.199
107.204
107.199
107.199
107.192
107.206
107.204
107.229
107.169
107.199
107.199
107.2
107.203
107.191
107.207
107.248
107.155
107.199
107.199
107.192
107.206
107.204
107.199
107.199
107.199
107.199
107.204
107.199
107.199
107.199
107.199
107.2
107.203
107.199
107.199
107.199
107.2
107.195
107.207
107.199
107.199
107.204
107.39
107.008
107.199
107.199
107.2
107.203
107.199
107.192
107.417
106.989
107.203
107.199
107.192
107.206
107.204
107.199
107.199
107.199
107.199
107.2
107.203
107.199
107.199
107.199
107.2
107.203
107.199
107.192
107.206
107.2
107.203
107.312
107.079
107.206
107.2
107.203
107.199
107.192
107.206
107.328
107.075
107.199
107.199
107.199
107.204
107.199
107.199
107.199
107.199
107.204
107.199
107.188
107.21
107.199
107.2
107.203
107.199
107.199
107.199
107.2
107.199
107.203
107.229
107.169
107.2
107.203
107.199
107.199
107.199
107.2
107.248
107.146
107.2
107.206
107.204
107.199
107.199
107.199
107.199
107.2
107.203
107.199
107.199
107.203
107.2
107.199
107.199
107.192
107.206
107.204
107.199
107.199
107.199
107.199
107.204
107.199
107.199
107.391
107.007
107.204
107.199
107.191
107.2
107.206
107.204
107.406
106.992
107.199
107.199
107.204
107.199
107.199
107.199
107.2
107.199
107.203
107.191
107.207
107.2
107.203
107.199
107.199
107.192
107.207
107.203
107.199
107.199
107.199
107.32
107.079
107.203
107.199
107.199
107.2
107.203
107.191
107.335
107.071
107.203
107.2
107.191
107.207
107.192
107.207
107.203
107.191
107.207
107.192
107.207
107.203
107.191
107.199
107.2
107.207
107.203
107.199
107.191
107.207
107.192
107.248
107.154
107.199
107.2
107.207
107.199
107.203
107.191
107.256
107.151
107.203
107.199
107.199
107.199
107.192
107.211
107.199
107.191
107.2
107.207
107.199
107.203
107.191
107.207
107.2
107.203
107.199
107.191
107.207
107.2
107.199
107.203
107.191
107.207
107.2
107.402
106.992
107.199
107.2
107.207
107.199
107.191
107.203
107.422
106.985
107.199
107.203
107.199
107.192
107.207
107.203
107.199
107.199
107.199
107.2
107.203
107.199
107.191
107.2
107.199
107.207
107.203
107.191
107.2
107.207
107.199
107.323
107.079
107.192
107.207
107.199
107.338
107.056
107.207
107.327
107.076
107.199
107.191
107.207
107.2
107.199
107.203
107.191
107.2
107.207
107.203
107.191
107.199
107.207
107.2
107.203
107.187
107.203
107.207
107.2
107.199
107.195
107.248
107.151
107.207
107.195
107.207
107.199
107.192
107.207
107.255
107.135
107.203
107.207
107.2
107.203
107.191
107.207
107.199
107.2
107.203
107.187
107.211
107.192
107.207
107.199
107.203
107.191
107.2
107.21
107.2
107.199
107.191
107.207
107.2
107.203
107.199
107.398
106.993
107.207
107.199
107.203
107.199
107.199
107.2
107.409
106.985
107.199
107.2
107.207
107.203
107.191
107.199
107.207
107.2
107.199
107.191
107.203
107.207
107.203
107.2
107.199
107.191
107.207
107.2
107.203
107.199
107.199
107.32
107.071
107.211
107.199
107.199
107.199
107.2
107.199
107.203
107.199
107.199
107.2
107.203
107.199
107.191
107.207
107.2
107.203
107.199
107.199
107.199
107.2
107.199
107.203
107.199
107.192
107.207
107.203
107.199
107.199
107.199
107.241
107.158
107.203
107.199
107.199
107.2
107.199
107.203
107.255
107.136
107.207
107.199
107.203
107.199
107.199
107.2
107.199
107.203
107.199
107.199
107.2
107.199
107.203
107.199
107.199
107.2
107.203
107.199
107.199
107.199
107.2
107.203
107.191
107.207
107.199
107.403
107
107.187
107.211
107.199
107.2
107.199
107.203
107.413
106.985
107.2
107.203
107.199
107.199
107.199
107.2
107.203
107.195
107.203
107.192
107.207
107.203
107.199
107.199
107.199
107.2
107.203
107.199
107.199
107.199
107.2
107.319
107.083
107.199
107.192
107.207
107.203
107.199
107.199
107.335
107.064
107.199
107.203
107.199
107.199
107.2
107.203
107.199
107.191
107.207
107.2
107.203
107.199
107.199
107.199
107.192
107.211
107.191
107.207
107.199
107.2
107.199
107.248
107.154
107.199
107.2
107.203
107.199
107.191
107.2
107.263
107.143
107.195
107.207
107.199
107.2
107.199
107.203
107.191
107.207
107.2
107.199
107.203
107.199
107.192
107.207
107.199
107.203
107.199
107.192
107.207
107.199
107.203
107.199
107.199
107.2
107.203
107.398
107
107.199
107.2
107.203
107.199
107.192
107.199
107.425
106.981
107.203
107.199
107.199
107.203
107.2
107.199
107.192
107.206
107.2
107.199
107.203
107.199
107.192
107.207
107.203
107.199
107.192
107.199
107.225
107.185
107.199
107.319
107.079
107.2
107.199
107.203
107.199
107.199
107.2
107.338
107.052
107.204
107.206
107.2
107.203
107.199
107.199
107.199
107.2
107.199
107.195
107.2
107.199
107.207
107.203
107.191
107.2
107.199
107.207
107.203
107.199
107.199
107.241
107.15
107.199
107.211
107.192
107.206
107.2
107.203
107.255
107.136
107.199
107.207
107.199
107.203
107.192
107.206
107.192
107.207
107.195
107.2
107.206
107.2
107.203
107.199
107.199
107.192
107.207
107.199
107.203
107.192
107.199
107.199
107.211
107.191
107.2
107.417
106.989
107.195
107.207
107.199
107.192
107.207
107.203
107.421
106.977
107.192
107.207
107.199
107.195
107.207
107.199
107.192
107.211
107.191
107.207
107.192
107.199
107.211
107.199
107.192
107.199
107.207
107.191
107.203
107.2
107.199
107.334
107.064
107.203
107.207
107.199
107.2
107.203
107.199
107.342
107.056
107.2
107.199
107.203
107.192
107.199
107.207
107.191
107.211
107.192
107.206
107.2
107.203
107.191
107.2
107.199
107.207
107.203
107.199
107.192
107.206
107.2
107.248
107.146

------------------------------------------------------------------------------------------------------------------------------------------------
max val(#228) = 1238.89us
min val(#14) = 106.82us
peak-to-peak = 1132.06us
mean +- RMS = 107.38 +- 13.06 us

packet size: 516
number of packets: 10000
RATE = 38443.53kbps, PPS = 9312.9
