Destination address set to 01:1B:19:00:00:00
Defaults: 01:1B:19:00:00:00 or 01:80:C2:00:00:0E
SIOCSHWTSTAMP: tx_type 1 requested, got 1; rx_filter 0 requested, got 0
setting ts_flags: 0x53
new ts_flags: 0x53


gap of hw tx time, us: packets 10000:
------------------------------------------------------------------------------------------------------------------------------------------------
0
214.346
287.943
227.722
214.414
214.59
214.443
214.23
214.312
339.609
302.665
245.365
230.169
214.402
214.455
214.369
214.437
214.352
214.418
214.383
214.68
214.143
214.411
214.375
214.417
214.376
214.414
214.402
214.383
214.448
214.392
214.393
214.377
214.398
214.376
214.406
214.418
214.401
214.399
214.425
214.568
214.214
214.384
214.416
214.636
214.158
214.432
214.376
214.384
214.439
214.377
214.383
214.418
214.446
214.328
214.424
214.467
214.356
214.399
214.56
214.234
214.375
214.433
214.383
214.396
214.525
214.287
214.514
214.256
214.398
214.448
214.368
214.402
214.406
214.407
214.386
214.385
214.728
214.08
214.424
214.368
214.421
214.595
214.225
214.478
214.311
214.418
214.39
214.618
214.183
214.391
214.376
214.41
214.391
214.441
214.465
214.279
214.424
214.407
214.405
214.395
214.383
214.595
214.24
214.399
214.368
214.392
214.39
214.443
214.357
214.411
214.413
214.376
214.432
214.418
214.36
214.4
214.416
214.414
214.545
214.241
214.416
214.392
214.39
214.419
214.382
214.406
214.395
214.384
214.432
214.399
214.601
214.176
214.696
214.106
214.447
214.365
214.424
214.354
214.405
214.396
214.405
214.385
214.559
214.278
214.387
214.519
214.289
214.385
214.397
214.396
214.503
214.568
214.15
214.369
214.417
214.518
214.297
214.4
214.409
214.447
214.327
214.403
214.405
214.441
214.338
214.533
214.305
214.407
214.401
214.392
214.39
214.395
214.406
214.384
214.394
214.463
214.345
214.422
214.36
214.44
214.56
214.215
214.417
214.392
214.379
214.407
214.495
214.32
214.409
214.376
214.414
214.497
214.326
214.369
214.635
214.158
214.631
214.163
214.454
214.396
214.483
214.298
214.473
214.35
214.383
214.481
214.32
214.368
214.425
214.406
214.384
214.417
214.485
214.58
214.142
214.582
214.226
214.523
214.263
214.362
214.405
214.432
214.398
214.722
214.064
214.731
214.085
214.61
214.183
214.59
214.218
214.429
214.346
214.383
214.433
214.552
214.222
214.658
214.158
214.616
214.226
214.467
214.3
214.425
214.368
214.417
214.414
214.361
214.425
214.455
214.319
214.388
214.405
214.44
214.399
214.398
214.387
214.426
214.398
214.354
214.556
214.249
214.431
214.381
214.382
214.385
214.454
214.369
214.405
214.377
214.416
214.41
214.413
214.617
214.154
214.624
214.192
214.519
214.312
214.456
214.314
214.726
214.098
214.421
214.331
214.448
214.356
214.673
214.154
214.639
214.136
214.64
214.175
214.626
214.175
214.384
214.432
214.601
214.185
214.485
214.289
214.59
214.233
214.539
214.247
214.448
214.391
214.488
214.297
214.497
214.278
214.496
214.304
214.425
214.534
214.241
214.398
214.403
214.439
214.35
214.684
214.133
214.393
214.399
214.402
214.414
214.44
214.36
214.433
214.368
214.399
214.403
214.567
214.249
214.367
214.598
214.432
214.177
214.624
214.327
214.263
214.489
214.383
214.354
214.368
214.648
214.168
214.609
214.229
214.545
214.192
214.602
214.229
214.545
214.233
214.545
214.263
214.534
214.275
214.504
214.27
214.448
214.345
214.52
214.296
214.479
214.352
214.433
214.326
214.404
214.397
214.441
214.352
214.441
214.349
214.426
214.495
214.304
214.391
214.425
214.376
214.417
214.406
214.37
214.672
214.15
214.651
214.222
214.296
214.41
214.433
214.364
214.425
214.41
214.496
214.286
214.496
214.305
214.567
214.233
214.463
214.417
214.455
214.305
214.345
214.392
214.533
214.282
214.44
214.602
214.157
214.554
214.239
214.546
214.285
214.399
214.402
214.718
214.041
214.76
214.071
214.455
214.354
214.687
214.079
214.474
214.361
214.583
214.176
214.696
214.135
214.643
214.158
214.617
214.342
214.452
214.333
214.44
214.267
214.534
214.233
214.376
214.398
214.482
214.319
214.455
214.376
214.403
214.383
214.414
214.544
214.226
214.398
214.392
214.552
214.248
214.53
214.278
214.41
214.392
214.518
214.275
214.496
214.335
214.439
214.335
214.409
214.632
214.158
214.403
214.383
214.568
214.232
214.782
214.034
214.475
214.318
214.727
214.112
214.391
214.41
214.342
214.417
214.568
214.218
214.654
214.192
214.609
214.172
214.546
214.233
214.639
214.176
214.399
214.402
214.391
214.433
214.375
214.448
214.49
214.239
214.407
214.401
214.392
214.432
214.481
214.327
214.384
214.383
214.441
214.503
214.266
214.519
214.272
214.416
214.377
214.495
214.313
214.398
214.44
214.44
214.353
214.447
214.327
214.391
214.418
214.68
214.113
214.432
214.569
214.206
214.567
214.354
214.278
214.402
214.504
214.391
214.338
214.342
214.688
214.226
214.541
214.177
214.61
214.176
214.59
214.233
214.568
214.199
214.568
214.24
214.56
214.241
214.482
214.326
214.391
214.41
214.519
214.293
214.481
214.312
214.466
214.327
214.467
214.575
214.199
214.384
214.418
214.559
214.214
214.41
214.366
214.408
214.425
214.376
214.391
214.451
214.478
214.278
214.402
214.41
214.478
214.33
214.421
214.357
214.38
214.632
214.184
214.398
214.425
214.489
214.312
214.368
214.411
214.556
214.338
214.455
214.263
214.406
214.387
214.399
214.394
214.391
214.662
214.154
214.399
214.417
214.511
214.29
214.568
214.206
214.752
214.049
214.752
214.056
214.47
214.346
214.737
214.022
214.498
214.318
214.722
214.102
214.402
214.383
214.654
214.162
214.617
214.165
214.624
214.211
214.575
214.191
214.603
214.213
214.376
214.602
214.223
214.623
214.225
214.56
214.218
214.542
214.255
214.553
214.241
214.383
214.354
214.488
214.342
214.478
214.338
214.455
214.346
214.504
214.285
214.489
214.361
214.417
214.327
214.463
214.587
214.172
214.594
214.226
214.518
214.256
214.497
214.262
214.467
214.391
214.424
214.358
214.417
214.368
214.674
214.15
214.639
214.154
214.624
214.158
214.639
214.146
214.673
214.143
214.633
214.168
214.605
214.207
214.571
214.335
214.455
214.323
214.455
214.248
214.53
214.286
214.505
214.277
214.496
214.545
214.178
214.398
214.369
214.394
214.421
214.496
214.327
214.353
214.406
214.508
214.312
214.477
214.347
214.695
214.071
214.384
214.409
214.463
214.361
214.406
214.387
214.383
214.617
214.184
214.583
214.368
214.406
214.233
214.483
214.348
214.433
214.353
214.425
214.368
214.654
214.177
214.602
214.229
214.553
214.176
214.617
214.222
214.553
214.217
214.576
214.248
214.526
214.274
214.549
214.233
214.539
214.277
214.496
214.297
214.474
214.342
214.459
214.342
214.406
214.368
214.449
214.344
214.44
214.376
214.377
214.518
214.289
214.433
214.535
214.224
214.385
214.72
214.128
214.399
214.376
214.432
214.377
214.405
214.403
214.405
214.395
214.406
214.391
214.383
214.411
214.424
214.391
214.376
214.395
214.477
214.361
214.41
214.377
214.42
214.402
214.421
214.545
214.241
214.537
214.222
214.545
214.263
214.524
214.277
214.512
214.312
214.736
214.049
214.471
214.319
214.729
214.056
214.497
214.304
214.471
214.36
214.411
214.39
214.646
214.128
214.41
214.414
214.616
214.15
214.403
214.503
214.29
214.432
214.377
214.695
214.087
214.447
214.454
214.331
214.449
214.367
214.368
214.433
214.425
214.383
214.357
214.481
214.32
214.425
214.384
214.424
214.4
214.416
214.334
214.44
214.44
214.44
214.331
214.383
214.666
214.158
214.61
214.213
214.497
214.247
214.448
214.387
214.398
214.361
214.478
214.353
214.432
214.335
214.7
214.101
214.695
214.154
214.624
214.143
214.648
214.138
214.695
214.109
214.651
214.15
214.624
214.169
214.607
214.202
214.575
214.248
214.542
214.232
214.595
214.255
214.391
214.395
214.477
214.418
214.3
214.354
214.426
214.472
214.35
214.376
214.432
214.395
214.365
214.383
214.403
214.68
214.15
214.383
214.391
214.452
214.343
214.48
214.346
214.383
214.421
214.666
214.327
214.214
214.368
214.658
214.177
214.399
214.368
214.402
214.455
214.376
214.414
214.473
214.553
214.15
214.395
214.455
214.56
214.165
214.622
214.228
214.545
214.233
214.56
214.237
214.538
214.274
214.542
214.24
214.538
214.293
214.377
214.375
214.505
214.318
214.474
214.346
214.428
214.327
214.474
214.338
214.44
214.504
214.278
214.433
214.361
214.391
214.391
214.721
214.072
214.488
214.312
214.44
214.369
214.661
214.136
214.394
214.455
214.361
214.404
214.634
214.146
214.391
214.434
214.48
214.313
214.39
214.441
214.375
214.377
214.405
214.428
214.357
214.44
214.376
214.681
214.161
214.543
214.217
214.561
214.243
214.531
214.281
214.52
214.27
214.666
214.168
214.456
214.281
214.669
214.154
214.414
214.368
214.538
214.278
214.44
214.353
214.696
214.12
214.377
214.439
214.632
214.161
214.369
214.421
214.616
214.207
214.361
214.624
214.169
214.44
214.474
214.285
214.483
214.36
214.439
214.35
214.391
214.402
214.399
214.383
214.41
214.56
214.248
214.406
214.418
214.36
214.415
214.514
214.286
214.432
214.369
214.417
214.383
214.399
214.643
214.15
214.561
214.281
214.549
214.233
214.489
214.27
214.689
214.161
214.432
214.35
214.609
214.184
214.418
214.398
214.648
214.138
214.654
214.135
214.689
214.127
214.639
214.132
214.646
214.177
214.496
214.309
214.563
214.335
214.463
214.233
214.545
214.255
214.534
214.282
214.496
214.305
214.413
214.376
214.403
214.391
214.424
214.376
214.385
214.431
214.342
214.542
214.315
214.482
214.319
214.455
214.323
214.493
214.312
214.41
214.399
214.382
214.418
214.575
214.436
214.196
214.409
214.376
214.418
214.413
214.455
214.436
214.336
214.326
214.624
214.214
214.643
214.15
214.639
214.162
214.605
214.196
214.59
214.226
214.552
214.207
214.595
214.198
214.569
214.262
214.385
214.382
214.417
214.391
214.53
214.279
214.496
214.304
214.497
214.293
214.474
214.311
214.49
214.341
214.425
214.376
214.418
214.477
214.297
214.481
214.376
214.417
214.35
214.594
214.181
214.593
214.185
214.608
214.2
214.432
214.368
214.44
214.35
214.402
214.425
214.383
214.407
214.515
214.421
214.451
214.327
214.47
214.304
214.305
214.473
214.485
214.29
214.432
214.61
214.165
214.545
214.225
214.56
214.249
214.519
214.296
214.497
214.27
214.775
214.019
214.39
214.415
214.481
214.304
214.511
214.327
214.354
214.439
214.392
214.417
214.655
214.112
214.424
214.369
214.384
214.416
214.648
214.319
214.219
214.495
214.316
214.635
214.178
214.397
214.505
214.559
214.218
214.308
214.485
214.32
214.399
214.406
214.417
214.402
214.384
214.413
214.377
214.401
214.421
214.376
214.433
214.376
214.473
214.361
214.406
214.369
214.417
214.455
214.305
214.488
214.496
214.248
214.592
214.183
214.531
214.292
214.489
214.282
214.74
214.113
214.44
214.312
214.714
214.094
214.673
214.143
214.425
214.368
214.419
214.382
214.654
214.128
214.648
214.16
214.666
214.15
214.579
214.214
214.575
214.2
214.579
214.237
214.561
214.232
214.399
214.401
214.455
214.474
214.305
214.398
214.41
214.526
214.222
214.425
214.403
214.51
214.264
214.552
214.278
214.41
214.455
214.361
214.377
214.461
214.321
214.416
214.385
214.6
214.433
214.176
214.399
214.398
214.575
214.252
214.526
214.264
214.402
214.364
214.459
214.376
214.392
214.367
214.448
214.451
214.549
214.184
214.609
214.184
214.591
214.225
214.575
214.241
214.537
214.222
214.441
214.386
214.406
214.361
214.542
214.282
214.496
214.286
214.425
214.368
214.417
214.414
214.459
214.334
214.433
214.51
214.271
214.376
214.417
214.489
214.257
214.423
214.568
214.305
214.368
214.575
214.185
214.406
214.395
214.405
214.425
214.376
214.391
214.417
214.421
214.395
214.384
214.383
214.572
214.428
214.342
214.459
214.207
214.488
214.396
214.382
214.391
214.425
214.327
214.391
214.617
214.207
214.553
214.232
214.467
214.349
214.526
214.241
214.801
214.015
214.516
214.27
214.503
214.286
214.426
214.375
214.504
214.315
214.451
214.346
214.7
214.094
214.439
214.361
214.414
214.417
214.376
214.432
214.357
214.425
214.396
214.375
214.462
214.346
214.391
214.681
214.225
214.327
214.406
214.376
214.399
214.609
214.207
214.387
214.391
214.432
214.369
214.432
214.398
214.44
214.346
214.429
214.388
214.367
214.422
214.375
214.404
214.495
214.591
214.119
214.591
214.218
214.632
214.142
214.466
214.361
214.497
214.319
214.384
214.417
214.689
214.078
214.718
214.082
214.444
214.387
214.654
214.128
214.425
214.376
214.567
214.241
214.633
214.142
214.402
214.425
214.582
214.2
214.496
214.319
214.482
214.312
214.56
214.282
214.428
214.481
214.272
214.368
214.537
214.369
214.334
214.519
214.267
214.526
214.256
214.425
214.383
214.425
214.353
214.436
214.354
214.432
214.425
214.447
214.32
214.417
214.384
214.413
214.38
214.391
214.625
214.465
214.414
214.097
214.575
214.271
214.432
214.343
214.451
214.361
214.417
214.372
214.395
214.398
214.633
214.176
214.357
214.417
214.617
214.199
214.594
214.192
214.582
214.218
214.391
214.418
214.568
214.221
214.426
214.465
214.44
214.327
214.368
214.399
214.47
214.338
214.462
214.339
214.406
214.568
214.21
214.526
214.257
214.401
214.406
214.425
214.369
214.432
214.406
214.395
214.383
214.432
214.359
214.585
214.214
214.418
214.383
214.383
214.44
214.376
214.418
214.616
214.207
214.368
214.534
214.459
214.223
214.375
214.424
214.376
214.404
214.397
214.639
214.154
214.624
214.215
214.56
214.191
214.594
214.222
214.554
214.27
214.503
214.305
214.496
214.282
214.759
214.049
214.504
214.293
214.482
214.345
214.696
214.056
214.456
214.368
214.424
214.583
214.455
214.12
214.41
214.384
214.661
214.282
214.278
214.451
214.358
214.409
214.407
214.36
214.489
214.312
214.391
214.391
214.481
214.474
214.256
214.398
214.411
214.581
214.234
214.398
214.41
214.365
214.403
214.559
214.335
214.36
214.361
214.399
214.425
214.383
214.385
214.393
214.647
214.143
214.644
214.172
214.545
214.248
214.519
214.297
214.481
214.297
214.655
214.149
214.731
214.104
214.669
214.098
214.703
214.098
214.729
214.094
214.673
214.135
214.639
214.121
214.646
214.177
214.376
214.436
214.583
214.319
214.256
214.447
214.553
214.255
214.463
214.545
214.233
214.32
214.448
214.367
214.406
214.474
214.32
214.454
214.369
214.44
214.368
214.496
214.249
214.481
214.328
214.533
214.274
214.425
214.398
214.448
214.347
214.405
214.631
214.139
214.632
214.199
214.384
214.406
214.561
214.251
214.725
214.057
214.722
214.078
214.688
214.128
214.647
214.225
214.56
214.136
214.646
214.192
214.595
214.168
214.621
214.184
214.594
214.207
214.432
214.361
214.582
214.234
214.552
214.222
214.545
214.297
214.505
214.397
214.376
214.297
214.497
214.304
214.47
214.316
214.428
214.538
214.263
214.417
214.362
214.398
214.448
214.608
214.193
214.582
214.176
214.425
214.384
214.688
214.112
214.384
214.392
214.702
214.113
214.394
214.414
214.53
214.432
214.23
214.41
214.375
214.426
214.495
214.392
214.289
214.471
214.337
214.407
214.469
214.546
214.21
214.568
214.221
214.569
214.206
214.579
214.255
214.52
214.247
214.392
214.416
214.513
214.296
214.377
214.423
214.498
214.292
214.482
214.322
214.449
214.341
214.456
214.367
214.411
214.36
214.429
214.394
214.4
214.401
214.407
214.63
214.163
214.379
214.429
214.405
214.483
214.559
214.144
214.431
214.369
214.375
214.415
214.521
214.287
214.416
214.4
214.401
214.354
214.406
214.425
214.39
214.396
214.461
214.329
214.551
214.313
214.454
214.313
214.48
214.498
214.22
214.37
214.409
214.392
214.423
214.513
214.262
214.505
214.322
214.726
214.048
214.648
214.161
214.463
214.33
214.719
214.119
214.433
214.349
214.418
214.36
214.584
214.232
214.64
214.153
214.543
214.288
214.591
214.169
214.61
214.232
214.463
214.319
214.392
214.382
214.49
214.311
214.474
214.368
214.399
214.368
214.418
214.398
214.392
214.416
214.384
214.544
214.257
214.454
214.369
214.375
214.425
214.384
214.41
214.383
214.437
214.416
214.373
214.428
214.569
214.16
214.625
214.214
214.497
214.281
214.497
214.341
214.441
214.33
214.413
214.369
214.689
214.149
214.629
214.149
214.648
214.153
214.546
214.244
214.425
214.375
214.652
214.157
214.504
214.289
214.49
214.318
214.385
214.416
214.456
214.326
214.441
214.375
214.504
214.281
214.434
214.574
214.279
214.326
214.403
214.537
214.245
214.529
214.321
214.367
214.385
214.495
214.321
214.743
214.072
214.687
214.092
214.702
214.095
214.423
214.377
214.695
214.099
214.679
214.121
214.653
214.336
214.443
214.162
214.533
214.441
214.228
214.516
214.477
214.208
214.408
214.411
214.469
214.554
214.224
214.554
214.191
214.583
214.24
214.55
214.224
214.554
214.232
214.561
214.24
214.535
214.303
214.512
214.248
214.448
214.36
214.497
214.304
214.47
214.327
214.467
214.352
214.407
214.383
214.384
214.409
214.576
214.273
214.385
214.446
214.355
214.412
214.362
214.383
214.531
214.333
214.464
214.544
214.129
214.649
214.174
214.615
214.163
214.661
214.155
214.397
214.404
214.39
214.439
214.538
214.23
214.544
214.272
214.529
214.309
214.458
214.272
214.529
214.576
214.142
214.617
214.176
214.527
214.274
214.512
214.289
214.471
214.296
214.512
214.285
214.749
214.059
214.723
214.078
214.61
214.198
214.448
214.345
214.385
214.423
214.674
214.142
214.633
214.142
214.392
214.57
214.463
214.169
214.598
214.191
214.61
214.217
214.505
214.469
214.298
214.551
214.186
214.39
214.41
214.567
214.208
214.431
214.385
214.416
214.369
214.454
214.343
214.537
214.313
214.503
214.271
214.503
214.291
214.487
214.321
214.446
214.355
214.446
214.584
214.224
214.328
214.409
214.385
214.408
214.561
214.229
214.482
214.319
214.455
214.36
214.419
214.484
214.568
214.112
214.433
214.368
214.64
214.176
214.392
214.405
214.606
214.198
214.614
214.187
214.493
214.296
214.404
214.405
214.546
214.254
214.535
214.251
214.441
214.364
214.433
214.63
214.227
214.304
214.414
214.544
214.249
214.439
214.355
214.431
214.357
214.41
214.441
214.615
214.178
214.397
214.4
214.401
214.37
214.405
214.41
214.432
214.35
214.432
214.362
214.401
214.599
214.217
214.407
214.416
214.399
214.417
214.478
214.274
214.433
214.367
214.4
214.495
214.321
214.39
214.617
214.176
214.865
213.984
214.543
214.224
214.554
214.27
214.519
214.281
214.441
214.326
214.554
214.24
214.433
214.382
214.49
214.326
214.385
214.39
214.467
214.333
214.464
214.345
214.425
214.36
214.422
214.417
214.362
214.502
214.321
214.375
214.384
214.439
214.505
214.552
214.136
214.375
214.505
214.303
214.411
214.39
214.418
214.405
214.37
214.423
214.377
214.417
214.407
214.39
214.403
214.469
214.324
214.398
214.425
214.375
214.43
214.401
214.403
214.413
214.617
214.135
214.568
214.274
214.366
214.393
214.52
214.311
214.37
214.431
214.384
214.39
214.723
214.093
214.411
214.367
214.479
214.337
214.385
214.408
214.422
214.383
214.553
214.24
214.385
214.401
214.399
214.454
214.37
214.39
214.41
214.417
214.362
214.427
214.377
214.401
214.479
214.326
214.441
214.36
214.44
214.36
214.392
214.409
214.385
214.446
214.362
214.405
214.426
214.36
214.41
214.428
214.403
214.398
214.377
214.408
214.411
214.405
214.392
214.409
214.399
214.398
214.381
214.412
214.569
214.202
214.407
214.424
214.418
214.356
214.467
214.345
214.67
214.12
214.681
214.134
214.4
214.401
214.633
214.157
214.617
214.21
214.512
214.262
214.61
214.191
214.478
214.33
214.554
214.221
214.568
214.255
214.523
214.278
214.523
214.277
214.392
214.672
214.143
214.395
214.381
214.393
214.441
214.383
214.392
214.386
214.448
214.39
214.385
214.375
214.425
214.398
214.451
214.414
214.354
214.364
214.418
214.375
214.444
214.635
214.17
214.367
214.434
214.382
214.377
214.39
214.418
214.39
214.539
214.273
214.388
214.409
214.426
214.39
214.61
214.225
214.471
214.266
214.606
214.198
214.576
214.217
214.584
214.24
214.531
214.262
214.455
214.455
214.424
214.271
214.497
214.296
214.411
214.405
214.467
214.341
214.426
214.341
214.46
214.559
214.215
214.552
214.23
214.402
214.403
214.454
214.328
214.446
214.355
214.687
214.121
214.717
214.099
214.375
214.392
214.664
214.193
214.623
214.166
214.368
214.403
214.604
214.234
214.353
214.392
214.578
214.23
214.567
214.241
214.529
214.336
214.461
214.263
214.425
214.639
214.139
214.421
214.388
214.392
214.416
214.372
214.436
214.494
214.311
214.38
214.405
214.384
214.432
214.402
214.365
214.489
214.312
214.456
214.345
214.391
214.402
214.422
214.416
214.392
214.375
214.399
214.424
214.602
214.327
214.289
214.406
214.362
214.68
214.225
214.553
214.166
214.383
214.448
214.338
214.454
214.553
214.234
214.36
214.429
214.545
214.234
214.54
214.283
214.368
214.418
214.42
214.41
214.398
214.369
214.646
214.155
214.469
214.328
214.402
214.391
214.447
214.516
214.262
214.418
214.342
214.512
214.33
214.455
214.334
214.433
214.383
214.659
214.127
214.661
214.128
214.652
214.141
214.404
214.39
214.677
214.161
214.616
214.151
214.617
214.191
214.588
214.19
214.583
214.226
214.424
214.406
214.512
214.274
214.4
214.63
214.184
214.594
214.208
214.469
214.306
214.544
214.248
214.545
214.257
214.431
214.38
214.492
214.343
214.386
214.391
214.414
214.354
214.503
214.321
214.446
214.368
214.41
214.407
214.368
214.609
214.206
214.554
214.232
214.455
214.353
214.449
214.548
214.241
214.353
214.674
214.232
214.271
214.496
214.553
214.172
214.618
214.217
214.561
214.213
214.561
214.247
214.554
214.232
214.541
214.275
214.542
214.232
214.441
214.368
214.456
214.359
214.463
214.297
214.505
214.311
214.459
214.574
214.226
214.335
214.448
214.364
214.395
214.496
214.331
214.639
214.143
214.383
214.392
214.623
214.332
214.284
214.489
214.466
214.231
214.649
214.144
214.623
214.166
214.409
214.407
214.514
214.298
214.364
214.425
214.409
214.374
214.578
214.256
214.398
214.418
214.382
214.618
214.168
214.655
214.168
214.543
214.251
214.527
214.255
214.519
214.281
214.513
214.269
214.78
214.014
214.448
214.367
214.738
214.071
214.384
214.416
214.456
214.345
214.421
214.372
214.577
214.243
214.625
214.153
214.647
214.203
214.373
214.45
214.542
214.232
214.355
214.424
214.486
214.303
214.385
214.423
214.441
214.465
214.279
214.409
214.415
214.473
214.294
214.401
214.433
214.383
214.368
214.41
214.415
214.408
214.4
214.367
214.399
214.504
214.346
214.383
214.399
214.424
214.61
214.206
214.496
214.282
214.497
214.278
214.504
214.323
214.458
214.361
214.659
214.097
214.678
214.134
214.377
214.401
214.666
214.15
214.546
214.236
214.636
214.183
214.542
214.24
214.52
214.281
214.603
214.22
214.554
214.213
214.483
214.416
214.456
214.273
214.43
214.345
214.47
214.545
214.2
214.578
214.279
214.495
214.223
214.559
214.253
214.533
214.264
214.416
214.426
214.39
214.369
214.477
214.324
214.492
214.317
214.461
214.335
214.466
214.354
214.668
214.137
214.416
214.554
214.461
214.305
214.255
214.46
214.307
214.539
214.262
214.441
214.36
214.425
214.39
214.667
214.149
214.603
214.19
214.609
214.207
214.689
214.071
214.497
214.337
214.542
214.263
214.553
214.232
214.377
214.439
214.505
214.296
214.47
214.319
214.483
214.311
214.467
214.333
214.455
214.553
214.226
214.357
214.395
214.511
214.298
214.405
214.417
214.44
214.328
214.39
214.441
214.408
214.391
214.403
214.414
214.349
214.403
214.687
214.163
214.39
214.383
214.511
214.268
214.511
214.283
214.517
214.399
214.368
214.351
214.529
214.257
214.536
214.249
214.432
214.597
214.173
214.588
214.224
214.483
214.307
214.554
214.386
214.399
214.274
214.501
214.281
214.512
214.311
214.733
214.075
214.47
214.297
214.403
214.398
214.432
214.369
214.696
214.127
214.648
214.16
214.633
214.183
214.362
214.51
214.512
214.199
214.384
214.41
214.398
214.424
214.482
214.319
214.433
214.402
214.398
214.541
214.227
214.382
214.385
214.382
214.426
214.544
214.248
214.391
214.426
214.383
214.399
214.416
214.453
214.427
214.313
214.383
214.409
214.463
214.339
214.454
214.568
214.206
214.524
214.255
214.418
214.39
214.478
214.353
214.418
214.352
214.671
214.096
214.607
214.326
214.267
214.432
214.64
214.149
214.404
214.405
214.368
214.417
214.625
214.161
214.52
214.303
214.49
214.285
214.586
214.316
214.46
214.247
214.55
214.232
214.537
214.561
214.17
214.54
214.227
214.39
214.392
214.544
214.27
214.425
214.37
214.431
214.369
214.383
214.418
214.473
214.302
214.51
214.313
214.382
214.426
214.439
214.354
214.405
214.396
214.582
214.411
214.22
214.377
214.39
214.498
214.318
214.452
214.345
214.7
214.09
214.68
214.222
214.298
214.48
214.55
214.168
214.625
214.183
214.592
214.217
214.583
214.217
214.562
214.235
214.579
214.211
214.463
214.368
214.512
214.27
214.76
214.014
214.524
214.318
214.471
214.33
214.448
214.353
214.422
214.416
214.362
214.503
214.271
214.405
214.437
214.424
214.343
214.405
214.396
214.695
214.112
214.655
214.121
214.589
214.227
214.39
214.384
214.586
214.278
214.488
214.25
214.529
214.301
214.499
214.294
214.601
214.223
214.529
214.249
214.447
214.335
214.48
214.553
214.214
214.576
214.225
214.539
214.235
214.553
214.259
214.517
214.288
214.482
214.304
214.497
214.303
214.734
214.075
214.478
214.304
214.377
214.408
214.425
214.391
214.426
214.39
214.399
214.582
214.362
214.416
214.215
214.488
214.328
214.458
214.343
214.424
214.49
214.284
214.411
214.39
214.464
214.329
214.464
214.311
214.5
214.342
214.358
214.514
214.343
214.375
214.387
214.406
214.392
214.466
214.343
214.39
214.482
214.431
214.335
214.361
214.418
214.367
214.407
214.383
214.658
214.214
214.553
214.203
214.508
214.289
214.516
214.299
214.406
214.373
214.406
214.391
214.61
214.198
214.673
214.135
214.376
214.402
214.4
214.446
214.531
214.247
214.633
214.168
214.622
214.311
214.241
214.416
214.576
214.225
214.406
214.395
214.55
214.232
214.489
214.334
214.434
214.566
214.219
214.469
214.298
214.473
214.327
214.406
214.384
214.417
214.407
214.416
214.376
214.432
214.377
214.495
214.283
214.447
214.384
214.401
214.391
214.391
214.392
214.439
214.37
214.664
214.117
214.424
214.49
214.304
214.538
214.277
214.419
214.341
214.447
214.474
214.561
214.225
214.816
213.973
214.554
214.224
214.543
214.198
214.505
214.307
214.569
214.22
214.594
214.207
214.569
214.239
214.535
214.266
214.512
214.424
214.37
214.299
214.475
214.319
214.489
214.342
214.417
214.496
214.249
214.518
214.305
214.36
214.44
214.425
214.351
214.408
214.4
214.382
214.411
214.424
214.383
214.568
214.208
214.45
214.351
214.438
214.391
214.384
214.411
214.375
214.399
214.616
214.234
214.559
214.207
214.567
214.249
214.402
214.441
214.367
214.617
214.18
214.595
214.217
214.55
214.224
214.562
214.254
214.527
214.274
214.505
214.292
214.505
214.281
214.488
214.327
214.396
214.39
214.482
214.319
214.455
214.342
214.602
214.206
214.426
214.367
214.671
214.303
214.218
214.568
214.377
214.397
214.242
214.649
214.158
214.417
214.385
214.439
214.456
214.303
214.49
214.311
214.462
214.361
214.411
214.382
214.407
214.368
214.418
214.424
214.377
214.469
214.354
214.424
214.343
214.525
214.339
214.342
214.411
214.487
214.569
214.134
214.594
214.215
214.617
214.157
214.546
214.27
214.508
214.278
214.496
214.312
214.787
214.021
214.618
214.19
214.681
214.135
214.663
214.13
214.423
214.359
214.419
214.39
214.646
214.154
214.618
214.168
214.385
214.412
214.609
214.199
214.577
214.303
214.49
214.239
214.535
214.281
214.384
214.409
214.415
214.48
214.294
214.402
214.406
214.545
214.256
214.383
214.411
214.517
214.264
214.424
214.41
214.399
214.361
214.439
214.392
214.451
214.342
214.432
214.368
214.433
214.35
214.424
214.392
214.401
214.512
214.537
214.223
214.345
214.426
214.39
214.391
214.361
214.674
214.126
214.663
214.232
214.546
214.255
214.52
214.19
214.61
214.184
214.595
214.235
214.482
214.312
214.456
214.337
214.448
214.341
214.524
214.334
214.369
214.382
214.49
214.304
214.497
214.533
214.233
214.327
214.392
214.431
214.385
214.401
214.414
214.409
214.4
214.694
214.091
214.405
214.404
214.6
214.181
214.594
214.249
214.405
214.347
214.405
214.394
214.399
214.418
214.371
214.595
214.206
214.403
214.413
214.522
214.384
214.392
214.296
214.681
214.12
214.646
214.177
214.41
214.364
214.524
214.319
214.542
214.232
214.68
214.121
214.376
214.424
214.519
214.312
214.404
214.397
214.481
214.278
214.504
214.305
214.392
214.408
214.426
214.375
214.441
214.367
214.4
214.6
214.207
214.369
214.41
214.39
214.415
214.638
214.306
214.258
214.511
214.271
214.505
214.296
214.504
214.447
214.255
214.433
214.377
214.401
214.422
214.36
214.482
214.341
214.407
214.556
214.23
214.394
214.414
214.511
214.29
214.51
214.283
214.495
214.306
214.375
214.606
214.281
214.56
214.158
214.554
214.254
214.513
214.281
214.497
214.341
214.723
214.029
214.738
214.085
214.7
214.101
214.587
214.236
214.588
214.198
214.411
214.382
214.56
214.256
214.606
214.161
214.625
214.191
214.597
214.203
214.577
214.198
214.602
214.229
214.482
214.552
214.225
214.335
214.433
214.341
214.456
214.458
214.319
214.399
214.41
214.383
214.399
214.53
214.256
214.424
214.406
214.387
214.385
214.397
214.433
214.368
214.44
214.376
214.418
214.424
214.35
214.424
214.584
214.232
214.489
214.263
214.505
214.303
214.475
214.318
214.455
214.361
214.4
214.375
214.681
214.127
214.655
214.161
214.616
214.184
214.513
214.288
214.528
214.273
214.575
214.229
214.411
214.368
214.568
214.263
214.516
214.348
214.342
214.418
214.377
214.401
214.471
214.311
214.474
214.334
214.426
214.766
214.001
214.502
214.306
214.375
214.447
214.617
214.136
214.409
214.433
214.668
214.114
214.409
214.362
214.446
214.385
214.574
214.226
214.406
214.39
214.625
214.177
214.401
214.37
214.63
214.192
214.406
214.49
214.48
214.223
214.382
214.674
214.217
214.543
214.224
214.561
214.206
214.569
214.232
214.456
214.33
214.542
214.24
214.456
214.352
214.519
214.304
214.52
214.273
214.434
214.341
214.497
214.345
214.598
214.176
214.449
214.36
214.418
214.356
214.41
214.398
214.419
214.536
214.242
214.397
214.404
214.454
214.357
214.425
214.482
214.472
214.328
214.289
214.485
214.462
214.246
214.638
214.173
214.601
214.227
214.589
214.192
214.425
214.392
214.389
214.419
214.503
214.263
214.387
214.441
214.476
214.332
214.39
214.655
214.198
214.508
214.222
214.538
214.262
214.434
214.375
214.481
214.301
214.497
214.303
214.753
214.048
214.712
214.096
214.697
214.093
214.46
214.348
214.426
214.367
214.579
214.23
214.632
214.168
214.618
214.179
214.61
214.21
214.399
214.39
214.381
214.398
214.512
214.473
214.305
214.548
214.227
214.559
214.208
214.367
214.433
214.409
214.38
214.53
214.264
214.537
214.264
214.424
214.35
214.409
214.448
214.375
214.403
214.364
214.411
214.469
214.353
214.44
214.576
214.202
214.592
214.209
214.541
214.249
214.474
214.304
214.471
214.352
214.688
214.128
214.377
214.431
214.625
214.119
214.682
214.108
214.651
214.24
214.569
214.164
214.595
214.206
214.617
214.165
214.61
214.198
214.572
214.263
214.361
214.477
214.511
214.275
214.463
214.288
214.505
214.289
214.485
214.545
214.166
214.552
214.234
214.416
214.385
214.431
214.383
214.403
214.392
214.39
214.425
214.375
214.421
214.602
214.233
214.425
214.328
214.409
214.392
214.431
214.384
214.545
214.237
214.402
214.418
214.397
214.527
214.458
214.207
214.489
214.399
214.319
214.666
214.217
214.31
214.457
214.584
214.142
214.617
214.184
214.601
214.222
214.546
214.24
214.561
214.262
214.512
214.296
214.504
214.312
214.479
214.273
214.505
214.303
214.511
214.282
214.464
214.326
214.448
214.39
214.411
214.401
214.391
214.369
214.392
214.416
214.392
214.638
214.162
214.417
214.377
214.676
214.143
214.387
214.399
214.638
214.185
214.522
214.257
214.39
214.425
214.383
214.425
214.477
214.306
214.578
214.23
214.454
214.429
214.477
214.257
214.416
214.358
214.401
214.61
214.277
214.512
214.225
214.546
214.229
214.538
214.255
214.512
214.326
214.475
214.281
214.76
214.052
214.411
214.409
214.695
214.079
214.475
214.341
214.433
214.383
214.375
214.44
214.516
214.236
214.403
214.398
214.633
214.183
214.377
214.439
214.576
214.232
214.377
214.39
214.488
214.305
214.471
214.552
214.226
214.473
214.328
214.39
214.455
214.297
214.407
214.45
214.343
214.431
214.384
214.394
214.407
214.522
214.302
214.472
214.329
214.446
214.338
214.399
214.632
214.199
214.369
214.424
214.504
214.263
214.576
214.217
214.49
214.311
214.647
214.168
214.433
214.361
214.662
214.127
214.674
214.225
214.549
214.188
214.64
214.115
214.434
214.367
214.452
214.424
214.541
214.215
214.467
214.333
214.539
214.326
214.368
214.384
214.411
214.367
214.407
214.375
214.505
214.33
214.372
214.56
214.234
214.405
214.433
214.402
214.353
214.406
214.448
214.353
214.414
214.401
214.385
214.416
214.384
214.406
214.392
214.45
214.384
214.559
214.208
214.416
214.385
214.431
214.392
214.409
214.365
214.425
214.497
214.318
214.483
214.28
214.671
214.134
214.396
214.469
214.557
214.172
214.602
214.248
214.548
214.241
214.539
214.213
214.482
214.326
214.546
214.255
214.56
214.241
214.392
214.439
214.482
214.318
214.449
214.352
214.448
214.326
214.712
214.104
214.434
214.352
214.417
214.493
214.324
214.477
214.29
214.39
214.398
214.448
214.365
214.39
214.528
214.551
214.122
214.653
214.135
214.402
214.415
214.409
214.418
214.503
214.263
214.519
214.305
214.375
214.419
214.472
214.415
214.352
214.425
214.372
214.362
214.401
214.407
214.424
214.56
214.215
214.553
214.266
214.52
214.239
214.528
214.303
214.73
214.037
214.761
214.047
214.426
214.383
214.384
214.424
214.456
214.326
214.448
214.353
214.595
214.198
214.568
214.248
214.384
214.417
214.625
214.16
214.613
214.346
214.456
214.19
214.411
214.661
214.226
214.327
214.409
214.606
214.211
214.54
214.253
214.356
214.448
214.455
214.324
214.383
214.391
214.537
214.257
214.461
214.355
214.405
214.41
214.368
214.441
214.39
214.399
214.458
214.32
214.417
214.606
214.183
214.376
214.425
214.52
214.296
214.384
214.401
214.456
214.334
214.708
214.126
214.648
214.127
214.666
214.15
214.624
214.176
214.625
214.153
214.629
214.176
214.433
214.368
214.598
214.176
214.603
214.239
214.554
214.228
214.545
214.264
214.512
214.288
214.516
214.262
214.392
214.526
214.304
214.425
214.37
214.461
214.336
214.386
214.447
214.391
214.385
214.472
214.332
214.469
214.294
214.416
214.418
214.391
214.384
214.432
214.403
214.39
214.384
214.424
214.392
214.375
214.433
214.368
214.448
214.574
214.248
214.361
214.426
214.334
214.689
214.119
214.68
214.136
214.392
214.454
214.546
214.247
214.553
214.225
214.549
214.218
214.447
214.376
214.369
214.425
214.552
214.248
214.528
214.262
214.512
214.281
214.392
214.431
214.384
214.41
214.448
214.352
214.385
214.397
214.441
214.36
214.415
214.487
214.317
214.382
214.449
214.405
214.481
214.29
214.392
214.42
214.388
214.638
214.151
214.638
214.163
214.401
214.392
214.544
214.257
214.39
214.403
214.597
214.208
214.57
214.253
214.537
214.255
214.376
214.449
214.352
214.441
214.416
214.335
214.425
214.576
214.221
214.546
214.232
214.553
214.262
214.523
214.312
214.727
214.032
214.415
214.394
214.733
214.083
214.463
214.326
214.396
214.42
214.411
214.375
214.447
214.346
214.392
214.42
214.636
214.311
214.264
214.405
214.588
214.247
214.377
214.356
214.516
214.292
214.395
214.632
214.222
214.544
214.25
214.551
214.241
214.383
214.385
214.465
214.336
214.397
214.433
214.424
214.346
214.372
214.445
214.397
214.419
214.382
214.391
214.399
214.673
214.12
214.64
214.145
214.618
214.198
214.583
214.218
214.373
214.417
214.384
214.416
214.455
214.376
214.46
214.296
214.692
214.225
214.279
214.409
214.665
214.151
214.392
214.409
214.64
214.16
214.614
214.21
214.568
214.319
214.283
214.397
214.569
214.247
214.376
214.41
214.535
214.288
214.43
214.337
214.44
214.455
214.313
214.48
214.328
214.394
214.392
214.405
214.384
214.514
214.336
214.36
214.399
214.401
214.399
214.417
214.422
214.402
214.384
214.383
214.398
214.417
214.603
214.198
214.385
214.408
214.561
214.244
214.458
214.335
214.441
214.345
214.441
214.375
214.647
214.131
214.662
214.247
214.513
214.209
214.592
214.19
214.575
214.211
214.486
214.337
214.569
214.247
214.542
214.244
214.535
214.262
214.505
214.296
214.482
214.299
214.5
214.343
214.433
214.352
214.44
214.335
214.441
214.412
214.396
214.461
214.306
214.472
214.329
214.397
214.53
214.293
214.37
214.585
214.216
214.585
214.256
214.391
214.361
214.639
214.185
214.375
214.392
214.416
214.406
214.41
214.392
214.488
214.286
214.409
214.432
214.369
214.433
214.405
214.61
214.157
214.61
214.255
214.522
214.233
214.464
214.311
214.535
214.281
214.519
214.304
214.738
214.021
214.419
214.39
214.745
214.048
214.398
214.418
214.455
214.334
214.445
214.356
214.68
214.147
214.392
214.375
214.666
214.134
214.415
214.401
214.613
214.241
214.324
214.619
214.185
214.402
214.496
214.553
214.222
214.319
214.482
214.368
214.361
214.39
214.419
214.427
214.37
214.551
214.25
214.423
214.376
214.433
214.392
214.367
214.433
214.368
214.391
214.515
214.302
214.438
214.37
214.454
214.572
214.206
214.549
214.24
214.475
214.304
214.737
214.044
214.73
214.086
214.689
214.097
214.696
214.105
214.674
214.142
214.654
214.154
214.392
214.375
214.674
214.157
214.617
214.168
214.61
214.199
214.568
214.232
214.569
214.213
214.56
214.241
214.403
214.653
214.216
214.472
214.287
214.431
214.355
214.551
214.223
214.458
214.35
214.439
214.369
214.511
214.283
214.416
214.385
214.487
214.328
214.488
214.343
214.432
214.335
214.443
214.335
214.398
214.417
214.583
214.418
214.191
214.584
214.232
214.545
214.327
214.369
214.36
214.43
214.345
214.426
214.382
214.673
214.169
214.606
214.225
214.561
214.213
214.545
214.207
214.595
214.255
214.52
214.254
214.513
214.281
214.541
214.252
214.527
214.27
214.531
214.262
214.432
214.384
214.463
214.323
214.478
214.57
214.201
214.491
214.249
214.45
214.359
214.401
214.407
214.409
214.417
214.376
214.392
214.439
214.377
214.412
214.41
214.383
214.377
214.417
214.384
214.672
214.159
214.608
214.177
214.503
214.272
214.6
214.329
214.367
214.417
214.312
214.464
214.333
214.434
214.423
214.554
214.232
214.816
213.951
214.561
214.24
214.531
214.258
214.436
214.358
214.512
214.288
214.411
214.398
214.47
214.319
214.508
214.319
214.448
214.311
214.464
214.367
214.681
214.327
214.204
214.397
214.64
214.142
214.404
214.472
214.35
214.383
214.37
214.638
214.185
214.394
214.391
214.654
214.226
214.319
214.482
214.326
214.449
214.574
214.177
214.409
214.4
214.42
214.381
214.39
214.403
214.397
214.434
214.495
214.392
214.296
214.384
214.447
214.368
214.462
214.321
214.473
214.546
214.232
214.561
214.221
214.497
214.319
214.441
214.344
214.434
214.367
214.669
214.083
214.621
214.21
214.377
214.431
214.546
214.229
214.384
214.409
214.441
214.367
214.392
214.409
214.432
214.406
214.362
214.398
214.587
214.3
214.297
214.425
214.549
214.266
214.37
214.63
214.223
214.552
214.241
214.544
214.257
214.503
214.257
214.438
214.376
214.418
214.349
214.44
214.361
214.41
214.406
214.425
214.384
214.383
214.425
214.439
214.37
214.672
214.105
214.421
214.387
214.421
214.396
214.356
214.575
214.376
214.396
214.27
214.44
214.353
214.418
214.379
214.669
214.222
214.561
214.142
214.64
214.224
214.553
214.214
214.577
214.202
214.576
214.254
214.385
214.416
214.432
214.343
214.538
214.255
214.52
214.296
214.744
214.056
214.471
214.338
214.463
214.311
214.467
214.349
214.413
214.5
214.498
214.183
214.399
214.383
214.398
214.41
214.426
214.42
214.373
214.668
214.114
214.409
214.391
214.598
214.21
214.391
214.433
214.368
214.421
214.507
214.441
214.349
214.313
214.57
214.31
214.303
214.474
214.376
214.399
214.353
214.418
214.431
214.542
214.214
214.565
214.221
214.561
214.269
214.419
214.382
214.49
214.296
214.497
214.285
214.546
214.247
214.417
214.391
214.482
214.342
214.377
214.416
214.407
214.409
214.64
214.119
214.418
214.405
214.396
214.371
214.433
214.473
214.336
214.409
214.369
214.416
214.494
214.559
214.208
214.551
214.253
214.548
214.219
214.349
214.396
214.604
214.226
214.552
214.223
214.386
214.44
214.357
214.426
214.525
214.347
214.352
214.415
214.367
214.426
214.447
214.583
214.21
214.505
214.269
214.497
214.24
214.546
214.27
214.505
214.296
214.463
214.337
214.704
214.086
214.715
214.101
214.666
214.134
214.667
214.1
214.452
214.349
214.715
214.12
214.632
214.15
214.625
214.205
214.369
214.432
214.561
214.24
214.554
214.213
214.568
214.248
214.467
214.559
214.215
214.559
214.219
214.375
214.4
214.409
214.384
214.552
214.271
214.39
214.385
214.521
214.302
214.379
214.421
214.402
214.385
214.405
214.424
214.361
214.425
214.496
214.272
214.416
214.406
214.391
214.602
214.192
214.432
214.376
214.553
214.248
214.439
214.361
214.414
214.376
214.402
214.44
214.383
214.391
214.403
214.406
214.503
214.282
214.603
214.187
214.579
214.285
214.361
214.391
214.459
214.35
214.424
214.361
214.512
214.278
214.426
214.382
214.418
214.39
214.418
214.376
214.454
214.354
214.413
214.376
214.395
214.406
214.474
214.391
214.327
214.41
214.399
214.608
214.184
214.418
214.383
214.421
214.402
214.376
214.399
214.41
214.413
214.387
214.399
214.519
214.297
214.383
214.376
214.511
214.331
214.384
214.383
214.425
214.398
214.403
214.413
214.376
214.602
214.206
214.568
214.226
214.383
214.41
214.455
214.342
214.531
214.27
214.454
214.346
214.425
214.384
214.511
214.304
214.384
214.391
214.466
214.335
214.439
214.369
214.432
214.369
214.406
214.383
214.436
214.365
214.65
214.166
214.417
214.383
214.376
214.418
214.383
214.417
214.407
214.616
214.192
214.511
214.297
214.383
214.399
214.417
214.354
214.424
214.406
214.41
214.384
214.391
214.44
214.36
214.399
214.41
214.398
214.41
214.398
214.399
214.395
214.398
214.41
214.383
214.425
214.384
214.527
214.273
214.384
214.406
214.497
214.319
214.488
214.312
214.395
214.414
214.376
214.409
214.414
214.41
214.406
214.361
214.582
214.233
214.639
214.17
214.609
214.184
214.59
214.192
214.601
214.215
214.56
214.24
214.426
214.424
214.35
214.394
214.455
214.335
214.44
214.361
214.432
214.519
214.282
214.391
214.417
214.368
214.448
214.342
214.417
214.425
214.398
214.384
214.369
214.432
214.361
214.424
214.406
214.384
214.425
214.383
214.417
214.399
214.368
214.418
214.383
214.406
214.426
214.386
214.391
214.399
214.432
214.376
214.391
214.41
214.639
214.154
214.391
214.413
214.609
214.185
214.61
214.213
214.368
214.418
214.496
214.304
214.47
214.32
214.458
214.343
214.447
214.361
214.41
214.383
214.496
214.312
214.485
214.312
214.467
214.338
214.428
214.369
214.417
214.384
214.391
214.417
214.391
214.391
214.425
214.376
214.424
214.384
214.376
214.425
214.432
214.357
214.395
214.425
214.364
214.425
214.432
214.369
214.44
214.361
214.413
214.387
214.414
214.376
214.425
214.376
214.398
214.41
214.391
214.41
214.609
214.199
214.575
214.226
214.548
214.237
214.557
214.248
214.801
214
214.526
214.267
214.774
214.023
214.402
214.399
214.503
214.297
214.474
214.335
214.71
214.105
214.369
214.432
214.568
214.214
214.432
214.376
214.395
214.519
214.286
214.409
214.384
214.41
214.511
214.286
214.481
214.552
214.151
214.41
214.462
214.346
214.406
214.402
214.41
214.413
214.391
214.376
214.425
214.545
214.222
214.417
214.419
214.375
214.392
214.397
214.396
214.412
214.377
214.417
214.414
214.458
214.56
214.199
214.362
214.405
214.524
214.284
214.411
214.383
214.482
214.318
214.745
214.064
214.689
214.1
214.689
214.112
214.441
214.36
214.418
214.39
214.647
214.135
214.644
214.164
214.385
214.416
214.61
214.191
214.384
214.416
214.577
214.269
214.34
214.405
214.474
214.341
214.434
214.36
214.418
214.54
214.249
214.447
214.332
214.42
214.395
214.402
214.387
214.417
214.392
214.401
214.392
214.417
214.422
214.367
214.388
214.428
214.377
214.409
214.392
214.408
214.407
214.409
214.385
214.397
214.388
214.413
214.456
214.345
214.433
214.367
214.407
214.394
214.648
214.149
214.64
214.161
214.617
214.184
214.418
214.39
214.377
214.412
214.609
214.192
214.579
214.222
214.56
214.241
214.526
214.282
214.511
214.271
214.466
214.335
214.439
214.376
214.467
214.319
214.399
214.424
214.399
214.376
214.425
214.417
214.383
214.384
214.432
214.575
214.192
214.417
214.433
214.368
214.369
214.413
214.387
214.406
214.399
214.41
214.409
214.391
214.391
214.399
214.383
214.436
214.414
214.368
214.403
214.406
214.391
214.424
214.406
214.369
214.624
214.184
214.377
214.424
214.417
214.369
214.582
214.233
214.542
214.248
214.545
214.256
214.417
214.383
214.418
214.391
214.504
214.296
214.478
214.331
214.71
214.079
214.447
214.354
214.425
214.391
214.402
214.372
214.402
214.406
214.4
214.405
214.406
214.391
214.53
214.271
214.526
214.519
214.252
214.447
214.263
214.391
214.417
214.41
214.357
214.418
214.398
214.417
214.418
214.372
214.411
214.416
214.377
214.412
214.362
214.447
214.377
214.39
214.388
214.439
214.384
214.39
214.426
214.375
214.403
214.398
214.519
214.289
214.392
214.409
214.478
214.322
214.456
214.341
214.449
214.345
214.704
214.096
214.456
214.334
214.708
214.1
214.667
214.134
214.64
214.161
214.384
214.413
214.621
214.183
214.591
214.206
214.584
214.258
214.464
214.296
214.482
214.311
214.392
214.424
214.414
214.559
214.234
214.398
214.46
214.326
214.414
214.383
214.403
214.409
214.406
214.409
214.385
214.397
214.46
214.341
214.411
214.382
214.415
214.382
214.437
214.383
214.392
214.405
214.369
214.432
214.399
214.386
214.426
214.383
214.433
214.364
214.41
214.405
214.637
214.149
214.64
214.153
214.625
214.176
214.392
214.42
214.624
214.177
214.505
214.281
214.424
214.376
214.568
214.233
214.534
214.263
214.538
214.263
214.511
214.29
214.503
214.297
214.482
214.552
214.181
214.376
214.392
214.408
214.433
214.488
214.301
214.387
214.425
214.365
214.417
214.391
214.417
214.376
214.425
214.384
214.383
214.41
214.421
214.383
214.388
214.56
214.27
214.41
214.365
214.402
214.429
214.394
214.369
214.425
214.406
214.376
214.417
214.421
214.601
214.177
214.59
214.203
214.576
214.214
214.586
214.215
214.56
214.255
214.539
214.255
214.518
214.282
214.535
214.266
214.512
214.278
214.496
214.312
214.466
214.327
214.463
214.334
214.444
214.383
214.414
214.376
214.398
214.387
214.392
214.417
214.391
214.424
214.384
214.432
214.481
214.305
214.406
214.391
214.466
214.312
214.406
214.417
214.392
214.409
214.411
214.397
214.369
214.601
214.231
214.382
214.392
214.405
214.425
214.395
214.377
214.423
214.407
214.379
214.415
214.375
214.392
214.416
214.546
214.255
214.519
214.278
214.497
214.296
214.497
214.304
214.745
214.055
214.712
214.112
214.681
214.142
214.418
214.341
214.426
214.368
214.576
214.232
214.648
214.153
214.613
214.176
214.625
214.183
214.595
214.191
214.599
214.281
214.433
214.285
214.49
214.326
214.452
214.341
214.433
214.368
214.433
214.375
214.411
214.39
214.377
214.405
214.395
214.413
214.411
214.39
214.392
214.405
214.388
214.405
214.411
214.39
214.44
214.368
214.392
214.446
214.373
214.398
214.384
214.398
214.441
214.367
214.475
214.352
214.422
214.36
214.396
214.405
214.392
214.397
214.396
214.398
214.651
214.164
214.625
214.169
214.61
214.205
214.505
214.277
214.602
214.199
214.395
214.406
214.553
214.255
214.44
214.361
214.511
214.271
214.522
214.305
214.47
214.304
214.414
214.395
214.409
214.391
214.406
214.403
214.406
214.376
214.398
214.41
214.398
214.403
214.391
214.409
214.433
214.372
214.417
214.376
214.417
214.391
214.425
214.369
214.376
214.424
214.406
214.391
214.403
214.424
214.376
214.391
214.403
214.398
214.421
214.402
214.391
214.418
214.583
214.184
214.432
214.376
214.583
214.218
214.56
214.255
214.538
214.244
214.53
214.271
214.545
214.263
214.512
214.297
214.481
214.304
214.737
214.053
214.474
214.327
214.447
214.353
214.448
214.361
214.406
214.394
214.406
214.395
214.406
214.395
214.38
214.417
214.522
214.279
214.417
214.383
214.485
214.309
214.391
214.421
214.424
214.369
214.413
214.388
214.409
214.38
214.425
214.376
214.417
214.391
214.41
214.391
214.376
214.425
214.406
214.394
214.433
214.376
214.398
214.384
214.383
214.425
214.537
214.264
214.511
214.304
214.489
214.286
214.752
214.09
214.361
214.428
214.7
214.094
214.458
214.327
214.448
214.349
214.403
214.398
214.666
214.135
214.632
214.169
214.624
214.176
214.384
214.406
214.609
214.192
214.394
214.414
214.391
214.41
214.47
214.327
214.452
214.54
214.248
214.354
214.424
214.384
214.44
214.361
214.384
214.416
214.384
214.406
214.425
214.391
214.377
214.423
214.388
214.406
214.432
214.383
214.384
214.41
214.413
214.395
214.413
214.373
214.409
214.388
214.433
214.367
214.455
214.335
214.44
214.376
214.458
214.35
214.387
214.399
214.575
214.233
214.632
214.15
214.625
214.225
214.593
214.166
214.609
214.207
214.567
214.226
214.542
214.259
214.542
214.247
214.531
214.285
214.516
214.277
214.49
214.303
214.415
214.375
214.411
214.397
214.418
214.496
214.29
214.398
214.399
214.409
214.377
214.424
214.407
214.382
214.377
214.431
214.411
214.383
214.384
214.431
214.4
214.386
214.385
214.405
214.433
214.375
214.418
214.383
214.392
214.408
214.4
214.409
214.392
214.39
214.659
214.171
214.603
214.176
214.591
214.206
214.595
214.217
214.477
214.312
214.569
214.254
214.517
214.262
214.625
214.19
214.52
214.274
214.497
214.303
214.471
214.326
214.475
214.319
214.448
214.36
214.441
214.348
214.426
214.383
214.377
214.416
214.392
214.416
214.377
214.462
214.482
214.269
214.411
214.39
214.505
214.296
214.426
214.382
214.377
214.586
214.237
214.432
214.361
214.406
214.409
214.376
214.385
214.424
214.376
214.424
214.434
214.375
214.413
214.391
214.376
214.417
214.403
214.391
214.567
214.233
214.543
214.262
214.372
214.429
214.755
214.053
214.474
214.312
214.488
214.342
214.7
214.067
214.482
214.338
214.437
214.352
214.404
214.39
214.665
214.135
214.399
214.417
214.624
214.166
214.609
214.184
214.609
214.271
214.335
214.401
214.489
214.286
214.489
214.567
214.211
214.334
214.455
214.354
214.424
214.369
214.421
214.383
214.411
214.401
214.406
214.376
214.391
214.418
214.391
214.409
214.406
214.482
214.297
214.398
214.395
214.413
214.384
214.481
214.385
214.359
214.384
214.417
214.399
214.398
214.425
214.376
214.44
214.361
214.417
214.383
214.425
214.365
214.417
214.391
214.41
214.425
214.639
214.128
214.639
214.161
214.618
214.191
214.486
214.329
214.543
214.232
214.561
214.24
214.535
214.288
214.505
214.288
214.434
214.341
214.433
214.382
214.396
214.398
214.414
214.507
214.264
214.416
214.392
214.413
214.388
214.397
214.434
214.375
214.441
214.367
214.403
214.386
214.419
214.375
214.418
214.39
214.384
214.417
214.399
214.409
214.407
214.375
214.441
214.375
214.377
214.416
214.418
214.383
214.399
214.48
214.554
214.172
214.602
214.202
214.592
214.198
214.576
214.225
214.568
214.229
214.546
214.254
214.562
214.239
214.539
214.269
214.505
214.296
214.482
214.334
214.463
214.304
214.475
214.344
214.449
214.341
214.433
214.368
214.399
214.416
214.4
214.394
214.373
214.458
214.376
214.383
214.392
214.578
214.23
214.416
214.377
214.405
214.419
214.408
214.377
214.398
214.391
214.402
214.44
214.376
214.383
214.399
214.395
214.413
214.417
214.399
214.417
214.361
214.414
214.402
214.391
214.391
214.428
214.38
214.553
214.255
214.519
214.275
214.384
214.405
214.508
214.3
214.5
214.305
214.733
214.064
214.489
214.304
214.474
214.334
214.44
214.35
214.692
214.116
214.41
214.391
214.65
214.143
214.421
214.395
214.616
214.166
214.425
214.432
214.466
214.286
214.489
214.3
214.467
214.368
214.432
214.335
214.44
214.368
214.417
214.376
214.384
214.417
214.41
214.398
214.406
214.395
214.414
214.402
214.398
214.384
214.425
214.376
214.383
214.41
214.414
214.394
214.429
214.361
214.409
214.414
214.395
214.391
214.471
214.337
214.44
214.349
214.448
214.346
214.441
214.367
214.658
214.143
214.654
214.177
214.601
214.169
214.421
214.387
214.415
214.382
214.377
214.417
214.576
214.224
214.576
214.248
214.52
214.262
214.538
214.255
214.456
214.608
214.17
214.382
214.4
214.386
214.385
214.532
214.298
214.39
214.404
214.645
214.148
214.397
214.415
214.375
214.396
214.42
214.41
214.39
214.426
214.405
214.366
214.412
214.434
214.356
214.411
214.386
214.414
214.383
214.384
214.417
214.384
214.416
214.419
214.39
214.407
214.382
214.64
214.161
214.403
214.462
214.542
214.225
214.353
214.425
214.406
214.383
214.553
214.248
214.568
214.248
214.383
214.402
214.422
214.375
214.501
214.304
214.43
214.367
214.475
214.326
214.463
214.495
214.283
214.533
214.242
214.386
214.392
214.405
214.392
214.48
214.313
214.416
214.426
214.379
214.516
214.285
214.384
214.409
214.384
214.409
214.392
214.416
214.414
214.368
214.403
214.398
214.418
214.39
214.384
214.425
214.376
214.424
214.399
214.402
214.392
214.405
214.41
214.383
214.399
214.41
214.376
214.424
214.534
214.256
214.538
214.27
214.511
214.297
214.498
214.296
214.646
214.154
214.497
214.312
214.462
214.338
214.703
214.079
214.696
214.109
214.421
214.398
214.644
214.172
214.369
214.413
214.617
214.161
214.403
214.428
214.496
214.297
214.478
214.323
214.456
214.537
214.256
214.341
214.433
214.353
214.44
214.368
214.429
214.368
214.425
214.387
214.373
214.424
214.369
214.425
214.398
214.402
214.433
214.357
214.432
214.384
214.418
214.39
214.361
214.425
214.377
214.423
214.512
214.297
214.477
214.312
214.459
214.334
214.463
214.346
214.433
214.367
214.673
214.117
214.417
214.391
214.418
214.383
214.666
214.135
214.399
214.401
214.606
214.188
214.392
214.412
214.584
214.217
214.554
214.243
214.557
214.262
214.513
214.281
214.441
214.356
214.418
214.382
214.426
214.368
214.384
214.424
214.399
214.654
214.132
214.405
214.411
214.39
214.418
214.383
214.426
214.374
214.407
214.417
214.377
214.424
214.407
214.367
214.433
214.368
214.441
214.359
214.434
214.375
214.422
214.375
214.388
214.412
214.377
214.417
214.59
214.207
214.629
214.171
214.618
214.183
214.546
214.255
214.595
214.206
214.568
214.24
214.411
214.378
214.554
214.255
214.531
214.269
214.498
214.296
214.504
214.296
214.479
214.345
214.448
214.337
214.438
214.375
214.376
214.514
214.295
214.424
214.369
214.401
214.434
214.371
214.395
214.405
214.404
214.589
214.193
214.416
214.392
214.439
214.361
214.406
214.41
214.383
214.411
214.416
214.358
214.416
214.415
214.394
214.493
214.304
214.41
214.398
214.396
214.397
214.419
214.382
214.418
214.398
214.407
214.375
214.388
214.405
214.426
214.382
214.411
214.379
214.41
214.383
214.433
214.375
214.505
214.296
214.482
214.319
214.418
214.398
214.391
214.409
214.407
214.375
214.419
214.382
214.441
214.352
214.407
214.409
214.377
214.405
214.388
214.413
214.383
214.425
214.482
214.319
214.392
214.416
214.399
214.402
214.407
214.382
214.403
214.398
214.411
214.39
214.384
214.416
214.419
214.518
214.264
214.431
214.4
214.382
214.388
214.398
214.392
214.397
214.403
214.402
214.407
214.39
214.41
214.398
214.456
214.337
214.479
214.337
214.625
214.157
214.448
214.353
214.418
214.416
214.392
214.383
214.407
214.401
214.433
214.349
214.426
214.375
214.399
214.409
214.411
214.382
214.4
214.401
214.43
214.367
214.403
214.398
214.441
214.367
214.418
214.383
214.407
214.393
214.419
214.525
214.264
214.398
214.395
214.413
214.426
214.367
214.403
214.383
214.392
214.405
214.411
214.39
214.403
214.405
214.392
214.416
214.392
214.409
214.406
214.376
214.418
214.383
214.418
214.39
214.418
214.398
214.384
214.401
214.411
214.428
214.354
214.398
214.433
214.375
214.418
214.39
214.392
214.401
214.4
214.409
214.392
214.39
214.418
214.39
214.418
214.383
214.384
214.424
214.384
214.409
214.392
214.405
214.411
214.382
214.419
214.39
214.418
214.39
214.392
214.397
214.425
214.399
214.353
214.459
214.383
214.391
214.425
214.406
214.361
214.609
214.192
214.398
214.419
214.382
214.418
214.39
214.411
214.382
214.407
214.402
214.392
214.405
214.546
214.247
214.384
214.417
214.407
214.401
214.377
214.446
214.385
214.382
214.384
214.417
214.403
214.398
214.41
214.379
214.418
214.402
214.399
214.39
214.4
214.401
214.418
214.39
214.377
214.424
214.399
214.394
214.407
214.394
214.373
214.424
214.403
214.398
214.392
214.401
214.392
214.405
214.411
214.397
214.403
214.398
214.399
214.402
214.392
214.408
214.385
214.416
214.377
214.541
214.29
214.397
214.404
214.39
214.411
214.397
214.407
214.394
214.414
214.387
214.391
214.413
214.377
214.409
214.399
214.39
214.411
214.397
214.419
214.382
214.411
214.416
214.385
214.405
214.392
214.401
214.411
214.397
214.392
214.39
214.419
214.397
214.369
214.432
214.392
214.382
214.403
214.424
214.358
214.424
214.392
214.409
214.411
214.39
214.407
214.393
214.399
214.425
214.392
214.382
214.426
214.375
214.463
214.338
214.384
214.416
214.385
214.412
214.411
214.398
214.433
214.503
214.268
214.39
214.392
214.416
214.384
214.409
214.4
214.397
214.426
214.375
214.426
214.382
214.385
214.408
214.385
214.409
214.399
214.413
214.411
214.382
214.411
214.397
214.407
214.39
214.396
214.397
214.404
214.397
214.385
214.416
214.392
214.409
214.414
214.386
214.415
214.39
214.43
214.371
214.403
214.405
214.403
214.398
214.411
214.371
214.411
214.382
214.426
214.39
214.418
214.375
214.426
214.375
214.411
214.397
214.377
214.424
214.365
214.642
214.185
214.398
214.411
214.39
214.407
214.472
214.321
214.39
214.418
214.39
214.411
214.39
214.402
214.399
214.384
214.416
214.392
214.413
214.388
214.567
214.23
214.409
214.441
214.382
214.4
214.375
214.395
214.413
214.411
214.39
214.403
214.39
214.418
214.383
214.392
214.424
214.376
214.409
214.569
214.221
214.418
214.398
214.384
214.409
214.426
214.374
214.408
214.408
214.4
214.382
214.419
214.397
214.391
214.41
214.456
214.329
214.414
214.383
214.419
214.401
214.384
214.406
214.399
214.386
214.426
214.382
214.4
214.39
214.411
214.39
214.418
214.631
214.143
214.417
214.411
214.397
214.384
214.417
214.399
214.398
214.388
214.413
214.384
214.409
214.384
214.416
214.4
214.401
214.4
214.39
214.418
214.39
214.426
214.375
214.384
214.424
214.377
214.412
214.404
214.397
214.396
214.413
214.399
214.394
214.407
214.401
214.384
214.405
214.419
214.382
214.411
214.382
214.419
214.397
214.385
214.424
214.369
214.412
214.411
214.39
214.419
214.382
214.411
214.382
214.419
214.397
214.392
214.401
214.4
214.405
214.403
214.39
214.392
214.416
214.4
214.394
214.399
214.446
214.355
214.405
214.369
214.424
214.41
214.391
214.407
214.401
214.392
214.401
214.4
214.397
214.404
214.397
214.384
214.417
214.407
214.39
214.388
214.42
214.381
214.412
214.392
214.409
214.418
214.383
214.399
214.417
214.384
214.409
214.399
214.405
214.377
214.409
214.426
214.382
214.426
214.375
214.392
214.397
214.396
214.413
214.388
214.428
214.369
214.409
214.399
214.402
214.384
214.439
214.399
214.402
214.384
214.39
214.433
214.383
214.384
214.417
214.392
214.393
214.392
214.405
214.404
214.405
214.41
214.59
214.219
214.375
214.422
214.367
214.426
214.39
214.377
214.431
214.369
214.417
214.411
214.39
214.399
214.409
214.399
214.398
214.388
214.405
214.426
214.375
214.411
214.397
214.407
214.465
214.335
214.383
214.419
214.386
214.38
214.417
214.411
214.397
214.377
214.413
214.388
214.412
214.385
214.416
214.441
214.36
214.384
214.424
214.407
214.386
214.415
214.375
214.426
214.382
214.407
214.394
214.407
214.401
214.392
214.544
214.257
214.397
214.404
214.416
214.392
214.397
214.377
214.417
214.391
214.417
214.407
214.39
214.392
214.401
214.403
214.405
214.392
214.409
214.392
214.398
214.384
214.424
214.411
214.382
214.407
214.394
214.399
214.402
214.399
214.401
214.407
214.402
214.365
214.424
214.384
214.409
214.434
214.375
214.414
214.386
214.4
214.409
214.365
214.45
214.422
214.496
214.256
214.409
214.403
214.387
214.433
214.375
214.399
214.409
214.381
214.427
214.403
214.383
214.377
214.416
214.4
214.397
214.385
214.48
214.354
214.383
214.399
214.417
214.399
214.375
214.426
214.578
214.23
214.394
214.399
214.398
214.384
214.402
214.391
214.413
214.437
214.349
214.403
214.405
214.411
214.39
214.384
214.413
214.411
214.416
214.377
214.409
214.392
214.397
214.426
214.375
214.384
214.424
214.403
214.387
214.403
214.397
214.426
214.375
214.411
214.397
214.392
214.402
214.399
214.409
214.392
214.405
214.384
214.409
214.384
214.417
214.414
214.394
214.407
214.394
214.399
214.398
214.384
214.409
214.4
214.408
214.392
214.402
214.399
214.401
214.4
214.401
214.4
214.397
214.384
214.515
214.294
214.397
214.396
214.638
214.17
214.398
214.398
214.41
214.392
214.409
214.392
214.401
214.43
214.367
214.411
214.401
214.388
214.409
214.4
214.408
214.385
214.409
214.384
214.424
214.384
214.405
214.385
214.416
214.411
214.397
214.385
214.416
214.377
214.405
214.411
214.397
214.41
214.391
214.411
214.39
214.392
214.409
214.384
214.413
214.395
214.413
214.396
214.397
214.418
214.39
214.391
214.399
214.418
214.39
214.46
214.341
214.403
214.405
214.369
214.409
214.415
214.401
214.385
214.397
214.426
214.664
214.185
214.342
214.41
214.398
214.384
214.402
214.407
214.401
214.407
214.375
214.426
214.397
214.482
214.296
214.407
214.417
214.384
214.439
214.354
214.405
214.404
214.397
214.426
214.382
214.441
214.375
214.37
214.408
214.407
214.39
214.411
214.39
214.403
214.405
214.385
214.409
214.392
214.416
214.384
214.405
214.396
214.405
214.418
214.383
214.392
214.409
214.384
214.424
214.407
214.394
214.407
214.39
214.392
214.397
214.396
214.409
214.392
214.408
214.392
214.432
214.369
214.405
214.418
214.383
214.418
214.383
214.414
214.375
214.411
214.405
214.379
214.414
214.384
214.417
214.411
214.39
214.414
214.39
214.396
214.405
214.384
214.417
214.384
214.409
214.407
214.394
214.407
214.39
214.403
214.409
214.399
214.39
214.377
214.431
214.392
214.402
214.384
214.416
214.4
214.405
214.377
214.416
214.403
214.398
214.384
214.424
214.392
214.409
214.392
214.397
214.404
214.397
214.426
214.375
214.403
214.405
214.426
214.375
214.381
214.416
214.396
214.39
214.414
214.409
214.377
214.416
214.4
214.51
214.313
214.379
214.399
214.405
214.46
214.326
214.392
214.424
214.392
214.382
214.411
214.397
214.419
214.382
214.411
214.39
214.411
214.412
214.377
214.39
214.426
214.394
214.38
214.409
214.418
214.383
214.399
214.409
214.391
214.402
214.4
214.405
214.384
214.424
214.392
214.401
214.4
214.394
214.414
214.394
214.392
214.405
214.411
214.382
214.4
214.401
214.426
214.382
214.377
214.424
214.399
214.398
214.369
214.424
214.4
214.401
214.392
214.409
214.399
214.398
214.418
214.382
214.426
214.39
214.388
214.398
214.392
214.559
214.249
214.398
214.395
214.405
214.389
214.42
214.403
214.525
214.249
214.417
214.384
214.413
214.41
214.383
214.418
214.39
214.418
214.383
214.384
214.447
214.354
214.424
214.365
214.424
214.411
214.39
214.4
214.401
214.392
214.416
214.392
214.398
214.403
214.405
214.381
214.412
214.384
214.417
214.414
214.387
214.414
214.394
214.399
214.39
214.381
214.42
214.402
214.399
214.411
214.405
214.384
214.398
214.41
214.39
214.404
214.397
214.385
214.416
214.407
214.401
214.373
214.428
214.384
214.484
214.34
214.382
214.418
214.383
214.448
214.368
214.384
214.405
214.452
214.349
214.392
214.401
214.411
214.405
214.369
214.413
214.396
214.397
214.396
214.416
214.392
214.405
214.407
214.394
214.384
214.417
214.407
214.39
214.41
214.417
214.399
214.375
214.392
214.409
214.399
214.402
214.399
214.409
214.399
214.398
214.411
214.382
214.403
214.398
214.411
214.39
214.399
214.405
214.411
214.382
214.404
214.397
214.392
214.409
214.399
214.65
214.177
214.379
214.396
214.397
214.396
214.518
214.279
214.409
214.426
214.611
214.163
214.401
214.414
214.383
214.419
214.382
214.388
214.413
214.392
214.416
214.377
214.42
214.388
214.405
214.377
214.432
214.392
214.401
214.392
214.416
214.426
214.364
214.403
214.397
214.411
214.401
214.407
214.39
214.4
214.394
214.384
214.42
214.381
214.405
214.403
214.405
214.403
214.398
214.392
214.409
214.384
214.413
214.403
214.409
214.38
214.409
214.418
214.383
214.392
214.416
214.377
214.42
214.373
214.589
214.235
214.397
214.403
214.398
214.399
214.439
214.362
214.401
214.464
214.341
214.368
214.425
214.385
214.423
214.441
214.353
214.399
214.39
214.418
214.511
214.29
214.413
214.388
214.39
214.392
214.416
214.407
214.386
214.4
214.424
214.392
214.39
214.395
214.413
214.399
214.394
214.377
214.424
214.377
214.412
214.411
214.39
214.448
214.353
214.392
214.409
214.44
214.36
214.4
214.397
214.404
214.397
214.418
214.405
214.554
214.213
214.411
214.409
214.384
214.428
214.369
214.409
214.411
214.39
214.399
214.402
214.407
214.39
214.418
214.382
214.404
214.596
214.227
214.375
214.377
214.424
214.384
214.424
214.384
214.398
214.418
214.39
214.418
214.383
214.418
214.383
214.407
214.48
214.328
214.39
214.377
214.416
214.407
214.401
214.4
214.394
214.399
214.398
214.403
214.397
214.396
214.405
214.407
214.394
214.407
214.401
214.392
214.401
214.4
214.39
214.411
214.397
214.388
214.42
214.411
214.383
214.384
214.413
214.388
214.42
214.402
214.391
214.403
214.405
214.392
214.424
214.388
214.394
214.396
214.39
214.411
214.397
214.418
214.383
214.384
214.424
214.4
214.401
214.399
214.398
214.403
214.383
214.414
214.394
214.392
214.405
214.388
214.416
214.4
214.39
214.411
214.397
214.426
214.382
214.385
214.409
214.384
214.424
214.384
214.413
214.403
214.39
214.407
214.394
214.399
214.417
214.403
214.405
214.414
214.36
214.411
214.39
214.377
214.446
214.37
214.405
214.411
214.393
214.407
214.402
214.377
214.412
214.418
214.383
214.407
214.394
214.414
214.401
214.411
214.379
214.418
214.375
214.4
214.423
214.404
214.39
214.384
214.39
214.418
214.39
214.392
214.409
214.411
214.555
214.219
214.439
214.384
214.402
214.392
214.397
214.441
214.368
214.392
214.408
214.385
214.401
214.407
214.398
214.395
214.413
214.377
214.424
214.418
214.375
214.384
214.424
214.385
214.412
214.403
214.383
214.418
214.39
214.4
214.401
214.392
214.409
214.384
214.416
214.392
214.417
214.414
214.375
214.418
214.39
214.4
214.394
214.425
214.372
214.41
214.39
214.392
214.409
214.385
214.416
214.392
214.409
214.414
214.488
214.313
214.382
214.392
214.417
214.44
214.368
214.411
214.375
214.433
214.375
214.407
214.39
214.411
214.382
214.385
214.423
214.419
214.382
214.373
214.42
214.392
214.413
214.377
214.416
214.4
214.408
214.396
214.386
214.426
214.394
214.392
214.39
214.418
214.39
214.41
214.391
214.384
214.417
214.392
214.405
214.395
214.405
214.389
214.412
214.411
214.39
214.377
214.424
214.399
214.416
214.385
214.39
214.463
214.345
214.4
214.416
214.384
214.409
214.377
214.42
214.388
214.413
214.396
214.412
214.411
214.638
214.148
214.39
214.414
214.409
214.377
214.533
214.241
214.424
214.411
214.39
214.411
214.397
214.392
214.394
214.413
214.391
214.418
214.383
214.447
214.354
214.399
214.424
214.391
214.402
214.407
214.383
214.437
214.371
214.385
214.401
214.407
214.401
214.385
214.397
214.388
214.428
214.388
214.405
214.426
214.375
214.384
214.417
214.407
214.397
214.418
214.375
214.419
214.39
214.399
214.394
214.399
214.402
214.399
214.409
214.399
214.39
214.411
214.39
214.426
214.375
214.392
214.416
214.377
214.552
214.264
214.405
214.396
214.397
214.4
214.457
214.328
214.417
214.384
214.601
214.207
214.413
214.418
214.383
214.392
214.401
214.426
214.375
214.407
214.39
214.403
214.405
214.403
214.39
214.385
214.416
214.418
214.383
214.392
214.397
214.411
214.39
214.396
214.42
214.403
214.39
214.399
214.424
214.402
214.429
214.481
214.282
214.663
214.119
214.392
214.409
214.411
214.39
214.384
214.413
214.388
214.412
214.377
214.424
214.411
214.39
214.384
214.424
214.441
214.341
214.411
214.397
214.426
214.383
214.384
214.424
214.384
214.39
214.396
214.409
214.392
214.63
214.178
214.405
214.426
214.39
214.396
214.397
214.392
214.394
214.437
214.386
214.377
214.405
214.407
214.409
214.377
214.431
214.377
214.398
214.395
214.413
214.411
214.39
214.44
214.36
214.407
214.394
214.4
214.408
214.4
214.39
214.384
214.409
214.385
214.416
214.411
214.39
214.414
214.386
214.407
214.383
214.399
214.417
214.403
214.397
214.426
214.368
214.398
214.391
214.426
214.386
214.4
214.397
214.392
214.409
214.411
214.397
214.385
214.408
214.385
214.412
214.385
214.416
214.4
214.401
214.392
214.409
214.407
214.401
214.392
214.397
214.426
214.375
214.407
214.401
214.385
214.416
214.377
214.413
214.395
214.398
214.384
214.424
214.418
214.383
214.399
214.409
214.392
214.409
214.422
214.36
214.418
214.405
214.377
214.416
214.377
214.432
214.392
214.401
214.392
214.405
214.411
214.382
214.426
214.375
214.418
214.39
214.392
214.409
214.399
214.39
214.385
214.416
214.392
214.409
214.399
214.402
214.399
214.405
214.396
214.397
214.385
214.416
214.403
214.405
214.4
214.394
214.399
214.465
214.343
214.402
214.384
214.405
214.384
214.417
214.422
214.379
214.392
214.416
214.384
214.405
214.411
214.39
214.422
214.379
214.399
214.417
214.384
214.409
214.392
214.42
214.403
214.375
214.426
214.39
214.384
214.402
214.384
214.416
214.4
214.409
214.38
214.432
214.377
214.416
214.384
214.409
214.4
214.39
214.403
214.397
214.404
214.397
214.4
214.416
214.369
214.432
214.377
214.405
214.403
214.401
214.422
214.375
214.4
214.401
214.407
214.394
214.407
214.386
214.407
214.39
214.403
214.405
214.388
214.627
214.2
214.496
214.305
214.383
214.444
214.364
214.396
214.397
214.418
214.383
214.426
214.382
214.407
214.394
214.399
214.39
214.392
214.409
214.377
214.424
214.399
214.402
214.377
214.431
214.383
214.399
214.399
214.409
214.426
214.375
214.392
214.409
214.399
214.39
214.437
214.379
214.46
214.333
214.411
214.405
214.377
214.409
214.399
214.401
214.392
214.417
214.384
214.42
214.388
214.405
214.377
214.417
214.399
214.401
214.407
214.39
214.411
214.39
214.403
214.405
214.392
214.405
214.381
214.405
214.396
214.454
214.354
214.405
214.407
214.401
214.404
214.397
214.392
214.39
214.426
214.382
214.396
214.405
214.403
214.398
214.399
214.409
214.4
214.39
214.425
214.402
214.365
214.424
214.403
214.383
214.407
214.401
214.418
214.372
214.403
214.424
214.384
214.383
214.384
214.424
214.407
214.409
214.376
214.406
214.403
214.397
214.392
214.409
214.448
214.36
214.377
214.432
214.399
214.375
214.411
214.397
214.411
214.39
214.411
214.397
214.392
214.608
214.193
214.398
214.395
214.405
214.385
214.495
214.347
214.397
214.37
214.608
214.208
214.39
214.425
214.383
214.396
214.397
214.4
214.401
214.384
214.567
214.234
214.413
214.395
214.405
214.419
214.375
214.418
214.39
214.486
214.303
214.434
214.378
214.419
214.39
214.369
214.42
214.396
214.412
214.426
214.375
214.415
214.386
214.392
214.397
214.385
214.416
214.403
214.42
214.377
214.402
214.407
214.393
214.4
214.405
214.396
214.397
214.407
214.409
214.392
214.401
214.385
214.397
214.396
214.533
214.256
214.424
214.415
214.386
214.392
214.424
214.384
214.657
214.144
214.405
214.402
214.391
214.433
214.368
214.399
214.398
214.396
214.416
214.384
214.405
214.411
214.39
214.411
214.39
214.384
214.424
214.385
214.397
214.418
214.398
214.403
214.39
214.4
214.401
214.392
214.401
214.392
214.424
214.377
214.42
214.396
214.397
214.411
214.39
214.411
214.39
214.414
214.375
214.411
214.424
214.384
214.398
214.399
214.409
214.411
214.382
214.391
214.417
214.399
214.395
214.38
214.409
214.426
214.397
214.377
214.402
214.399
214.398
214.474
214.33
214.415
214.544
214.241
214.413
214.407
214.379
214.384
214.413
214.403
214.397
214.411
214.39
214.4
214.401
214.392
214.424
214.384
214.401
214.407
214.39
214.4
214.401
214.403
214.405
214.385
214.416
214.377
214.413
214.388
214.42
214.369
214.424
214.4
214.393
214.4
214.409
214.392
214.405
214.425
214.375
214.419
214.382
214.411
214.39
214.411
214.39
214.384
214.416
214.407
214.402
214.392
214.397
214.4
214.401
214.407
214.39
214.403
214.39
214.403
214.405
214.385
214.416
214.388
214.413
214.411
214.39
214.399
214.405
214.403
214.417
214.383
214.391
214.418
214.383
214.414
214.387
214.414
214.383
214.403
214.409
214.414
214.383
214.377
214.423
214.392
214.402
214.399
214.405
214.403
214.383
214.399
214.409
214.411
214.39
214.384
214.424
214.422
214.36
214.418
214.39
214.404
214.397
214.4
214.401
214.399
214.402
214.407
214.393
214.4
214.397
214.396
214.405
214.392
214.409
214.384
214.439
214.377
214.409
214.392
214.416
214.4
214.405
214.395
214.39
214.385
214.416
214.384
214.417
214.399
214.39
214.419
214.382
214.418
214.518
214.264
214.417
214.384
214.401
214.392
214.413
214.381
214.427
214.385
214.416
214.411
214.382
214.407
214.386
214.422
214.383
214.411
214.382
214.418
214.383
214.411
214.397
214.407
214.383
214.422
214.386
214.411
214.397
214.37
214.416
214.441
214.367
214.377
214.413
214.395
214.405
214.389
214.427
214.403
214.383
214.392
214.409
214.407
214.39
214.418
214.394
214.407
214.382
214.411
214.397
214.377
214.417
214.471
214.393
214.328
214.405
214.396
214.405
214.407
214.394
214.384
214.424
214.385
214.397
214.403
214.405
214.396
214.405
214.418
214.383
214.384
214.417
214.384
214.424
214.366
214.416
214.414
214.394
214.407
214.394
214.392
214.409
214.407
214.416
214.392
214.409
214.369
214.413
214.384
214.409
214.407
214.394
214.407
214.401
214.392
214.397
214.377
214.417
214.407
214.408
214.392
214.402
214.399
214.409
214.399
214.39
214.404
214.397
214.384
214.417
214.407
214.401
214.385
214.405
214.395
214.405
214.389
214.412
214.411
214.604
214.178
214.409
214.456
214.333
214.426
214.495
214.328
214.36
214.396
214.42
214.369
214.417
214.384
214.416
214.4
214.409
214.414
214.39
214.403
214.383
214.384
214.424
214.392
214.409
214.422
214.394
214.384
214.416
214.4
214.375
214.399
214.409
214.4
214.401
214.384
214.417
214.384
214.405
214.418
214.383
214.407
214.394
214.399
214.405
214.43
214.371
214.369
214.432
214.41
214.398
214.403
214.383
214.407
214.386
214.407
214.397
214.396
214.405
214.411
214.397
214.4
214.394
214.399
214.398
214.403
214.397
214.396
214.405
214.411
214.405
214.384
214.657
214.159
214.522
214.248
214.421
214.384
214.409
214.418
214.383
214.411
214.386
214.403
214.39
214.418
214.398
214.396
214.397
214.456
214.352
214.377
214.417
214.471
214.337
214.373
214.428
214.373
214.409
214.407
214.401
214.399
214.402
214.399
214.401
214.407
214.409
214.392
214.39
214.426
214.375
214.384
214.417
214.399
214.401
214.4
214.409
214.399
214.39
214.392
214.416
214.4
214.394
214.399
214.401
214.407
214.383
214.403
214.405
214.392
214.416
214.4
214.394
214.399
214.401
214.4
214.574
214.212
214.412
214.426
214.382
214.4
214.382
214.426
214.375
214.411
214.405
214.396
214.397
214.385
214.423
214.4
214.409
214.368
214.481
214.336
214.397
214.389
214.412
214.411
214.397
214.385
214.424
214.392
214.397
214.411
214.375
214.411
214.412
214.396
214.39
214.399
214.402
214.399
214.409
214.384
214.413
214.403
214.398
214.41
214.383
214.384
214.417
214.399
214.409
214.414
214.383
214.418
214.398
214.41
214.368
214.392
214.416
214.377
214.413
214.41
214.39
214.404
214.397
214.426
214.375
214.414
214.383
214.403
214.401
214.407
214.39
214.385
214.416
214.385
214.416
214.407
214.401
214.403
214.398
214.414
214.387
214.392
214.397
214.4
214.401
214.426
214.382
214.4
214.401
214.399
214.402
214.407
214.382
214.385
214.416
214.399
214.409
214.392
214.409
214.381
214.408
214.392
214.409
214.418
214.383
214.392
214.412
214.396
214.409
214.414
214.383
214.395
214.398
214.4
214.416
214.384
214.402
214.38
214.417
214.41
214.398
214.381
214.427
214.411
214.39
214.392
214.394
214.384
214.439
214.377
214.664
214.137
214.397
214.392
214.409
214.392
214.405
214.388
214.405
214.392
214.424
214.396
214.397
214.4
214.401
214.392
214.409
214.399
214.398
214.403
214.405
214.377
214.416
214.392
214.409
214.399
214.409
214.406
214.384
214.418
214.409
214.35
214.424
214.434
214.382
214.392
214.401
214.407
214.394
214.407
214.39
214.396
214.397
214.388
214.428
214.411
214.39
214.392
214.401
214.399
214.39
214.377
214.424
214.4
214.408
214.377
214.417
214.399
214.409
214.407
214.397
214.389
214.397
214.411
214.574
214.242
214.446
214.313
214.413
214.384
214.443
214.362
214.427
214.411
214.39
214.384
214.402
214.384
214.413
214.403
214.397
214.411
214.39
214.411
214.382
214.4
214.401
214.392
214.409
214.388
214.416
214.411
214.39
214.411
214.39
214.407
214.394
214.407
214.382
214.426
214.394
214.399
214.398
214.388
214.405
214.426
214.375
214.399
214.405
214.403
214.402
214.365
214.424
214.392
214.416
214.4
214.394
214.399
214.405
214.396
214.416
214.385
214.405
214.384
214.416
214.4
214.416
214.377
214.409
214.392
214.397
214.411
214.623
214.178
214.39
214.392
214.416
214.456
214.33
214.407
214.39
214.411
214.397
214.396
214.405
214.384
214.417
214.384
214.413
214.388
214.405
214.384
214.417
214.417
214.395
214.38
214.424
214.385
214.397
214.418
214.383
214.411
214.405
214.384
214.416
214.377
214.417
214.384
214.405
214.385
214.423
214.434
214.375
214.41
214.383
214.411
214.412
214.385
214.401
214.392
214.405
214.369
214.424
214.403
214.398
214.422
214.544
214.249
214.394
214.411
214.378
214.411
214.439
214.362
214.39
214.441
214.518
214.256
214.401
214.415
214.375
214.403
214.39
214.385
214.416
214.426
214.382
214.392
214.394
214.407
214.397
214.411
214.39
214.418
214.383
214.411
214.386
214.43
214.389
214.392
214.398
214.392
214.409
214.403
214.397
214.377
214.424
214.377
214.413
214.388
214.412
214.385
214.416
214.4
214.408
214.385
214.409
214.399
214.401
214.421
214.384
214.403
214.39
214.4
214.401
214.392
214.416
214.377
214.416
214.407
214.481
214.313
214.397
214.411
214.39
214.418
214.371
214.426
214.578
214.223
214.382
214.377
214.424
214.388
214.413
214.392
214.416
214.4
214.39
214.418
214.39
214.369
214.424
214.407
214.394
214.399
214.409
214.392
214.416
214.407
214.375
214.404
214.424
214.358
214.416
214.392
214.409
214.384
214.416
214.385
214.412
214.385
214.416
214.4
214.401
214.384
214.424
214.4
214.382
214.418
214.39
214.426
214.375
214.426
214.375
214.384
214.424
214.377
214.454
214.347
214.42
214.369
214.424
214.4
214.401
214.392
214.664
214.144
214.409
214.392
214.405
214.396
214.517
214.271
214.425
214.377
214.409
214.407
214.401
214.392
214.405
214.396
214.405
214.425
214.375
214.411
214.405
214.385
214.397
214.396
214.409
214.38
214.409
214.392
214.424
214.384
214.398
214.422
214.371
214.426
214.375
214.392
214.416
214.392
214.424
214.392
214.401
214.392
214.416
214.392
214.417
214.377
214.397
214.392
214.409
214.407
214.401
214.373
214.428
214.373
214.424
214.388
214.405
214.411
214.39
214.384
214.417
214.399
214.39
214.426
214.39
214.396
214.397
214.411
214.397
214.385
214.409
214.399
214.398
214.395
214.405
214.396
214.405
214.396
214.405
214.384
214.417
214.384
214.413
214.41
214.383
214.426
214.382
214.4
214.408
214.377
214.413
214.396
214.397
214.395
214.425
214.399
214.39
214.418
214.39
214.419
214.397
214.377
214.39
214.418
214.39
214.396
214.405
214.403
214.413
214.411
214.375
214.399
214.398
214.41
214.402
214.373
214.416
214.403
214.398
214.403
214.39
214.407
214.409
214.392
214.397
214.404
214.397
214.385
214.416
214.403
214.398
214.384
214.42
214.381
214.424
214.365
214.435
214.392
214.484
214.298
214.417
214.399
214.409
214.407
214.39
214.418
214.39
214.403
214.398
214.411
214.375
214.399
214.401
214.407
214.39
214.377
214.439
214.403
214.383
214.399
214.409
214.385
214.412
214.411
214.382
214.419
214.382
214.418
214.398
214.377
214.424
214.377
214.416
214.399
214.383
214.448
214.36
214.441
214.367
214.399
214.395
214.471
214.318
214.418
214.383
214.399
214.417
214.369
214.439
214.403
214.383
214.392
214.431
214.377
214.405
214.388
214.405
214.4
214.408
214.404
214.397
214.392
214.401
214.4
214.409
214.399
214.39
214.403
214.398
214.407
214.394
214.399
214.405
214.388
214.417
214.365
214.424
214.407
214.394
214.384
214.417
214.399
214.398
214.403
214.424
214.399
214.386
214.392
214.398
214.384
214.424
214.385
214.397
214.385
214.416
214.411
214.397
214.411
214.382
214.415
214.394
214.384
214.42
214.403
214.409
214.4
214.397
214.404
214.382
214.411
214.397
214.385
214.405
214.395
214.398
214.426
214.382
214.411
214.574
214.223
214.394
214.414
214.375
214.418
214.439
214.346
214.406
214.392
214.405
214.415
214.39
214.398
214.402
214.407
214.39
214.385
214.416
214.392
214.416
214.4
214.401
214.392
214.405
214.403
214.39
214.407
214.394
214.482
214.334
214.392
214.409
214.369
214.413
214.41
214.402
214.384
214.405
214.419
214.389
214.392
214.424
214.377
214.39
214.411
214.39
214.426
214.397
214.404
214.382
214.391
214.41
214.384
214.416
214.392
214.413
214.388
214.405
214.395
214.421
214.369
214.424
214.377
214.413
214.403
214.39
214.482
214.353
214.399
214.39
214.377
214.638
214.155
214.518
214.287
214.416
214.396
214.397
214.403
214.398
214.399
214.409
214.392
214.401
214.407
214.398
214.381
214.412
214.385
214.416
214.399
214.409
214.407
214.394
214.391
214.391
214.384
214.417
214.426
214.382
214.399
214.409
214.392
214.409
214.415
214.374
214.411
214.39
214.392
214.409
214.407
214.386
214.392
214.405
214.403
214.413
214.377
214.416
214.411
214.39
214.392
214.416
214.392
214.39
214.426
214.409
214.384
214.405
214.449
214.337
214.392
214.405
214.388
214.424
214.377
214.548
214.249
214.416
214.471
214.33
214.384
214.417
214.392
214.416
214.392
214.397
214.404
214.397
214.392
214.416
214.377
214.424
214.377
214.424
214.366
214.431
214.403
214.39
214.403
214.398
214.418
214.383
214.399
214.39
214.411
214.397
214.396
214.405
214.385
214.416
214.407
214.394
214.414
214.375
214.482
214.342
214.361
214.432
214.426
214.367
214.447
214.361
214.407
214.383

------------------------------------------------------------------------------------------------------------------------------------------------
max val(#9) = 339.61us
min val(#4615) = 213.95us
peak-to-peak = 125.66us
mean +- RMS = 214.43 +- 1.74 us

packet size: 516
number of packets: 10000
RATE = 19250.62kbps, PPS = 4663.4
