Destination address set to 01:1B:19:00:00:00
Defaults: 01:1B:19:00:00:00 or 01:80:C2:00:00:0E
SIOCSHWTSTAMP: tx_type 1 requested, got 1; rx_filter 0 requested, got 0
setting ts_flags: 0x53
new ts_flags: 0x53


gap of hw tx time, us: packets 10000:
------------------------------------------------------------------------------------------------------------------------------------------------
0
144.32
141.357
142.883
144.797
141.121
142.879
144.64
141.282
142.962
144.398
141.44
142.88
144.481
141.44
142.88
144.477
141.44
143.041
144.32
141.44
142.879
186.24
99.682
142.958
144.481
141.361
142.959
144.481
150.399
133.921
144.398
141.444
143.116
144.241
141.44
142.962
144.399
141.44
142.879
144.48
141.359
142.962
144.639
141.278
142.884
144.56
141.357
142.883
144.478
141.44
142.883
144.478
141.44
142.879
144.722
141.199
142.959
144.481
141.357
142.963
144.398
141.444
142.876
144.481
141.68
142.639
144.482
141.68
142.718
144.481
141.361
142.88
144.639
150.32
133.842
144.556
141.361
142.88
144.48
141.52
142.8
144.642
141.28
142.958
144.402
141.44
142.88
144.476
141.445
142.88
144.56
141.357
143.041
144.481
141.358
143.04
144.242
141.44
143.037
144.481
141.282
142.959
144.401
141.441
142.959
144.398
141.444
142.879
144.64
141.277
142.88
144.643
141.279
143.12
144.24
141.439
142.881
144.481
141.436
143.121
144.244
141.44
142.879
144.478
141.44
142.879
144.482
141.44
142.962
144.398
141.44
142.959
144.402
141.439
142.881
144.56
141.278
143.041
144.478
141.365
142.875
144.561
141.361
142.879
144.48
141.362
142.959
144.639
141.281
142.959
144.56
141.279
142.88
144.481
141.44
142.879
144.643
141.279
142.958
144.481
141.361
142.88
144.481
141.436
142.884
144.476
141.445
142.879
144.718
141.282
142.797
144.561
179.521
104.797
172.801
113.041
142.885
147.755
138.079
142.963
154.398
131.523
142.879
144.477
141.441
142.962
144.477
141.362
143.037
144.323
167.601
116.719
144.56
141.361
142.88
144.639
141.282
142.876
151.361
134.481
143.278
150.004
135.598
143.12
144.319
141.279
143.041
144.401
141.441
142.88
144.477
175.841
108.64
144.399
141.361
142.879
144.561
177.36
106.959
144.402
184.078
100.881
143.841
141.441
142.88
144.48
141.437
143.041
144.319
172.162
112.158
144.481
141.441
142.879
144.56
141.361
142.959
144.402
141.436
142.88
155.282
130.639
142.962
167.279
118.56
142.879
144.56
141.362
142.879
144.48
141.441
142.959
144.481
141.44
142.797
144.563
141.44
142.8
144.558
141.361
142.962
144.399
141.361
142.958
144.48
141.441
142.88
144.48
141.441
142.88
144.476
141.441
142.88
144.481
141.44
142.879
144.482
141.361
142.958
144.481
141.44
142.88
144.48
141.441
142.88
144.476
141.445
142.958
144.398
141.441
142.962
144.556
141.283
142.879
144.8
141.121
143.121
144.236
141.444
143.038
144.319
141.44
142.88
144.48
141.441
142.879
144.642
141.28
142.958
144.401
141.441
142.88
144.48
141.441
143.038
144.401
141.358
142.883
144.557
141.361
142.879
144.481
141.441
142.879
144.56
141.361
142.88
144.717
141.2
142.884
144.476
141.441
142.88
144.559
141.362
142.962
144.399
141.44
142.958
144.56
141.44
142.722
144.481
141.44
142.88
144.476
141.441
142.88
144.485
141.436
142.879
144.481
141.441
142.879
144.559
141.362
142.88
144.801
141.278
142.722
144.639
141.281
142.88
144.64
141.278
142.962
144.557
141.36
142.801
144.48
141.441
142.88
144.48
141.441
142.88
144.559
141.358
142.88
144.56
141.361
142.958
144.403
141.361
143.199
144.24
150.399
133.921
144.56
141.357
143.042
144.48
141.283
142.879
187.196
139.443
102.241
144.56
141.279
142.958
144.401
141.441
159.602
127.837
141.362
142.876
144.48
141.441
142.88
144.48
141.441
142.879
187.2
98.722
143.199
144.161
156.158
128.32
184.161
110.561
133.917
144.48
141.441
142.88
187.202
129.597
112.001
144.481
141.362
142.958
144.48
141.441
142.959
144.401
141.358
142.963
144.481
141.436
142.883
187.36
98.558
142.879
144.56
141.362
146
141.359
141.441
142.88
187.198
129.602
112.001
144.476
141.441
142.88
187.203
98.8
142.876
144.481
141.362
142.879
187.198
107.761
133.842
144.48
141.441
142.88
144.559
141.599
142.639
144.481
161.92
122.482
144.398
141.441
180.48
129.598
118.722
142.88
144.718
156.402
127.681
184.318
101.599
142.88
144.48
141.441
142.958
144.402
141.441
142.958
144.559
141.283
142.88
144.48
141.437
143.124
144.241
183.597
100.88
144.319
141.441
142.879
186.161
99.681
143.2
144.24
141.519
142.963
144.398
186.638
97.603
144.477
169.36
115.042
187.12
108.32
133.44
144.399
160.559
123.76
144.481
150.32
133.921
144.477
141.444
142.88
144.56
152.319
131.918
144.56
141.361
142.879
144.481
141.441
142.879
144.481
141.44
142.88
144.48
141.441
143.759
143.598
142
142.32
144.559
141.441
142.8
146.963
151.037
130.801
144.639
141.203
142.959
144.481
183.838
100.482
144.56
141.361
142.876
144.48
141.441
142.879
144.482
168.878
115.441
144.481
161.519
122.801
144.481
141.44
142.88
144.56
176.796
107.441
144.48
141.441
142.879
144.56
141.362
142.958
144.48
141.362
142.88
144.481
150.399
134.161
144.557
161.041
123.041
187.2
111.199
130.402
144.478
163.6
120.64
144.481
150.482
133.838
144.718
177.36
106.723
144.476
141.445
154.079
133.278
150.402
133.917
144.482
165.841
118.561
144.398
141.44
142.88
144.639
141.759
142.403
144.477
141.361
142.959
144.563
141.358
142.879
144.481
141.362
150.236
137.282
152.801
131.519
144.402
166.556
117.764
144.56
182.958
101.279
144.481
150.402
133.921
144.478
141.518
142.88
172.8
113.042
142.88
144.717
141.204
142.88
144.56
150.398
133.839
144.481
141.44
142.879
144.643
150.32
133.838
144.56
141.519
142.722
144.481
150.478
133.842
144.476
141.441
142.88
187.203
99.68
141.917
144.482
141.44
142.879
172.801
113.12
142.88
144.481
185.198
99.359
144.239
141.445
142.876
144.481
155.759
128.643
144.399
150.402
134.079
144.319
158.56
125.839
144.402
150.478
133.921
144.398
141.44
151.12
136.241
141.44
142.879
144.561
141.361
142.879
144.481
176.717
107.603
144.481
179.277
105.039
144.564
181.518
102.88
144.32
184.961
99.362
144.557
164.882
119.358
144.481
141.44
142.88
187.277
100.242
141.282
144.56
155.44
128.801
144.477
152.481
131.838
144.482
157.12
127.282
144.477
184.56
99.681
144.56
141.361
142.959
160.319
125.519
142.962
144.399
150.56
133.759
144.481
141.441
142.879
144.801
162.717
121.283
144.56
141.361
142.88
144.477
141.523
142.801
144.477
141.763
142.556
159.681
126.481
142.639
144.481
150.478
133.842
144.56
180.48
103.761
144.476
141.441
142.962
170.959
129.602
128.157
187.203
98.719
143.041
144.319
153.922
130.477
144.398
141.361
143.042
144.481
145.598
138.643
187.199
98.718
142.879
144.561
151.921
132.319
144.481
141.44
143.038
172.803
145.117
110.723
144.56
141.361
143.116
144.24
141.441
143.041
144.399
150.402
133.917
144.639
161.763
122.32
186.161
129.598
113.042
144.56
141.357
142.88
144.481
141.361
142.958
144.482
184.878
99.441
144.48
141.441
142.88
187.198
129.602
112.08
144.398
165.36
118.964
144.481
153.116
131.199
144.561
141.522
142.718
187.199
107.681
133.921
144.718
141.199
142.884
144.718
150.643
133.436
144.48
141.441
142.962
144.399
154.962
129.357
144.56
141.282
142.959
144.559
141.279
142.963
177.518
129.602
121.677
144.56
183.36
100.881
144.56
141.522
142.718
144.481
150.399
133.921
144.477
141.361
142.959
144.481
143.921
140.403
144.56
153.755
130.564
144.48
141.28
143.199
146.48
139.2
142.88
187.199
135.199
106.482
144.481
141.44
142.958
144.481
141.279
142.962
144.398
141.441
143.037
144.322
141.441
142.88
144.559
141.362
142.88
186.957
129.603
112.237
144.48
141.441
142.88
187.28
129.602
111.918
144.48
141.441
142.959
144.397
141.441
150.083
137.277
141.441
142.88
187.202
138.319
103.28
144.559
141.362
142.879
187.281
129.598
111.922
187.198
129.602
112.001
144.476
141.445
143.037
144.32
142.481
141.839
144.638
141.283
142.879
144.638
141.283
142.959
144.559
141.283
142.88
182.236
103.76
142.805
144.717
141.2
142.88
144.559
141.283
153.037
134.401
141.441
142.88
144.48
141.441
142.88
144.638
141.279
187.361
129.601
111.839
142.88
144.48
141.441
143.12
144.319
152.959
131.282
144.481
141.44
143.038
144.318
141.441
142.962
144.398
141.441
142.88
187.202
107.76
133.838
144.48
141.441
142.88
144.48
141.441
142.88
144.476
141.441
142.88
144.563
141.358
142.88
144.481
144.879
139.44
144.481
153.2
131.12
187.277
129.602
111.922
144.559
141.358
142.884
144.48
141.437
142.88
144.48
141.441
142.879
187.278
108.324
133.199
144.48
141.52
142.801
144.477
155.842
128.482
144.476
141.44
142.88
144.481
141.44
142.88
144.48
141.441
142.88
144.48
141.599
142.722
144.559
141.358
142.962
144.477
141.445
142.797
144.48
141.52
142.8
155.602
169.758
103.441
144.559
141.603
142.639
144.477
150.402
133.918
144.481
171.119
113.201
144.481
150.398
133.921
144.48
141.441
143.038
144.318
141.603
147.282
139.917
153.121
131.281
182.8
130.237
115.682
144.48
141.362
142.958
144.48
141.441
142.88
187.198
140.719
100.884
144.56
163.518
120.723
144.476
141.441
142.88
187.28
111.039
130.722
187.037
107.681
133.842
144.48
141.437
145.602
141.842
141.361
181.837
129.599
117.361
142.883
172.796
113.122
143.041
172.797
112.962
184.717
102.723
141.361
167.999
129.599
131.199
142.88
172.8
113.12
142.881
179.359
106.562
142.879
158.643
127.519
177.837
129.603
121.12
179.119
129.599
120.079
142.962
144.399
141.519
142.801
180.48
105.44
142.959
177.439
108.403
142.88
154
131.921
142.88
158.639
143.12
167.838
129.602
115.519
181.999
129.602
117.2
175.758
129.602
123.44
142.88
172.8
113.121
142.88
160.237
125.684
171.198
129.599
128
180.239
107.2
183.68
133.519
144.482
108.481
177.92
149.998
100.804
174.477
132.561
121.838
181.999
129.603
117.199
180.318
129.602
150.64
111.12
156.403
129.518
185.199
129.602
114
180.477
129.602
118.718
142.884
172.799
113.039
143.12
144.319
141.441
142.879
172.801
113.12
169.361
142.237
117.203
142.88
144.477
141.44
167.841
129.599
131.361
142.88
172.799
113.122
142.879
152.639
133.282
183.92
103.441
141.436
168.244
129.598
130.963
176.796
129.602
122.399
185.119
135.838
107.843
142.88
144.639
141.282
142.879
172.802
113.12
142.88
177.518
108.64
142.639
186.638
99.282
142.881
163.443
122.557
170.078
134.801
123.921
142.801
172.8
113.117
142.88
163.361
122.643
176.481
136.556
115.681
142.88
172.799
113.043
177.916
109.602
141.361
178.481
129.598
120.722
143.117
172.804
112.876
142.884
144.556
141.361
167.439
129.602
131.76
179.517
129.603
119.68
142.88
172.801
113.12
183.758
136.959
108.079
142.881
149.282
136.639
165.199
129.602
134
180.878
129.603
118.319
172.078
148.32
108.403
142.88
154.8
131.117
143.12
144.324
141.357
143.12
172.801
112.88
185.359
129.599
113.842
175.199
129.598
124.004
181.436
105.921
141.444
142.958
144.399
141.44
180.721
129.598
118.482
142.958
172.801
113.041
142.88
172.801
113.037
175.602
133.601
119.677
174.879
129.602
124.481
183.838
136.402
108.4
142.879
144.56
141.361
171.918
129.601
127.281
142.881
144.639
141.278
142.884
172.796
113.121
175.281
129.599
123.921
143.199
172.8
112.801
142.88
172.8
113.121
167.837
144.079
116.881
175.281
129.603
123.917
181.198
129.603
118
169.278
129.601
129.921
172.241
137.519
119.041
178.398
129.602
120.801
178.879
108.557
141.44
165.842
129.601
133.279
177.92
129.598
121.282
142.959
185.36
100.561
143.041
144.237
141.44
184.078
129.602
115.121
142.88
177.601
108.32
142.879
172.801
113.041
174.157
129.603
125.037
142.963
172.801
113.116
142.884
180.638
105.279
142.962
155.199
130.557
172.48
129.603
126.8
142.88
172.801
113.116
170.24
129.602
128.963
171.759
143.68
113.358
176.8
129.602
122.56
180.078
142.959
105.52
142.962
177.518
108.403
142.88
144.56
141.357
167.999
129.603
131.518
169.759
129.602
129.121
142.879
172.8
136.64
119.361
160.959
124.958
142.884
179.597
106.32
142.88
152.643
133.278
178.961
129.599
120.162
142.958
144.481
141.44
174.559
140.801
113.437
142.884
161.759
124.158
142.884
172.797
113.12
184.957
135.444
108.4
142.879
153.2
132.721
170.559
129.599
128.56
143.042
144.481
141.357
185.683
129.599
113.519
177.92
143.278
108.881
141.68
155.282
130.56
142.88
172.801
113.116
180.962
129.601
144.719
116.481
177.44
108.399
184.48
129.598
129.602
128
160.959
124.962
180.717
129.603
118.481
142.88
172.797
113.041
183.92
131.921
113.043
142.958
144.399
141.44
170.48
129.599
128.721
185.037
102.402
141.362
177.439
129.599
121.763
180.236
129.602
118.959
185.198
137.523
106.32
142.639
172.8
113.12
142.96
144.402
141.436
172.962
129.602
126.237
142.88
172.803
113.118
142.88
153.921
132
183.758
129.601
139.201
119.12
158.162
127.759
185.676
129.602
113.523
183.837
129.599
115.361
177.439
129.602
121.76
179.04
129.598
129.602
133.44
180.078
105.843
143.038
155.282
130.481
142.958
172.8
138.64
117.279
163.12
122.801
142.879
172.801
113.038
143.203
172.797
112.883
142.88
172.8
113.117
142.884
144.559
141.358
142.962
172.797
113.042
142.879
178
107.921
142.959
160.079
125.763
175.198
129.599
124.004
142.958
172.801
113.038
182.16
133.038
113.603
171.517
142.162
115.121
180.398
129.602
118.797
142.884
144.56
141.357
142.884
172.796
113.121
142.88
151.68
134.481
173.041
129.598
126.079
180.962
130.001
117.68
173.758
129.599
125.44
142.88
159.12
126.884
142.797
172.8
113.121
175.359
134.08
119.361
177.68
129.599
121.522
185.356
129.602
113.843
176.875
133.522
118.4
171.36
144.241
113.2
142.879
172.8
113.042
185.759
129.598
113.519
142.884
154.801
131.12
170.318
129.599
128.879
142.881
144.481
141.44
142.879
144.56
141.361
142.88
144.56
141.361
142.876
144.481
141.44
143.12
144.241
141.44
142.88
144.481
141.44
142.958
144.481
141.282
182.717
104.723
141.44
142.88
144.477
141.44
142.884
144.477
141.44
142.958
144.485
141.358
142.879
164.722
121.199
182.717
129.603
132.079
163.841
129.599
119.763
179.758
129.599
119.44
174.961
129.599
124.241
167.758
129.603
131.439
173.917
129.602
125.44
184.082
129.597
115.362
177.518
129.603
121.199
142.959
154.082
131.839
142.879
144.722
141.44
177.995
129.603
121.278
142.56
172.8
113.125
142.876
154.56
131.523
179.277
130.722
118.639
142.88
144.482
141.36
142.959
172.8
113.121
142.88
177.518
108.403
142.959
149.199
136.639
165.842
129.598
133.361
174.48
129.599
124.721
142.959
144.481
156.796
165.282
129.603
118.477
177.281
129.599
121.921
178.401
129.599
120.801
178.799
129.599
120.402
142.88
172.801
113.12
142.88
177.44
108.477
142.884
172.796
113.12
142.963
172.796
113.043
142.879
144.56
141.361
181.278
139.282
108.241
142.959
171.999
113.842
142.881
144.477
141.44
176.239
129.603
122.959
179.837
129.602
119.361
184.638
129.603
114.481
173.435
129.603
125.838
177.92
129.603
121.278
174.559
145.921
108.403
142.797
157.361
128.801
177.119
129.599
121.759
142.963
172.8
113.117
142.884
153.037
133.361
142.402
144.557
141.361
170.481
149.916
108.403
142.88
148.88
137.041
179.999
129.598
119.2
170.082
129.599
129.12
142.88
172.799
113.121
142.88
172.8
113.121
142.959
179.36
106.478
142.884
155.199
130.718
174.8
137.282
116.719
142.88
155.522
130.399
176.638
143.759
108.402
142.881
179.037
106.879
142.885
178.879
107.038
142.884
153.037
132.88
142.962
172.796
113.043
142.879
144.482
157.518
164.958
129.602
118.162
179.439
129.599
119.763
172.638
129.599
126.481
174.24
129.602
125.038
182.239
129.599
116.883
142.959
172.8
113.121
165.76
129.597
133.44
177.36
129.603
121.838
185.04
129.603
114.158
142.957
144.481
141.362
142.959
177.439
108.399
142.963
172.8
113.038
142.884
159.917
126.162
181.837
129.601
117.201
173.277
129.602
126.079
178.559
129.603
120.398
172.24
129.603
127.278
185.04
129.602
113.918
142.962
172.797
113.042
142.879
172.8
113.12
142.881
144.801
152.88
131.116
172.801
113.12
174.8
112.723
141.278
142.88
172.799
113.122
142.958
172.8
112.963
142.959
144.56
141.357
142.88
172.801
113.12
170.48
136.561
121.76
173.119
129.603
126.079
180.397
129.603
118.8
178.638
129.603
120.477
179.92
129.603
119.357
176.883
143.518
108.399
142.963
144.399
141.44
182.157
129.602
117.041
180.161
129.599
118.958
180.161
129.603
119.116
172.161
129.602
127.038
170.559
140.242
117.921
174.957
145.603
108.319
185.68
129.598
113.439
142.964
180.397
105.52
142.88
157.203
128.718
142.962
172.796
113.444
142.561
144.394
141.365
142.959
172.801
113.12
179.518
140.88
108.402
142.877
183.841
102.08
142.88
159.522
126.56
182.796
137.44
108.403
142.88
144.722
141.357
142.801
144.639
141.203
142.88
144.477
141.44
142.88
144.481
141.44
142.958
177.443
108.399
142.88
177.597
108.324
142.88
144.477
141.44
143.12
156
129.681
177.837
129.603
121.361
174.078
129.602
125.12
175.12
139.838
113.842
142.881
150.797
135.12
169.759
129.602
129.44
142.88
164.402
121.519
142.879
172.801
113.12
180.717
129.603
118.481
177.119
129.599
122.079
168.322
152
119.279
132.08
144.48
141.441
142.879
144.482
141.439
182.56
104.959
141.282
183.759
129.598
115.444
176.476
129.603
122.718
142.88
172.799
129.603
126.477
159.042
126.8
184.958
129.603
114.24
142.88
144.639
141.278
182.082
129.598
145.204
114.797
159.522
126.56
166.556
129.602
132.722
177.999
129.599
120.879
142.963
172.801
113.12
171.676
129.602
127.519
164.8
129.602
134.399
178.239
134.719
115.842
182.56
129.598
136.24
123.283
172.797
113.12
184.962
142.639
110.241
133.839
152.879
133.042
178.72
129.599
120.481
180.879
129.599
118.323
143.038
155.44
130.319
142.88
172.801
113.12
180.8
129.602
118.399
185.92
136.237
107.204
142.319
166.721
119.199
142.881
151.519
134.402
182.318
129.599
116.88
174.879
138.32
115.523
142.958
144.482
141.439
175.601
129.599
123.601
178.717
129.602
120.478
168.319
134.88
125.602
177.04
129.599
122.162
171.04
129.599
128.161
177.68
131.52
119.68
142.801
172.801
113.116
178.322
129.599
121.12
179.281
107.919
141.519
165.04
129.602
134
176.8
129.599
122.481
183.518
136.801
108.399
142.88
144.56
141.361
183.6
129.599
115.763
180.477
129.602
118.56
162.879
129.603
136.319
142.88
172.801
113.116
169.601
129.598
129.602
181.679
129.603
117.519
180.318
129.603
118.879
179.68
129.599
119.518
143.203
144.158
141.44
172.003
129.599
127.199
143.203
172.796
112.801
142.88
177.522
108.399
142.88
188.398
101.439
138.964
144.476
141.441
180.8
129.602
118.399
172.8
129.602
126.399
142.879
172.8
113.121
142.88
154.959
130.962
180.078
129.603
119.116
181.92
140.802
106.079
184.401
129.598
114.718
142.963
172.801
113.12
142.958
144.403
141.357
175.199
129.602
124.083
181.837
129.599
117.361
142.883
172.796
113.043
142.958
159.519
126.639
142.643
172.801
113.12
185.999
134.399
108.403
142.88
159.357
126.56
179.36
129.599
119.763
169.037
129.602
130.24
171.518
129.603
127.68
172.556
129.602
126.643
182.318
138.079
108.4
142.88
163.282
122.56
169.36
129.598
129.921
173.759
136.08
118.962
174.796
135.362
118.639
174.559
129.603
124.639
142.88
172.799
113.122
142.879
184.717
102.325
142
159.44
126.24
180.796
129.603
118.398
179.281
129.603
119.917
174.397
129.603
124.801
142.962
172.796
129.603
126.319
157.759
128.162
142.88
144.56
141.361
142.876
172.801
113.12
181.04
141.681
107.361
141.677
177.601
108.241
142.959
180.319
114.482
133.921
144.477
141.44
142.963
172.796
113.046
142.955
144.402
141.44
142.879
144.482
141.439
170.24
129.599
128.879
179.36
108.163
141.44
173.995
129.603
125.12
175.6
129.599
123.602
181.679
129.599
117.522
185.597
129.602
139.2
117.282
163.361
122.556
178.642
141.759
108.4
142.88
144.481
141.361
178.559
129.599
120.721
179.12
129.598
120.083
177.518
136.88
114.399
142.884
150.319
135.602
179.837
129.599
119.361
184.16
103.279
141.361
181.597
129.603
117.601
142.88
172.8
113.117
179.92
129.603
119.278
183.119
129.603
116.079
142.879
172.8
113.121
142.959
177.68
108.162
175.198
129.599
124
179.759
129.602
119.44
142.88
172.799
113.122
185.6
129.598
129.602
126.88
158.959
126.958
183.92
129.603
115.278
175.04
129.603
124.158
177.36
135.922
115.519
183.841
129.597
140.483
117.759
150.959
134.962
142.88
144.477
141.44
142.88
172.801
113.041
180.8
129.598
118.482
142.958
180.642
105.199
142.881
144.481
141.677
182.8
129.601
116.4
142.639
172.8
130.32
125.681
177.521
108.4
142.879
153.2
132.721
142.88
172.8
113.121
183.198
129.602
116.079
142.802
144.477
141.44
142.962
144.478
141.361
142.879
144.722
141.199
142.88
144.481
141.436
164.482
155.92
108.403
142.88
154.718
131.199
181.758
129.603
117.44
178.878
129.603
120.237
143.041
172.801
113.041
180.879
129.599
118.319
142.884
187.277
98.64
142.88
172.799
113.122
142.958
172.8
113.042
142.88
144.56
141.278
142.963
172.8
113.121
171.439
137.918
119.44
175.198
129.603
124
170.16
129.599
128.959
176.16
129.603
123.12
142.88
177.518
108.398
142.881
172.8
113.121
142.88
152.56
133.361
172.239
129.599
126.88
176.239
129.603
123.041
182.638
132.158
114.163
171.04
138.96
118.801
182.799
129.599
116.241
179.04
129.599
120.24
178.082
129.599
121.041
176.398
129.602
122.88
172.717
129.602
126.561
183.517
129.602
118.881
139.597
153.523
132.319
142.88
172.8
113.121
142.88
172.8
113.117
178.082
129.599
121.12
172.721
129.598
126.403
172.717
129.602
126.478
184.642
129.598
114.643
173.68
129.598
125.519
143.041
172.801
112.959
175.999
154.162
98.64
185.758
101.603
141.518
178.481
129.598
120.639
184.8
129.603
114.398
180.8
129.601
118.4
173.999
129.602
125.2
181.517
129.603
117.68
174.56
145.917
108.324
142.88
149.598
136.319
178.24
129.602
120.959
184.239
129.603
114.959
179.36
131.68
117.76
176.398
129.602
122.801
185.518
129.601
129.599
126.963
152.398
133.681
177.758
129.602
121.279
165.521
129.599
133.759
169.92
129.599
129.282
184.398
129.601
114.723
142.876
158.162
128
142.639
144.48
141.599
142.721
172.8
113.121
142.88
156.481
129.44
142.88
172.801
113.12
178.157
148.959
101.681
142.88
177.521
108.4
142.958
144.482
141.36
176.24
129.599
122.962
177.759
150.157
100.881
142.884
151.597
134.32
184.078
129.601
129.603
128.56
149.12
136.639
142.959
144.402
141.44
143.199
172.801
112.797
185.999
129.602
129.602
126.478
146.161
139.681
174.078
136.722
118.079
179.68
129.599
119.522
177.838
142.639
108.324
142.88
159.996
125.921
142.88
172.799
129.603
126.398
144.482
141.357
142.962
172.801
113.12
175.038
148.081
107.678
140.884
181.036
104.881
142.88
172.799
113.122
142.879
160.403
125.518
173.439
129.603
125.676
142.963
172.8
113.116
142.881
155.282
130.639
169.521
138.08
121.44
178.398
129.602
120.718
170.642
129.599
128.402
142.959
172.8
113.038
142.88
172.8
113.2
177.119
129.603
122
142.879
172.801
113.12
172.639
133.602
122.56
185.119
129.598
129.603
127.357
165.12
120.801
181.679
129.603
117.519
182.239
129.599
116.962
179.357
129.601
119.843
177.439
129.599
121.759
174.559
129.603
124.639
182.48
129.599
116.722
174.957
129.603
124.161
178.319
129.599
120.962
176.958
129.602
122.237
179.841
107.52
141.44
185.12
129.602
114.079
171.841
139.2
117.68
143.038
172.8
134.719
121.203
144.476
141.441
177.841
129.599
121.282
179.518
129.602
119.76
176.397
129.603
122.8
176.717
129.603
122.477
166.082
129.599
133.119
184.801
137.842
106.163
142.876
169.12
116.801
178.559
129.599
120.8
181.522
129.602
117.677
182.559
137.602
108.478
142.88
186.322
99.598
142.881
144.481
141.44
182.559
104.802
141.439
173.601
138.718
116.482
142.88
153.921
132
142.876
172.801
113.12
177.841
109.52
141.361
184.878
102.562
141.439
142.88
172.8
136.238
119.763
161.12
124.797
171.841
140.08
116.88
174.879
131.681
122.241
182.318
129.603
116.879
175.518
111.921
141.362
170.398
129.602
128.801
169.995
129.603
129.199
172.48
129.603
126.639
179.036
129.603
120.24
177.597
129.603
121.601
142.88
172.8
140.399
115.602
161.676
124.241
176.801
135.361
116.639
183.36
129.598
115.763
177.838
129.602
121.44
179.277
129.602
119.922
142.88
172.797
113.12
184.8
129.602
114.32
174.878
139.361
114.64
142.88
161.838
124.083
167.999
129.599
131.282
177.758
146
105.44
142.4
156.721
129.2
142.879
144.482
141.439
142.88
177.518
136.723
114.56
179.439
106.561
142.801
151.518
134.399
142.88
172.799
113.122
175.36
112.001
141.439
181.759
129.601
139.28
121.041
153.759
132.162
142.876
144.481
141.44
172.24
129.598
126.963
175.759
132
121.041
178.157
129.603
121.041
172.319
148.158
108.323
142.877
148.722
137.199
142.88
172.8
113.121
181.439
129.602
117.759
173.36
135.2
120.241
166.079
129.598
133.12
185.68
129.602
113.519
182.161
129.597
117.043
171.517
141.121
116.162
142.959
184.721
101.121
142.88
152.88
133.037
181.202
106.159
141.44
167.92
129.599
131.282
183.041
137.277
108.482
142.88
144.481
141.44
180.717
129.603
118.56
178.8
129.598
120.32
142.88
172.8
113.121
186.078
129.601
113.121
142.88
154.32
132.079
181.438
129.603
117.68
169.36
117.682
141.357
142.88
144.56
141.361
142.879
156.241
129.68
142.88
144.56
141.361
169.838
129.602
129.361
175.837
129.603
123.357
183.04
139.042
107.44
142.158
153.121
132.8
143.121
172.799
112.881
142.88
144.477
141.444
142.959
172.799
113.039
174.161
139.037
115.603
142.879
158
127.842
183.278
138.161
107.44
142.96
144.401
141.437
142.963
172.797
113.041
175.119
129.599
124.083
142.879
172.801
113.12
142.88
144.56
141.278
142.963
144.559
150.4
133.921
161.12
124.718
174.082
129.598
125.042
142.958
172.8
113.121
142.88
172.8
129.599
126.481
144.398
141.44
173.601
129.602
125.598
182.721
129.602
116.478
142.879
144.482
141.439
181.597
129.603
117.759
171.282
137.12
120.399
181.679
129.603
117.357
175.119
130.723
122.959
185.92
129.597
113.283
142.88
177.518
108.403
142.88
144.477
157.123
161.598
129.603
121.917
142.88
172.799
115.043
140.958
177.518
108.402
142.881
152.079
133.837
182.403
129.601
116.798
142.884
172.797
113.12
142.959
144.402
159.281
125.117
177.439
108.402
142.96
156.079
129.763
143.12
161.038
124.639
174.559
129.603
124.639
173.759
135.602
119.44
183.198
129.602
116
142.88
144.481
141.436
142.884
172.796
113.125
142.876
172.801
113.12
142.88
144.56
141.361
143.041
172.796
112.962
142.881
144.639
141.282
182.879
129.599
116.319
179.68
129.602
119.518
175.68
129.603
123.519
142.879
172.801
113.12
142.88
172.8
131.52
124.481
154.158
131.759
168.642
129.599
130.56
142.88
172.8
113.2
182.401
130.561
115.677
183.442
129.599
115.838
179.202
129.599
120.004
183.037
129.602
116.32
142.797
172.8
113.203
170.8
129.599
128.401
142.719
172.801
113.116
142.884
172.801
113.12
171.916
129.603
127.278
173.841
129.599
125.361
175.999
129.602
123.199
177.759
129.602
121.44
172.319
129.602
126.876
185.281
129.599
113.921
180.24
129.602
118.88
171.518
129.602
127.759
142.88
172.801
113.12
183.999
103.441
141.357
176.962
129.598
122.241
181.999
129.602
117.2
182.559
129.601
116.64
174.481
147.199
107.121
142.88
154.079
131.842
142.88
172.8
113.117
174.318
146.083
108.4
142.958
187.199
98.643
185.278
129.601
113.918
142.884
177.518
108.398
142.964
156.24
129.598
165.203
129.598
134.079
142.8
184.078
101.842
142.881
144.639
141.282
182.796
129.603
116.398
182.322
129.599
117.121
142.639
144.56
141.522
181.597
129.603
117.597
174.721
133.12
120.881
182.157
129.603
117.041
142.801
172.796
113.121
142.959
187.04
98.802
142.879
159.121
126.721
170.875
129.603
128.398
183.364
129.599
115.838
185.202
129.599
114
184.879
129.602
114.32
142.879
172.801
113.12
174.958
129.603
124.239
142.881
172.8
117.195
138.806
154.158
131.759
176.882
129.599
122.241
175.277
129.602
124
142.88
144.56
141.357
142.883
144.561
141.357
143.042
172.638
113.121
142.88
144.481
141.44
176.239
144.959
107.601
142.881
144.481
141.357
177.522
129.599
121.759
183.522
136.879
108.399
142.881
177.521
108.399
142.88
144.482
141.439
176.24
129.599
122.879
142.963
172.796
113.125
174.315
129.602
124.88
172.8
129.598
126.564
178.157
129.603
120.797
177.521
129.599
121.763
184.8
129.598
132.801
124.478
155.68
130.241
142.88
172.8
113.121
142.879
172.8
113.121
142.88
152.478
133.601
142.722
144.56
163.838
120.403
172.797
113.12
183.999
129.601
139.84
118.24
168.241
117.68
178.56
129.598
120.642
173.278
137.84
117.68
167.119
129.603
132.079
142.88
144.56
158.402
125.838
172.8
113.121
168.958
129.603
130.24
179.119
129.599
120.162
180.078
130.478
118.162
176.559
129.603
122.639
175.758
129.603
123.439
176.958
144.241
108.398
142.084
144.477
141.44
170.082
129.599
129.12
181.841
129.599
117.361
183.04
129.598
116.08
171.04
136.643
121.196
184.161
129.603
115.041
185.916
134.639
118.723
132.399
153.601
132.241
185.596
129.603
113.68
179.037
129.603
120.24
180.078
129.602
119.362
166.318
129.599
132.643
177.837
129.599
121.282
170.721
142.24
115.839
142.88
180.241
105.68
142.88
172.801
113.12
177.837
144.079
107.042
142.719
148.879
137.042
163.838
151.602
113.36
142.88
172.801
113.12
185.277
129.602
113.922
142.959
153.518
132.32
142.88
172.799
113.122
142.879
172.8
113.121
142.88
152.88
133.041
184.319
129.597
114.881
179.999
129.603
119.203
183.277
129.598
115.922
142.958
157.121
128.639
142.962
172.801
113.115
142.885
168.241
117.676
181.041
129.602
118.158
170.318
129.603
128.88
180.638
129.601
129.603
131.917
144.402
141.44
184.319
129.598
136.643
158.157
129.603
119.278
176.879
110.482
141.44
183.439
129.602
115.759
168.797
129.602
130.402
142.88
157.199
128.801
142.879
177.519
108.32
183.758
129.603
115.44
142.879
172.801
113.12
177.439
132.241
119.121
176.236
135.282
117.282
142.881
171.198
114.719
142.88
178.401
107.52
142.958
151.203
134.639
176.958
129.603
122.24
142.88
172.796
113.121
142.88
167.281
118.64
142.959
144.402
141.361
143.037
172.8
113.922
142
159.278
126.643
142.88
172.801
113.116
177.123
129.599
122.079
142.959
172.799
113.043
143.12
154.801
130.879
175.439
129.603
123.759
182.8
129.599
116.398
178.24
137.121
113.44
181.841
129.598
117.361
142.88
172.8
113.121
184.718
137.921
108.08
140.962
144.476
141.441
142.963
172.8
113.038
163.6
129.603
135.519
175.679
144.797
108.403
142.88
172.8
113.12
142.881
157.44
128.481
142.88
172.796
113.121
142.962
150.237
135.602
171.119
129.603
128.078
142.88
172.8
113.121
142.88
147.759
138.32
142.718
172.803
113.118
142.88
166.082
119.918
142.8
144.561
141.439
169.439
129.603
129.68
168.88
129.598
130.319
170.642
129.599
128.56
142.879
144.56
141.283
142.958
144.561
141.36
143.038
144.402
141.361
142.959
144.481
141.357
159.439
172.801
96.561
142.962
160.478
125.361
142.879
144.482
141.439
176.958
129.603
122.161
172.638
129.599
126.639
143.121
172.8
112.88
178.161
135.839
114.801
183.6
129.598
115.602
143.038
144.402
141.361
172.319
129.602
126.876
175.202
134.08
119.519
176.082
129.598
123.042
176.717
129.602
122.482
176.156
129.603
123.119
142.881
144.48
141.441
142.876
187.282
108.56
132.959
144.481
141.44
142.879
144.481
141.44
142.88
187.282
143.995
104.802
137.199
141.44
142.88
144.481
152.32
132
144.8
141.121
142.879
187.2
111.763
129.838
144.48
141.678
142.643
187.199
139.518
102.084
144.476
141.441
147.921
139.518
141.362
142.879
187.281
108.96
132.56
144.639
141.282
142.88
187.199
110.079
131.523
144.555
141.362
142.88
144.56
141.361
143.12
144.24
141.44
142.88
144.559
141.362
143.117
186.962
141.518
100.242
144.398
181.522
102.719
144.559
141.362
142.958
144.403
145.357
139.12
187.041
110.482
131.278
144.48
141.279
142.884
144.477
157.999
126.321
144.481
141.44
142.879
144.482
150.56
133.759
144.48
141.437
142.884
144.639
150.241
133.921
144.476
141.441
142.88
187.281
119.681
121.838
187.278
99.523
142
144.56
150.32
133.921
144.476
141.441
142.884
144.476
141.441
143.601
143.76
183.36
100.959
144.561
150.319
134
172.8
113.038
142.884
144.477
141.44
146.801
183.282
111.44
130.158
144.48
141.441
142.879
172.801
131.278
124.722
187.199
101.519
140.083
144.56
141.357
142.884
144.477
141.44
148.083
139.278
159.6
124.798
144.482
150.319
133.921
144.56
150.639
133.602
144.476
141.445
143.038
187.199
101.921
139.519
144.481
165.04
119.279
187.2
138.878
102.723
144.559
141.362
142.959
187.198
107.603
133.921
144.476
141.441
142.88
144.48
141.441
142.958
187.12
107.843
133.759
144.56
144.158
140.083
187.278
107.602
133.917
144.481
141.44
142.88
144.481
141.44
142.879
145.2
151.12
132.481
144.481
176.879
107.441
144.56
163.037
121.283
185.198
135.922
107.598
144.48
141.441
142.879
144.482
173.999
110.32
144.481
141.44
142.88
187.198
129.598
112.084
144.397
141.603
142.718
187.281
140.718
100.801
144.482
141.439
142.88
144.477
141.523
142.801
187.198
129.602
112.001
144.56
141.357
142.88
144.56
150.481
133.759
144.482
141.439
142.88
144.481
141.44
142.88
144.796
141.121
142.884
144.556
150.402
133.839
144.481
151.921
132.398
144.481
141.44
142.88
144.481
155.2
129.199
144.398
141.44
142.884
187.199
110.319
131.44
144.32
179.92
104.64
186.958
129.601
112.001
144.639
141.361
142.963
144.397
141.358
142.88
146.962
149.121
132.718
144.481
141.44
142.879
184.642
129.599
114.56
144.481
174.477
109.843
144.476
141.441
142.884
187.277
129.601
111.919
144.481
141.44
142.879
144.482
141.439
142.88
187.277
129.602
111.922
144.56
141.357
142.884
145.838
149.038
133.921
144.48
141.52
150
137.601
152.32
131.68
144.48
141.52
142.801
147.278
147.76
133.759
144.564
141.436
142.801
144.48
141.681
142.639
144.561
141.518
142.722
144.48
141.441
142.88
187.278
109.76
131.759
144.643
160.638
123.52
147.522
147.361
134.079
144.32
173.758
110.64
144.399
154.639
129.684
144.56
150.32
133.917
144.56
141.361
143.519
143.842
141.361
142.958
144.561
159.359
125.122
144.237
150.402
133.921
144.56
162.959
121.278
144.481
145.523
138.797
144.481
141.44
142.879
144.639
141.282
142.88
144.56
185.92
98.321
144.476
141.445
147.917
139.523
150.319
133.918
144.56
141.361
142.879
144.56
141.361
142.88
144.56
154.639
129.602
151.278
170.8
106.719
144.481
158.963
125.357
187.199
114.083
127.518
144.482
145.439
138.88
144.481
141.519
142.801
162
123.917
142.88
144.559
141.362
142.88
187.281
129.597
111.922
144.561
141.601
142.718
187.119
98.641
142.962
144.56
141.357
142.884
145.755
140.162
142.88
186.878
130.32
112.403
143.681
141.439
142.88
144.559
141.362
142.88
187.198
121.278
120.321
187.203
108.56
133.278
186.958
98.644
143.12
187.357
133.041
108.241
144.56
163.038
121.203
187.277
129.602
111.922
144.477
183.119
101.201
144.481
166.078
118.241
144.56
141.361
142.88
187.36
107.52
133.921
144.477
150.403
134
144.398
153.602
130.718
144.481
150.402
133.917
144.482
143.917
140.402
144.481
141.44
142.88
178.078
123.922
126.801
144.559
141.358
142.88
144.481
144.56
139.759
144.482
141.439
142.88
144.478
152.161
132.162
144.481
141.436
142.88
144.48
141.441
142.88
144.481
151.44
132.879
144.561
152.481
131.759
144.56
150.639
133.602
144.477
141.602
142.718
187.202
129.598
112.001
144.56
141.361
142.879
172.8
136.479
119.522
187.198
129.602
112.001
144.476
141.441
142.884
187.277
129.601
112.159
144.32
158.721
125.598
144.482
141.36
142.88
144.478
155.763
128.56
144.477
141.44
142.884
144.56
176.638
107.839
144.319
141.362
142.879
187.36
129.598
111.843
144.801
157.677
126.402
144.48
141.362
142.876
144.48
141.441
142.88
187.198
129.921
111.681
144.481
141.519
142.963
144.318
141.441
142.88
144.476
141.445
142.88
144.476
141.441
159.361
127.999
141.441
142.879
144.482
141.439
142.88
144.48
141.441
142.88
144.56
155.357
128.88
144.48
141.441
142.88
144.481
186.638
97.681
144.56
141.279
143.443
143.999
141.599
142.722
149.361
162.078
117.362
144.555
141.362
142.88
144.48
141.76
142.56
144.482
141.439
142.88
144.559
141.362
142.88
144.476
141.603
142.722
144.476
141.441
143.842
143.601
141.279
142.958
144.721
141.2
142.88
187.198
98.723
151.598
135.841
141.358
142.963
144.397
141.441
142.88
144.559
141.283
142.958
144.481
141.44
142.88
144.48
141.441
142.88
144.48
141.437
142.963
187.199
117.6
123.919
187.281
142.56
99.038
144.402
141.44
142.88
187.439
108.482
132.88
144.476
141.441
142.884
172.797
113.12
142.88
144.481
141.44
142.958
144.402
141.358
142.962
187.198
136.801
104.802
144.476
141.445
142.88
187.277
129.598
111.922
144.481
141.44
142.879
144.561
150.398
133.842
144.48
141.441
142.88
187.278
98.639
142.884
144.476
141.52
142.801
144.638
141.602
142.56
144.481
141.441
150.157
137.202
141.437
142.884
187.198
141.921
99.678
144.48
141.603
142.718
144.48
141.52
142.8
144.481
141.441
142.879
144.56
155.2
129.041
144.48
141.437
142.88
144.48
141.441
142.88
187.198
117.445
124.398
144.24
141.441
150.639
136.721
150.399
133.921
144.48
141.441
142.959
144.397
141.441
143.041
144.319
141.362
142.958
144.481
141.441
143.12
144.398
186.24
97.922
144.559
141.358
142.884
187.277
112.001
129.519
144.48
141.441
142.879
148.079
148.884
131.838
144.559
141.362
142.88
144.476
141.441
142.88
144.721
141.2
143.041
144.32
181.277
103.042
144.482
157.597
126.722
144.48
141.441
146.079
141.361
151.519
132.722
144.477
141.44
142.88
185.439
129.602
113.842
144.399
141.44
142.879
144.56
155.681
128.56
144.477
150.561
133.763
144.477
141.44
142.88
144.56
145.203
139.116
144.722
141.199
142.801
144.481
141.44
142.88
144.477
154
130.32
144.481
155.361
128.959
144.481
150.56
133.759
144.561
141.361
142.879
187.198
110.001
131.843
187.036
107.682
134
144.398
141.361
142.88
187.281
98.64
142.958
144.481
141.362
142.958
144.401
141.441
143.117
186.962
131.439
110.403
144.315
141.362
143.12
187.041
129.597
111.922
144.482
141.44
142.879
144.56
141.361
143.038
144.319
155.602
128.718
144.48
141.441
142.88
144.481
156.56
127.838
144.403
178.559
105.918
144.402
141.361
142.88
144.477
165.601
118.719
144.56
150.323
133.918
144.56
152.883
131.357
187.281
107.599
133.921
144.478
159.921
124.402
187.199
138.879
102.719
144.481
141.602
142.718
187.282
133.679
107.839
144.561
180.48
103.76
144.481
163.597
120.723
144.476
141.524
142.797
144.481
150.402
133.918
144.56
143.12
141.12
144.481
141.441
142.879
144.481
184.8
99.52
144.477
141.444
142.88
144.477
150.481
133.839
144.559
141.283
143.041
144.399
156.24
128.079
144.478
176.882
107.678
146.24
139.44
142.88
144.722
183.518
100.801
144.32
141.282
143.037
187.12
142.56
99.042
144.481
150.478
133.842
180.717
129.602
118.482
144.556
141.361
142.88
144.56
183.521
100.719
144.481
141.441
142.879
150.399
144.481
134
144.397
141.441
142.88
144.481
150.402
134
187.2
116.318
125.2
144.482
180.476
103.843
146.079
139.842
142.88
144.477
158.161
126.163
144.556
169.119
115.122
144.481
185.439
98.959
144.403
176.878
107.441
144.56
141.361
142.88
187.198
129.602
111.997
144.643
153.44
130.718
144.48
141.441
142.879
144.639
141.204
159.439
127.996
141.523
142.801
144.477
150.643
133.839
144.397
141.362
146.801
140.639
141.361
142.879
144.482
150.398
133.921
144.481
184.796
99.603
144.397
141.441
143.121
187.198
117.842
123.52
144.48
141.362
142.958
144.482
150.398
133.921
144.478
141.443
142.88
144.48
141.437
143.203
186.88
140.638
100.96
144.481
163.198
121.2
144.403
141.361
142.958
187.278
119.199
122.324
144.477
150.403
133.921
144.477
141.44
143.12
144.24
141.441
142.879
187.282
142.24
99.279
144.478
141.443
142.88
187.277
142.241
99.283
187.198
112.321
129.278
187.199
129.6
112.001
144.482
144.56
139.759
144.477
141.444
142.88
187.198
112.64
128.963
144.476
141.441
142.88
187.203
140.717
100.88
144.561
161.842
122.398
144.481
141.44
142.88
187.199
129.601
112.001
144.477
161.444
122.879
187.199
120.477
121.121
187.199
129.601
112.001
144.481
159.68
124.64
144.476
141.441
143.121
178.239
129.603
120.8
144.482
152.158
132.319
144.24
141.441
142.879
187.198
142.32
99.283
144.638
141.279
142.88
144.559
141.362
142.88
187.282
133.198
108.561
144.241
141.361
142.958
144.481
150.399
133.921
144.56
141.357
142.88
187.203
141.198
100.4
144.481
180.8
103.519
144.481
141.441
142.879
187.199
133.601
108.001
144.476
141.445
142.876
144.481
150.481
133.839
144.481
150.398
133.921
187.199
143.041
98.561
144.481
141.437
144.883
185.198
107.682
133.917
144.481
175.198
109.122
144.481
141.361
142.958
144.482
141.68
142.639
144.56
164.079
120.162
144.56
150.481
133.76
144.476
141.524
142.797
144.56
141.44
142.8
144.482
141.68
142.639
144.48
141.599
142.722
144.56
141.357
142.88
144.481
141.44
142.962
144.399
141.44
142.879
144.482
141.44
142.879
144.639
141.282
143.038
144.481
141.282
143.199
144.32
141.278
143.12
144.241
141.44
142.879
144.482
141.44
142.958
144.399
141.443
142.88
144.481
141.436
143.121
144.323
141.357
143.12
144.241
141.44
142.958
144.403
141.361
142.958
144.56
141.361
142.88
144.56
141.357
142.884
144.556
141.361
142.88
144.481
141.44
142.879
144.482
141.44
142.958
144.401
141.441
142.959
172.801
129.596
129.603
183.92
109.922
131.759
144.398
141.362
184.957
129.603
129.598
129.601
185.281
109.358
132.162
144.56
150.32
133.917
187.203
129.597
112.001
187.202
129.597
129.603
129.598
172.799
129.603
129.597
144.482
172.8
129.598
129.602
130.718
189.92
99.121
172.8
129.603
129.597
172.8
129.603
129.597
133.361
144.639
143.602
140.56
172.797
133.6
132.163
177.759
107.358
134.24
144.24
159.44
125.121
186.879
107.922
133.921
186.958
134.078
129.603
129.598
144.8
132.32
172.801
129.601
126.481
144.398
165.76
118.56
187.2
129.6
129.603
129.597
172.8
108.802
187.198
129.602
111.997
172.801
130.082
129.598
183.601
129.597
111.922
187.281
129.598
111.922
172.801
136.717
119.362
144.397
141.441
142.88
187.281
129.598
112.001
187.198
136.485
105.038
144.561
179.277
104.963
172.801
129.6
126.4
187.198
98.719
142.884
188.796
133.282
129.601
129.599
172.8
103.519
172.801
129.597
126.403
187.198
107.682
133.921
144.477
150.482
172.799
129.599
129.602
130.721
144.478
141.601
142.639
187.281
129.598
129.603
129.597
147.681
133.842
144.477
181.281
103.038
178.323
129.598
129.602
172.8
129.598
129.602
172.8
129.599
129.602
129.597
141.2
143.124
144.318
185.519
129.602
129.598
129.602
138.8
187.116
129.601
112.001
187.36
129.602
129.599
129.597
174.402
107.042
144.477
172.8
111.524
187.356
107.523
134
187.199
130.56
129.598
129.602
172.8
129.598
129.602
134.478
142.883
187.198
129.598
129.602
129.602
151.519
156.078
129.602
134.56
138.639
187.199
143.041
129.602
129.598
129.602
172.8
129.598
129.602
172.8
129.598
129.602
132.158
187.202
107.677
134
187.121
129.6
112.001
184.559
135.2
109.042
187.277
129.602
129.598
129.602
172.8
129.597
129.603
172.8
105.598
187.121
141.762
129.599
129.601
129.598
172.8
129.602
129.598
136.643
144.477
150.402
133.918
187.281
129.597
129.602
129.602
172.796
131.361
163.2
129.602
113.361
144.481
141.436
142.88
187.36
129.601
129.602
129.599
172.799
129.598
129.603
136.481
141.759
187.277
111.362
137.523
172.796
129.602
129.598
172.801
129.6
129.599
173.443
102.88
161.12
129.598
172.8
129.599
129.601
140.482
133.278
187.041
100.88
140.718
187.203
129.6
129.599
129.602
172.797
108.799
144.483
150.398
134.079
187.119
129.602
111.922
188
129.597
129.601
129.598
172.801
129.602
129.598
134.722
144.079
188.722
129.596
109.283
144.477
164.883
140.64
172.801
129.601
105.358
172.799
129.603
129.598
141.198
164.162
136.64
172.799
129.598
110.001
144.401
141.359
142.883
175.679
129.603
129.594
181.123
129.598
129.602
129.602
172.796
129.602
129.602
145.199
133.199
187.198
129.602
129.598
129.602
149.44
132.241
187.119
138.797
102.806
172.796
132.241
130.158
138.402
144.88
139.199
187.12
100.561
141.12
172.801
138.958
129.602
134.56
173.758
129.599
129.602
172.799
104.719
187.281
129.602
111.997
174.481
129.602
129.598
172.799
129.603
129.598
179.04
107.602
134
172.797
141.68
114.403
172.801
129.597
134.88
178.56
129.601
112.001
187.198
129.602
131.441
129.596
136.881
149.282
172.796
129.601
129.603
177.679
101.52
172.8
129.599
129.601
172.8
129.599
129.601
172.8
129.603
129.597
130.399
187.202
129.597
129.603
129.598
172.799
108.802
187.199
108.561
133.041
187.277
143.76
129.602
129.598
129.601
172.8
129.603
129.597
134.639
187.203
107.598
133.921
187.199
98.88
142.722
187.277
129.602
129.597
129.603
149.041
132.56
144.399
150.56
133.838
189.523
129.597
129.601
129.599
172.8
106.403
187.199
129.601
129.599
129.601
180.476
129.602
129.602
172.796
97.923
144.717
166.323
117.918
144.481
172.8
111.362
175.117
133.439
120.241
187.202
99.52
142.319
186.963
112.958
128.959
175.92
134.481
118.4
172.801
129.597
129.602
185.837
129.602
109.843
174.878
129.599
124.56
187.042
129.596
129.603
129.601
172.796
129.603
129.601
173.116
105.922
186.48
129.602
129.599
129.601
172.8
108.797
144.481
141.441
142.88
144.56
141.44
142.879
187.121
129.6
129.598
172.801
129.601
129.599
129.601
135.519
142.88
144.481
150.481
135.199
185.838
129.601
112.001
187.278
129.601
129.598
129.602
172.8
108.719
172.8
129.602
129.602
184
107.676
134
144.482
145.68
138.56
187.2
129.6
129.598
129.601
172.797
129.603
129.601
154.797
123.684
144.64
143.597
140.482
172.799
130.719
125.282
187.597
109.283
132.162
144.398
144.399
139.763
144.477
163.759
137.042
129.601
148.797
134.083
187.12
107.598
133.921
187.199
107.76
134.083
187.278
129.6
129.598
169.361
99.121
142.481
187.199
129.597
129.603
129.597
160.804
120.719
144.48
151.599
135.121
184.957
107.524
134.079
189.841
98.64
140.24
172.797
129.602
126.32
187.198
129.601
112.08
144.481
172.8
111.441
188.56
107.917
132.324
187.278
129.6
111.919
187.203
107.759
133.917
187.121
129.601
112
172.801
129.598
129.601
172.8
129.599
123.199
144.481
150.402
134
187.12
129.599
129.6
129.918
147.523
133.759
187.278
129.602
112
187.119
129.602
129.599
129.6
172.797
129.603
129.601
135.44
142.959
187.28
101.201
140.319
144.48
179.358
131.282
129.598
138.963
134
172.8
129.598
126.32
144.481
158.722
129.598
183.198
129.601
112.242
172.801
131.837
123.922
144.559
155.279
129.042
144.559
161.037
139.603
170.88
129.6
111.84
187.198
129.601
112.001
187.277
129.602
129.602
129.598
172.8
129.602
129.598
144.643
133.677
144.481
155.838
138.162
134.8
172.8
111.52
144.48
141.441
159.357
172.801
109.681
129.842
144.476
141.441
181.92
148.241
129.597
112.001
187.2
100.722
140.879
144.402
151.76
132.718
144.318
163.76
141.12
172.801
107.441
128
175.921
148.24
104.718
187.121
129.6
129.603
129.598
172.799
108.88
144.402
155.599
128.722
144.476
142.321
142
144.721
151.519
137.921
150.482
139.199
133.838
175.601
129.598
123.602
144.48
175.278
108.964
187.277
129.601
111.919
188.319
108.801
131.681
187.198
129.601
129.603
129.598
172.799
108.801
144.478
141.444
142.88
144.477
152.639
137.042
181.837
107.681
172.8
129.603
130.879
129.681
187.12
107.519
133.921
187.277
143.842
137.279
129.602
129.598
172.8
129.601
129.599
126.801
172.8
129.598
129.602
184.082
129.597
129.602
129.598
172.8
108.723
187.199
129.597
112.162
147.2
172.799
108.641
187.199
129.6
112.001
187.68
107.279
133.842
187.277
100.242
141.282
144.477
172.8
129.602
169.12
129.598
112.001
187.759
113.601
127.44
187.199
129.597
129.603
169.68
129.601
129.598
172.8
129.602
129.602
129.598
172.8
129.602
129.598
146.079
145.601
170.639
129.601
112.001
178.398
129.601
120.798
187.282
129.6
129.599
129.601
176.24
105.28
187.199
120.16
121.441
187.278
129.601
111.922
187.361
129.597
129.601
129.599
141.68
140
187.121
129.6
129.599
129.6
138.483
182.957
129.603
129.598
129.838
176.721
129.597
122.404
172.8
135.76
129.601
177.677
129.601
129.601
129.599
147.68
134.162
147.037
183.921
97.602
187.198
129.598
129.603
129.601
172.796
108.881
172.8
129.602
126.32
144.48
141.441
142.879
187.2
111.921
136.079
180.879
114.402
127.2
187.12
129.597
112.005
144.476
141.441
183.36
129.598
129.602
129.12
187.2
140.717
129.602
129.602
129.597
140.884
144.476
168.079
137.203
129.599
135.361
142.88
175.12
138.161
115.519
187.277
129.602
129.598
129.606
172.796
129.601
129.599
172.8
105.52
187.198
98.723
152.161
177.918
129.6
132.478
129.602
135.842
142.88
175.278
136.8
116.719
144.48
169.681
114.64
187.36
129.601
111.918
187.121
129.6
129.602
129.599
179.92
101.921
144.319
163.681
138.32
129.598
138.56
143.12
186.962
107.681
133.918
144.48
150.478
172.8
129.602
129.598
130.643
187.198
140.079
129.603
129.597
173.522
97.678
172.8
129.601
129.602
183.917
112.723
128.879
144.48
142.479
162.082
129.597
136.08
147.602
185.439
98.88
139.76
187.282
129.596
129.603
129.6
138.641
183.198
129.602
129.598
129.602
144.156
163.121
146.402
162.001
129.597
112.001
187.282
129.596
129.603
129.601
138.64
142.879
187.278
129.601
129.602
129.597
138.64
183.762
129.599
129.602
128.718
187.282
129.596
111.923
187.198
129.601
129.602
172.797
129.601
129.598
129.603
135.522
142.88
144.477
172.8
129.602
129.598
172.8
129.599
129.6
172.801
105.2
187.199
129.601
112.163
186.957
129.602
129.598
172.8
129.602
129.599
129.6
172.801
105.599
187.439
129.601
129.599
129.601
172.8
129.602
129.598
172.8
105.681
186.88
129.597
112.241
186.963
129.597
129.601
129.599
172.8
108.801
175.681
135.758
117.599
188.879
105.764
133.917
144.48
141.441
142.88
187.199
116.882
124.72
144.48
172.801
111.519
187.278
129.601
129.602
129.598
172.8
129.602
129.598
139.681
138.639
187.199
129.602
129.6
172.797
107.125
148.079
169.676
129.601
112.723
172.797
129.602
129.601
141.277
166.32
129.602
175.598
129.601
112.083
187.12
138.075
103.523
187.2
129.6
112.001
187.198
129.598
112.001
187.361
102.56
138.88
187.203
114.876
126.722
147.278
172.799
129.603
129.601
172.8
105.52
188.959
129.6
110.242
187.357
129.6
129.599
129.602
172.799
129.599
129.602
172.799
105.682
187.037
129.601
111.922
144.476
174.643
130.64
129.598
172.8
105.441
144.48
141.441
142.88
187.281
129.597
111.922
187.2
115.041
126.56
144.477
186.56
97.764
144.477
163.36
131.603
172.796
129.602
115.76
172.8
129.597
129.603
184.082
129.597
111.922
144.476
141.445
187.356
129.603
134.078
120.64
187.202
98.719
142.958
187.203
136.398
105.121
144.48
141.441
182.796
129.603
129.601
129.677
188.722
121.277
118.802
187.282
107.597
172.8
129.603
131.12
129.199
187.199
129.601
112.08
187.199
129.602
153.92
129.599
132.161
125.038
189.281
105.602
133.918
187.28
129.598
112.001
187.199
129.601
129.598
172.8
129.602
129.601
129.599
172.8
105.52
172.8
129.602
129.598
184
129.6
129.599
129.602
179.679
102.001
155.759
172.8
100.163
144.559
141.358
187.522
142.557
110.323
131.519
186.958
129.601
112.159
187.123
129.598
129.602
172.796
129.602
129.602
129.598
138.241
140.24
187.12
110.159
131.439
189.522
129.598
129.601
129.603
145.917
133.44
187.04
129.602
112.001
174.079
132.398
122.402
172.8
129.599
129.598
183.92
101.283
140.319
144.481
141.44
142.88
144.476
141.441
142.88
144.48
141.441
142.88
144.481
141.44
142.958
144.402
141.598
142.722
144.482
141.439
142.88
144.476
141.524
142.959
144.56
141.199
142.88
144.481
141.44
142.88
144.481
141.597
142.722
144.481
141.598
142.722
144.481
141.519
142.801
144.476
141.441
142.88
144.638
141.362
142.801
144.799
141.122
142.879
144.56
141.358
142.883
144.56
141.278
142.959
144.56
141.282
142.963
144.477
141.44
143.12
144.241
141.44
142.958
144.56
141.279
142.962
144.48
141.362
143.038
144.319
141.44
142.88
144.481
141.44
143.199
144.161
141.362
143.037
144.398
141.441
142.883
144.477
141.44
142.88
144.48
141.445
142.876
144.48
141.441
142.88
144.48
141.441
143.12
144.318
141.362
143.117
144.239
141.445
143.12
144.236
141.441
143.12
144.319
141.362
142.958
144.403
141.44
142.879
144.56
183.601
100.798
144.318
141.524
142.797
144.721
141.2
142.963
144.477
141.361
142.958
144.403
141.68
142.718
144.481
141.598
142.722
144.397
141.603
142.722
144.476
141.603
142.718
144.48
141.52
142.879
144.561
141.282
142.879
144.559
141.362
142.876
144.481
141.44
142.963
144.476
141.362
142.88
144.481
141.44
142.88
144.721
141.2
143.037
144.319
141.444
143.038
144.32
141.439
142.963
144.398
141.44
142.963
144.397
141.441
142.959
144.401
141.441
143.439
143.922
175.356
109.2
144.24
141.444
142.88
144.477
141.44
142.88
144.48
141.441
142.88
144.481
141.44
143.12
144.241
141.439
143.042
158.075
127.68
143.042
144.319
141.44
143.041
144.319
141.441
147.041
140.399
154.481
129.917
144.401
155.923
128.319
144.48
157.201
127.199
144.397
141.441
142.88
144.481
154.639
129.681
144.638
160.403
123.759
144.481
155.358
128.962
144.56
182.24
102.08
144.717
158.723
125.282
144.476
162.963
121.358
144.799
163.681
120.32
144.481
157.677
126.643
144.56
157.519
126.797
144.564
154.639
129.519
144.48
159.922
124.399
144.48
154.798
129.522
172.801
128.481
127.519
144.638
158.96
125.282
144.398
154.56
129.843
144.397
156.159
128.162
172.8
129.602
126.477
144.402
141.44
143.121
144.477
144.402
139.918
172.8
126.162
129.759
144.319
163.199
121.283
172.797
135.361
120.481
172.8
148.801
107.2
144.477
156.241
128.083
144.476
143.122
141.199
172.801
135.521
120.558
144.402
154.639
129.68
144.477
177.041
107.283
172.797
130.88
159.04
129.603
141.917
123.444
172.797
126.161
129.76
144.481
161.037
123.282
144.639
184.24
99.922
172.801
126.319
129.677
144.48
160.321
124
172.8
148.079
107.922
173.759
138.56
116.481
144.718
154.32
129.759
172.805
153.597
102.403
144.476
166.963
117.358
144.48
144.64
139.763
144.399
154.556
129.763
144.481
175.597
108.723
172.797
144.082
111.918
144.48
184.083
100.238
144.48
163.52
120.801
172.8
139.36
116.64
144.481
154.719
129.842
172.8
137.117
118.643
144.718
144.88
139.282
161.037
161.36
106.321
144.48
141.441
142.958
172.8
126.321
129.601
175.278
138.481
115.038
144.643
154.477
129.685
158.797
140.24
129.839
176.24
138.24
114.241
172.801
139.199
117.042
144.237
182.72
101.599
144.48
141.441
142.88
144.48
162.4
121.921
144.481
154.801
129.518
144.482
179.517
104.802
144.477
169.68
114.64
149.44
149.684
129.677
144.48
173.838
110.562
144.402
185.679
132.56
129.599
153.601
111.681
179.597
122.963
126.237
160
139.041
129.76
144.48
155.039
129.282
144.559
141.52
142.721
172.801
113.12
142.88
172.797
135.202
120.798
144.48
179.52
104.801
144.559
173.12
111.122
174.8
135.44
118.56
173.681
125.598
129.522
144.638
172.56
111.599
144.48
171.842
112.479
172.801
134.402
121.677
172.8
139.601
116.32
144.482
182.957
101.362
155.681
143.439
130
144.24
161.279
122.959
144.48
164.32
120.001
144.481
186.397
97.922
144.481
161.917
122.399
144.481
174.323
109.997
144.559
141.362
142.88
172.8
131.76
124.241
144.48
144.399
139.921
144.481
162.241
122.079
144.639
154.481
129.677
144.559
171.843
112.478
172.801
140.799
115.122
144.481
174.717
109.602
144.477
170.24
114.084
144.477
163.361
120.963
144.477
154.56
129.76
144.48
141.599
142.722
172.8
136.32
119.68
144.481
165.358
118.962
144.478
141.439
142.88
144.721
141.2
142.88
144.481
154.88
129.44
144.48
182
102.32
144.481
163.838
120.478
144.642
161.52
122.801
144.318
164.079
120.242
144.48
154.64
129.681
144.48
161.041
123.279
144.477
182.962
101.362
144.477
173.203
111.117
144.722
154.56
129.68
144.398
160.242
124.079
144.401
141.441
142.958
144.402
141.44
142.88
144.478
154.8
129.523
144.477
158.162
126.162
144.476
141.441
142.88
144.48
180.56
103.76
172.801
148.8
107.2
144.559
183.121
101.2
144.397
165.282
119.039
144.48
141.441
182.56
129.602
130
129.518
144.481
156
128.316
144.643
154.481
129.681
172.958
139.922
115.996
144.401
181.598
102.723
144.48
141.441
142.879
144.559
141.362
142.88
144.48
173.677
110.64
144.481
144.403
139.917
144.481
163.842
120.478
172.8
154.958
101.042
144.481
179.518
104.802
147.356
138.565
152.797
134.638
178
106.242
172.801
135.199
120.801
144.56
143.838
140.402
144.56
186.319
97.922
144.477
183.199
101.125
145.837
180.162
102.798
172.801
137.521
118.479
172.8
126.482
129.518
172.801
126.399
129.601
144.477
141.44
143.042
144.318
160.802
123.523
144.476
180.959
103.362
144.48
183.357
101.283
144.161
160.237
124.079
144.481
144.403
139.921
172.797
132.56
123.44
146.638
156.723
125.44
144.48
182.158
102.162
172.797
126.241
130
144.24
144.083
140.241
144.476
141.441
142.963
144.398
184.24
100.08
144.48
182
102.399
144.638
176.723
107.361
172.801
144.718
111.282
144.476
172.722
111.599
144.48
141.441
142.959
144.48
177.601
106.64
144.481
141.44
142.88
144.48
178.557
105.76
172.8
136.161
119.923
144.559
154.398
129.761
144.48
182.958
101.362
172.801
134
122
145.518
163.838
119.524
144.48
144.881
139.357
144.638
178.481
105.682
172.8
141.92
114.08
144.481
168.56
115.76
172.797
137.361
118.962
144.241
154.477
129.76
144.481
178.161
106.399
172.801
132.56
123.361
144.397
162.72
121.522
144.56
163.278
120.959
144.48
174.162
110.163
144.476
187.041
97.28
144.48
154.561
129.838
144.402
154.561
129.759
172.801
126.319
129.677
172.801
135.199
120.801
144.481
161.921
122.478
144.402
154.56
129.759
144.481
169.917
114.403
144.478
183.119
101.2
144.563
154.478
129.76
172.801
139.758
116.242
172.8
139.68
116.32
144.477
173.361
110.963
144.718
154.323
129.756
144.56
172.323
111.918
144.48
144.238
140.083
144.481
154.56
129.759
144.482
154.879
129.44
144.48
141.441
142.88
144.639
182.796
101.362
144.48
163.2
121.2
144.402
154.56
129.759
144.718
143.523
140.56
144.478
154.56
129.842
144.398
154.639
129.764
144.555
154.482
129.681
144.56
154.56
129.921
144.56
156.56
127.597
144.32
141.44
143.121
144.24
154.722
129.759
144.32
186.24
98.159
144.402
154.722
129.755
144.324
144.639
139.68
144.478
184.16
100.163
144.477
154.722
129.598
145.679
140.242
142.88
144.481
154.56
129.759
144.481
141.437
142.962
144.399
154.642
129.677
144.48
158.163
126.158
172.8
116.88
139.121
144.559
177.44
106.801
144.481
141.44
142.88
144.48
154.719
129.602
172.797
142.643
113.357
144.48
160.242
124.079
144.48
154.561
129.759
144.478
183.202
140.24
129.599
130.643
129.436
172.801
132.722
123.282
144.556
154.722
129.519
144.48
164.959
119.519
144.323
160.798
123.522
144.801
154.477
129.519
144.643
154.398
135.121
139.119
156.482
128.079
144.32
154.56
129.921
144.24
154.561
130
144.236
154.643
129.839
172.8
126.241
129.598
172.801
134.24
121.76
172.797
138.002
118.08
144.403
154.718
129.68
144.398
154.963
140.158
135.679
160.084
122.32
144.398
159.361
124.959
144.481
154.879
129.519
144.403
144.236
140.083
144.478
182.48
142.56
129.602
135.2
123.361
172.797
139.841
116.08
144.48
163.519
121.042
144.241
156.718
127.601
144.477
141.44
142.884
144.477
154.56
129.839
172.804
134.237
121.681
144.481
181.119
103.2
144.481
158.801
125.598
144.401
141.678
151.601
135.601
160.798
159.519
129.601
149.68
113.52
144.481
154.56
129.759
171.203
128.079
129.44
172.797
127.282
128.718
144.481
154.722
129.598
144.56
141.361
142.959
172.8
126.639
129.282
144.721
155.84
164.559
129.598
129.602
133.44
144.318
141.441
142.88
172.801
155.999
100.001
144.559
173.597
110.644
144.481
163.838
120.482
144.48
154.64
129.839
144.318
174.639
109.922
144.24
159.843
124.478
172.8
153.037
103.042
144.402
182.157
136.641
129.601
147.119
117.599
172.801
129.601
126.399
172.8
141.518
155.921
103.042
154.719
134.722
139.357
141.443
142.88
172.796
129.603
126.402
172.796
116.241
139.76
144.481
141.44
142.959
144.402
174.476
109.843
172.8
140.399
115.602
144.478
166.721
117.598
144.481
173.838
117.283
137.679
154.64
129.681
172.799
136.32
148
129.602
144.157
126.723
144.478
183.521
100.798
172.801
145.841
110.242
144.398
141.44
142.88
144.48
154.64
129.921
172.801
129.597
126.241
144.399
171.359
155.76
101.76
141.361
142.88
172.801
158.078
128.24
129.603
169.518
140.56
103.44
141.282
142.88
172.801
129.598
138.8
132.319
186.56
122.959
129.602
151.92
163.681
129.597
143.76
113.681
172.801
129.602
126.315
172.805
129.598
126.398
144.481
141.44
142.963
143.917
141.842
143.12
143.839
141.921
142.879
144.158
141.763
142.88
144
141.917
142.963
143.921
141.917
142.959
144.004
141.838
142.959
144.003
141.839
142.879
144
141.921
142.88
144.079
141.838
142.88
144.083
141.838
142.88
144
141.842
142.959
144.079
141.842
142.879
144
142
142.801
144.079
141.842
158.718
128.241
141.838
167.519
119.365
141.917
142.962
143.918
141.921
183.837
103.121
141.921
165.921
120.959
141.838
166.241
120.643
151.996
132.801
144.083
144.477
174.722
109.519
141.921
163.917
122.962
159.038
125.763
144
141.917
182.24
104.644
150.477
165.36
112.96
158.481
126.32
144.079
141.842
142.879
144
150.639
165.922
112.24
141.917
157.444
129.436
152.963
131.838
144
141.921
181.837
105.122
157.684
158
113.116
150.403
160.796
117.523
150.478
134.323
144
150.477
163.041
115.441
141.759
156.801
130.079
150.639
134.161
144.079
141.842
182.796
104.163
141.838
160.241
126.722
141.838
163.361
123.519
162.402
163.999
102.4
141.921
160.398
129.602
138.8
142.959
143.921
141.917
142.88
144
141.921
174.559
112.321
152.962
160.879
115.042
152.158
132.56
144
141.918
183.6
103.283
141.921
170.237
116.643
141.917
162.963
123.917
150.643
134.158
144
150.398
168.322
110.08
141.921
159.121
127.838
152.639
132.079
144.241
141.68
181.762
105.118
164.56
154.48
109.761
141.921
164.477
122.564
150.56
134.079
144.079
141.838
173.281
113.682
141.838
158.801
128.162
150.398
134.56
143.839
141.842
180.318
106.561
164.079
155.36
109.362
141.921
158.079
128.797
150.643
134.241
143.917
150.722
165.517
112.644
141.839
155.838
131.041
150.403
134.398
144.32
141.601
182.078
104.802
141.917
161.523
125.357
141.921
161.361
125.519
141.921
162.639
129.601
157.681
161.758
104.08
141.838
165.121
121.763
150.477
134.32
144
141.921
179.6
107.28
142
161.838
124.962
142.079
154.88
131.921
150.402
176.958
101.362
141.917
158.241
129.601
140.959
164.398
122.561
141.759
142.962
144
150.482
168.078
110.32
141.838
163.361
123.519
141.921
155.921
131.199
152.561
171.92
104.08
141.921
167.518
119.839
141.443
158.64
128.398
141.759
150.241
136.639
157.361
163.999
107.441
141.921
154.56
132.56
152.959
131.842
143.759
141.921
148.797
138.083
141.917
156.403
130.481
141.917
172.721
114.159
152.56
132.241
144
151.522
163.198
114.321
141.68
151.839
135.041
141.921
158.478
128.402
150.718
169.6
108.479
141.921
156.959
129.921
141.921
164.079
122.8
152
175.36
101.441
141.917
174.721
112.242
141.838
160.963
126
153.278
131.44
144
150.398
173.68
104.722
141.921
163.918
122.962
141.921
164.88
122.079
157.037
170.879
100.802
141.921
164.959
122
142.003
168.556
118.241
152.801
131.921
144
150.481
165.037
113.283
160.476
153.282
115.039
141.921
162.962
123.918
153.041
172.397
103.362
141.921
163.598
123.361
141.842
160.56
126.316
157.763
127.042
143.996
141.921
177.439
109.52
141.842
153.518
133.361
156.639
128.162
144
159.12
163.838
106.001
141.759
162.481
129.602
136.718
149.838
137.203
151.76
132.879
144.241
141.68
172.236
114.723
151.921
152.399
124.402
158.639
126.158
144
144.801
179.758
104.321
141.842
142.958
143.921
141.921
171.357
115.602
152.162
132.639
144
141.838
169.36
117.52
141.921
157.838
129.121
141.842
148.56
138.319
151.598
165.439
111.764
157.44
155.597
115.76
141.921
157.76
129.12
150.801
175.92
102.08
141.921
156.319
130.56
141.921
156.64
130.24
150.399
134.402
143.996
141.921
173.999
112.964
141.838
156.241
130.639
141.921
156.24
130.639
152.639
172.8
103.441
141.838
161.361
125.602
141.838
163.602
123.361
150.958
133.76
144
141.921
153.518
133.361
141.918
159.443
127.598
141.763
168.559
118.479
141.838
151.842
135.199
141.681
163.041
124
141.76
161.041
125.917
141.842
155.681
131.357
141.759
170.883
116.08
141.838
160.162
126.801
141.838
158.241
171.837
98.723
180.559
106.32
141.921
155.117
131.763
159.198
161.681
107.922
158.318
126.479
144.079
141.842
169.198
117.682
141.921
157.041
129.838
153.121
154.481
129.598
142.082
169.996
108.324
141.917
162.079
124.801
141.921
161.68
125.2
141.921
157.518
129.602
141.68
153.839
133.041
141.917
154.241
132.643
141.917
150.241
136.639
150.402
167.439
110.96
141.921
188.157
98.722
142
157.681
129.12
150.478
174.322
104.08
141.838
156.083
130.88
141.759
155.357
174.804
98.719
142.879
144.079
150.32
166.961
111.52
141.838
160.403
126.477
141.921
159.361
127.681
151.759
171.518
105.523
141.76
167.278
119.601
141.921
142.959
144
141.842
142.88
143.996
142
142.801
144
141.842
177.679
109.28
141.921
157.759
172.319
98.719
180.48
106.403
141.921
156.399
130.481
141.917
160.56
126.32
152.162
132.639
144.082
151.357
162.721
114.719
141.842
147.918
139.12
141.759
156.88
130.004
141.917
178.48
108.4
141.921
153.12
133.76
141.921
152.8
134.079
152.639
132.162
144
141.917
170.721
116.242
141.838
157.921
128.959
150.722
134.079
144
150.402
167.676
110.722
141.918
149.203
137.68
141.917
159.843
127.037
153.361
131.44
144
144.56
164.721
119.52
141.921
151.518
178.56
98.722
142.88
144
144
172.477
112.32
156.963
154.718
117.282
141.759
155.68
131.2
150.481
176.957
101.362
141.921
164.959
122.162
141.676
154.88
132.32
152.402
132.158
143.921
150.481
164.398
114.083
141.76
151.041
135.996
141.763
153.839
176.239
98.723
155.117
131.763
158.477
156.879
113.603
141.759
154.158
132.722
152.161
132.639
144
141.921
171.68
115.2
141.917
164.083
122.801
141.917
152.402
134.478
150.643
174.078
104.159
141.842
173.916
112.963
141.921
163.121
166.957
98.723
142.88
143.996
141.921
170.401
116.558
142.004
163.917
122.801
157.281
127.519
144
141.921
177.518
109.362
158.639
157.198
112.96
141.921
185.999
100.881
141.921
159.278
129.602
140
166.799
120.08
142
164.402
165.518
98.719
163.282
129.598
135.921
179.281
107.599
141.921
153.44
133.519
158.48
133.599
136.721
141.842
164.399
129.601
134.797
161.203
129.598
138
168.721
118.159
157.521
127.28
144.24
141.598
177.119
109.843
141.921
162
125.038
141.759
161.042
125.838
151.763
175.277
101.923
141.759
166
121.041
141.76
166.397
120.561
141.842
156.718
130.162
141.917
157.602
129.601
141.598
162.079
124.801
141.921
160.718
126.162
150.398
174.879
103.602
141.839
164.402
122.481
141.917
173.439
113.445
141.917
158.963
129.597
148.801
165.277
113.043
141.921
147.199
139.68
141.921
164.079
165.999
98.719
162.56
129.602
147.681
161.916
114
141.842
142.88
144
141.922
142.958
143.921
142.32
142.481
144.079
152.959
166.48
109.283
152.56
134.88
141.357
159.999
132.881
135.921
160.48
129.279
139.041
169.278
125.843
133.68
162.078
131.603
135.12
163.597
132.722
132.478
141.842
142.959
187.198
130.722
116.719
138.161
158.319
135.52
135.12
157.12
131.44
140.079
151.042
172.799
129.598
118.163
151.518
134.561
141.842
152.958
133.921
155.2
129.601
187.198
129.598
120.482
135.523
158.958
138.32
131.602
141.838
147.199
139.763
157.196
133.361
138.161
159.759
132.241
136.801
141.917
152
134.88
154.162
173.679
129.602
131.759
124.4
144
150.481
147.357
130.962
141.921
184.319
102.561
162.958
126.162
139.681
157.758
135.28
135.759
141.842
147.838
139.121
141.921
182.559
147.598
129.601
124.08
131.921
161.92
133.682
133.12
141.917
144.722
142.158
152.319
135.523
140.959
159.281
132.959
136.56
141.918
187.92
98.963
142.079
179.439
129.601
135.039
168.961
102.479
150.481
147.838
130.482
157.759
127.041
144
148.88
141.76
138.161
161.198
130.802
136.797
141.921
147.76
139.199
141.842
180.638
129.602
131.279
130.161
144
141.921
153.76
133.12
181.037
133.921
113.843
144.639
140.237
144.004
160.157
133.2
135.44
141.842
147.44
139.439
174.958
116.324
137.519
160.88
150.397
129.603
129.838
155.76
131.12
141.921
142.88
187.198
130
117.042
138.56
158.158
132.162
138.481
141.917
143.764
143.116
174.082
115.681
139.038
157.198
134.644
136.959
159.679
130.881
138.24
141.918
184.401
145.68
129.602
159.598
96.403
165.277
124.561
139.038
141.842
142.88
144
162.717
123.602
142.481
157.038
139.12
132.643
141.917
146.403
140.481
142.079
179.917
129.601
120.88
167.44
129.602
129.921
146.398
140.56
141.921
143.76
143.12
160.8
126.08
141.917
158.962
137.44
132.399
141.921
148.241
138.639
141.921
180.397
129.602
139.922
151.917
129.602
127.838
151.759
133.523
141.838
142.88
144
159.439
125.523
143.918
155.68
143.199
129.842
141.921
147.44
139.44
141.921
179.277
129.598
142.083
160.801
103.997
141.842
163.041
123.918
152.003
132.718
144
150.478
140.804
137.598
158.56
138.56
131.598
141.921
188.161
98.719
175.6
115.682
137.519
159.36
131.361
138.079
160.481
131.362
136.957
141.922
185.198
101.682
145.44
144.718
138.8
141.76
175.119
111.84
141.842
187.119
99.76
142.079
174.721
129.598
140.482
152.959
117.759
141.921
151.921
134.959
142.083
142.718
144
146.8
142
140
164.481
134.08
130.319
141.838
183.921
102.963
172.717
120.881
135.199
159.679
134.562
134.642
160.717
129.122
138.958
141.842
142.88
144
186.879
143.199
98.723
141.917
155.921
130.959
141.842
185.916
101.043
164.401
126.478
138.241
155.68
140.399
132.402
141.917
154.643
132.237
141.921
183.12
103.76
149.041
149.921
129.839
160.879
155.439
112.482
141.921
184.319
102.561
159.518
128.001
141.278
161.281
137.362
130.241
141.838
147.921
138.959
148
178.318
129.602
129.598
155.12
116.963
163.037
132.963
132.801
141.917
182.48
104.483
146.158
150.161
132.399
157.522
140.56
130.718
141.921
145.918
140.962
175.198
121.122
132.481
175.676
120.403
132.801
160.157
134.399
134.162
141.921
142.879
144
148.241
148.88
131.68
156.639
140.639
131.519
142.162
145.12
141.519
164.642
129.681
134.56
170.236
124.482
134
156.64
136.958
135.203
141.917
142.88
144
186.322
109.678
132.801
141.842
155.038
131.921
141.838
147.523
139.518
174.879
119.682
177.438
98.644
161.598
129.601
152.719
136.398
135.365
141.917
181.837
105.043
187.36
115.598
129.602
160.8
133.121
131.12
141.917
183.522
103.358
174.48
123.682
130.639
166.401
134.238
129.602
140.481
149.838
137.12
141.842
183.199
103.76
144.959
168.16
129.603
127.917
155.76
131.203
141.838
147.519
139.361
148.481
153.598
129.601
158.078
139.524
129.597
140.639
149.282
137.602
141.917
179.36
107.52
184.322
123.919
129.601
132.88
153.759
133.199
141.839
144.323
142.56
145.839
138.958
172.8
113.121
142.88
144.083
154
159.036
115.682
150.721
145.76
172.8
129.597
137.441
129.602
137.361
148.718
134.398
141.921
180.319
106.644
185.916
98.802
144.161
141.76
154.639
132.24
141.921
184.958
102.001
161.999
128.561
138.162
157.278
136.56
135.042
161.916
130.001
136.801
141.921
175.999
110.959
144.639
146.241
137.842
156.158
139.203
133.519
141.838
145.681
141.199
159.841
129.441
139.519
152.958
139.602
136.319
160.398
131.283
137.12
141.842
175.037
111.922
186.157
105.681
136.88
160.961
132.719
135.121
141.92
142.959
144
181.199
114.561
133.041
157.12
137.921
133.681
141.917
147.519
139.361
141.921
175.999
129.601
147.28
150.638
129.601
142.959
138.802
129.601
141.917
145.843
141.037
158.962
132.08
137.842
154.319
146.158
129.602
140.56
148
138.879
141.921
182.236
104.723
166.721
129.039
132.958
159.36
137.441
132
141.921
143.361
143.519
150.721
145.2
132.879
151.76
148.161
129.598
141.199
146.403
140.8
141.598
180.161
129.598
135.283
154.878
115.761
159.999
134.88
134
141.839
142.883
144
145.839
155.842
129.597
160.319
138.963
129.598
139.361
144.801
142.158
162.16
130.321
136.24
157.519
135.921
135.361
159.916
133.362
135.523
141.917
186.401
129.598
137.76
117.922
144
141.921
182.717
104.162
141.921
143.76
143.12
149.278
172.8
129.602
119.038
152.56
134.32
157.68
132.722
138.399
141.921
182.638
129.601
129.599
129.842
144
141.921
184.398
102.478
141.921
143.042
143.838
146.801
143.601
138.399
155.12
145.519
129.601
154.88
133.041
139.436
174.883
120.798
133.124
160.879
135.839
132.079
156.083
139.278
133.44
141.921
142.879
144
172.8
151.038
104.963
141.921
167.038
119.921
141.838
147.121
139.763
141.917
178.476
129.602
131.681
144.561
131.36
160.958
136.242
131.68
141.838
142.884
144.079
157.198
134.4
137.12
154.481
136.158
138.402
141.681
147.597
139.361
175.281
116.719
136.722
173.68
132.159
129.601
135.278
156.801
130.079
141.921
142.88
144.079
146
157.68
129.602
160.559
124.482
139.357
141.759
145.602
141.361
163.119
128.881
136.718
153.921
152.962
129.598
134.959
150.402
135.759
141.921
183.357
103.523
186.398
118.32
129.602
136.398
151.121
135.759
141.921
183.758
103.201
162.72
141.362
129.598
166.721
134.96
129.601
134.477
149.681
137.199
151.681
172.799
129.602
143.12
120.798
139.602
158.319
133.842
136.639
141.921
142.88
144
148.241
142.556
138
156.241
136.879
135.681
154.88
137.041
136.88
175.439
119.843
133.597
173.999
157.842
97.039
163.758
126.084
138.801
141.917
142.88
144
186.401
101.118
141.282
151.601
137.677
139.522
141.921
147.519
139.44
165.119
128.321
135.282
174.078
117.279
137.44
161.36
134.08
133.361
141.921
142.879
187.199
137.041
107.918
140.643
158.56
131.839
138.398
141.921
185.198
101.682
175.92
119.839
133.042
161.758
131.764
135.278
162.8
133.121
132.88
141.917
143.121
186.961
137.357
121.922
129.602
159.519
140.56
125.44
141.921
147.838
139.12
164.481
149.601
129.599
126.958
149.042
137.842
160.315
134.162
134.399
159.361
163.6
105.761
147.12
153.759
129.602
159.198
138.561
129.602
141.838
184.48
102.238
145.842
145.681
137.278
160.559
129.362
138.88
141.921
150.56
136.319
157.681
167.44
129.596
131.923
141.921
129.601
160
132.718
135.523
141.917
146.481
140.399
146.079
148.481
134.319
159.842
133.038
135.921
141.838
149.121
137.763
154
139.357
178.721
136.718
115.76
133.042
159.517
133.844
135.439
141.839
147.44
139.522
154.639
142.56
131.681
158.56
133.838
136.32
141.921
151.68
135.2
154
139.282
135.518
172.879
124.64
131.282
141.921
154.079
132.797
141.921
146.56
140.32
151.203
144.158
133.44
162.48
126.482
139.838
141.922
148.319
138.56
157.121
132.157
139.519
157.282
139.681
131.838
141.921
149.921
136.959
141.921
142.879
144
186.078
116.723
129.598
160.879
124.32
140.004
141.838
146
141.042
155.037
144.079
129.602
159.921
134.718
134.24
141.843
148.477
138.402
155.117
133.763
140
175.999
121.362
131.357
161.841
132.96
134
141.921
185.758
101.121
161.518
129.603
137.68
166.319
126.399
136.079
141.921
145.921
140.959
141.921
183.758
129.602
133.52
124.8
144
161.759
131.042
136
141.917
147.76
139.12
151.523
139.838
137.44
163.92
127.042
137.839
141.842
148.88
138.078
152.959
137.763
138.079
157.439
134.4
137.12
141.759
152.083
134.797
141.842
145.602
141.357
154.879
140.482
133.518
141.76
147.361
139.601
141.918
143.522
143.361
151.917
140.079
136.801
165.68
142.162
129.598
133.282
152.718
134.161
141.922
143.518
143.357
149.365
135.436
144.004
145.917
152.56
130.32
142
144.722
142.079
157.601
130.56
140.639
158.24
131.682
138.879
142.079
151.921
134.801
153.195
132.241
186.563
129.598
122.001
134
163.36
124.561
140.879
141.843
142.958
144
154.158
135.602
139.12
156.88
134.8
137.038
141.921
149.44
137.44
141.921
186.8
129.597
137.441
145.361
129.602
128.797
151.36
135.519
141.921
142.88
144
152.079
135.361
141.361
157.282
134.319
137.199
141.922
146.718
140.161
141.918
184.239
129.602
134.399
150.401
129.599
129.361
148.079
138.801
141.921
183.758
103.121
148
140.959
139.842
155.918
132.642
140.237
141.921
186.721
100.159
175.679
120.644
132.478
156.718
176.559
95.523
163.278
127.523
138
141.918
142.879
144.004
146.718
141.199
140.88
156.564
150.639
129.598
133.838
183.762
103.2
173.68
118.881
136.24
156.478
177.04
95.283
142.158
149.037
137.602
141.921
144.88
142
145.12
142.639
141.041
156.482
173.119
99.279
141.839
158
128.879
141.921
149.44
137.44
154.801
134.958
139.042
161.522
136.158
131.199
141.76
144.883
142.079
144.639
149.598
134.56
141.921
151.602
135.278
141.921
159.68
127.282
141.839
165.597
129.602
164.24
137.121
129.598
131.443
149.598
137.361
141.838
184.48
129.602
142.32
140.557
129.601
130.963
153.436
133.522
141.922
157.278
129.597
174.244
128.719
129.601
149.918
138.962
136.158
141.921
148.162
138.718
141.921
182.397
129.602
132.879
148.001
129.602
135.117
151.439
135.444
141.917
142.959
143.921
150.32
140.883
137.598
153.921
175.999
98.88
141.922
145.278
141.601
150.639
134.162
144.079
156.88
157.036
114.881
163.443
127.519
137.842
141.839
142.879
144
146.801
140.797
141.203
156.718
172.8
99.279
141.921
142.88
144
163.439
131.922
133.44
151.601
152.879
129.602
136.64
146.319
140.56
141.918
185.28
129.602
137.44
119.358
144
141.842
156.32
130.639
141.921
185.36
101.519
162.481
133.358
132.962
155.918
141.522
131.361
159.838
143.999
125.201
141.68
177.198
129.602
137.759
170.241
100.88
141.922
153.838
133.041
141.918
142.879
144.083
150.801
144.158
133.759
154.801
138.639
135.361
157.921
134.639
136.24
141.922
178.717
129.601
160.56
119.2
129.602
139.917
152.32
134.56
141.842
142.959
144.079
147.443
149.038
132.24
170.481
121.918
136.402
156.797
171.68
100.324
142.079
178.48
129.598
135.602
157.439
114.4
141.921
154.398
132.481
141.922
142.879
144
148.399
142.161
138.237
170.161
127.2
131.523
141.759
143.838
143.121
141.921
176.796
129.601
146.324
143.038
129.602
132.237
150.962
135.917
141.921
142.88
144.083
145.357
152.801
130.639
154.323
141.519
132.958
141.843
143.68
143.199
165.12
131.038
132.722
158.639
145.68
129.598
155.36
132.242
136
141.921
144.56
142.319
186.161
112.238
130.402
141.918
157.203
129.68
141.917
181.522
105.358
173.92
124.881
130
171.36
133.922
129.597
135.843
146.639
140.24
181.116
124.723
129.601
143.838
151.2
129.601
158.078
137.042
131.2
141.842
182.476
104.482
162.8
134.001
132
156.32
147.037
129.602
137.759
148.643
138.237
141.921
177.679
129.602
161.838
112.802
133.759
141.922
154.078
132.801
141.918
144.161
142.718
148.643
139.278
140.88
154.962
145.918
129.601
140.241
148.398
138.481
142.32
177.758
129.602
135.437
158.402
129.602
129.519
139.838
143.921
148.481
136.32
144
144.643
150.315
133.842
169.439
129.201
130.161
141.918
143.12
143.759
175.041
122.88
130.88
157.361
140.56
131.12
141.681
150.718
136.24
141.843
142.879
144.158
185.198
108.644
134.88
170.078
129.2
129.602
141.759
144.399
142.481
164.16
134.96
129.68
157.279
144.721
129.602
139.12
148.478
138.398
141.921
178.161
108.719
183.522
115.76
129.598
161.281
135.042
132.477
141.843
144.56
142.319
162.48
131.197
135.124
152.079
170.078
106.64
141.921
148.722
138.158
141.921
181.036
129.602
142.96
151.04
111.121
141.839
153.124
133.755
141.921
185.601
101.279
151.601
145.519
131.681
153.282
149.357
129.601
138.478
148.883
138
142.079
178.879
129.601
137.039
154.639
129.602
131.36
151.038
132.162
141.921
167.837
162.241
129.601
112.001
144
181.277
142
105.524
141.917
171.601
158.477
98.723
162.88
129.601
143.76
142.398
137.282
150.241
175.119
103.2
141.918
170.322
159.838
129.602
111.918
144.079
181.123
147.917
99.682
141.921
169.356
117.764
177.119
107.441
144
176.24
112.32
140.237
141.921
181.12
105.843
141.838
167.601
162.477
129.601
114.96
141.041
182.078
143.121
103.681
141.839
168.16
161.921
130.32
111.279
144.079
176.642
112.719
139.44
141.842
178.8
108.079
141.918
166.801
129.601
147.44
127.842
143.996
181.92
138.241
108.64
141.921
166.398
163.68
129.601
112.001
144.079
177.041
148.718
102.963
141.918
175.119
154.962
98.802
164.398
129.602
149.598
128
144
181.679
143.921
103.2
141.922
167.837
162.24
129.598
112.005
143.996
180.401
148.158
100.242
141.921
183.92
146.158
98.723
161.519
129.601
177.597
105.764
141.199
177.597
145.361
106.001
141.763
143.677
186.397
129.602
112.001
144
178.078
148.402
102.32
141.921
142.88
172.796
129.603
129.601
140.959
181.999
103.042
143.598
182.161
136.718

------------------------------------------------------------------------------------------------------------------------------------------------
max val(#5119) = 189.92us
min val(#9469) = 95.28us
peak-to-peak = 94.64us
mean +- RMS = 142.94 +- 19.86 us

packet size: 516
number of packets: 10000
RATE = 28879.91kbps, PPS = 6996.1
