Destination address set to 01:1B:19:00:00:00
Defaults: 01:1B:19:00:00:00 or 01:80:C2:00:00:0E
SIOCSHWTSTAMP: tx_type 1 requested, got 1; rx_filter 0 requested, got 0
setting ts_flags: 0x53
new ts_flags: 0x53


gap of hw tx time, us: packets 10000:
------------------------------------------------------------------------------------------------------------------------------------------------
0
107.064
107.176
107.185
107.353
107.056
107.222
107.211
107.173
107.225
107.192
107.184
107.199
107.305
107.098
107.191
107.192
107.214
107.211
107.214
107.192
107.184
107.184
107.2
107.199
107.218
107.222
107.274
107.121
107.157
107.241
107.184
107.184
107.207
107.203
107.207
107.222
107.161
107.185
107.206
107.241
107.177
107.255
107.185
107.176
107.184
107.207
107.207
107.184
107.184
107.2
107.203
107.233
107.158
107.206
107.218
107.192
107.199
107.192
107.207
107.225
107.185
107.191
107.241
107.15
107.226
107.184
107.207
107.376
107.022
107.203
107.166
107.233
107.177
107.24
107.184
107.192
107.184
107.215
107.225
107.184
107.2
107.199
107.207
107.21
107.199
107.192
107.199
107.207
107.184
107.203
107.185
107.184
107.428
107.027
107.176
107.185
107.214
107.177
107.206
107.41
106.993
107.199
107.229
107.444
106.925
107.218
107.191
107.207
107.199
107.188
107.215
107.349
107.034
107.214
107.203
107.166
107.323
107.109
107.169
107.241
107.184
107.192
107.192
107.327
107.176
107.143
107.56
106.899
107.12
107.199
107.2
107.169
107.199
107.229
107.373
107.03
107.191
107.207
107.282
107.166
107.161
107.192
107.207
107.195
107.214
107.185
107.199
107.192
107.21
107.199
107.207
107.199
107.211
107.199
107.192
107.199
107.192
107.504
106.894
107.203
107.2
107.214
107.218
107.169
107.433
106.981
107.214
107.184
107.211
107.191
107.2
107.184
107.184
107.218
107.214
107.185
107.214
107.184
107.203
107.214
107.185
107.184
110.936
103.481
107.181
107.218
107.184
107.192
107.221
107.211
107.207
107.184
107.184
107.214
107.188
107.222
107.632
106.752
108.511
105.865
107.24
107.162
107.214
111.808
106.2
103.737
107.063
107.249
107.312
107.169
107.109
107.259
107.143
107.158
107.192
107.206
107.203
107.192
107.241
107.143
107.199
107.218
107.248
107.169
107.215
107.248
107.165
109.617
105.297
106.657
107.207
107.192
107.214
107.169
107.211
107.214
107.23
107.18
107.158
107.207
107.225
107.207
107.184
107.199
107.196
107.207
107.191
107.207
109.192
105.177
107.199
107.256
107.176
107.169
107.2
107.248
107.199
107.184
107.218
107.184
107.2
107.199
107.199
107.203
107.166
107.233
107.165
107.248
107.192
107.188
107.214
107.207
107.203
107.15
107.233
107.166
107.203
107.248
107.199
107.184
107.2
107.199
107.192
107.191
107.185
107.255
107.169
107.207
107.184
107.455
110.057
104.112
107.2
107.225
107.185
107.184
109.312
105.101
107.162
107.241
107.191
107.184
107.241
107.192
107.199
107.199
107.211
107.18
107.38
107.004
108.443
105.944
107.184
107.214
107.218
107.2
107.214
107.312
107.041
107.218
107.2
107.199
107.184
107.229
107.203
107.192
107.192
107.199
107.199
107.2
107.248
107.161
107.234
107.191
107.166
107.21
107.222
107.203
107.165
107.185
107.233
107.191
107.192
107.199
107.234
107.165
107.218
107.169
107.263
107.177
107.222
107.188
107.199
107.18
107.185
107.21
107.199
107.241
109.192
105.192
107.191
107.199
107.211
107.173
107.226
107.199
107.169
107.248
107.169
107.222
107.184
107.211
107.195
107.184
107.226
107.184
107.192
107.199
107.218
107.184
107.2
107.173
107.267
107.184
107.199
107.199
108.305
109.729
108.256
102.519
107.402
107.135
107.045
107.211
107.353
107.045
107.211
107.199
107.226
107.27
107.079
107.218
107.335
107.162
107.094
107.432
106.951
107.199
107.218
107.166
107.218
107.199
107.184
107.632
106.774
107.226
107.184
107.594
110.504
103.485
107.218
107.184
107.229
107.636
107.022
106.944
107.255
107.147
107.18
107.203
107.249
107.15
107.41
107.015
107.192
107.169
107.221
107.275
109.944
108.184
103.383
107.278
107.162
107.184
107.184
107.222
107.184
107.185
107.289
107.12
107.222
107.162
107.233
107.165
107.234
107.191
107.199
107.211
107.199
107.181
107.218
110.665
104.256
106.68
107.192
107.207
107.169
107.319
107.098
107.215
107.161
107.222
107.218
107.184
107.207
107.192
107.199
107.218
107.782
106.68
107.121
107.191
107.207
107.369
107.015
107.24
107.169
107.406
107.162
107.049
107.233
107.15
107.215
107.21
107.184
107.384
107.034
107.27
107.128
107.184
107.207
107.184
107.207
107.177
107.233
107.192
107.191
107.241
107.165
107.211
107.207
107.176
107.2
107.206
107.203
107.215
107.248
107.135
107.203
107.199
107.2
107.214
107.368
107.027
107.237
107.12
107.218
107.199
107.233
107.192
107.256
107.135
107.203
107.199
107.286
107.113
107.199
107.207
107.21
107.184
107.2
107.199
107.199
107.199
107.203
107.2
107.263
107.113
107.225
107.199
107.2
107.184
107.214
107.184
107.218
107.17
107.229
107.184
107.214
107.203
107.185
107.229
107.169
107.214
107.219
107.191
107.199
107.211
107.18
107.418
109.737
104.481
107.222
107.161
107.241
107.15
107.207
107.395
106.988
107.226
107.199
107.184
107.211
107.207
107.199
107.192
107.304
111.414
107.09
102.993
107.191
107.226
107.158
107.225
107.809
106.605
107.169
107.218
107.207
107.199
107.199
107.207
107.188
107.199
107.2
107.199
107.191
107.211
107.199
110.726
105.88
104.954
107.2
107.24
107.184
107.2
107.191
107.207
107.218
107.184
107.2
107.191
107.222
107.192
107.18
107.23
107.199
107.184
107.218
107.2
110.218
104.165
107.353
107.064
107.192
107.199
107.192
107.218
107.214
107.177
107.222
107.154
107.248
107.199
107.169
107.2
107.184
107.248
107.184
107.184
107.215
111.68
102.696
108.537
105.872
107.2
107.199
111.218
106.03
104.35
107.188
107.206
107.241
107.177
107.199
107.568
106.838
107.203
107.165
107.226
107.199
107.192
107.192
107.21
107.207
107.199
107.192
107.391
107.007
107.219
109.815
104.568
109.312
105.105
108.47
105.914
107.191
107.219
107.165
107.225
107.2
107.297
107.101
107.203
107.199
107.215
107.191
107.192
107.199
107.188
107.207
107.241
110.91
103.439
107.234
107.199
110.24
104.162
109.519
106.992
105.072
107.206
107.211
107.199
107.2
107.169
107.206
107.226
107.199
107.207
107.177
107.214
107.199
107.211
107.207
110.146
104.237
107.203
107.199
107.2
107.206
107.147
107.256
107.199
107.199
107.199
107.177
107.233
108.248
106.136
107.206
107.184
107.211
107.199
107.207
107.192
107.199
107.162
107.225
107.181
107.184
107.233
107.184
107.218
107.199
107.207
107.226
107.165
107.218
107.169
107.222
107.184
107.222
107.184
107.17
107.233
107.165
107.233
107.203
107.207
107.184
107.207
107.218
107.18
107.203
107.2
107.191
107.207
107.199
107.2
108.233
106.255
107.339
106.973
107.219
107.191
107.177
107.214
107.297
107.121
107.165
107.218
107.184
107.233
107.184
107.192
107.241
107.173
107.191
107.219
111.496
102.887
107.335
107.063
107.219
107.191
107.207
107.184
107.233
107.169
107.207
107.184
107.207
107.218
107.181
107.203
107.184
107.214
107.218
107.192
107.207
107.199
107.211
109.582
104.809
107.169
107.214
107.214
107.203
107.184
107.192
107.199
108.41
105.996
107.203
107.463
106.951
107.188
107.214
107.184
107.215
107.192
107.218
107.206
107.169
107.185
111.624
102.804
107.169
107.218
107.2
107.184
107.233
107.214
107.715
106.646
107.207
107.218
107.184
107.215
107.191
107.207
107.203
107.214
110.56
103.809
107.24
107.192
107.184
107.2
107.199
107.192
107.225
107.158
107.226
107.191
107.2
107.184
107.225
107.207
107.192
107.192
107.21
107.199
107.207
107.211
107.157
107.241
107.143
107.207
107.24
107.207
107.184
109.26
105.15
107.184
107.226
107.199
107.184
107.2
109.15
105.252
107.158
107.24
107.2
107.176
107.59
110.658
103.357
107.203
107.2
107.218
107.823
106.56
107.181
107.218
107.207
107.195
107.18
107.218
107.2
107.184
107.233
107.184
107.181
107.21
107.271
107.15
107.196
111.237
103.154
107.184
107.214
107.184
107.2
107.203
107.214
107.218
107.199
107.184
107.2
107.214
107.192
107.161
107.2
107.21
107.222
107.199
107.203
111.286
106.489
103.842
110.676
103.707
107.181
107.218
107.199
107.184
107.199
107.2
107.184
107.218
107.214
107.184
107.234
107.184
107.191
107.222
107.184
107.211
107.199
109.673
107.669
104.233
107.2
107.203
107.229
107.218
107.169
107.184
107.215
109.782
104.616
107.199
107.211
107.192
107.199
107.199
107.218
107.184
107.207
107.192
107.199
107.184
108.042
106.342
107.225
107.207
107.184
107.211
107.207
107.207
107.21
107.207
107.176
107.185
107.233
107.173
107.21
107.199
107.222
107.192
107.248
107.135
107.219
107.191
107.226
107.199
107.199
107.185
107.199
107.192
107.191
107.218
107.207
107.199
107.207
107.188
107.199
107.192
107.376
107.049
107.18
107.203
107.2
107.218
107.188
107.387
107.007
107.2
107.169
107.199
107.199
107.184
107.207
107.211
107.214
107.199
107.184
107.226
107.207
107.199
107.203
107.199
107.192
107.192
107.191
111.207
103.184
107.2
107.203
107.199
107.241
107.191
107.2
107.165
107.233
107.211
107.15
107.241
107.184
107.199
107.184
107.214
107.203
107.185
107.214
107.361
107.037
107.226
107.256
107.135
107.226
107.157
107.226
107.184
107.207
107.184
107.184
107.234
107.184
107.176
107.207
107.199
107.218
107.215
107.199
107.199
110.5
103.887
107.335
107.079
107.177
108.049
106.342
107.218
107.165
107.226
107.304
108.722
105.598
107.184
107.218
107.199
107.2
107.184
107.214
107.203
107.18
107.203
107.2
107.165
107.233
107.199
107.203
107.207
107.207
107.203
107.199
107.192
107.199
107.177
107.233
107.158
107.199
107.226
107.199
107.184
107.218
107.184
107.207
107.199
107.207
107.199
107.211
107.192
107.233
107.165
107.218
107.185
107.206
107.2
107.255
107.169
107.192
107.211
107.18
107.169
107.241
107.192
107.191
107.222
107.402
106.966
107.437
106.966
107.233
107.15
107.199
107.2
107.24
107.177
107.192
107.225
107.369
107.022
107.215
107.191
107.196
107.173
107.225
107.2
107.21
107.165
107.241
107.169
107.575
106.873
107.191
107.2
107.176
107.211
107.188
107.176
107.234
107.184
107.191
107.222
107.203
107.185
107.191
107.207
107.199
107.184
107.219
107.199
111.729
102.669
107.241
107.162
107.199
107.214
107.184
107.218
107.185
107.199
107.184
107.184
107.248
107.185
107.199
107.199
107.207
107.21
107.2
107.191
107.2
109.12
106.977
105.512
107.191
107.177
107.222
109.458
104.944
107.199
107.207
107.184
107.218
107.166
107.218
107.199
107.199
107.218
107.185
107.199
107.191
107.222
107.184
107.177
109.433
104.992
107.169
107.229
108.083
106.305
107.229
107.169
107.218
107.2
107.199
107.191
107.207
107.184
107.2
107.203
107.199
107.199
107.214
109.579
108
104.015
107.222
107.188
107.207
107.192
107.199
107.218
107.199
107.2
107.191
107.177
107.199
107.199
107.219
107.191
107.199
107.2
107.24
107.256
107.241
107.086
111.432
102.929
107.218
107.192
107.222
107.199
107.21
107.207
107.158
107.226
107.199
107.552
106.858
107.199
107.199
107.218
107.192
107.199
107.199
107.226
107.158
107.225
107.271
107.105
107.218
107.263
107.128
107.2
107.191
107.2
107.199
110.289
104.106
107.206
107.215
107.195
107.192
107.173
107.218
107.184
107.207
107.21
109.399
105.007
107.2
107.21
107.199
107.166
107.203
107.233
107.165
107.218
107.2
107.199
107.722
106.661
107.218
107.196
107.195
107.207
107.203
107.199
107.2
107.199
111.44
102.936
107.225
107.2
107.184
107.18
107.233
107.184
110.057
104.334
107.234
107.199
107.21
107.2
107.199
107.218
107.199
107.312
107.072
107.184
107.214
107.199
107.203
107.2
107.774
106.609
107.184
107.215
107.218
107.176
107.199
107.207
107.2
107.203
107.172
107.226
107.218
107.165
107.219
107.199
107.199
107.199
107.2
107.184
107.233
107.199
107.199
107.185
107.203
107.199
107.793
106.605
107.184
107.275
107.128
107.199
107.233
108.229
106.136
107.225
107.207
107.177
107.21
107.196
107.21
108.207
106.184
107.169
107.218
107.215
107.199
107.203
107.214
107.151
107.248
107.199
107.169
107.218
107.222
107.184
107.192
107.199
107.184
107.234
107.184
107.248
107.143
107.233
107.173
107.233
107.203
107.18
107.203
107.207
107.184
107.2
107.184
107.225
107.2
107.206
107.185
107.206
107.169
107.234
107.184
107.24
107.17
107.191
107.181
107.225
107.222
107.162
107.233
107.207
107.184
107.214
107.162
107.24
107.185
107.199
107.184
107.85
106.567
107.166
107.225
107.192
107.312
111.658
102.639
109.759
104.624
107.207
107.184
107.2
107.203
107.229
108.105
106.297
107.192
107.177
107.229
107.203
107.158
107.21
107.2
107.222
107.176
107.199
108.425
105.993
107.184
107.199
107.215
107.203
107.206
108.128
106.29
107.173
107.218
107.184
107.184
107.214
107.184
107.2
107.203
107.214
107.199
107.2
107.169
107.233
107.304
107.087
111.504
103.199
106.906
107.214
107.169
107.226
107.207
107.184
107.184
107.226
107.206
107.185
107.199
107.191
107.222
107.185
107.199
107.21
107.192
111.658
102.744
107.2
107.214
107.169
107.218
107.214
107.185
107.199
107.169
107.244
107.185
107.218
107.233
107.15
107.199
107.2
107.218
107.176
107.192
107.214
107.184
107.203
107.215
107.199
107.218
107.199
107.192
107.192
107.207
107.225
107.184
107.207
107.192
107.639
106.763
107.173
107.233
107.184
107.297
107.094
107.2
107.977
108.098
105.541
107.218
107.184
107.207
107.177
107.447
106.97
109.184
105.215
107.206
107.192
107.169
107.233
107.207
107.184
107.226
107.173
107.218
107.511
110
107.504
103.88
107.071
107.211
107.165
107.199
107.233
107.233
107.192
107.177
107.214
107.199
107.203
107.2
107.191
107.207
107.203
107.199
107.185
107.184
108.041
110.237
106.162
106.127
105.448
107.184
107.214
107.184
107.219
107.206
107.184
107.207
107.218
107.166
107.225
107.177
107.199
107.218
107.181
107.233
107.658
106.917
107.008
107.184
107.225
107.226
107.173
107.176
107.207
107.226
107.184
107.192
107.191
107.234
107.184
107.184
107.218
107.18
107.219
107.199
107.199
107.199
107.218
107.185
107.184
107.229
107.218
107.169
107.166
107.218
107.214
107.184
107.215
108.563
105.839
107.214
107.177
107.21
107.2
107.214
107.176
107.234
107.176
107.294
107.086
107.218
107.184
111.76
103.304
106.553
107.184
107.214
108
106.403
107.184
107.206
107.222
107.203
107.166
107.233
107.184
107.192
107.199
107.195
107.2
107.229
109.978
104.409
107.2
107.221
107.218
107.143
107.233
107.192
107.192
107.233
107.199
107.511
106.88
107.184
107.207
107.203
107.199
109.136
105.248
107.222
107.21
109.936
104.433
107.206
110.711
103.665
107.215
107.203
107.206
107.177
107.241
107.206
107.35
107.026
107.2
107.206
107.203
107.2
107.191
107.226
107.199
107.184
107.241
110.455
108.319
102.767
107.226
107.184
107.248
107.151
107.21
107.192
107.192
107.199
107.192
107.221
107.185
107.184
107.218
107.462
107.203
106.925
107.192
107.225
107.207
110.026
104.358
111.507
102.887
107.192
107.241
107.176
107.252
107.139
107.2
107.191
107.218
107.207
107.192
107.462
106.955
107.158
107.241
107.191
107.207
107.177
107.233
107.177
107.199
107.192
107.206
107.169
107.215
107.203
107.214
107.192
107.21
107.207
107.192
107.214
107.184
107.184
107.219
107.199
107.214
107.169
107.215
109.417
106.68
105.504
107.274
107.143
107.166
107.233
107.169
107.199
107.199
107.219
107.199
107.199
107.199
108.282
106.121
107.184
107.455
106.973
107.188
107.207
107.248
107.128
109
105.398
107.2
107.218
107.199
107.199
107.218
107.166
107.203
107.199
107.199
107.233
107.2
107.157
107.241
107.162
107.248
107.199
107.199
107.211
107.15
107.218
107.215
107.15
107.248
107.203
107.199
107.2
107.184
107.207
110.334
104.049
107.226
110.015
106.135
105.425
107.225
107.305
107.165
107.154
107.128
107.248
107.207
107.192
107.225
107.192
107.184
110.519
104.767
106.331
107.199
107.169
107.215
109.582
104.816
107.177
107.21
107.215
107.169
107.214
107.184
107.226
107.188
107.203
107.173
107.244
107.199
107.2
108.631
105.737
107.241
107.157
107.185
107.233
107.165
107.233
107.2
107.184
107.203
107.199
107.222
107.195
110.06
104.346
107.192
107.192
107.225
107.185
108.8
105.613
107.184
107.218
108.662
105.714
107.215
107.255
107.154
107.185
107.221
107.192
107.203
107.184
107.207
107.207
107.184
107.169
111.56
102.854
107.218
107.184
109.726
104.691
107.2
107.206
107.185
107.206
107.2
107.218
107.184
107.214
107.203
107.214
107.151
107.218
107.199
107.184
107.215
107.203
107.206
107.185
107.206
107.203
107.215
107.184
107.214
107.154
107.23
107.203
107.191
107.192
107.214
107.169
107.249
107.184
107.192
107.214
107.195
107.2
107.199
107.218
110.583
105.248
105.752
107.199
107.192
107.225
107.165
107.2
107.218
109.143
105.255
107.2
107.233
107.191
107.192
107.203
107.207
107.158
107.248
107.177
107.233
107.191
107.425
106.951
107.2
107.225
107.184
107.192
107.214
107.211
107.18
107.203
107.2
107.184
107.233
107.18
107.218
107.151
107.24
107.185
108.375
106.376
106.843
110.349
104.034
107.248
107.199
107.17
107.229
107.177
107.184
107.24
107.192
107.184
107.226
107.199
107.184
107.2
107.191
107.211
107.173
107.233
107.639
108.071
105.88
109.233
105.154
107.181
107.184
107.218
107.184
107.214
107.219
107.191
107.32
107.064
107.24
107.846
106.545
107.177
107.229
107.169
107.313
107.105
107.192
111.304
103.102
107.184
107.218
107.214
107.196
107.221
107.151
107.225
107.185
107.191
107.192
107.207
107.199
107.203
107.184
107.214
107.219
107.199
107.199
107.214
109.523
104.846
107.203
107.191
107.237
107.169
107.204
107.214
107.184
107.207
107.24
107.17
107.184
107.199
107.214
107.2
107.199
107.203
107.214
107.199
107.188
107.207
107.192
107.214
107.169
107.218
107.2
107.184
107.233
107.18
107.184
107.234
108.24
106.143
107.203
107.214
107.185
107.199
107.207
107.191
109.553
104.85
107.184
107.214
107.199
107.169
107.234
107.206
107.185
108.105
106.319
107.192
107.226
107.158
107.206
107.184
107.226
107.214
107.162
107.233
107.207
111.789
102.587
107.192
107.199
107.233
107.192
107.206
107.192
107.218
107.184
107.2
107.206
107.185
107.169
107.199
107.207
107.218
107.207
107.233
107.176
107.207
107.184
109.121
107.59
104.906
107.199
107.184
107.73
106.646
107.215
107.218
107.184
107.192
107.225
107.823
106.561
107.206
107.207
107.203
107.199
107.2
107.176
107.263
107.143
110.681
103.722
107.165
107.203
107.244
111.091
104.037
106.466
107.185
107.206
107.2
107.218
107.184
107.184
107.214
107.218
107.181
107.203
107.214
107.196
107.188
107.218
107.199
107.192
107.21
107.214
107.177
107.192
107.233
107.165
107.203
107.2
107.191
107.207
107.184
107.199
107.226
107.192
107.214
107.184
110.538
103.865
107.206
107.192
107.199
107.203
107.215
108.793
105.59
107.184
107.218
107.2
107.206
107.192
108.297
106.12
107.2
107.184
107.184
107.207
107.225
107.286
107.09
109.966
106.64
104.984
107.185
107.214
107.203
107.229
107.185
107.203
107.191
107.207
107.214
107.2
108.259
106.101
107.226
107.226
107.191
107.192
107.184
107.222
107.184
107.2
107.203
107.199
107.199
107.214
107.185
107.218
107.184
107.192
107.24
107.184
107.192
107.226
107.165
107.229
107.155
107.24
107.184
107.215
107.21
107.199
107.185
107.214
107.203
107.165
107.203
107.222
107.177
107.192
107.221
107.211
107.192
107.218
107.199
107.192
108.68
105.711
107.206
107.211
107.18
107.218
107.185
107.218
107.165
107.248
107.177
107.192
107.199
107.199
107.177
107.207
107.203
107.206
107.207
107.169
107.233
107.166
107.203
107.214
107.207
107.192
107.218
107.21
107.173
111.56
102.97
111.327
106.399
103.737
107.206
107.203
107.2
107.184
107.191
107.215
107.192
107.218
109.36
105.031
107.225
107.199
107.271
107.113
107.192
107.206
107.203
108.256
106.128
107.199
107.248
107.166
107.199
107.274
107.128
107.199
107.275
107.128
107.199
107.192
107.206
107.203
107.2
107.199
107.353
107.038
107.21
107.196
108.97
105.409
107.207
107.2
107.225
107.207
107.199
107.275
107.109
107.218
107.184
107.192
107.206
107.2
107.203
107.191
107.207
107.199
107.2
107.203
107.199
109.943
104.44
107.215
107.225
107.184
107.226
107.654
106.714
107.2
107.191
107.2
107.199
107.207
107.203
107.391
107
107.214
107.192
107.218
107.191
107.207
111.673
102.767
107.162
107.184
107.176
107.23
107.225
107.17
107.191
107.2
107.221
107.185
107.353
107.049
107.207
107.191
107.226
107.192
107.184
107.203
107.188
107.263
108.162
106.169
107.207
107.24
107.184
107.192
107.305
107.086
107.214
107.203
107.2
107.191
107.185
107.199
107.207
107.203
107.199
107.192
107.206
107.203
107.196
109.827
104.56
107.199
107.233
107.185
107.199
107.207
107.184
107.21
107.2
107.199
107.199
107.241
107.169
107.192
107.199
107.218
107.184
107.196
107.203
107.199
111.218
104.037
106.343
107.21
107.222
107.177
107.21
107.199
107.185
107.199
107.199
107.192
107.21
107.2
107.199
107.199
107.207
107.192
107.203
107.191
107.2
107.199
110.609
103.823
107.162
107.248
107.184
107.199
107.185
107.206
107.185
107.206
107.2
107.203
107.199
107.199
107.199
107.2
107.203
107.199
107.192
107.206
107.203
109.575
104.831
107.192
107.218
107.199
107.185
107.368
107.158
107.071
107.2
107.432
106.97
107.199
107.192
107.21
107.2
107.199
107.199
107.199
107.203
107.2
111.063
103.335
107.184
107.2
107.199
107.225
107.282
107.109
107.2
107.203
107.191
107.207
107.199
107.2
107.203
107.206
107.192
107.199
107.203
107.2
107.375
107.031
107.688
106.688
107.218
107.214
107.21
107.207
107.248
107.121
107.229
107.323
107.045
107.196
107.207
107.199
107.222
107.176
107.203
107.2
107.199
107.192
107.221
109.395
104.974
107.218
107.214
107.184
107.233
107.185
107.176
107.294
107.12
107.21
107.185
107.199
107.214
107.184
107.2
107.402
107
107.192
107.27
107.136
107.21
107.207
107.177
107.225
107.196
107.188
107.214
107.184
107.192
107.21
107.2
107.199
107.199
107.199
107.361
107.042
107.199
107.199
107.199
107.211
107.192
107.199
107.695
106.737
107.184
107.2
107.184
107.304
107.151
107.409
106.937
107.293
107.098
107.432
106.974
107.203
107.188
107.203
107.206
107.203
107.196
107.203
107.192
109.454
104.955
107.185
107.199
107.229
107.162
107.312
107.12
107.184
107.2
107.357
107.052
107.2
107.199
107.24
107.158
107.203
107.2
107.191
107.2
107.206
110.583
103.835
107.199
107.192
107.387
107.007
107.207
107.192
107.199
107.199
107.218
107.185
107.191
107.2
107.24
107.166
107.439
106.963
107.192
107.206
107.451
109.839
104.304
107.207
107.218
107.199
107.185
107.184
107.688
106.744
107.181
107.266
107.136
107.207
107.184
107.207
107.203
107.199
107.199
107.199
107.218
107.185
111.808
103.868
105.94
107.199
107.207
107.192
107.184
107.199
107.2
107.199
107.21
107.192
107.199
107.2
107.203
107.206
107.2
107.312
107.097
107.192
107.199
107.185
108.176
106.286
107.162
107.191
107.177
107.199
107.361
107.057
107.199
107.199
107.199
107.203
107.2
107.199
107.278
107.12
107.2
107.203
107.199
107.192
107.199
109.774
104.643
107.184
107.192
107.192
107.24
107.207
107.177
107.192
107.206
107.2
107.203
107.342
107.056
107.199
107.2
107.203
107.199
107.199
107.199
107.2
111.417
102.977
107.222
107.218
107.199
107.192
107.361
107.256
106.992
107.166
107.203
107.278
107.12
107.199
107.203
107.2
107.199
107.199
107.305
107.094
107.199
107.203
107.966
106.44
107.177
107.218
107.214
107.169
107.192
107.225
107.2
107.199
107.192
107.206
107.2
107.203
107.199
107.192
107.368
107.041
107.2
107.191
107.207
109.857
104.527
107.199
107.199
107.196
107.199
107.24
107.32
107.056
107.2
107.206
107.203
107.2
107.191
107.433
106.973
107.207
107.196
107.199
107.192
107.206
111.32
103.068
107.229
107.192
107.225
107.173
107.259
107.173
107.162
107.199
107.218
107.185
107.206
107.369
107.022
107.2
107.203
107.199
107.192
107.221
107.185
107.203
108.03
106.361
107.375
107.016
107.233
107.21
107.511
106.873
107.206
107.192
107.199
107.185
107.221
107.185
107.199
107.195
107.2
107.206
107.2
107.203
107.199
109.823
104.583
107.218
107.158
107.252
107.165
107.192
107.218
107.192
107.199
107.192
107.206
107.275
107.128
107.199
107.192
107.199
107.21
107.2
107.191
107.207
110.929
103.447
107.241
107.199
107.218
107.18
107.203
107.632
106.737
107.214
107.199
107.2
107.203
107.199
107.199
107.192
107.207
107.199
107.203
107.199
107.199
107.177
108.425
105.992
107.192
107.248
107.199
107.185
107.255
107.121
107.206
107.2
107.203
107.199
107.199
107.199
107.2
107.203
107.199
107.192
107.218
107.191
107.2
108.985
105.398
107.199
107.286
107.113
107.233
107.398
107.049
107.139
107.2
107.199
107.199
107.199
107.2
107.203
107.199
107.199
107.192
107.207
107.203
107.199
111.695
102.722
107.184
107.222
107.177
107.199
107.233
107.192
107.177
107.199
107.199
107.199
107.203
107.279
107.12
107.199
107.207
107.184
107.211
107.199
107.207
107.225
107.79
106.579
107.184
107.229
107.203
107.181
107.338
107.289
106.967
107.214
107.21
107.192
107.188
107.196
107.214
107.195
107.2
107.206
107.192
107.199
107.218
108.32
106.094
107.21
107.158
107.218
107.2
107.319
107.057
107.206
107.218
107.286
107.098
107.199
107.218
107.184
107.2
107.199
107.192
107.221
107.185
107.218
109.913
104.489
107.173
107.192
107.203
107.229
107.177
107.575
106.831
107.203
107.199
107.199
107.192
107.207
107.203
107.199
107.199
107.192
107.207
107.203
107.199
111.504
102.928
107.151
107.24
107.192
107.218
107.229
107.154
107.185
107.199
107.192
107.206
107.2
107.199
107.203
107.199
107.199
107.2
107.199
107.203
107.192
107.214
107.199
107.196
107.188
107.21
107.214
107.2
107.188
107.439
106.952
107.206
107.203
107.406
106.993
107.199
107.271
107.131
107.192
107.207
107.199
107.199
107.2
107.199
107.876
106.541
107.169
107.218
107.215
107.184
107.214
107.184
107.2
107.203
107.191
107.2
107.206
107.2
107.203
107.199
107.447
106.951
107.203
107.2
107.334
108.865
105.432
107.184
107.185
107.221
107.207
107.211
107.304
107.057
107.191
107.207
107.199
107.2
107.203
107.199
107.207
107.199
107.192
107.289
107.12
107.207
110.963
103.428
107.196
107.214
107.177
107.206
107.256
107.143
107.203
107.255
107.162
107.184
107.2
107.199
107.207
107.191
107.354
107.049
107.199
107.192
107.225
109.726
104.658
107.184
107.229
107.177
107.207
107.225
107.47
106.94
107.165
107.2
107.203
107.199
107.207
107.21
107.263
107.121
107.199
107.199
107.199
107.2
111.338
103.049
107.199
107.214
107.185
107.199
107.425
106.992
107.199
107.2
107.203
107.199
107.199
107.192
107.214
107.196
107.199
107.192
107.206
107.2
107.203
107.383
108.305
105.943
107.177
107.214
107.162
107.199
107.278
107.384
106.955
107.199
107.192
107.206
107.203
107.2
107.199
107.192
107.206
107.203
107.2
107.199
107.207
109.394
105.015
107.166
107.218
107.199
107.192
107.319
107.091
107.199
107.293
107.109
107.188
107.207
107.195
107.207
107.199
107.203
107.2
107.199
107.199
107.199
111.305
103.098
107.199
107.184
107.222
107.192
107.218
107.353
107.071
107.158
107.203
107.2
107.199
107.199
107.192
107.21
107.215
107.184
107.192
107.225
107.184
107.2
110.071
104.312
107.199
107.2
107.24
107.192
107.417
106.993
107.191
107.2
107.176
107.2
107.206
107.418
106.985
107.199
107.282
107.116
107.2
107.203
107.199
111.233
103.143
107.214
107.207
107.21
107.207
107.184
107.418
106.992
107.192
107.218
107.357
107.026
107.2
107.214
107.199
107.177
107.225
107.2
107.184
107.192
107.206
109.354
105.071
107.169
107.2
107.191
107.2
107.312
107.105
107.432
106.97
107.196
107.203
107.199
107.199
107.199
107.203
107.2
107.199
107.199
107.203
107.196
109.755
104.662
107.169
107.192
107.199
107.248
107.162
107.312
107.101
107.226
107.398
106.97
107.207
107.199
107.2
107.282
107.12
107.199
107.361
107.049
107.199
111.76
102.616
107.222
107.21
107.207
107.211
107.199
107.199
107.166
107.218
107.184
107.199
107.192
107.207
107.203
107.199
107.199
107.199
107.2
107.203
107.199
107.214
107.594
106.767
107.207
107.203
107.199
107.229
107.275
107.113
107.214
107.177
107.199
107.21
107.2
107.199
107.192
107.206
107.203
107.2
107.199
107.199
107.199
109.275
105.135
107.177
107.199
107.207
107.233
107.327
107.049
107.199
107.455
106.944
107.203
107.199
107.334
107.064
107.203
107.2
107.199
107.199
107.192
107.218
111.06
103.353
107.17
107.24
107.192
107.192
107.199
107.594
106.789
107.2
107.218
107.282
107.109
107.191
107.203
107.2
107.206
107.2
107.191
107.2
107.21
107.192
107.786
106.605
107.199
107.192
107.225
107.226
107.199
107.184
107.185
107.199
107.214
107.188
107.214
107.185
107.199
107.192
107.199
107.21
107.2
107.199
107.214
109.41
104.977
107.222
107.211
107.158
107.225
107.199
107.2
107.184
107.199
107.192
107.21
107.2
107.199
107.192
107.432
106.977
107.2
107.27
107.128
107.199
111.049
103.369
107.206
107.207
107.184
107.203
107.207
107.184
107.207
107.177
107.207
107.203
107.199
107.376
107.022
107.2
107.203
107.199
107.192
107.206
107.211
107.199
107.35
107.034
107.225
107.214
107.177
107.271
107.338
106.974
107.207
107.203
107.439
106.959
107.199
107.203
107.2
107.199
107.192
107.206
107.2
107.203
107.199
109.135
105.248
107.233
107.192
107.207
107.177
107.278
107.128
107.203
107.199
107.199
107.192
107.207
107.203
107.199
107.199
107.199
107.203
107.2
107.199
107.192
109.823
104.583
107.218
107.218
107.199
107.184
107.199
107.512
106.872
107.199
107.199
107.218
107.185
107.191
107.207
107.199
107.203
107.2
107.199
107.199
107.214
111.403
102.981
107.237
107.18
107.199
107.203
107.207
107.199
107.177
107.207
107.195
107.207
107.192
107.192
107.199
107.225
107.185
107.191
107.2
107.206
107.2
107.218
108.236
106.162
107.199
107.218
107.177
107.222
107.263
107.545
106.763
107.2
107.199
107.462
106.951
107.185
107.199
107.346
107.049
107.199
107.225
107.185
107.191
109.711
104.695
107.177
107.233
107.207
107.177
107.353
107.056
107.2
107.199
107.263
107.169
107.166
107.203
107.199
107.192
107.206
107.203
107.2
107.233
107.165
109.32
105.112
107.151
107.24
107.192
107.184
107.211
107.398
106.993
107.24
107.158
107.361
107.042
107.199
107.192
107.199
107.207
107.203
107.199
107.192
107.206
110.801
103.617
107.165
107.211
107.184
107.214
107.226
107.184
107.192
107.206
107.297
107.106
107.199
107.192
107.21
107.199
107.222
107.177
107.199
107.192
107.21
107.2
109.229
105.162
107.206
107.185
107.199
107.225
107.192
107.226
107.161
107.215
107.199
107.199
107.199
107.203
107.2
107.383
107.008
107.21
107.199
107.215
107.184
109.504
104.928
107.184
107.2
107.184
107.214
107.361
107.026
107.2
107.199
107.199
107.192
107.207
107.203
107.199
107.207
107.191
107.2
107.218
107.199
107.192
111.112
103.29
107.199
107.192
107.192
107.206
107.264
107.154
107.199
107.263
107.128
107.21
107.185
107.206
107.185
107.21
107.196
107.203
107.191
107.2
107.225
107.177
107.406
107.015
107.169
107.233
107.199
107.2
107.255
107.121
107.21
107.207
107.192
107.199
107.199
107.226
107.173
107.218
107.184
107.199
107.192
107.199
107.211
108.894
105.489
107.199
107.233
107.192
107.184
107.192
107.278
107.139
107.2
107.199
107.286
107.116
107.199
107.2
107.199
107.199
107.199
107.203
107.2
107.199
110.233
104.143
107.214
107.226
107.206
107.196
107.38
107.188
107.015
107.214
107.207
107.33
107.046
107.203
107.454
106.944
107.207
107.203
107.188
107.203
107.192
107.206
107.2
107.176
107.211
107.199
107.35
107.161
107.091
107.391
107.007
107.214
107.2
107.203
107.199
107.199
107.207
107.297
107.098
107.199
107.199
107.199
107.241
108.282
106.06
107.196
107.24
107.166
107.199
107.304
107.113
107.207
107.192
107.199
107.203
107.192
107.199
107.214
107.196
107.199
107.199
107.199
107.203
107.2
110.184
104.207
107.24
107.169
107.215
107.199
107.192
107.191
107.211
107.192
107.191
107.2
107.312
107.097
107.2
107.191
107.2
107.214
107.192
107.203
107.206
111.617
102.789
107.203
107.2
107.191
107.2
107.191
107.444
106.974
107.199
107.184
107.207
107.21
107.185
107.191
107.2
107.206
107.203
107.2
107.206
107.207
107.211
108.74
105.658
107.162
107.248
107.184
107.181
107.203
107.199
107.192
107.334
107.087
107.195
107.192
107.199
107.233
107.169
107.2
107.191
107.2
107.21
107.196
110
104.594
106.992
107.233
107.196
107.195
107.312
107.166
107.112
107.203
107.2
107.199
107.199
107.192
107.21
107.196
107.203
107.199
107.271
107.131
107.2
107.184
107.237
107.176
107.203
107.23
107.154
107.229
107.184
107.203
107.256
107.173
107.162
107.206
107.2
107.203
107.199
107.229
107.169
107.2
107.203
107.199
107.192
107.947
106.444
107.233
107.184
107.214
107.184
107.474
106.944
107.184
107.199
107.199
107.203
107.196
107.301
107.101
107.199
107.203
107.2
107.199
107.199
107.192
109.737
104.68
107.184
107.192
107.199
107.203
107.222
107.199
107.192
107.199
107.2
107.203
107.225
107.173
107.192
107.207
107.199
107.203
107.199
107.199
107.354
111.304
102.929
107.229
107.203
107.214
107.192
107.192
107.353
107.038
107.195
107.2
107.199
107.199
107.214
107.203
107.185
107.206
107.2
107.191
107.2
107.203
107.236
107.737
106.639
107.203
107.2
107.191
107.249
107.184
107.398
107.064
107.09
107.2
107.206
107.203
107.215
107.184
107.199
107.192
107.207
107.203
107.206
107.2
110.902
103.515
107.177
107.199
107.229
107.169
107.376
107.042
107.184
107.199
107.199
107.203
107.2
107.199
107.199
107.203
107.196
107.203
107.199
107.192
107.206
110.951
103.467
107.184
107.214
107.203
107.214
107.151
107.218
107.192
107.218
107.188
107.203
107.199
107.188
107.21
107.2
107.203
107.191
107.207
107.199
107.395
107.023
108.056
106.346
107.199
107.199
107.192
107.199
107.384
107.007
107.2
107.225
107.177
107.199
107.199
107.2
107.203
107.199
107.199
107.455
106.944
107.203
107.199
109.071
105.342
107.203
107.2
107.184
107.214
107.282
107.105
107.2
107.304
107.094
107.199
107.203
107.2
107.199
107.199
107.199
107.192
107.203
107.207
107.199
111.019
103.413
107.192
107.177
107.218
107.188
107.21
107.271
107.113
107.192
107.206
107.2
107.203
107.199
107.192
107.21
107.196
107.203
107.199
107.199
107.207
107.195
107.504
106.902
107.192
107.177
107.207
107.203
107.229
107.192
107.191
107.203
107.2
107.199
107.199
107.199
107.2
107.21
107.192
107.207
107.21
107.199
107.185
109.199
105.225
107.173
107.203
107.222
107.184
107.192
107.192
107.225
107.185
107.199
107.192
107.199
107.218
107.188
107.203
107.192
107.206
107.203
107.215
107.191
110.647
103.722
107.222
107.218
107.199
107.162
107.199
107.225
107.448
106.951
107.192
107.206
107.211
107.192
107.191
107.2
107.21
107.196
107.203
107.199
107.312
107.101
107.504
106.891
107.199
107.2
107.191
107.203
107.32
107.079
107.199
107.199
107.2
107.203
107.195
107.196
107.206
107.2
107.203
107.376
107.022
107.199
107.226
108.632
105.751
107.177
107.214
107.2
107.203
107.214
107.184
107.192
107.21
107.196
107.195
107.2
107.199
107.21
107.2
107.312
107.079
107.206
107.2
107.203
110.421
104
107.195
107.181
107.21
107.199
107.305
107.334
106.963
107.192
107.191
107.2
107.206
107.2
107.203
107.199
107.192
107.199
107.207
107.199
107.195
111.561
102.857
107.18
107.203
107.222
107.199
107.203
107.312
107.072
107.199
107.192
107.206
107.2
107.218
107.184
107.192
107.214
107.21
107.185
107.191
107.414
106.992
108.177
106.226
107.233
107.158
107.225
107.184
107.399
107
107.184
107.214
107.2
107.218
107.184
107.207
107.191
107.203
107.2
107.206
107.384
107.007
107.2
110.267
104.157
107.162
107.199
107.215
107.184
107.274
107.143
107.384
107.015
107.218
107.191
107.192
107.192
107.225
107.181
107.195
107.2
107.206
107.2
107.24
111.312
103.068
107.173
107.225
107.2
107.199
107.162
107.263
107.158
107.195
107.207
107.192
107.199
107.207
107.199
107.195
107.2
107.206
107.2
107.203
107.191
107.215
108.297
106.094
107.203
107.233
107.15
107.241
107.173
107.195
107.207
107.192
107.206
107.2
107.203
107.199
107.192
107.206
107.233
107.17
107.191
107.2
107.206
109.354
105.064
107.184
107.192
107.206
107.305
107.139
107.335
107.015
107.206
107.2
107.203
107.191
107.2
107.206
107.2
107.203
107.199
107.192
107.206
107.203
107.2
107.214
107.199
107.203
107.199
107.2
107.278
107.154
107.158
107.395
107
107.199
107.199
107.282
107.117
107.199
107.195
107.207
107.192
107.199
107.395
107.015
107.553
106.853
107.195
107.222
107.177
107.233
107.519
106.864
107.185
107.191
107.248
107.173
107.185
107.218
107.176
107.2
107.221
107.185
107.203
107.199
107.199
109.666
104.733
107.203
107.199
107.214
107.211
107.158
107.218
107.199
107.192
107.199
107.214
107.211
107.176
107.207
107.218
107.181
107.21
107.192
107.207
107.206
111.388
102.985
107.214
107.188
107.188
107.248
107.162
107.428
106.985
107.199
107.203
107.211
107.188
107.199
107.203
107.357
107.042
107.191
107.23
107.176
107.2
107.203
107.902
106.481
107.233
107.199
107.2
107.199
107.177
107.206
107.211
107.188
107.203
107.199
107.192
107.207
107.203
107.199
107.192
107.206
107.203
107.2
107.402
110.365
103.845
107.173
107.23
107.206
107.2
107.331
107.142
107.106
107.199
107.383
107.015
107.2
107.203
107.199
107.199
107.199
107.2
107.203
107.199
107.199
110.729
103.647
107.207
107.233
107.203
107.199
107.199
107.185
107.199
107.199
107.199
107.203
107.2
107.199
107.192
107.206
107.2
107.451
106.947
107.196
107.319
107.072
107.199
107.24
107.192
107.188
107.214
107.2
107.447
106.929
107.225
107.184
107.2
107.191
107.2
107.206
107.203
107.2
107.199
107.192
107.199
107.21
107.207
108.312
106.102
107.195
107.184
107.279
107.112
107.35
107.056
107.218
107.181
107.203
107.207
107.199
107.21
107.192
107.192
107.199
107.199
107.2
107.203
107.206
109.655
104.714
107.207
107.225
107.214
107.192
107.203
107.568
106.816
107.206
107.185
107.206
107.2
107.203
107.191
107.207
107.199
107.2
107.199
107.203
107.214
111.481
102.906
107.233
107.2
107.173
107.21
107.271
107.158
107.154
107.192
107.206
107.203
107.2
107.199
107.192
107.214
107.195
107.196
107.195
107.2
107.199
107.233
109.312
105.064
107.214
107.192
107.192
107.21
107.342
107.312
106.936
107.203
107.2
107.199
107.199
107.199
107.203
107.2
107.199
107.199
107.199
107.2
107.203
109.872
104.541
107.162
107.225
107.2
107.206
107.185
107.206
107.312
107.128
107.162
107.199
107.207
107.192
107.203
107.191
107.207
107.199
107.2
107.203
107.199
111.695
102.688
107.233
107.2
107.184
107.214
107.196
107.188
107.203
107.199
107.199
107.207
107.195
107.2
107.199
107.327
107.071
107.203
107.2
107.199
107.199
107.214
108.061
106.342
107.206
107.192
107.177
107.24
107.241
107.128
107.192
107.206
107.203
107.2
107.391
107.007
107.199
107.203
107.2
107.199
107.192
107.206
107.218
110.109
104.29
107.177
107.214
107.192
107.184
107.203
107.519
106.894
107.203
107.2
107.199
107.199
107.218
107.184
107.2
107.199
107.192
107.221
107.433
106.97
111.206
105.207
105.203
107.169
107.215
107.176
107.2
107.214
107.192
107.21
107.192
107.199
107.218
107.199
107.185
107.199
107.192
107.417
106.992
107.2
107.199
107.199
108.481
105.936
107.2
107.199
107.203
107.195
107.26
107.312
107.007
107.2
107.206
107.203
107.2
107.191
107.2
107.199
107.21
107.2
107.199
107.192
107.214
109.417
104.959
107.21
107.222
107.188
107.196
107.304
107.098
107.199
107.199
107.2
107.203
107.199
107.199
107.199
107.2
107.203
107.199
107.192
107.206
107.2
110.943
103.451
107.192
107.248
107.169
107.2
107.199
107.192
107.206
107.2
107.199
107.195
107.2
107.21
107.188
107.211
107.199
107.192
107.206
107.2
107.199
107.195
107.733
106.658
107.215
107.225
107.226
107.421
106.955
107.184
107.278
107.139
107.181
107.191
107.312
107.091
107.206
107.185
107.206
107.226
107.177
107.199
107.218
107.188
107.218
108.553
105.845
107.17
107.184
107.233
107.413
107.185
106.992
107.211
107.237
107.161
107.199
107.192
107.184
107.241
107.192
107.184
107.199
107.199
107.211
107.263
108.15
106.177
107.218
107.173
107.233
107.214
107.2
107.161
107.192
107.211
107.206
107.185
107.206
107.211
107.214
107.305
107.09
107.18
107.211
107.207
107.184
109.383
105.057
107.176
107.17
107.206
107.226
107.308
107.147
107.135
107.199
107.207
107.192
107.199
107.387
107.008
107.199
107.192
107.207
107.203
107.206
107.185
110.47
104.112
107.042
107.199
107.169
107.241
107.176
107.2
107.221
107.177
107.218
107.181
107.203
107.214
107.192
107.199
107.21
107.185
107.199
107.199
107.455
106.955
107.413
107
107.207
107.177
107.203
107.192
107.206
107.185
107.206
107.2
107.21
107.184
107.207
107.218
107.181
107.203
107.199
107.417
106.981
107.211
107.214
109.087
105.315
107.166
107.199
107.199
107.218
107.2
107.199
107.203
107.192
107.199
107.199
107.207
107.199
107.196
107.199
107.207
107.191
107.211
107.192
107.199
107.207
107.176
107.241
107.158
107.21
107.2
107.214
107.323
107.079
107.192
107.199
107.199
107.203
107.2
107.206
107.2
107.199
107.192
107.199
107.21
107.192
107.207
107.402
106.974
107.218
107.192
107.233
107.214
107.158
107.323
107.079
107.226
107.191
107.185
107.199
107.229
107.192
107.226
107.169
107.191
107.185
107.214
107.192
108.947
105.47
107.214
107.169
107.2
107.203
107.221
107.211
107.165
107.203
107.455
106.951
107.215
107.176
107.192
107.226
107.184
107.192
107.225
107.192
111.15
103.241
107.192
107.24
107.184
107.215
107.176
107.192
107.199
107.418
107
107.176
107.207
107.199
107.203
107.2
107.199
107.199
107.203
107.199
107.2
107.199
107.398
106.993
107.225
107.185
107.206
107.207
107.188
107.188
107.338
107.072
107.192
107.199
107.21
107.196
107.203
107.192
107.206
107.2
107.218
107.176
107.211
109.684
104.714
107.215
107.199
107.184
107.226
107.27
107.106
107.199
107.297
107.101
107.2
107.203
107.199
107.199
107.199
107.211
107.192
107.191
107.207
107.199
107.203
107.181
107.233
107.203
107.199
107.184
107.207
107.526
106.865
107.199
107.203
107.2
107.199
107.192
107.206
107.339
107.064
107.199
107.192
107.225
107.184
107.215
107.737
106.624
107.199
107.207
107.233
107.218
107.158
107.206
107.203
107.2
107.191
107.2
107.206
107.203
107.2
107.191
107.207
107.192
107.207
107.203
107.413
108.666
105.537
107.199
107.2
107.199
107.192
107.21
107.406
106.978
107.199
107.199
107.214
107.185
107.218
107.222
107.169
107.184
107.225
107.2
107.184
107.207
110.199
104.21
107.192
107.199
107.226
107.169
107.357
107.049
107.192
107.192
107.199
107.207
107.203
107.214
107.184
107.199
107.203
107.196
107.203
107.199
107.203
107.229
107.185
107.176
107.2
107.225
107.207
107.192
107.334
107.049
107.199
107.2
107.203
107.191
107.2
107.206
107.2
107.203
107.199
107.192
107.263
107.161
107.185
108.646
105.786
107.158
107.225
107.192
107.312
107.113
107.165
107.203
107.222
107.177
107.199
107.192
107.21
107.2
107.199
107.319
107.079
107.2
107.203
107.206
109.914
104.477
107.192
107.196
107.221
107.192
107.177
107.489
106.943
107.192
107.192
107.421
106.985
107.203
107.191
107.264
107.142
107.203
107.188
107.211
107.192
111.736
102.673
107.181
107.233
107.199
107.199
107.361
107.008
107.218
107.192
107.206
107.203
107.192
107.207
107.199
107.192
107.218
107.192
107.199
107.192
107.206
107.2
107.699
106.684
107.211
107.206
107.192
107.233
107.207
107.402
107.072
107.097
107.196
107.203
107.199
107.199
107.203
107.2
107.199
107.199
107.199
107.203
107.207
109.504
104.88
107.24
107.184
107.185
107.199
107.278
107.154
107.184
107.241
107.143
107.192
107.206
107.203
107.2
107.195
107.203
107.335
107.082
107.185
107.199
111.56
102.831
107.184
107.241
107.176
107.215
107.225
107.305
107.064
107.199
107.192
107.206
107.203
107.215
107.184
107.199
107.192
107.21
107.192
107.207
107.192
107.248
109.582
104.786
107.184
107.192
107.233
107.173
107.192
107.21
107.2
107.206
107.2
107.203
107.199
107.199
107.199
107.2
107.203
107.199
107.192
107.206
107.226
109.15
105.233
107.177
107.207
107.184
107.233
107.214
107.625
106.751
107.327
107.076
107.199
107.192
107.199
107.207
107.203
107.199
107.199
107.192
107.425
106.985
110.894
103.512
107.225
107.166
107.21
107.222
107.267
107.184
107.117
107.203
107.199
107.192
107.206
107.203
107.2
107.199
107.192
107.21
107.196
107.203
107.199
107.214
107.993
106.368
107.241
107.199
107.218
107.18
107.188
107.343
107.056
107.199
107.199
107.2
107.203
107.191
107.2
107.206
107.203
107.2
107.319
107.072
107.206
109.042
105.376
107.191
107.226
107.18
107.203
107.215
107.169
107.199
107.199
107.2
107.203
107.206
107.192
107.199
107.203
107.215
107.248
107.135
107.199
107.203
110.35
104.056
107.192
107.233
107.169
107.181
107.21
107.207
107.192
107.24
107.17
107.191
107.215
107.184
107.207
107.203
107.206
107.185
107.225
107.173
107.218
107.184
107.463
106.977
107.143
107.241
107.199
107.177
107.206
107.203
107.215
107.176
107.222
107.184
107.2
107.203
107.199
107.192
107.214
107.192
107.203
107.199
107.402
108.271
105.925
107.225
107.425
106.966
107.256
107.139
107.192
107.199
107.199
107.192
107.207
107.203
107.199
107.192
107.199
107.21
107.2
107.191
107.343
107.075
107.958
106.463
107.169
107.233
107.158
107.225
107.264
107.12
107.199
107.199
107.203
107.188
107.211
107.199
107.199
107.203
107.2
107.199
107.192
107.206
107.2
109.082
105.327
107.177
107.233
107.192
107.192
107.206
107.192
107.256
107.143
107.203
107.191
107.2
107.206
107.2
107.203
107.383
107.015
107.192
107.21
107.2
110.759
103.654
107.169
107.2
107.233
107.184
107.413
107.177
107.008
107.203
107.191
107.2
107.206
107.203
107.2
107.199
107.199
107.199
107.192
107.211
107.206
111.76
102.68
107.185
107.165
107.218
107.162
107.312
107.158
107.154
107.199
107.278
107.139
107.196
107.203
107.184
107.199
107.192
107.207
107.218
107.184
107.192
107.214
109.474
104.943
107.203
107.222
107.169
107.199
107.504
106.88
107.199
107.192
107.207
107.203
107.199
107.192
107.24
107.166
107.203
107.191
107.215
107.191
107.218
110.335
104.049
107.214
107.203
107.196
107.21
107.162
107.207
107.361
107.048
107.2
107.199
107.214
107.184
107.211
107.192
107.432
106.966
107.199
107.2
107.203
107.263
107.135
107.218
107.184
107.2
107.184
107.192
107.447
106.974
107.203
107.248
107.143
107.206
107.203
107.2
107.199
107.192
107.199
107.207
107.203
107.199
107.222
108.707
105.703
107.169
107.214
107.177
107.199
107.192
107.214
107.195
107.207
107.199
107.203
107.421
106.97
107.2
107.206
107.312
107.091
107.191
107.207
107.192
110.162
104.229
107.218
107.218
107.195
107.203
107.192
107.305
107.079
107.21
107.199
107.2
107.206
107.185
107.278
107.131
107.2
107.199
107.192
107.206
107.207
111.29
106
104.312
107.184
107.184
107.233
107.207
107.199
107.184
107.211
107.199
107.192
107.192
107.206
107.2
107.203
107.199
107.199
107.199
107.211
107.184
107.207
108.12
106.297
107.199
107.17
107.199
107.244
107.418
106.954
107.2
107.199
107.199
107.199
107.218
107.2
107.191
107.192
107.199
107.2
107.218
107.184
107.199
110.128
104.289
107.192
107.214
107.192
107.199
107.203
107.185
107.214
107.177
107.225
107.199
107.2
107.184
107.192
107.214
107.346
107.049
107.199
107.199
107.192
111.744
102.666
107.184
107.214
107.192
107.233
107.158
107.368
107.042
107.199
107.21
107.2
107.199
107.192
107.206
107.211
107.192
107.199
107.192
107.206
107.2
107.225
108.282
106.079
107.192
107.207
107.199
107.267
107.173
107.169
107.21
107.2
107.199
107.192
107.361
107.048
107.2
107.199
107.192
107.206
107.2
107.203
107.229
110.241
104.146
107.188
107.211
107.176
107.241
107.222
107.41
106.936
107.191
107.207
107.199
107.203
107.2
107.199
107.199
107.203
107.196
107.436
106.966
107.199
107.192
107.225
107.185
107.199
107.184
107.229
107.203
107.185
107.199
107.391
107.007
107.2
107.203
107.199
107.192
107.206
107.2
107.203
107.199
107.192
107.206
107.207
108.241
106.139
107.214
107.184
107.215
107.184
107.387
107.03
107.199
107.2
107.203
107.199
107.319
107.079
107.425
106.978
107.199
107.199
107.203
107.214
107.185
107.206
107.207
107.97
106.44
107.192
107.218
107.18
107.188
107.335
107.056
107.207
107.192
107.206
107.2
107.199
107.203
107.199
107.199
107.203
107.2
107.206
107.181
107.203
107.199
107.226
107.184
107.214
107.203
107.237
107.162
107.199
107.177
107.206
107.218
107.192
107.327
107.064
107.207
107.195
107.2
107.255
107.143
107.199
109.162
105.241
107.184
107.222
107.176
107.233
107.192
107.207
107.425
106.958
107.203
107.2
107.27
107.128
107.199
107.203
107.2
107.199
107.192
107.206
107.218
110.256
104.143
107.199
107.199
107.211
107.192
107.44
107.154
106.981
107.21
107.196
107.203
107.199
107.199
107.192
107.211
107.199
107.192
107.206
107.2
107.218
107.206
107.17
107.199
107.207
107.184
107.233
107.304
107.162
107.128
107.308
107.083
107.192
107.199
107.21
107.2
107.199
107.413
106.978
107.21
107.2
107.199
107.199
107.666
106.751
107.192
107.207
107.177
107.206
107.561
106.857
107.184
107.199
107.199
107.2
107.203
107.199
107.35
107.041
107.21
107.2
107.199
107.192
107.24
109.342
105.027
107.191
107.192
107.248
107.192
107.177
107.225
107.237
107.15
107.211
107.177
107.199
107.226
107.191
107.184
107.207
107.192
107.207
107.191
107.203
107.207
107.199
108.185
106.455
106.977
107.192
107.214
107.192
107.191
107.211
107.207
107.368
107.008
107.218
107.237
107.139
107.199
107.226
107.18
107.21
107.185
107.199
107.192
111.68
102.722
107.222
107.199
107.192
107.21
107.177
107.383
107.038
107.192
107.218
107.184
107.199
107.199
107.2
107.191
107.211
107.192
107.199
107.319
107.087
107.192
109.402
104.977
107.241
107.18
107.218
107.185
107.27
107.136
107.199
107.199
107.196
107.199
107.207
107.191
107.211
107.192
107.199
107.207
107.199
107.203
107.188
111.132
103.921
106.563
107.203
107.2
107.191
107.2
107.248
107.146
107.2
107.206
107.2
107.191
107.207
107.339
107.063
107.192
107.199
107.207
107.196
107.206
107.211
107.229
107.162
107.207
107.191
107.211
107.199
107.177
107.207
107.44
106.951
107.206
107.203
107.264
107.135
107.199
107.199
107.211
107.192
107.199
107.199
107.399
109.409
104.801
107.207
107.177
107.214
107.21
107.297
107.271
107.023
107.203
107.188
107.21
107.192
107.199
107.207
107.192
107.203
107.206
107.354
107.037
107.226
107.192
107.207
107.195
107.199
107.181
107.218
107.304
107.094
107.184
107.226
107.177
107.214
107.184
107.199
107.211
107.192
107.214
107.184
107.207
107.195
107.215
108.466
105.94
107.21
107.192
107.192
107.248
107.158
107.402
106.981
107.196
107.206
107.192
107.203
107.203
107.196
107.376
107.045
107.203
107.184
107.229
107.177
109.586
104.79
107.241
107.176
107.199
107.219
107.229
107.15
107.211
107.191
107.185
107.206
107.211
107.199
107.215
107.176
107.199
107.211
107.184
107.199
110.448
103.958
107.185
107.233
107.169
107.192
107.199
107.222
107.203
107.199
107.192
107.199
107.21
107.2
107.199
107.199
107.199
107.2
107.203
107.199
107.207
111.537
103.177
106.902
107.184
107.207
107.203
107.181
107.402
107.184
107.008
107.206
107.361
107.042
107.199
107.192
107.206
107.203
107.2
107.199
107.44
106.958
107.203
110.782
104.166
106.635
107.214
107.203
107.2
107.293
107.105
107.233
107.169
107.2
107.191
107.2
107.206
107.203
107.207
107.192
107.192
107.199
107.21
107.279
107.143
107.695
106.68
107.2
107.184
107.233
107.184
107.538
106.864
107.2
107.199
107.248
107.15
107.203
107.2
107.199
107.199
107.199
107.2
107.203
107.199
107.199
108.97
105.429
107.199
107.218
107.177
107.225
107.199
107.185
107.199
107.192
107.206
107.203
107.448
106.951
107.192
107.199
107.207
107.218
107.184
107.199
107.199
111.403
102.985
107.237
107.21
107.199
107.181
107.188
107.413
107
107.184
107.218
107.185
107.199
107.207
107.184
107.225
107.185
107.199
107.199
107.192
107.207
108.992
105.402
107.192
107.207
107.21
107.188
107.346
107.072
107.184
107.21
107.2
107.199
107.192
107.334
107.075
107.192
107.207
107.199
107.199
107.203
107.2
110.894
103.519
107.203
107.215
107.169
107.206
107.177
107.605
106.794
107.282
107.135
107.192
107.206
107.2
107.203
107.191
107.207
107.199
107.2
107.203
107.191
107.241
107.647
106.736
107.2
107.199
107.214
107.169
107.218
107.185
107.199
107.199
107.199
107.203
107.2
107.199
107.199
107.192
107.199
107.207
107.203
107.192
107.199
109.226
105.199
107.199
107.184
107.199
107.203
107.215
107.44
106.958
107.177
107.21
107.2
107.199
107.199
107.192
107.207
107.203
107.195
107.275
107.12
107.207
107.184
108.474
105.958
107.203
107.2
107.199
107.391
106.992
107.199
107.2
107.203
107.199
107.192
107.376
107.022
107.211
107.199
107.199
107.199
107.219
107.184
107.206
107.2
107.169
107.248
107.162
107.244
107.241
107.33
106.997
107.304
107.105
107.192
107.199
107.219
107.199
107.184
107.199
107.203
107.196
107.203
107.199
107.263
108.583
105.786
107.191
107.177
107.233
107.15
107.279
107.139
107.199
107.368
107.049
107.184
107.207
107.199
107.2
107.191
107.234
107.169
107.199
107.199
107.192
109.992
104.433
107.184
107.177
107.27
107.136
107.203
107.526
106.887
107.199
107.203
107.2
107.199
107.199
107.199
107.203
107.2
107.199
107.199
107.29
107.112
111.478
102.944
107.21
107.143
107.241
108.815
105.575
107.177
107.214
107.203
107.2
107.199
107.192
107.206
107.203
107.2
107.199
107.192
107.206
107.203
107.2
107.278
109.53
104.823
107.192
107.177
107.222
107.176
107.218
107.2
107.184
107.3
107.098
107.199
107.2
107.203
107.191
107.335
107.071
107.203
107.2
107.199
107.199
110.32
104.067
107.237
107.169
107.222
107.184
107.339
107.079
107.184
107.192
107.206
107.2
107.203
107.285
107.106
107.21
107.196
107.203
107.199
107.192
107.206
107.203
107.215
107.176
107.241
107.199
107.2
107.176
107.32
107.064
107.229
107.18
107.35
107.049
107.199
107.199
107.203
107.2
107.199
107.199
107.218
107.181
107.203
108.774
105.617
107.199
107.226
107.214
107.176
107.207
107.203
107.184
107.286
107.12
107.2
107.21
107.181
107.203
107.199
107.199
107.418
106.981
107.203
107.263
109.906
104.462
107.2
107.15
107.218
107.184
107.233
107.421
106.963
107.214
107.184
107.199
107.219
107.199
107.199
107.353
107.023
107.207
107.225
107.177
107.207
110.958
103.425
107.218
107.192
107.184
107.23
107.345
107.151
107.082
107.207
107.199
107.2
107.203
107.428
106.97
107.199
107.2
107.199
107.203
107.192
107.206
107.203
108.038
106.395
107.195
107.203
107.2
107.218
107.165
107.177
107.274
107.132
107.203
107.191
107.207
107.199
107.2
107.255
107.147
107.199
107.192
107.207
107.203
109.59
104.835
107.157
107.234
107.172
107.211
107.263
107.151
107.187
107.2
107.199
107.192
107.206
107.2
107.203
107.191
107.207
107.199
107.2
107.203
107.191
111.726
102.665
107.218
107.181
107.203
107.199
107.199
107.335
107.09
107.192
107.192
107.206
107.2
107.203
107.199
107.199
107.192
107.207
107.203
107.199
107.199
107.218
107.617
106.789
107.177
107.233
107.199
107.185
107.349
107.034
107.192
107.233
107.176
107.2
107.199
107.199
107.192
107.207
107.218
107.319
107.064
107.192
107.207
109.097
105.312
107.192
107.192
107.195
107.215
107.214
107.346
107.037
107.305
107.098
107.206
107.192
107.218
107.181
107.297
107.105
107.199
107.218
107.184
107.207
110.801
103.936
106.872
107.166
107.214
107.218
107.263
107.154
107.169
107.196
107.195
107.207
107.218
107.335
107.049
107.191
107.2
107.206
107.203
107.207
107.192
107.199
107.519
106.88
107.188
107.195
107.203
107.199
107.414
106.985
107.218
107.199
107.199
107.297
107.106
107.191
107.207
107.199
107.2
107.203
107.199
107.414
106.984
109.313
105.097
107.177
107.244
107.185
107.18
107.44
106.973
107.185
107.206
107.203
107.196
107.195
107.2
107.199
107.207
107.195
107.384
107.015
107.206
107.203
111.376
103.008
107.199
107.199
107.192
107.241
107.184
107.199
107.215
107.187
107.2
107.199
107.192
107.199
107.21
107.2
107.199
107.192
107.206
107.203
107.207
107.207
107.56
106.816
107.192
107.225
107.199
107.177
107.305
107.109
107.203
107.191
107.215
107.191
107.203
107.2
107.199
107.199
107.192
107.267
107.143
107.199
107.199
109.057
105.368
107.199
107.192
107.199
107.203
107.215
107.383
106.981
107.23
107.172
107.219
107.184
107.191
107.2
107.24
107.169
107.215
107.184
107.199
107.233
107.166
107.203
107.184
107.222
107.191
107.219
107.447
106.936
107.199
107.218
107.181
107.218
107.184
107.192
107.21
107.222
107.177
107.199
107.199
107.199
107.2
111.473
103.038
107.083
107.191
107.249
107.203
107.188
107.289
107.263
107.023
107.203
107.199
107.214
107.177
107.207
107.203
107.191
107.207
107.199
107.2
107.203
107.214
108.744
105.632
107.207
107.225
107.177
107.226
107.327
107.037
107.211
107.199
107.199
107.192
107.21
107.2
107.199
107.192
107.206
107.2
107.203
107.199
107.199
109.914
104.504
107.165
107.233
107.218
107.199
107.192
107.177
107.191
107.2
107.206
107.2
107.203
107.191
107.207
107.199
107.192
107.211
107.199
107.192
107.206
111.44
102.948
107.199
107.237
107.161
107.192
107.207
107.233
107.184
107.199
107.2
107.203
107.199
107.199
107.199
107.192
107.207
107.195
107.207
107.192
107.207
107.203
108.263
106.143
107.207
107.184
107.21
107.2
107.206
107.192
107.177
107.233
107.184
107.199
107.199
107.2
107.203
107.199
107.199
107.199
107.203
107.2
107.214
109.696
104.699
107.191
107.222
107.185
107.225
107.598
106.774
107.301
107.102
107.334
107.049
107.21
107.2
107.191
107.2
107.199
107.455
106.955
107.199
107.214
111.786
102.583
107.248
107.192
107.169
107.24
107.248
107.128
107.44
106.966
107.177
107.207
107.195
107.215
107.184
107.222
107.184
107.203
107.199
107.199
107.267
107.158
108.305
106.094
107.161
107.233
107.2
107.199
107.263
107.113
107.199
107.21
107.245
107.154
107.199
107.199
107.192
107.207
107.203
107.226
107.172
107.2
107.21
107.192
107.793
106.639
107.151
107.199
107.241
107.184
107.191
107.219
107.184
107.199
107.199
107.425
106.977
107.2
107.278
107.12
107.199
107.203
107.192
107.207
107.199
108.929
105.455
107.218
107.184
107.229
107.162
107.425
107
107.191
107.207
107.199
107.203
107.2
107.199
107.199
107.199
107.2
107.458
106.944
107.199
107.199
107.219
107.165
107.218
107.214
107.184
107.219
107.199
107.447
106.936
107.199
107.2
107.203
107.199
107.203
107.195
107.203
107.2
107.199
107.199
107.305
107.094
111.77
102.632
107.233
107.184
107.166
107.233
107.184
107.267
107.131
107.203
107.264
107.127
107.2
107.206
107.222
107.181
107.199
107.368
107.038
107.195
107.2
107.207
108.665
105.741
107.203
107.169
107.222
107.206
107.218
107.47
106.899
107.199
107.192
107.206
107.211
107.192
107.191
107.2
107.222
107.203
107.184
107.207
107.191
110.29
104.128
107.184
107.207
107.191
107.203
107.44
106.959
107.191
107.207
107.199
107.2
107.218
107.192
107.199
107.184
107.226
107.184
107.207
107.184
107.206
111.737
102.647
107.21
107.222
107.2
107.203
107.297
107.086
107.462
106.936
107.203
107.2
107.342
107.056
107.192
107.218
107.192
107.191
107.207
107.448
106.951
107.24
108.203
106.151
107.199
107.192
107.225
107.192
107.327
107.064
107.207
107.304
107.098
107.199
107.192
107.207
107.203
107.199
107.199
107.203
107.199
107.2
107.199
109.455
104.943
107.234
107.169
107.191
107.23
107.169
107.395
107.015
107.191
107.207
107.192
107.21
107.2
107.191
107.207
107.199
107.2
107.199
107.211
107.184
109.015
105.368
107.207
107.203
107.199
107.199
107.249
107.176
107.2
107.191
107.199
107.203
107.2
107.199
107.199
107.192
107.21
107.2
107.199
107.199
107.199
110.219
104.188
107.218
107.191
107.177
107.207
107.199
107.203
107.192
107.225
107.184
107.2
107.383
107.008
107.225
107.184
107.23
107.169
107.199
107.192
107.21
111.576
102.924
107.083
107.248
107.185
107.191
107.222
107.331
107.056
107.181
107.44
106.97
107.191
107.199
107.219
107.184
107.207
107.199
107.184
107.211
107.206
107.192
108.665
105.767
107.158
107.211
107.199
107.184
107.256
107.425
106.951
107.184
107.199
107.199
107.275
107.128
107.199
107.199
107.199
107.204
107.199
107.199
107.199
110
104.425
107.158
107.203
107.229
107.203
107.256
107.173
107.162
107.191
107.226
107.177
107.195
107.203
107.192
107.199
107.211
107.199
107.191
107.207
107.199
111.843
102.56
107.199
107.233
107.158
107.233
107.192
107.184
107.192
107.21
107.196
107.203
107.199
107.199
107.192
107.211
107.191
107.207
107.192
107.199
107.211
107.184
107.436
106.985
107.176
107.234
107.176
107.192
107.413
107
107.2
107.203
107.191
107.2
107.199
107.207
107.353
107.049
107.199
107.215
107.184
107.21
107.184
109.361
105.064
107.2
107.165
107.226
107.206
107.203
107.185
107.199
107.199
107.192
107.21
107.2
107.199
107.199
107.199
107.199
107.204
107.191
107.207
107.199
107.267
107.158
107.192
107.176
107.222
107.218
107.185
107.278
107.113
107.184
107.206
107.204
107.214
107.192
107.199
107.184
107.226
107.184
107.199
107.207
107.191
107.204
107.492
106.898
107.192
107.207
107.211
107.195
107.195
107.391
107.031
107.184
107.199
107.203
107.199
107.199
107.204
107.214
107.199
107.177
107.199
107.207
107.203
110.853
103.553
107.21
107.181
107.21
107.222
107.425
106.962
107.181
107.203
107.199
107.199
107.192
107.211
107.199
107.199
107.199
107.199
107.204
107.187
107.211
110.511
104.312
106.752
107.241
107.192
107.225
107.305
107.052
107.226
107.184
107.199
107.199
107.459
106.944
107.199
107.199
107.2
107.203
107.199
107.191
107.207
107.184
107.767
106.651
107.214
107.199
107.218
107.185
107.552
106.839
107.184
107.207
107.394
107.008
107.199
107.192
107.278
107.128
107.203
107.191
107.207
107.2
107.199
109.026
105.384
107.176
107.233
107.192
107.192
107.237
107.154
107.207
107.199
107.203
107.199
107.192
107.207
107.203
107.199
107.199
107.199
107.2
107.199
107.225
110.369
104.064
107.12
107.241
107.199
107.218
107.199
107.432
106.937
107.199
107.188
107.203
107.207
107.203
107.199
107.191
107.207
107.192
107.211
107.199
107.207
107.199
108.218
106.192
107.165
107.226
107.169
107.206
107.234
107.297
107.101
107.203
107.199
107.181
107.203
107.207
107.191
107.2
107.353
107.049
107.207
107.184
107.214
108.493
105.924
107.173
107.237
107.15
107.249
107.353
107.173
107.041
107.192
107.211
107.199
107.199
107.214
107.297
107.106
107.184
107.207
107.184
107.225
107.181
107.225
107.2
111.447
102.913
107.455
107.061
107.157
107.143
107.2
107.199
107.203
107.199
107.376
107.023
107.199
107.203
107.199
107.199
107.192
107.211
107.206
107.207
107.199
107.185
107.199
107.218
107.192
107.191
107.481
106.922
107.214
107.176
107.313
107.086
107.211
107.199
107.191
107.207
107.2
107.203
107.195
107.203
107.222
108.297
106.064
107.233
107.192
107.184
107.207
107.203
107.199
107.199
107.199
107.2
107.199
107.203
107.199
107.199
107.2
107.402
107
107.191
107.207
107.233
109.233
105.151
107.176
107.215
107.353
107.064
107.173
107.628
106.774
107.192
107.226
107.184
107.214
107.177
107.462
106.948
107.199
107.199
107.192
107.207
107.203
111.06
103.323
107.199
107.215
107.218
107.199
107.297
107.158
107.128
107.203
107.199
107.188
107.21
107.391
107
107.211
107.214
107.184
107.2
107.218
107.184
107.199
108
106.391
107.192
107.218
107.191
107.2
107.312
107.113
107.184
107.207
107.191
107.207
107.211
107.184
107.24
107.158
107.192
107.226
107.199
107.184
107.192
109.545
104.846
107.199
107.226
107.191
107.215
107.188
107.199
107.207
107.432
106.959
107.199
107.203
107.199
107.199
107.2
107.203
107.199
107.199
107.199
107.2
111.233
103.176
107.169
107.2
107.206
107.234
107.169
107.432
106.974
107.222
107.184
107.233
107.169
107.199
107.2
107.195
107.207
107.199
107.192
107.368
107.038
107.21
107.936
106.44
107.192
107.241
107.199
107.199
107.297
107.087
107.21
107.192
107.207
107.184
107.207
107.203
107.199
107.191
107.328
107.079
107.199
107.203
107.207
107.176
109.312
105.113
107.207
107.184
107.199
107.2
107.312
107.09
107.191
107.2
107.207
107.203
107.199
107.383
107.015
107.192
107.211
107.199
107.199
107.199
107.207
108.538
105.872
107.184
107.214
107.162
107.214
107.218
107.192
107.192
107.207
107.199
107.203
107.319
107.079
107.2
107.203
107.199
107.191
107.207
107.2
107.439
110.034
104.143
107.199
107.211
107.158
107.225
107.215
107.432
106.944
107.218
107.199
107.184
107.218
107.173
107.211
107.187
107.211
107.199
107.2
107.203
107.214
111.646
102.745
107.195
107.196
107.203
107.207
107.229
107.162
107.225
107.177
107.342
107.162
107.094
107.199
107.203
107.199
107.199
107.192
107.207
107.203
107.248
107.184
108.605
105.76
107.218
107.177
107.221
107.203
107.583
106.895
107.184
107.113
107.207
107.203
107.199
107.199
107.399
106.992
107.207
107.203
107.278
107.12
107.2
109.639
104.759
107.267
107.15
107.203
107.2
107.214
107.169
107.199
107.2
107.248
107.154
107.199
107.192
107.207
107.199
107.24
107.162
107.199
107.2
107.199
107.218
107.169
107.233
107.181
107.199
107.203
107.207
107.214
107.169
107.211
107.199
107.447
106.944
107.207
107.199
107.203
107.199
107.199
107.2
107.203
107.199
107.207
108.157
106.226
107.233
107.192
107.199
107.169
107.248
107.312
107.256
107
107.192
107.199
107.211
107.199
107.199
107.192
107.207
107.203
107.199
107.199
107.192
109.319
105.087
107.21
107.2
107.206
107.203
107.399
107.161
107.023
107.192
107.199
107.211
107.199
107.199
107.199
107.192
107.207
107.203
107.199
107.199
107.2
110.695
103.688
107.211
107.191
107.248
107.166
107.289
107.113
107.199
107.207
107.192
107.203
107.199
107.192
107.225
107.185
107.383
107.023
107.184
107.199
107.207
107.21
107.801
106.583
107.214
107.169
107.207
107.199
107.275
107.146
107.215
107.191
107.192
107.192
107.207
107.199
107.323
107.079
107.199
107.2
107.203
107.199
107.192
109.319
105.071
107.203
107.23
107.199
107.199
107.2
107.188
107.199
107.192
107.206
107.2
107.199
107.203
107.199
107.199
107.192
107.211
107.199
107.199
107.199
110.824
103.575
107.203
107.199
107.192
107.199
107.211
107.654
106.737
107.206
107.2
107.199
107.203
107.207
107.312
107.297
106.985
107.214
107.192
107.375
107.128
107.091
107.229
107.169
107.192
107.225
107.177
107.35
107.056
107.256
107.27
107.076
107.195
107.203
107.199
107.2
107.199
107.203
107.398
106.993
107.207
107.218
111.03
104.353
106.207
107.192
107.218
107.199
107.169
107.406
107.008
107.233
107.169
107.199
107.271
107.128
107.199
107.203
107.199
107.199
107.192
107.256
107.154
107.199
108.169
106.233
107.211
107.21
107.185
107.191
107.218
107.181
107.203
107.207
107.191
107.215
107.184
107.451
106.951
107.214
107.305
107.098
107.199
107.184
107.199
109.594
104.79
107.24
107.185
107.184
107.207
107.184
107.218
107.192
107.214
107.192
107.199
107.203
107.192
107.206
107.241
107.158
107.203
107.199
107.199
107.2
107.225
109.079
105.305
107.199
107.207
107.203
107.368
107.034
107.173
107.21
107.196
107.203
107.192
107.206
107.2
107.199
107.203
107.199
107.199
107.2
107.203
107.191
107.981
106.448
107.195
107.192
107.192
107.199
107.214
107.395
106.989
107.21
107.192
107.192
107.199
107.199
107.211
107.192
107.255
107.151
107.394
107.008
107.199
109.632
104.744
107.207
107.233
107.184
107.286
107.188
107.124
107.203
107.248
107.143
107.21
107.2
107.195
107.211
107.191
107.192
107.211
107.199
107.199
107.199
111.102
103.289
107.192
107.248
107.154
107.215
107.225
107.305
107.064
107.206
107.2
107.199
107.203
107.199
107.192
107.199
107.207
107.203
107.207
107.191
107.2
107.184
107.906
106.488
107.237
107.203
107.173
107.218
107.376
107.015
107.2
107.218
107.184
107.199
107.211
107.203
107.184
107.203
107.229
107.169
107.2
107.203
107.188
109.146
105.263
107.215
107.203
107.199
107.184
107.229
107.339
107.045
107.188
107.207
107.319
107.079
107.192
107.218
107.177
107.199
107.207
107.203
107.398
107
111.846
102.579
107.177
107.214
107.177
107.199
107.312
107.158
107.135
107.196
107.206
107.2
107.203
107.199
107.199
107.199
107.2
107.199
107.203
107.199
107.199
111.466
102.925
107.218
107.177
107.199
107.233
107.2
107.184
107.319
107.079
107.2
107.191
107.226
107.184
107.192
107.199
107.207
107.21
107.185
107.312
107.094
107.203
108.349
106.057
107.206
107.192
107.196
107.214
107.192
107.184
107.207
107.218
107.184
107.199
107.192
107.425
106.985
107.206
107.185
107.214
107.192
107.199
107.203
110.733
103.658
107.191
107.192
107.211
107.222
107.191
107.451
106.948
107.203
107.199
107.192
107.207
107.199
107.203
107.199
107.199
107.192
107.207
107.203
107.192
111.383
103
107.226
107.214
107.192
107.206
107.203
107.29
107.086
107.207
107.192
107.207
107.199
107.199
107.297
107.113
107.192
107.199
107.203
107.207
107.191
107.391
107.97
106.248
107.207
107.218
107.184
107.245
107.161
107.538
106.838
107.2
107.218
107.24
107.151
107.206
107.203
107.2
107.184
107.199
107.199
107.192
107.207
110.098
104.289
107.207
107.225
107.181
107.203
107.489
106.909
107.2
107.199
107.203
107.199
107.192
107.207
107.203
107.199
107.199
107.199
107.2
107.203
107.199
111.496
102.966
107.128
107.207
107.184
107.218
107.184
107.342
107.139
107.32
107.015
107.192
107.207
107.203
107.199
107.199
107.192
107.199
107.207
107.199
107.203
107.222
108.466
105.929
107.191
107.2
107.21
107.181
107.383
107.019
107.199
107.199
107.2
107.203
107.199
107.199
107.192
107.207
107.199
107.203
107.192
107.206
107.2
109.793
104.624
107.177
107.191
107.233
107.2
107.221
107.339
107.015
107.199
107.211
107.398
107
107.199
107.203
107.196
107.203
107.192
107.206
107.2
107.199
111.722
102.68
107.214
107.185
107.218
107.184
107.207
107.225
107.166
107.191
107.211
107.199
107.256
107.184
107.169
107.192
107.207
107.199
107.203
107.199
107.192
107.207
107.233
107.169
107.199
107.237
107.177
107.191
107.211
107.192
107.173
107.233
107.184
107.199
107.226
107.176
107.2
107.184
107.218
107.199
107.192
107.207
107.199
107.218
111.789
104.154
105.666
107.165
107.226
107.173
107.361
107.161
107.335
106.97
107.192
107.184
107.192
107.206
107.2
107.199
107.203
107.199
107.199
107.207
107.203
107.199
108.406
105.978
107.192
107.206
107.192
107.241
107.571
106.816
107.195
107.203
107.425
106.966
107.207
107.196
107.199
107.207
107.184
107.214
107.203
107.192
107.199
110.248
104.162
107.207
107.184
107.207
107.206
107.248
107.155
107.184
107.199
107.207
107.192
107.203
107.199
107.199
107.207
107.203
107.195
107.196
107.207
107.191
111.305
103.086
107.192
107.233
107.177
107.233
107.165
107.275
107.143
107.206
107.297
107.098
107.192
107.207
107.191
107.2
107.206
107.196
107.199
107.199
107.185
107.221
108.722
105.673
107.222
107.177
107.21
107.222
107.199
107.173
107.244
107.158
107.196
107.199
107.199
107.2
107.203
107.199
107.199
107.207
107.192
107.21
107.192
109.447
104.951
107.218
107.173
107.2
107.233
107.387
106.974
107.214
107.203
107.199
107.207
107.192
107.21
107.327
107.072
107.191
107.2
107.21
107.207
107.184
111.248
103.151
107.233
107.218
107.18
107.162
107.289
107.128
107.199
107.215
107.248
107.128
107.402
107
107.199
107.192
107.233
107.184
107.192
107.199
107.207
107.177
107.793
106.605
107.241
107.195
107.199
107.2
107.496
106.887
107.207
107.199
107.331
107.064
107.207
107.184
107.233
107.177
107.199
107.214
107.462
106.933
107.199
109.816
104.598
107.176
107.226
107.192
107.176
107.2
107.221
107.185
107.199
107.203
107.192
107.199
107.207
107.203
107.199
107.192
107.206
107.203
107.2
109.285
105.113
107.192
107.192
107.248
107.15
107.226
107.206
107.369
107.015
107.203
107.199
107.192
107.207
107.199
107.203
107.199
107.192
107.207
107.203
107.206
110.489
103.917
107.17
107.214
107.218
107.177
107.368
107.177
107.064
107.199
107.199
107.192
107.207
107.203
107.406
106.992
107.199
107.203
107.2
107.195
107.196
107.221
107.226
107.162
107.199
107.199
107.184
107.271
107.147
107.18
107.218
107.199
107.2
107.203
107.195
107.196
107.199
107.27
107.14
107.199
107.199
107.199
107.2
108.744
105.639
107.233
107.218
107.181
107.203
107.233
107.165
107.184
107.215
107.188
107.199
107.199
107.214
107.185
107.199
107.203
107.199
107.199
107.218
107.2
110.808
103.575
107.199
107.218
107.181
107.225
107.211
107.158
107.432
106.974
107.203
107.199
107.192
107.214
107.196
107.199
107.199
107.192
107.207
107.191
107.211
107.199
107.192
107.225
107.2
107.184
107.207
107.218
107.376
107
107.199
107.199
107.196
107.203
107.203
107.199
107.199
107.192
107.207
107.203
107.199
107.199
107.199
108.666
105.71
107.226
107.207
107.199
107.289
107.177
107.135
107.297
107.094
107.2
107.199
107.203
107.199
107.199
107.406
106.993
107.199
107.203
107.192
107.199
107.226
107.199
107.169
107.229
107.2
107.203
107.263
107.176
107.136
107.207
107.199
107.203
107.199
107.199
107.2
107.203
107.199
107.199
107.222
107.177
107.203
107.199
111.481
102.917
107.192
107.184
107.233
107.185
107.191
107.215
107.199
107.203
107.199
107.192
107.207
107.191
107.211
107.192
107.206
107.207
107.192
107.425
106.977
110.914
103.462
107.226
107.184
107.214
107.207
107.203
107.192
107.199
107.199
107.384
107.015
107.199
107.203
107.199
107.192
107.207
107.218
107.191
107.192
107.199
107.215
107.338
107.06
107.203
107.177
107.24
107.17
107.206
107.335
107.049
107.225
107.181
107.203
107.199
107.207
107.192
107.424
106.978
107.192
107.199
107.199
107.207
109.338
105.079
107.199
107.2
107.203
107.184
107.319
107.072
107.207
107.203
107.199
107.199
107.199
107.2
107.203
107.199
107.192
107.27
107.128
107.211
107.199
110.752
104.485
106.353
107.196
107.206
107.207
107.192
107.41
107.037
107.169
107.192
107.192
107.207
107.199
107.203
107.199
107.199
107.2
107.203
107.199
107.199
109.929
104.447
107.207
107.233
107.199
107.177
107.47
106.936
107.218
107.184
107.192
107.207
107.203
107.199
107.199
107.199
107.2
107.199
107.203
107.199
107.199
111.369
103.184
107.041
107.192
107.229
107.17
107.191
107.226
107.192
107.206
107.2
107.203
107.199
107.199
107.199
107.192
107.211
107.195
107.203
107.192
107.207
107.225
107.602
106.759
107.229
107.192
107.196
107.195
107.353
107.042
107.282
107.128
107.195
107.203
107.199
107.207
107.192
107.203
107.192
107.199
107.199
107.211
107.199
109.184
105.222
107.192
107.199
107.21
107.192
107.248
107.158
107.267
107.128
107.199
107.199
107.192
107.211
107.199
107.207
107.191
107.211
107.188
107.225
107.177
107.241
108.143
106.248
107.191
107.177
107.233
107.166
107.24
107.162
107.199
107.199
107.192
107.207
107.203
107.199
107.199
107.192
107.211
107.199
107.199
107.199
107.2
109.985
104.398
107.203
107.192
107.207
107.191
107.233
107.312
107.079
107.2
107.203
107.199
107.199
107.192
107.207
107.195
107.207
107.199
107.199
107.203
107.2
111
103.383
107.263
107.151
107.203
107.199
107.199
107.368
107.038
107.192
107.353
107.049
107.192
107.207
107.206
107.192
107.203
107.192
107.207
107.199
107.203
107.184
107.718
106.714
107.2
107.199
107.169
107.301
107.09
107.455
106.97
107.263
107.128
107.207
107.203
107.199
107.199
107.192
107.199
107.211
107.199
107.199
107.192
109.432
105.008
107.169
107.222
107.191
107.218
107.489
106.887
107.192
107.192
107.263
107.147
107.199
107.199
107.199
107.192
107.211
107.199
107.199
107.199
107.207
108.011
106.369
107.214
107.184
107.233
107.166
107.233
107.184
107.199
107.207
107.192
107.203
107.432
106.959
107.225
107.181
107.282
107.113
107.221
107.177
107.226
109.376
105.007
107.214
107.177
107.226
107.319
107.079
107.391
106.993
107.199
107.203
107.199
107.207
107.192
107.203
107.199
107.199
107.199
107.2
107.199
107.203
111.015
103.398
107.162
107.241
107.248
107.304
107.158
107.154
107.121
107.199
107.199
107.192
107.207
107.191
107.211
107.192
107.206
107.192
107.211
107.199
107.417
107.015
108.057
106.327
107.184
107.301
107.112
107.185
107.579
106.917
107.161
107.136
107.207
107.263
107.139
107.199
107.192
107.214
107.192
107.203
107.349
107.049
107.2
109.218
105.165
107.203
107.229
107.2
107.195
107.199
107.192
107.199
107.2
107.203
107.199
107.192
107.206
107.2
107.203
107.199
107.192
107.206
107.2
107.199
111.034
103.368
107.214
107.185
107.218
107.199
107.199
107.432
106.944
107.211
107.199
107.192
107.199
107.207
107.203
107.391
107.007
107.199
107.248
107.151
107.203
107.229
107.752
106.617
107.199
107.218
107.165
107.233
107.207
107.177
107.203
107.199
107.199
107.2
107.353
107.049
107.192
107.206
107.192
107.207
107.21
107.192
107.425
110.165
104.027
107.184
107.229
107.177
107.248
107.338
107.136
107.079
107.191
107.41
106.993
107.199
107.199
107.199
107.192
107.226
107.176
107.207
107.199
107.215
111.097
103.279
107.218
107.191
107.215
107.203
107.233
107.165
107.184
107.354
107.049
107.199
107.199
107.241
107.15
107.211
107.195
107.203
107.199
107.192
107.211
107.199
107.398
106.985
107.233
107.185
107.199
107.199
107.504
106.895
107.218
107.184
107.199
107.192
107.207
107.203
107.199
107.199
107.192
107.207
107.27
107.132
107.199
109.399
105.026
107.192
107.169
107.222
107.184
107.184
107.222
107.267
107.135
107.192
107.207
107.199
107.203
107.199
107.199
107.2
107.199
107.203
107.192
107.199
110.864
103.527
107.199
107.211
107.221
107.192
107.211
107.349
107.027
107.206
107.2
107.203
107.195
107.203
107.199
107.32
107.083
107.199
107.199
107.192
107.207
107.233
107.511
106.887
107.177
107.184
107.233
107.184
107.282
107.102
107.21
107.2
107.199
107.199
107.278
107.121
107.199
107.203
107.199
107.199
107.2
107.199
107.203
109
105.398
107.218
107.185
107.199
107.199
107.391
107.015
107.207
107.188
107.199
107.199
107.218
107.181
107.203
107.214
107.177
107.225
107.181
107.21
107.192
110.887
103.545
107.185
107.199
107.207
107.191
107.2
107.188
107.342
107.304
106.944
107.207
107.203
107.199
107.199
107.199
107.2
107.402
107
107.199
107.271
107.128
107.473
106.944
107.192
107.184
107.207
107.218
107.406
106.97
107.214
107.192
107.199
107.203
107.199
107.192
107.368
107.038
107.203
107.199
107.199
107.2
107.21
109.087
105.289
107.199
107.2
107.24
107.158
107.323
107.094
107.2
107.199
107.203
107.199
107.425
106.981
107.196
107.199
107.199
107.192
107.207
107.199
107.203
110.598
103.785
107.215
107.218
107.169
107.195
107.203
107.553
106.861
107.218
107.184
107.199
107.203
107.196
107.203
107.199
107.199
107.2
107.199
107.203
107.199
107.184
108.455
105.959
107.218
107.184
107.199
107.233
107.2
107.169
107.237
107.154
107.207
107.199
107.203
107.199
107.199
107.2
107.439
106.963
107.199
107.192
107.199
108.85
105.541
107.226
107.184
107.222
107.188
107.236
107.376
106.985
107.2
107.199
107.203
107.199
107.199
107.2
107.218
107.184
107.199
107.207
107.184
107.226
110.304
104.087
107.191
107.233
107.143
107.226
107.349
107.064
107.177
107.211
107.214
107.184
107.192
107.207
107.199
107.203
107.207
107.21
107.173
107.207
107.21
111.17
104.454
105.952
107.248
107.169
107.199
107.192
107.214
107.192
107.289
107.113
107.199
107.192
107.207
107.203
107.199
107.199
107.207
107.196
107.199
107.199
107.192
108.143
106.248
107.218
107.207
107.206
107.162
107.248
107.177
107.192
107.199
107.207
107.199
107.346
107.056
107.192
107.21
107.196
107.199
107.196
107.206
107.2
109.906
104.481
107.199
107.229
107.17
107.199
107.233
107.44
106.936
107.207
107.203
107.278
107.12
107.199
107.2
107.203
107.199
107.192
107.199
107.417
106.993
107.199
107.207
107.176
107.215
107.218
107.199
107.165
107.211
107.207
107.203
107.199
107.199
107.192
107.207
107.199
107.203
107.192
107.199
107.214
107.196
107.191
107.256
107.823
106.527
107.218
107.206
107.207
107.26
107.127
107.327
107.064
107.192
107.199
107.211
107.192
107.195
107.203
107.192
107.207
107.199
107.203
107.199
107.192
109.624
104.759
107.211
107.207
107.214
107.177
107.297
107.12
107.199
107.199
107.211
107.192
107.199
107.199
107.199
107.2
107.199
107.203
107.207
107.184
107.207
110.954
103.47
107.162
107.229
107.218
107.192
107.207
107.241
107.157
107.17
107.199
107.203
107.199
107.192
107.21
107.196
107.203
107.199
107.199
107.448
106.962
107.192
108.327
106.056
107.233
107.2
107.199
107.199
107.169
107.215
107.199
107.41
106.992
107.199
107.2
107.199
107.203
107.199
107.192
107.199
107.199
107.211
107.199
109.049
105.335
107.191
107.241
107.199
107.177
107.233
107.357
107.019
107.199
107.192
107.207
107.203
107.199
107.199
107.192
107.207
107.191
107.211
107.199
107.192
107.207
108.488
105.914
107.214
107.184
107.218
107.185
107.278
107.113
107.206
107.2
107.203
107.199
107.199
107.199
107.192
107.211
107.199
107.195
107.196
107.207
107.203
109.703
104.759
107.117
107.251
107.17
107.214
107.192
107.278
107.113
107.199
107.203
107.199
107.192
107.214
107.346
107.049
107.199
107.222
107.188
107.244
107.154
107.192
107.199
110.44
103.959
107.218
107.199
107.211
107.184
107.192
107.462
106.936
107.207
107.21
107.185
107.199
107.199
107.207
107.207
107.203
107.199
107.184
107.222
107.188
111.192
103.199
107.271
107.127
107.226
107.44
107.158
106.985
107.191
107.211
107.199
107.207
107.192
107.191
107.2
107.199
107.203
107.368
107.042
107.188
107.199
107.203
107.255
107.143
107.218
107.2
107.191
107.286
107.139
107.293
107.076

------------------------------------------------------------------------------------------------------------------------------------------------
max val(#8347) = 111.85us
min val(#390) = 102.52us
peak-to-peak = 9.33us
mean +- RMS = 107.20 +- 0.82 us

packet size: 516
number of packets: 10000
RATE = 38507.47kbps, PPS = 9328.4
