Destination address set to 01:1B:19:00:00:00
Defaults: 01:1B:19:00:00:00 or 01:80:C2:00:00:0E
SIOCSHWTSTAMP: tx_type 1 requested, got 1; rx_filter 0 requested, got 0
setting ts_flags: 0x53
new ts_flags: 0x53


gap of hw tx time, us: packets 10000:
------------------------------------------------------------------------------------------------------------------------------------------------
0
74.18
105.62
100.504
104.203
98.519
103.504
96.537
109.079
101.094
104.106
88.481
115.225
99.421
106.2
100.252
104.139
118.188
80.236
106.297
105.215
87.819
115.872
100.816
104.504
95.936
99.541
117.673
121.673
89.775
132.947
78.861
97.816
104.722
109
70.439
194.722
116.342
99.282
104.301
100.29
104.951
99.616
105.169
99.335
105.128
99.902
104.075
100.151
105.214
100.225
104.136
100.872
106.083
98.534
103.857
101.526
103.673
100.271
104.522
99.944
104.808
100.504
106.861
97.331
105.015
100.345
103.959
100.831
103.688
100.921
104.703
100.338
103.632
101.177
105.184
99.966
105.079
99.507
104.613
99.489
105.034
100.052
105.177
99.688
104.594
100.605
104.395
99.838
104.561
100.015
104.842
100.007
105.12
100.234
105.109
99.481
104.24
100.576
104.785
100.008
103.985
100.887
103.895
102.831
102.65
99.88
105.342
99.552
104.305
100.519
103.898
100.624
103.639
92.504
114.376
99.353
104.384
100.583
105.439
99.042
104.455
100.609
104.199
100.647
104.394
100.2
104.383
100.752
103.553
100.887
105.624
99.338
103.936
100.654
105.279
99.56
104.379
99.824
105.646
100.015
104.576
99.793
104
100.624
106.496
98.391
104.778
99.974
104.233
100.447
104.523
100.165
104.482
100.473
105.03
100.497
103.793
100.116
104.801
100.098
106.192
99.079
104.545
99.973
105.139
99.376
105.128
100.32
104.575
99.575
104.617
100.049
105.097
99.944
104.248
100.357
104.241
100.511
104.977
100.121
104.545
100.59
103.658
100.688
104.887
102.32
103.334
98.73
105.455
99.439
104.624
100.497
104.71
99.714
104.944
100.447
105.32
99.241
104.823
99.759
104.553
100.425
105.015
99.443
105.294
99.65
105.391
100.086
104.079
100.113
104.015
99.064
107.218
100.12
104.384
99.545
106.184
99.406
104.297
100.136
104.191
100.282
105.519
99.944
104.233
100.56
137.256
84.439
105.17
83.03
97.77
100.606
118.545
84.488
125.391
83.809
97.086
189.921
28.064
91.128
103.263
100.865
103.928
100.632
105.41
99.357
104.417
100.985
103.696
100.718
104.77
100.113
103.902
100.583
104.327
100.282
104.759
100.583
104.241
99.883
104.605
100.504
103.76
101.233
104.199
100.808
104.809
101.8
102.887
99.673
105.568
99.263
104.199
100.587
103.902
100.82
104.519
100.233
104.669
100.199
104.737
100.12
104.831
99.68
104.519
100.233
105.715
99.334
105.049
99.718
104
100.553
104.312
100.752
103.947
101.124
103.899
100.47
104.578
100.399
105.711
99.312
103.962
100.726
105.078
99.625
104.379
100.869
122.225
85.85
104.128
99.733
104.432
100.53
104.737
100.207
104.462
100.331
104.568
99.815
104.839
99.786
105.575
99.496
103.936
100.696
104.127
100.903
105.898
99.485
104.331
99.853
105
99.508
105.342
99.56
105.312
99.368
105.079
100.632
103.985
100.417
104.59
100.267
104.974
99.944
104.473
99.568
104.917
102.474
102.759
99.482
104.601
100.399
104.594
100.981
103.624
100.361
105.184
101.361
103.319
99.463
104.353
100.519
104.887
99.993
104.977
100.41
104.207
100.158
104.718
99.736
105.076
100.079
104.398
100.327
104.714
99.858
105.158
99.823
104.936
99.496
105.417
99.478
105.297
99.752
104.729
99.842
105.064
99.838
106.433
98.91
103.985
100.191
105.008
100.007
104.865
99.665
104.914
100.222
106.522
98.399
103.853
100.978
104.586
99.812
103.372
99.245
104.545
100.631
103.891
100.222
105.192
99.902
103.985
100.639
104.963
99.233
104.518
100.831
103.545
101.072
104.786
99.909
103.745
101.545
104.255
100.249
104.582
100.297
103.496
211.809
106.575
89.744
101.497
128.439
85
97.809
110.041
91.045
110.353
105.647
124.786
76.902
102.44
104.12
100.73
104.537
100.094
104.034
100.797
104.233
100.553
105.263
99.823
103.425
100.808
105.602
99.319
105.158
99.019
103.68
101.436
106.155
98.992
105.632
98.718
104.793
99.921
106.327
98.759
104.008
100.665
104.73
100.237
104.112
100.73
105.015
99.928
104.248
100.207
107.09
97.91
104.745
100.289
103.767
100.673
105.158
100.019
104.688
100.063
103.929
100.477
106.282
98.895
104.169
100.775
104.079
100.128
104.289
100.342
105.673
100.011
100.384
105.173
103.992
98.985
104.688
100.666
103.853
100.921
104.263
100.275
104.421
100.473
104.978
100.15
105.064
99.887
103.673
101.008
105.097
102.625
101.729
99.192
106.451
98.947
105.406
100.32
104.323
100.053
104.387
99.477
106.008
99.225
105
100.737
102.718
100.978
105.71
99.297
105.105
99.809
103.902
100.489
104.334
100.568
104.353
100.85
103.639
100.44
104.327
100.786
103.789
101.248
104.496
100.256
105
99.929
103.823
100.658
104.327
100.462
107.106
97.346
104.526
100.214
106.098
99.015
104.233
100.489
103.913
101.03
105.151
99.737
104.594
99.864
105.568
99.312
105.037
99.809
104.744
100.015
103.978
100.406
104.793
100.312
104.225
100.44
104.575
99.809
105
100.744
103.887
100.455
105.602
99.015
104.225
100.88
104.541
118.061
86.406
101.462
103.895
100.594
104.537
99.673
104.192
100.248
105.229
99.899
103.974
100.545
104.575
102.703
103.252
98.846
104.872
100.413
104.692
100.192
104.966
100.425
103.785
100.373
104.53
101.297
103.59
100.319
104.482
100.432
103.68
100.91
104.594
99.966
98.858
99.68
120.974
86.872
97.786
113.191
118.76
90.582
91.899
101.455
175.199
24.97
107.823
98.914
105.413
99.057
104.481
100.816
103.417
101.414
105.951
98.488
104.906
100.094
104.658
100.064
104.23
100.353
104.496
100.583
103.601
101.241
103.647
100.879
104.993
99.759
104.929
99.815
105.034
99.681
103.925
101.417
104.312
100.135
105.034
99.632
103.774
101.056
104.779
100.079
103.857
102.398
103.121
100.191
104.433
100.47
104.864
99.466
103.936
101
105.046
101.018
103.549
101.147
103.368
100.782
104.083
100.383
104.982
99.432
104.553
99.992
105.752
99.722
103.613
101.195
104.429
99.714
104.583
100.304
105.154
99.669
105.297
99.711
104.594
100.353
104.801
99.812
104.263
100.481
104.064
101.576
105.594
98.368
104.974
99.943
103.211
102.27
104.008
100.203
105.32
98.966
106.248
99.199
103.929
100.842
104.703
100.12
103.951
100.842
104.015
100.384
105.12
99.887
104.504
100.056
105.282
99.173
104.587
100.304
105.286
99.673
104.207
100.906
104.383
100.384
103.624
100.838
104.658
99.902
105.703
99.538
104.688
100.383
105.154
99.361
104.463
100.334
104.643
100.128
104.293
100.56
104.602
102.015
102.455
100.394
105.177
99.88
102.823
101.598
104.034
100.943
103.824
101.263
105.312
99.041
104.617
100.534
103.954
100.632
103.575
105.56
104.057
99.334
104.256
100.459
104.582
99.914
104.925
100.635
103.662
101.015
104.5
99.759
104.861
100.305
104.424
100.512
104.68
99.737
104.47
100.297
104.462
100.324
107
97.334
104.801
100.271
105.36
99.343
105.368
99.808
104.218
100.598
104.098
100.052
106.155
99.432
104.496
99.936
105.128
99.744
104.568
100.929
103.413
156.53
65.966
101.324
93.958
94.008
111.135
91.512
110.203
90.052
123.075
89.158
143.106
60.721
112.812
99.154
104.655
99.616
104.944
100.124
104.981
99.842
103.654
101.072
104.639
99.567
105.61
99.097
105.053
99.857
104.771
101.988
102.85
100.263
104.771
100.086
105.151
99.609
104.176
100.023
105.962
99.44
104.752
99.88
104.782
100.609
104.729
99.47
105.218
99.654
104.745
100.176
104.03
99.545
107.97
99.865
103.696
99.349
104.451
100.316
104.635
99.782
104.831
95.346
109.32
99.785
105.448
99.846
104.827
100.056
104
100.752
106.03
98.639
104.184
100.339
105.105
100.094
105
99.665
104.23
100.263
105.816
99.21
104.775
99.962
104.319
99.805
105.714
99.44
105.184
99.775
104.113
100.706
104.639
99.775
105.304
100.696
104.312
99.703
104.601
100.425
104.662
99.361
105.289
99.831
104.97
100.44
104.357
99.729
104.737
99.816
105.605
101.681
104.184
98.936
104.489
100.432
104.97
98.981
105.211
100.221
104.079
100.354
104.368
100.647
104.083
100.718
104.857
99.879
105.106
100.03
103.849
101.008
104.541
96.346
107.97
100.632
104.447
100.617
104.229
100.199
104.613
100.158
103.59
104.658
101.62
99.974
104.271
100.413
104.771
99.624
100.037
106.049
105.534
98.154
104.305
100.864
104.696
99.169
105.966
99.711
104.034
100.511
104.71
99.801
105.504
99.417
105.177
99.959
104.376
100.511
103.658
100.782
104.09
100.297
105.094
100.207
104.729
100.282
104.372
100.181
104.691
99.85
104.831
100.447
104.188
100.32
104.364
100.707
103.929
100.605
104.459
100.503
104.47
100.297
104.023
103.394
93.846
109.801
100.545
103.384
102.297
97.864
110.67
97.928
102.801
83.481
114.662
101.143
104.699
99.752
104.184
100.801
105.101
99.207
105.522
99.561
104.015
100.511
104.624
100.56
104.143
100.977
104.858
98.973
105.267
100.173
103.666
100.981
105.436
98.71
104.658
100.406
104.722
100.831
105.677
97.891
105.071
100.744
105.143
99.248
105.29
99.91
105.09
99.906
104.782
100.278
104.267
99.504
107.398
97.895
104.489
99.913
104.169
100.372
103.914
101.383
104.128
100.41
105.417
99.35
105.008
100.169
104.417
100.711
103.894
100.778
103.294
101.503
104.816
99.865
105.019
99.244
104.154
100.271
106.515
100.669
103.064
100.098
104.064
100.665
104.32
100.229
104.842
100.233
105.015
101.263
103.075
100.279
103.902
100.616
105.151
99.695
104.297
100.594
104.166
100.323
104.598
99.913
105.553
99.726
105.766
99.376
105.324
98.924
104.418
100.688
104.09
100.35
105.214
99.714
105.263
99.632
105.026
99.504
104.128
100.59
105.816
99.44
104.007
100.786
104.09
100.463
104.537
100.369
105.278
99.391
106.12
98.696
103.984
100.937
104.575
99.673
105.015
100.304
103.745
101.127
103.914
100.654
103.936
100.745
105.432
99.447
104.73
100.654
104.191
103.801
98.342
100.508
104.831
99.936
103.616
101.023
103.274
101.293
104.61
100.368
104.823
101.745
102.943
99.399
104.466
101.079
103.631
100.899
104.496
100.166
104.729
101.902
103.297
99.76
103.657
100.967
104.766
100.38
103.959
100.985
105.158
99.673
104.447
100.079
104.071
100.801
104.808
99.914
104.583
100.24
104.872
99.993
105.271
99.936
104.68
99.936
104.73
99.552
105.245
99.631
104.978
99.887
124.417
79.767
113.756
99.612
108.027
96.676
103.497
100.849
104.944
99.752
106.936
97.88
103.454
103.162
102.729
100.455
104.143
100.369
104.665
100.248
105.669
98.914
105.695
100.083
103.477
100.305
104.056
100.534
105.936
98.955
103.936
100.854
105.274
99.966
105.331
99.271
105.255
100.151
103.586
100.406
104.639
100.091
104.157
100.508
105.575
100.207
102.256
99.105
111.575
100.12
103.53
102.82
102.673
95.722
109.222
99.665
104.286
100.173
105.492
99.402
104.327
100.354
105.278
94.703
110.632
99.372
104.669
99.575
105.444
99.654
104.353
100.365
104.883
99.681
105.045
101
103.214
100.564
104.902
100.03
104.715
100
104.488
99.767
105.568
99.282
104.748
100.737
104.977
99.959
104.759
99.41
105.199
99.666
104.568
100.157
105.252
100.38
103.82
100.127
104.662
100.248
104.425
100.271
105.575
99.876
103.462
100.538
104.511
100.534
104.282
96.327
108.936
100.752
104.056
100.29
104.222
100.695
103.865
100.473
104.376
101.023
103.936
100.647
104.33
100.76
103.838
100.827
104.335
99.658
105.086
99.696
104.503
101.233
105.237
98.748
104.824
100.575
104.432
100.207
105.03
99.203
117.838
81.504
111.019
99.335
105.278
99.823
104.41
100.297
104.278
100.763
104.621
99.891
105.406
99.511
104.579
99.981
104.56
100.808
103.779
100.477
104.722
99.88
105.616
99.598
104.146
100.286
104.906
99.79
104.819
99.929
104.342
100.838
105.865
99.575
103.368
100.346
104.56
100.166
105.267
99.917
103.752
101.026
106.47
98.177
104.944
99.913
104.718
100.162
104.158
100.744
104.064
100.41
104.943
100.064
105.53
99.23
104.97
100.12
104.271
100.729
103.958
100.824
103.786
89.781
117.226
95.703
103.402
102.557
103.274
101.944
92.936
105.992
104.726
96.722
178.248
24.801
110.894
98.53
103.989
100.432
105.17
99.718
104.154
102.165
102.835
100.425
104.071
100.305
104.597
100.226
104.447
100.241
105.064
99.718
105.361
99.304
104.609
99.993
109.349
95.489
104.722
100.624
103.748
100.602
104.977
100.128
103.992
100.981
103.523
100.782
104.459
100.774
103.857
100.553
107.158
97.488
104.914
100.455
104.447
100.184
105.305
99.59
105.857
99.177
105.823
98.455
104.433
100.458
104.357
100.482
104.511
100.361
103.59
100.571
104.448
100.846
104.68
99.823
104.839
99.906
104.496
100.504
103.872
101.447
103.85
100.575
103.831
101.034
104.214
100.786
103.673
100.864
104.271
100.496
104.23
101.12
104.154
99.56
104.895
100.225
104.809
100.173
103.928
100.707
106.053
100.537
103.233
100.342
103.873
100.785
104.857
99.215
105.319
100.064
105.057
99.545
104.988
99.906
104.937
99.744
104.752
100.207
104.142
100.41
104.496
101.072
104.15
100.105
103.906
100.91
103.842
100.617
104.774
100.177
103.966
100.339
106.518
99.215
104.21
99.823
104.824
100.334
104.072
100.552
104.7
100.221
106.403
98.413
103.553
101.383
104
100.369
104.639
100.793
103.162
101.207
105.063
99.839
104.049
100.729
104.327
100.008
104.439
100.801
103.639
101.027
104.808
100.173
104.304
100.203
104.421
100.241
105.263
99.617
104.872
99.823
104.53
100.391
104.673
99.993
104.086
101.199
103.944
100.177
104.439
100.448
104.673
102.071
103.632
99.511
104.233
100.948
103.541
100.895
104.849
99.538
104.519
101.142
104.44
99.681
104.879
99.609
104.632
100.872
104.335
100.331
104.03
100.68
157.545
51.113
113.526
88.561
114.233
89.887
112.977
95.245
93.503
106.937
117.36
92.843
142.12
60.199
111.342
99.169
104.809
100.112
104.23
99.977
105.177
99.665
105.493
99.376
104.616
120.944
79.586
105.489
103.553
100.695
106.583
97.752
105.383
99.049
104.936
100.087
105.409
99.655
104.191
100.44
104.993
100.139
104.165
100.425
104.639
100.192
104.086
100.865
104.338
99.887
104.688
100.463
104.552
100.395
104.632
99.534
104.962
100.376
104.214
100.042
104.669
100.248
105.049
100.368
105.417
99.109
104.737
100.609
104.523
99.391
105.128
101.838
103.32
95.015
109.586
99.598
105.417
99.184
105.47
100.121
104.36
99.576
106.68
98.32
105.552
99.872
103.64
100.563
105.173
99.948
104.086
100.256
105.312
100.079
103.913
100.158
104.778
100.591
104.353
99.838
105.14
100.327
104.782
99.721
104.312
100.215
105.007
100.09
104.463
100.12
105.049
100.094
107.071
98.771
103.15
100.41
104.312
100.32
104.631
99.895
104.256
100.849
103.831
107.793
101.226
99.895
101.609
100.511
104.35
100.056
105.553
99.21
104.775
99.992
105.568
99.406
104.432
100.376
104.538
99.894
104.786
100.271
104.489
100.206
105.346
99.56
104.512
100.383
105.041
100.136
103.759
100.192
105.128
102.03
103.819
98.737
105.88
95.237
109.473
99.455
104.034
100.312
105.662
100.049
104.639
99.545
104.319
100.042
105.654
100.049
103.56
100.049
105.552
99.696
105
100.015
104.921
99.669
105.034
99.951
104.823
99.801
103.816
101.44
105.184
99.602
104.289
100.064
104.816
100.319
103.944
100.662
104.191
100.091
107.169
98.191
104.805
100.297
103.883
100.861
104.568
99.504
105.312
100.007
104.73
93.191
114.057
95.338
97.823
98.696
117.417
92.376
104
95.782
116.808
92.497
181.191
20.591
107.793
98.376
103.97
101.56
104.237
99.763
104.496
100.365
104.601
99.865
105.24
99.343
105.026
99.725
105.113
99.775
104.631
102.651
101.823
100.722
104.582
100.2
104.864
100.008
103.771
101.015
105.157
99.234
105.575
99.582
104.042
100.161
105.782
99.361
104.474
100.959
103.597
100.474
105.184
99.639
104.177
100.808
104.241
100.47
105.635
99.639
104.263
100.282
104.624
100.012
103.94
101.064
104.744
99.624
105.44
99.357
105.184
100.425
105.977
98.023
105.162
99.646
104.256
100.353
105.177
99.944
105.518
99.128
106.263
98.53
104.117
100.692
104.327
100.289
104.166
101.135
103.962
100.737
105.549
99.034
104
101.049
104.357
100.147
103.808
101.255
105.173
99.53
104.185
101.105
103.853
100.335
104.628
100.447
105.305
99.413
104.504
100.304
105.666
100.68
116.335
87.658
104.173
99.688
104.947
99.414
104.849
100.293
104.218
102.256
103.305
99.872
105
99.729
105.399
99.481
104.951
99.887
104.808
100.094
104.162
100.519
104.474
99.857
105.364
99.835
105.015
100
104.898
99.711
103.895
100.752
104.545
100.161
104.846
99.801
106.023
99.582
104.113
100.297
107.447
97.906
104.327
99.745
105.263
99.47
105.41
100.624
103.391
100.289
106.985
98.207
104.44
99.985
104.071
100.312
104.406
101.098
104.496
99.714
105.429
99.899
104.789
99.192
105.331
99.894
105.263
99.376
105.079
99.794
104.977
99.959
105.402
99.007
104.816
100.433
104.015
100.654
104.752
99.819
104.463
100.71
131.248
76.384
108.616
101.128
106.12
89.192
114.778
99.064
104.951
102.816
101.872
100.057
102.368
104.447
102.617
100.12
118.534
75.778
118.47
100.906
105.384
100.526
101.936
100.042
103.646
99.32
106.24
100.154
103.647
99.887
103.7
98.428
107.944
100.977
103.767
99.884
104.917
99.346
105.733
99.816
110.721
89.384
109.872
98.511
106.083
100.944
102.943
97.023
108.857
100.049
110.582
88.993
110.094
99.801
104.759
98.929
104.97
99.804
105.459
98.943
109.248
90.568
110.929
99.774
104.688
98.835
105.831
100.233
104.496
100.981
106.56
100.395
100.797
100.192
104.146
100.455
105.008
99.481
104.417
100.173
105.011
100.831
105.166
99.699
104.613
99.402
105.598
99.842
104.064
100.909
103.425
100.658
105.214
95.895
109.218
99.511
104.504
99.737
104.959
100.928
104.267
99.887
105.015
99.023
105.425
100.334
104.418
100.019
104.909
100.369
104.782
99.564
104.966
99.176
106.391
99.256
104.966
99.865
105.267
99.143
105.206
100.361
104.632
100.274
104.327
99.576
105.575
99.458
104.952
99.661
104.346
100.718
105.105
99.282
104.463
100.59
104.248
100.275
104.567
100.752
104.534
100.128
107.473
97.504
104.207
100.737
104.425
99.793
105.015
100.334
104.264
100.481
104.383
99.963
104.552
100.527
104.297
100.045
104.684
100.053
104.402
101.045
104.376
99.921
104.481
100.049
104.214
101.015
104.312
100.32
104.511
100.042
105.218
100.462
104.944
99.24
105.023
99.537
104.809
100.774
104.083
100.229
104.575
102.523
102.169
100.214
104.583
99.714
104.015
105.696
100.977
99.534
104.673
100.026
104.47
96.32
108.842
99.59
105.023
99.955
104.639
100.293
104.041
100.391
92.331
110.951
123.978
96.612
97.106
93.481
100.921
124.47
86.135
98.06
206.342
96.185
100.229
104.658
100.447
103.993
99.895
104.225
100.624
106.718
98.015
104.451
100.632
103.823
100.835
105.173
99.391
106.097
99.256
104.064
100.402
103.752
100.861
104.162
101.03
104.128
100.195
105.045
100.072
105.161
99.73
104.097
100.35
104.207
100.624
104.88
99.785
104.647
100.319
104.673
100.666
104.278
100.282
104.007
100.421
104.196
100.752
105.022
99.504
104.481
102.121
102.597
100.842
104
100.662
105.026
99.343
103.639
101.522
104.568
100.177
104.353
100.124
104.68
100.688
103.97
100.399
105.496
99.391
104.579
100.086
104.207
100.865
104.233
100.391
105.335
99.466
104.383
100.391
105.192
100.154
105.015
99.184
104.463
100.154
104.462
100.09
105.414
99.474
105.154
99.853
106.887
97.888
104.09
104.774
100.617
100.432
104.391
100.369
104.785
99.399
105.665
99.767
104.297
100.158
104.338
100.072
104.135
100.936
104.816
99.624
105.624
99.838
103.94
100.824
104.037
100.587
104.654
100.319
104.034
100.575
104.696
100.816
103.962
100.327
104.158
100.594
105.229
99.376
104.282
100.384
104.128
102.721
103.143
99.816
104.368
100.433
104.176
100.527
104.816
100.135
104.842
99.688
105.007
100.414
103.872
100.252
104.575
100.553
104.293
100.432
104.53
100.286
104.511
99.865
104.801
100.026
105.767
99.143
104.128
101.248
104.951
99.29
104.966
100.496
103.609
100.361
105.12
100.233
103.606
101
104.255
100.338
106.993
98.173
103.944
101.139
103.718
100.319
105.233
99.794
104.439
100.421
105.042
99.752
105.346
99.815
103.391
100.895
103.602
101.078
103.617
102.263
103.688
153.914
76.673
99.485
92.785
94.169
101.369
103.158
92.921
106.304
104.335
94.199
143.09
61.944
118.44
99.752
104.049
100.406
104.834
99.399
105.184
99.413
105.572
99.312
104.725
99.756
104.696
100.541
104.327
100.226
105.319
102
101.97
100.305
105.142
100.072
104.064
100.113
105.383
99.711
104.688
100.041
105.342
99.444
104.244
100.624
105.064
100.282
104.695
99.967
104.304
99.88
105.936
98.898
104.809
100.838
104.079
99.44
104.755
100.015
104.752
100.384
105.56
99.109
105.316
99.605
104.778
100.526
104.147
100.015
105.128
99.872
106.248
99.169
104.437
99.729
105.113
100.03
104.105
100.887
103.978
99.985
105.206
99.895
104.744
100.256
104.985
99.538
104.206
100.715
105.398
99.688
104.166
100.308
105.06
99.842
125.79
71.97
112.703
99.537
104.361
100.278
104.042
100.661
105.553
98.849
104.711
99.936
104.711
100.315
104.711
100.793
104.057
102.127
103.124
99.218
105.241
99.853
105.17
99.639
104.496
100.203
104.966
99.872
105.32
99.654
104.417
100.241
105.064
99.97
104.616
100.252
104.714
100.042
105
100.684
103.586
100.64
104.218
100.59
103.857
100.711
104.511
100.338
104.553
104.421
100.004
100.27
105.102
99.233
105.511
99.737
104.632
99.823
107.432
98.162
104.447
99.737
103.846
101.169
105.65
99.264
104.511
100.413
104.098
100.568
104.184
100.602
104.248
100.158
104.496
100.387
105.229
99.538
104.436
100.075
105
100.072
104.631
99.978
105.391
99.752
105.127
99.433
104.928
100.418
104.567
99.504
104.308
100.433
104.763
100.248
104.895
99.184
108.041
100.485
101.609
102.448
106.142
89.354
110.594
97.597
107.88
96.433
107.744
105.56
100.327
103.88
82.53
111.041
104.542
100.218
103.477
100.978
105.672
98.895
105.579
99.805
103.815
100.707
104.47
100.76
103.417
101.278
103.632
100.387
104.853
100.636
104.428
100.098
103.646
101.2
104.714
99.688
104.304
100.929
105.846
98.553
104.424
100.711
105.271
99.522
104.35
100.432
105.763
99.136
104.413
100.019
104.327
100.541
104.794
100.218
104.349
100.027
105.703
99.368
104.199
100.895
104.019
100.462
104.44
100.135
104.128
100.993
104.755
100.143
104.504
100.568
103.751
100.504
104.831
100.083
104.767
99.876
104.458
100.489
104.568
101.83
102.666
100.349
104.985
99.963
104.383
100.399
103.752
100.718
105.195
101.703
103
99.745
104.582
99.865
106
99.56
104.282
100.305
104.86
100.192
104.752
99.97
104.086
100.745
103.744
100.696
104.928
99.752
104.902
100.29
104.793
99.496
105.534
99.384
103.992
100.88
104.007
100.929
104.402
100.463
105.639
99.112
103.767
101.076
104.725
100.12
103.624
101.155
103.936
100.68
107.214
97.722
104.117
100.624
104.312
100.034
104.199
101.177
103.793
100.598
104.744
100.256
103.752
101.09
104.248
100.526
104.376
99.959
104.082
101.335
105.707
99.248
104.812
100.011
103.44
100.79
104.503
100.553
104.199
100.722
103.414
102.579
103.15
100
104.297
100.887
103.489
100.887
105.12
99.895
104.139
102.406
103.241
99.992
103.88
100.632
104.105
100.526
105.094
99.921
105.068
99.677
105
99.695
104.808
100.015
105.29
99.688
104.24
100.651
104.789
115.184
89.937
100.142
103.831
100.136
104.075
100.921
104.541
100.481
104.617
99.88
190.56
24.71
107.154
90.534
111.361
94.474
102.951
103.406
111.624
93.688
94.361
107.823
172.673
30.993
110.782
99.913
104.064
100.474
103.872
100.327
104.921
99.895
104.894
100.106
104.519
100.266
104.181
100.12
105.113
100.079
104.816
92.955
112.319
99.481
105.455
99.327
105.76
99.191
104.752
99.891
105.463
99.654
104.252
100.549
104.376
99.823
104.936
100.297
104.951
99.959
104.748
99.616
105.414
99.59
105.177
99.432
105.56
98.906
105.136
100.582
104.835
99.071
105.463
101.15
103.132
100.958
104.369
99.985
105.135
99.526
104.73
100.71
104.715
99.432
104.838
100.418
104.958
99.59
104.354
100.376
104.112
100.752
105.639
99.249
103.849
100.23
104.721
92.903
109.571
99.455
104.959
99.969
105.647
98.41
104.974
99.977
104.838
99.899
104.669
100.241
105.312
99.481
104.808
100.094
104.233
100.914
104.349
99.801
104.248
100.839
104.402
100.135
106.233
99.293
104.17
99.992
105.222
100.162
103.665
100.895
104.233
100.56
104.128
100.304
104.399
100.511
105.658
99.425
104.248
100.639
103.391
101.154
105.278
99.497
104.417
100.312
104.271
100.879
104.846
99.722
104.695
100.034
104.767
101.831
103.154
99.432
105.177
99.895
104.568
100.368
104.15
100.256
105.914
99.552
103.823
100.752
104.44
100.128
105.049
99.56
105.041
99.846
104.651
99.932
104.44
100.778
105.887
98.297
105.718
99.568
104.338
100.414
105.346
99.297
104.47
100.778
103.902
100.553
105.496
100.064
103.598
101.496
103.098
100.977
105.767
1208.77
34
75.978
130.639
95.425
84.759
104.192
110.673
89.951
114.304
90.474
176.519
25
113.504
98.304
104.56
100.038
104.459
99.823
104.575
102.553
102.838
99.722
104.59
100.083
104.428
100.906
104.504
99.688
105.12
102.128
102.978
99.526
105.147
99.221
105.177
99.872
105.632
99.184
106.286
99.146
104.553
100.15
104.639
99.97
104.873
99.83
104.767
100.226
104.177
100.184
105.286
99.631
104.714
100.568
104.598
100.195
104.925
100.049
103.831
100.77
104.391
100.113
104.681
99.973
104.162
100.789
104.865
99.771
104.774
100.538
106.007
98.35
105.248
99.113
105.041
100.192
104.801
100.094
105.319
99.128
104.432
100.85
104.248
100.511
104.76
99.402
123.391
94.598
96.827
102.237
103.658
102.206
96.538
99.88
104.695
100.079
104.447
100.594
103.801
100.978
104.966
99.346
104.988
100.128
104.121
100.921
103.511
100.489
104.898
100.564
104.056
102.128
103.346
99.959
104.255
100.921
103.057
101.079
103.921
100.654
105.376
99.955
104.71
99.959
104.816
100.297
103.774
100.722
104.744
100.038
104.56
100.297
104.402
100.568
104.534
99.913
104.282
100.606
104.951
99.53
105.616
99.542
105.018
100.286
104.609
99.639
104.384
100.161
104.463
100.376
105.571
99.192
106.902
97.985
104.887
99.722
104.632
100.229
104.376
100.947
104.124
100.267
105.008
100.007
104.241
100.703
103.801
100.582
104.32
100.432
104.32
100.737
105.233
99.233
104.816
100.462
104.759
99.85
104.455
99.695
105.376
100.361
103.794
100.703
105.845
98.914
103.816
101.191
103.794
101.161
104.448
100.045
104.09
102.56
102.966
99.906
105.023
99.53
104.406
100.673
104.12
100.184
105.32
221.759
94.151
94.218
103.071
108.263
97.106
98.03
102.387
99.823
101.895
107.857
155.831
67.353
82.688
112.985
99.173
104.553
99.895
104.432
100.162
105.962
99.605
103.951
100.771
103.662
99.872
104.88
100.496
105.233
99.992
105.286
98.778
105.264
99.511
104.887
100.338
103.895
100.286
104.834
100.523
106.853
97.688
104.248
101.226
104.263
100.192
104.312
100.071
105.602
99.534
104.304
100.184
105.03
99.929
104.835
99.879
104.113
100.91
104.271
100.255
104.684
100.478
104.872
99.609
104.91
99.936
104.312
101.147
103.782
100.631
104.496
100.248
104.106
100.688
104.466
100.135
104.823
99.279
111.15
99.12
100.17
101.785
103.647
99.601
103.478
101.748
104.319
99.245
104.778
100.774
103.914
100.511
104.553
95.462
109.681
99.846
104.755
100.752
103.384
100.992
104.41
100.853
104.282
99.568
105.101
100.369
104.688
100.146
103.861
100.651
104.676
99.955
105.801
99.038
104.992
99.177
105.639
99.673
104.567
99.88
106.511
98.865
106.519
98.09
104.902
99.76
104.849
100.824
104.128
100.015
104.665
100.553
104.473
100.143
104.647
100.026
104.711
99.823
105.079
99.985
104.71
99.978
104.255
100.914
104.15
100.53
103.846
100.433
105.409
99.286
104.65
100.782
104.275
100.35
104.567
100.184
104.546
99.695
104.711
100.003
105.252
99.906
104.782
101.105
104.376
99.192
105.331
99.853
104.688
100.786
104.639
99.135
104.959
100.026
105.312
120.008
78.786
105.142
104.534
100.572
104.447
99.846
104.523
100.703
104.439
100.767
104.579
99.568
104.91
100.128
105.879
98.929
104.522
99.79
106.624
98.977
104.741
99.459
104.864
99.801
104.868
100.858
103.714
100.583
121.375
92.779
109.436
86.395
102.086
98.44
108.511
96.515
98.662
101.504
98.695
188.609
21.177
102.071
103.775
100.53
103.992
100.936
104.384
100.391
104.064
100.53
104.398
100.293
104.452
100.56
103.376
100.894
105.632
99.169
104.391
100.921
103.801
100.541
105.324
99.462
104.383
100.73
104.71
99.936
104.079
102.361
102.955
100.079
104.071
100.824
104.334
100.106
104.267
100.797
104.176
100.466
104.967
99.447
104.759
100.346
104.632
100.007
104.463
100.729
103.895
100.691
105.294
99.842
103.646
101.448
103.722
100.432
104.15
104.899
100.124
100.387
104.993
100.142
104.143
100.831
103.384
101.304
104.338
100.038
105.105
100.098
105.583
98.665
105.542
99.488
104.361
101.072
103.673
100.601
103.861
101.041
106.639
97.767
104.824
100.112
104.327
100.418
104.394
100.32
104.823
99.711
104.609
100.744
104.173
100.485
105.301
99.162
104.312
100.872
103.864
100.286
105.432
99.824
104.473
100.561
103.759
100.617
105
100.492
104.282
100.113
104.334
102.064
102.978
100.488
104.143
100.512
104.259
100.406
104.32
100.353
104.237
102.722
102.488
100.087
104.323
100.902
103.455
101.12
104.136
100.537
104.121
101.214
103.831
100.075
104.632
100.86
104.61
100.146
103.887
100.519
104.489
100.447
105.391
99.267
104.448
100.015
104.639
100.537
103.993
100.575
104.56
100.455
105.977
98.76
104.511
101.113
104.432
99.617
104.045
101.44
103.571
100.496
106.527
98.582
103.929
100.801
105.041
99.647
104.319
99.978
104.342
100.977
104.143
100.602
104.03
100.665
104.094
100.665
104.162
100.463
104.406
100.834
103.936
100.391
104.41
100.613
104.067
100.805
103.635
100.726
104.673
100.496
103.568
187.902
25.594
109.007
97.921
91.61
123.022
78.342
100.354
101.887
129.744
80.41
99.868
149.651
72.872
91.545
107.865
100.357
104.255
99.921
105.328
99.248
105.127
100.136
104.545
100.338
104.88
99.071
105.895
100.105
104.47
99.737
104.072
95.759
111.034
99.049
105.278
99.135
104.955
99.925
105.184
99.771
105.165
99.369
104.319
100.899
103.808
100.944
104.432
100.256
103.808
100.936
106.207
98.278
104.496
101.128
103.985
99.906
104.553
100.334
125.718
72.579
111.365
100.24
104.673
100.079
104.29
100.293
104.451
100.199
104.944
99.586
105.158
99.929
104.481
100.015
105.057
99.575
105.113
100.06
104.522
99.857
104.79
100.763
104.327
100.602
105.206
99.158
104.008
101.097
104.219
100.357
105.214
99.459
104.823
101.162
103.056
101.038
104.635
99.293
105.207
100.56
104.248
100.12
104.519
100.346
104.929
99.853
104.361
100.353
104.97
99.286
104.718
100.729
104.643
100.384
104.552
99.662
105.023
100.033
105.155
99.413
104.353
101.064
104.463
91.191
113.388
100.244
104.353
100.839
103.955
100.007
104.662
100.154
105.455
95.007
109.921
98.711
105.729
100.271
104.289
100.027
104.868
99.602
106.958
98.008
104.737
100.376
104.146
100.372
104.305
100.331
105.094
100.297
104.342
100.481
104.425
99.504
98.345
107.422
104.68
99.538
105.112
100.549
104.29
99.808
104.286
100.496
105.049
99.71
104.309
95.804
108.658
100.831
104.842
100.128
104.47
99.906
104.334
100.681
104.936
100.225
104.365
99.899
104.511
102.646
102.899
100.071
104.072
99.928
104.873
100.214
105.12
99.617
105.233
99.376
105.676
100.26
103.654
99.992
105.211
99.718
105.143
99.778
105.135
99.655
101.616
99.15
99.388
102.424
105.933
100.872
99.323
101.872
99.918
102.049
101
182.894
24.583
106.41
103.297
99.985
104.094
100.801
103.176
101.327
106.842
98.237
104.079
100.459
104.319
100.583
104.632
100.259
104.38
100.034
104.105
101.071
104.215
100.233
104.496
100.147
104.349
100.602
104.526
100.857
103.872
100.696
104.872
99.624
104.023
100.857
104.015
100.233
105.304
99.23
105.387
100.056
105.079
99.545
104.215
100.582
104.673
100.297
103.903
101.139
105.15
101.045
103.203
100.263
104
100.256
104.44
100.248
104.609
100.319
104.222
100.628
105.613
99.203
103.966
100.767
103.929
100.857
104.191
100.831
104.466
100.478
104.842
99.462
104.113
101.248
103.666
100.902
104.184
100.226
104.688
100.398
104.951
99.929
104.44
100.319
103.707
100.981
103.906
100.808
104.737
100.376
105.797
98.944
104.481
100.038
104.436
100.308
104.011
100.76
104.304
100.575
104.538
100.086
104.361
100.632
104.064
100.662
103.954
100.839
104.135
100.808
105.128
99.643
104.368
100.422
104.169
100.319
105.128
99.504
104.255
101.042
104.105
100.718
104.113
100.59
104.169
100.624
104.504
100.015
104.376
100.609
104.177
102.59
102.714
99.959
104.241
117.782
87.537
100.049
104.353
100.429
104.44
100.353
105.034
100.086
104.234
100.157
104.376
100.899
104.192
100.413
104.395
100.413
104.418
100.007
104.639
100.331
104.733
100.282
104.263
100.519
104.346
100.03
105.233
99.865
104.729
99.925
105.361
99.707
103.917
100.778
104.045
100.297
106.433
99.022
104.184
100.658
104.605
99.516
104.511
100.537
104.271
100.711
106.721
97.79
105.624
99.417
104.128
100.688
104.451
99.917
104.346
100.703
104.534
154.402
76.591
101.27
99.388
81.639
108.646
90.027
120.413
88.538
111.928
92.282
142.278
59.718
116.73
98.936
104.169
99.703
104.936
99.342
105.572
100.327
104.789
100.147
104.846
99.383
104.545
100.2
104.552
99.519
105.579
101.605
103.714
99.064
104.158
100.575
105.339
99.654
105.522
99.32
104.504
95.943
110.583
98.759
104.929
99.947
104.023
100.271
105.368
100
104.376
99.977
105.711
98.707
104.947
100.124
104.925
99.977
104.561
99.65
104.932
100.44
105.248
99.632
104.346
100.624
104.725
99.899
103.951
100.496
105.32
99.688
105.688
99.409
104.305
100.18
104.812
99.79
104.737
100.297
104.71
100.185
104.864
100.094
104.064
99.959
105.77
99.561
104.751
99.673
105.696
98.958
105.049
99.865
105.361
99.432
104.669
99.952
105.545
99.654
105.18
99.624
105.117
99.658
104.838
100.353
104.553
99.654
105.012
99.868
105.353
99.786
103.951
102.662
102.312
100.958
105.106
99.488
104.121
100.447
104.203
100.406
104.481
100.527
104.695
99.887
104.376
100.715
104.631
99.707
104.436
100.707
105.128
99.909
105.049
99.824
104.552
99.921
104.143
102.504
103.504
99.398
104.323
100.418
104.571
96.857
108.504
99.504
105.571
99.816
104.414
100.199
104.432
100.079
107.451
97.485
104.97
99.609
104.801
100.101
105.275
99.496
104.504
100.094
104.737
100.304
104.527
100.488
104.369
99.432
105.68
99.775
105.049
99.703
104.466
101.462
104.185
98.567
105.406
100.891
103.496
100.655
104.515
100.661
104.151
100.755
104.455
99.481
105.271
99.44
105.128
100.778
104.135
99.872
104.861
100.339
103.958
102.406
95.361
109.177
101.575
102.417
102.102
107.154
94.008
106.282
102.248
83.909
115.057
99.714
104.703
100.568
104.928
99.824
104.575
100.184
104.425
100.327
104.203
100.635
104.177
100.346
104.319
100.673
104.271
100.398
104.97
99.858
103.789
100.665
104.858
99.838
104.865
100.646
103.504
100.985
110.353
94.241
104.263
100.899
103.924
100.711
104.297
100
104.703
100.361
104.41
100.609
104.342
100.391
103.992
100.722
104.654
99.887
105.497
99.454
104.546
100.53
104.511
100.038
105.09
100.105
104.165
100.448
104.161
100.042
105.173
100.248
103.932
100.741
104.879
99.666
104.778
99.869
105.672
99.703
105.636
100.891
102.913
100.072
103.928
100.312
104.722
100.376
104.177
100.327
104.744
101.718
103.809
99.77
103.846
100.759
104.072
100.819
105.519
99.496
104.087
100.737
103.97
100.191
104.613
100.899
103.605
100.955
104.128
100.534
103.778
101.462
104.41
99.598
104.473
100.527
104.759
100.128
104.522
100.406
104.128
101.248
105.162
99.241
103.631
100.639
104.91
99.962
104.023
101.29
105.078
99.256
106.162
98.943
104.286
100.338
105.143
98.857
105.617
99.977
104.624
99.888
104.868
99.756
105.071
100.151
104.218
100.609
104.244
100.211
104.436
100.522
104.271
100.842
104.079
100.075
104.079
100.789
105.651
99.319
105.015
99.85
104.286
100.992
104.354
100.236
103.346
101.858
104.101
99.921
104.184
100.425
104.03
103.008
103.176
99.97
104.158
100.673
104.12
100.399
105.353
99.44
104.113
100.838
104.346
100.632
104.966
99.808
103.545
100.872
104.031
100.721
104.97
99.887
104.937
100.157
103.703
100.929
104.338
100.305
104.278
100.872
103.981
100.106
190.007
25.891
105.421
89.636
113.718
92.319
103.418
99.567
112.624
91.049
114.887
92.609
142.929
60.207
113.094
99.778
104.286
100.432
104.944
99.507
104.767
100.199
104.583
99.259
105.583
99.733
104.38
100.534
104.721
100.632
103.79
100.488
106.226
98.91
104.218
100.27
104.688
100.403
104.462
100.312
104.226
100.597
104.361
100.519
104.579
99.684
104.842
100.263
104.32
100.218
104.32
100.342
104.736
99.801
104.545
100.903
104.391
100.06
104.74
100.226
103.624
100.496
105.23
96.394
108.335
100.297
105.056
99.489
105.526
99.433
105
99.646
105
101.226
103.184
100.169
104.278
100.455
104.914
99.752
104.894
100.688
104.73
99.361
105.902
99.312
104.233
100.583
104.049
100.135
105.831
99.233
104.936
95.872
108.88
100.601
104.327
99.632
104.553
100.176
105.151
99.77
104.974
100.56
103.97
100.56
104.839
99.552
105.102
99.955
105.015
99.751
104.113
100.455
105.425
99.489
104.943
99.617
104.583
99.781
105.369
100.049
104.635
99.564
105.808
99.538
104.857
99.91
104.601
104.888
100.063
100.673
104.121
100.094
104.127
104.042
101.504
100.048
104.655
99.864
104.703
100.064
105.154
101.639
102.839
99.752
104.729
100.462
104.218
100.703
104.632
103.883
101.2
99.925
104.992
100.323
103.478
99.97
104.894
100.41
104.929
99.846
104.864
99.433
105.951
103.921
99.688
100.357
105.049
100.079
104.12
100.699
104.436
99.85
105.538
99.439
105.256
99.632
104.033
100.576
104.909
99.752
104.444
101.022
106.297
98.031
104.71
103.793
101.944
99.319
105.034
99.602
105.18
99.959
104.962
99.865
104.447
100.354
104.255
100.128
104.696
99.936
104.631
101.049
104.335
92.458
113.94
92.85
103.376
95.943
117.313
92.906
103.312
95.924
117.489
94.962
180.625
19.981
106.199
98.82
103.165
101.026
104.23
100.729
104.417
102.263
102.342
101.794
103.056
100.594
104.229
101.072
103.722
100.537
105.59
99.576
104.417
100.135
104.177
100.662
104.161
100.248
104.087
100.624
104.601
100.433
104.895
99.992
103.688
100.977
104.903
99.443
104.677
100.665
104.113
100.094
105.361
100.034
104.244
100.658
103.944
100.782
104.135
100.395
104.519
100.274
106.071
98.568
104.895
99.759
104.177
101.049
104.801
100.157
103.632
100.771
104.334
100.944
103.624
100.368
105
100.17
104.248
100.56
104.03
100.898
103.997
100.834
104.151
100.503
104.305
100.447
104.745
100.169
103.977
100.703
104.008
100.391
105.041
100.135
103.914
100.808
105.015
99.59
104.395
100.286
104.361
102.545
103.049
99.733
104.913
99.974
104.538
100.368
104.838
100.64
104.011
99.853
105.474
99.15
104.888
100.563
103.831
100.726
104.248
101.432
103.801
100.519
104.425
99.823
104.383
100.324
105.015
100.184
104.301
100.466
104.97
100.165
104.008
100.579
105.064
99.797
104.68
100.064
103.752
100.504
104.962
100.03
106.211
98.718
104.048
100.76
103.759
101.433
103.849
100.44
104.688
100.462
105.185
99.248
104.169
100.598
104.082
100.767
104.654
100.331
104.207
100.489
104.064
100.616
104.113
100.199
104.681
100.447
104.414
100.203
104.15
101.128
104.255
100.564
104.166
100.703
104.098
99.985
105.492
99.586
104.44
100.222
104.323
102.861
102.44
100.256
104.184
100.857
104.192
100.737
104.278
99.673
104.977
102.888
121.048
85.925
108.019
89.406
114.737
88.056
117.106
100.439
103.782
100.673
103.632
101.049
102.158
104.68
103.331
99.605
105.26
99.59
104.582
99.801
105.85
99.44
104.725
96.568
108.184
99.267
105.752
99.726
104.112
100.481
105.583
99.207
104.68
100.73
104.887
99.447
105.113
99.673
104.85
100.143
106.221
98.489
104.274
100.222
104.688
100.128
105.079
99.586
105.053
100.305
104.736
99.809
104.44
100.274
104.752
100.425
104.789
99.553
104.462
100.624
104.681
99.951
104.771
99.432
104.981
100.233
105.015
99.688
104.496
100.707
104.549
99.88
104.744
100.147
104.364
100.685
104.101
100.696
104.729
100.15
104.064
102.658
102.91
100.034
104.391
99.631
105.154
99.809
104.718
100.135
104.282
100.03
105.707
99.391
104.68
100.662
104.41
100.199
105.609
99.064
104.447
100.504
105.327
99.425
105.703
99.248
104.602
100.334
103.993
100.496
104.752
100.184
105.184
95.767
108.962
99.655
104.127
100.786
103.718
100.496
97.192
108.53
107.072
98.921
103.3
100.403
104.007
100.072
104.503
100.29
104.455
100.282
104.718
100.225
105.583
99.767
103.68
99.906
105.391
100.023
104.921
100.086
104.452
100.052
104.707
100.102
105.218
98.729
105.398
100.098
105.278
99.651
104.372
100.609
104.383
100.297
105.192
99.44
105.327
99.402
105.113
99.917
104.56
100.226
105.222
99.545
105.218
100.135
105.136
99.44
104.327
100.53
103.992
100.752
105.391
98.744
104.88
100.263
104.418
99.902
104.872
100.12
105.271
99.816
104.887
95.932
109.128
99.286
106.071
99.09
104.335
100.545
104.151
100.545
104.785
100.136
104
100.68
104.654
100.538
104.342
99.703
105.211
99.661
121.128
91.962
101.312
106.782
100.587
101.992
108.797
85.154
107.606
97.752
97.481
206.786
99.894
104.072
99.68
104.376
100.211
103.932
100.936
104.432
100.162
104.541
100.433
104.282
100.503
103.944
100.857
104.192
100.177
104.045
101.331
103.958
100.248
104.696
100.143
104.721
100.328
105.631
99.075
104.606
102.766
102.083
100.504
104.03
100.353
104.85
99.925
105.504
99.53
105.289
100.902
103.568
100.098
103.504
100.597
105.098
100.263
103.872
100.384
104.282
100.263
105.32
99.695
104.568
100.658
104.342
100.169
105.575
99.703
105.049
99.519
104.233
100.504
104.782
99.827
104.368
100.128
104.673
100.071
104.56
100.654
105.985
98.816
104.737
99.489
104.575
100.59
104.41
100.511
104.737
100.207
105.928
98.546
104.703
100.199
104.913
100.072
103.654
101.218
104.68
100.038
104.233
100.632
104.594
100.176
104.173
100.609
103.639
100.73
104.793
103.872
100.681
100.327
105.052
100.38
104.286
100.432
103.673
100.616
103.662
101.338
105.136
100.823
103.602
100.191
104.993
99.846
105.338
98.959
104.402
100.782
104.207
101.958
102.933
100.143
105.687
99.151
104.583
100.297
104.297
100.68
105.289
99.35
104.609
100.135
105.29
99.398
104.519
100.523
105.368
99.327
104.256
100.71
103.978
100.703
104.928
99.388
104.458
100.737
104.305
100.744
104.008
100.33
104.903
100.135
105.353
99.512
104.455
100.169
105.079
99.631
103.955
100.639
107.489
97.733
104.12
100.737
104.026
100.561
103.902
100.966
103.872
100.865
104.432
99.857
105.767
99.842
103.809
100.804
104.297
99.857
104.816
100.511
104.049
101
104.169
100.35
104.064
100.695
104.579
100.03
104.929
100.165
103.515
187.433
25.383
112.034
106.015
100
92.301
94.24
111.448
90.135
115.617
95.131
145.35
62.297
106.162
99.612
104.452
100.428
104.474
99.744
104.425
99.932
105.049
95.929
109.346
99.973
104.297
100.263
105.297
99.914
103.816
100.752
104.797
100.515
103.774
99.895
105.383
99.85
104.184
100.838
103.515
100.625
106.665
98.677
104.703
99.955
104.462
99.962
105.44
99.376
104.526
100.801
105.064
100.098
104.646
99.222
105.575
99.523
104.575
99.778
104.677
100.523
104.47
100.473
104.305
100.229
105.312
99.865
105.026
99.88
103.496
100.887
103.609
101.5
104.545
99.752
104.594
100.045
105.252
100.008
104.192
100.281
104.94
100.354
104.879
100.128
104.711
99.586
105.038
100.128
104.003
100.493
104.338
100.053
105.425
100.018
104.76
100.207
104.026
100.128
104.597
100.313
104.304
104.914
100.966
99.928
103.888
100.097
104.59
100.44
104.538
100.368
105.008
99.887
104.432
95.399
110.203
99.831
104.673
99.925
104.266
100
105.327
99.801
104.745
100.361
103.781
100.76
104.462
100.786
104.184
99.872
104.745
100.056
105.034
100.733
103.959
99.785
105.2
99.849
104.711
100.128
104.184
100.703
106.395
98.503
104.527
99.97
104.244
99.955
105.545
99.838
104.418
100.391
104.199
100.304
104.342
100.579
104.399
101.034
103.887
100.271
105.041
99.519
104.658
100.575
104.943
99.264
104.954
100.933
104.161
99.658
105.662
99.639
103.97
100.816
103.966
100.368
105.264
100.018
105.406
99.113
104.978
99.409
105.598
101.414
103.225
94.974
110.083
99.391
105.191
99.594
104.057
101.086
104.09
100.854
104.504
99.887
104.496
100.481
104.504
96.143
109.361
99.68
104.519
100.143
92.545
109.887
93.481
101.504
107.97
96.575
104.887
105.561
117.447
90.759
100.061
186.823
119.718
104.169
99.15
104.594
100.745
104.966
99.744
106.538
98.007
104.455
99.914
104.128
101.214
104.304
99.978
104.902
99.778
104.76
100.541
104.305
99.793
104.44
101.094
103.872
100.744
105.936
98.575
104.44
100.636
104.383
100.256
104.639
100.026
103.846
101.169
103.857
101.045
104.538
100.56
104.113
100.214
104.211
100.252
104.259
101.173
103.376
101.267
104.748
101.748
103.237
99.553
104.33
100.621
104.003
100.32
104.688
100.759
103.794
100.774
104.376
100.654
104.211
100.488
104.726
99.32
104.578
101.061
104.451
100
105.101
99.715
104.297
100.755
105.057
99.601
104.41
100.229
104.184
99.955
105.989
99
105.632
99.451
104.214
100.831
104
100.737
104.007
100.624
106.275
98.782
104.391
100.387
104.989
99.439
104.673
100.696
104.395
99.917
104.834
100.046
104.233
100.954
103.952
100.496
103.921
100.789
104.042
100.917
104.53
100.474
103.695
100.809
103.676
100.737
104.447
100.688
103.952
100.567
105.075
100.2
104.575
100.481
103.68
100.903
105.665
99.094
104.072
100.53
103.673
103.421
102.898
99.538
104.244
100.681
104.225
100.353
105.44
99.752
103.605
101.211
104.805
99.879
104.267
100.35
103.872
100.402
104.974
100.395
104.353
100.647
105.255
99.545
103.831
100.305
104.68
100.278
104.361
100.369
103.928
101.241
104.605
100.609
103.56
100.846
104.474
100.098
104.101
100.511
104.076
100.631
106.045
99.346
103.887
100.824
104.714
99.631
105.967
99.338
104.421
100.395
106.774
97.354
104.59
100.65
104.128
100.79
104.007
100.586
104.606
99.936
104.447
157.049
53.32
121.511
102.665
83.568
100.891
95.398
116.625
93.353
93.895
109.376
171.943
30.335
112.786
99.751
103.583
100.65
104.782
99.835
105.447
99.865
104.109
100.978
104.12
100.334
104.448
100.545
103.906
100.564
104.274
102.463
101.642
101.301
104.609
99.497
104.65
100.827
104.466
99.801
105.522
99.094
105.632
95.752
108.857
99.865
104.376
99.936
104.44
100.293
105.282
99.977
105.192
98.887
105.286
99.898
104.609
100.391
104.433
100.045
104.891
100.27
104.839
100.947
104.128
99.812
104.756
100.094
104.191
100.185
105.063
100.091
106.079
98.729
104.271
100.327
104.695
99.914
104.985
99.624
105.308
99.665
104.226
107.895
99.049
98.511
104.97
99.357
104.992
100.376
104.177
91.09
114.974
99.722
104.631
99.617
105.007
99.824
104.928
100.173
104.636
99.68
104.853
100.128
105.027
100.233
104.116
100.745
104.289
99.759
105.128
100.072
104.992
101.936
102.839
95.443
109.696
99.312
105.605
98.752
105.522
99.609
104.734
100.274
104.669
104.019
100.47
99.68
106.121
99.206
105.072
99.955
104.646
99.966
105.651
90.808
113.496
99.406
105.185
100.233
104.049
100.184
104.894
99.839
105.567
99.546
104.864
99.944
104.936
100.538
103.985
101.03
103.729
99.872
106.887
98.391
104.639
99.97
105.057
99.342
105.567
99.579
104.328
100.718
104.992
99.617
104.609
100.349
104.346
100.03
104.921
100.233
104.418
100.485
104.616
100.177
104.334
100.482
104.015
101.304
103.729
102.816
102.88
99.639
103.696
101.68
104.474
99.661
105.106
99.289
105.094
100.083
104.752
99.868
105.056
99.715
104.804
102.139
100.895
105.447
99.027
106.44
99.064
105.375
98.606
107.488
99.226
102.944
82.454
112.155
104.646
100.008
104.391
100.259
104.072
100.601
104.087
100.744
104.432
100.59
104.959
99.402
104.478
100.41
104.233
100.631
104.286
100.545
105.12
99.624
104.609
100.136
105.056
100.105
104.606
100.026
106.064
98.695
104.29
100.158
104.913
100.173
104.512
99.56
105.473
100.113
106.207
98.233
105.064
99.857
104.357
100.09
105.17
99.725
106.214
98.985
104.354
100.086
104.387
100.606
104.594
100.255
104.485
100.162
105.346
99.368
104.512
100.759
103.741
100.642
104.752
100.154
104.696
100.158
104.985
100.496
104.113
102.504
100.992
104.12
101.512
100.454
104.049
100.809
103.797
100.928
103.538
103.161
102.256
100.917
103.376
101.433
106.688
97.936
103.376
101.616
104.354
100.665
103.868
100.459
103.222
101.537
105.384
99.504
103.793
100.759
103.824
100.981
103.842
101.098
103.695
100.88
105.007
100.136
103.289
101.199
104.185
100.943
105.88
98.801
103.823
100.496
104.376
100.808
104.91
99.876
104.136
100.214
106.41
99.03
104.721
99.647
103.759
101
104.546
100.304
103.759
101.2
104.255
100.771
103.312
101.045
103.688
101.459
104.616
100.158
103.474
101.271
103.703
100.943
103.568
101.53
103.545
101
104.478
100.146
104.504
100.831
103.808
101.519
104.297
99.229
104.425
100.515
105.372
99.56
103.346
101.369
104.575
102.184
103.226
99.432
104.391
100.759
104.042
100.59
105.515
99.62
103.857
101.091
103.597
100.951
104.888
99.473
104.767
100.346
104.199
100.538
103.895
100.477
105.41
99.857
103.929
100.68
104.823
99.959
104.169
100.944
104.135
100.545
190.839
25.665
106.015
89.361
113.406
93.673
105.831
91.146
121.606
88.627
114.677
94.233
169.703
30.075
112.444
98.883
104.606
100.161
105.042
99.688
105.022
100.098
104.662
99.785
104.384
100.455
104.24
100.042
105.221
100.271
104.714
100.249
104.913
99.624
104.767
100.271
103.473
104.192
102.241
99.071
105.305
100.406
104.793
99.865
105.304
99.414
104.015
100.834
104.433
99.936
103.872
101.12
105.015
99.478
104.105
100.496
105.538
99.879
104.264
100.094
104.755
100.241
104.47
105.071
99.56
100.29
104.47
100.53
104.5
99.906
104.801
100.142
105.384
99.147
95.229
110.586
103.711
100.752
103.831
100.53
104.503
100.418
104.597
99.786
105.305
99.759
104.752
100.256
105.015
99.398
105.316
99.669
105.361
98.97
104.816
100.673
104.932
100.019
104.545
99.575
105.605
99.354
105.752
99.447
105.007
99.41
105.673
98.917
105.324
99.958
104.952
99.39
105.147
100.214
104.192
100.496
103.88
100.361
105.417
99.824
104.782
100.071
104.756
100.022
104.872
100.015
104.587
99.661
104.873
100.169
105.056
99.839
103.943
101.214
104.098
100.681
104.15
100.41
104.169
100.966
104.425
100.241
104.169
101.812
102.955
104.575
100.767
100.473
103.816
100.399
103.722
100.725
104.955
99.985
105.079
100.18
104.339
99.601
104.534
101.071
103.843
100.056
105.823
99.414
106.146
99.121
104.782
99.815
105.113
99.594
104.406
115.654
81.636
108.094
105.488
99.35
104.876
99.767
104.865
99.157
105.128
100.098
104.455
100.695
106.587
97.951
104.248
100.887
103.76
101.105
103.936
100.177
104.071
100.978
104.158
100.943
104.729
99.918
104.97
99.161
105.185
99.684
104.842
100.793
103.76
92.759
115.816
93.105
101.575
102.511
101.553
102.553
112.334
95.339
94.564
101.466
177.169
25.165
111.816
98.703
104.41
100.447
103.872
100.579
105.23
101.537
103.414
99.368
105.651
99.229
104.586
100.662
105.241
98.83
105.594
99.816
104.654
99.786
104.793
100.185
104.398
100.12
103.895
101.184
104.696
99.891
104.737
100.206
104.248
100.666
103.804
100.7
104.966
100.575
104.432
99.703
104.666
100.199
105.425
99.526
103.993
100.688
105.289
99.575
104.275
100.981
105.312
98.594
105.214
103.448
100.815
100.331
104.959
99.759
104.049
100.853
104.147
100.474
104.549
100.368
105.256
99.537
104.685
100.011
104.47
100.537
105.034
100.064
104.128
100.256
105.3
99.372
104.718
99.993
104.936
100.12
104.655
100.266
104.327
100.151
104.474
100.304
104.278
100.715
104.526
100.519
103.913
102.222
103.274
99.865
103.79
101.12
104.398
100.444
104
101.391
104.526
99.575
104.452
100.533
104.064
100.425
104.417
100.305
104.549
99.985
104.767
100.233
105.049
100.169
103.782
100.624
104.552
100.106
105.413
99.2
105.082
99.993
105.101
99.775
104.842
99.808
104.526
100.7
103.774
101.049
104
100.447
106.256
98.823
104.027
100.112
105.094
100.057
104.297
100.511
104.335
100.218
104.815
100.264
104.206
100.73
104.289
100.35
104.161
100.782
103.451
102.32
102.88
100.759
104.643
100.237
104.282
100.462
104.109
100.196
105.022
100.297
105.406
99.29
104.609
100.44
104.36
100.35
104.29
100.334
104.609
99.824
104.454
102.41
103.455
99.282
105.117
100.21
104.049
100.703
104.177
100.165
104.906
102.681
121.022
82.857
112.064
98.838
109.73
91.218
108.263
100.568
110.8
91.632
102.199
105.376
102.673
103.045
104.072
99.082
105.497
100.015
104.233
100.319
105.305
95.421
109.177
100.353
103.432
100.425
104.759
100.414
104.568
99.857
105.575
99.282
104.632
100.511
104.334
100.113
105.312
99.339
104.759
100.673
106.263
98.113
104.846
99.68
105.432
99.673
104.952
99.966
104.755
99.903
104.718
100.146
103.854
100.808
104.688
99.673
105.511
99.714
104.831
100.417
103.846
101.015
103.921
100.497
124.567
73.842
111.76
99.68
104.617
99.752
104.861
100.308
104.334
100.67
103.985
100.079
105.721
99.083
104.884
100.033
104.782
102.245
102.894
100.008
104.271
100.673
104.458
99.684
104.388
100.221
104.448
100.353
105.102
95.778
109.128
99.936
104.477
100.643
104.072
100.285
104.865
100.417
104.481
100.038
106.289
94.662
108.82
99.909
104.282
100.158
104.444
100.613
105.007
99.778
103.993
99.91
105.312
100.184
104.857
99.718
104.346
100.526
106.963
98.229
103.346
101.474
104.157
100.128
104.654
100.312
104.361
100.384
105.09
100.143
104.041
100.481
105.008
99.774
104.602
100.474
103.939
100.722
104.816
100.049
104.406
100.248
104.793
100.399
103.68
100.496
104.602
100.413
104.651
99.819
105.019
100.042
104.872
100.03
103.816
100.785
104.903
99.33
106.632
101.447
101.654
96.576
108.323
101.023
104.567
99.496
104.226
100.03
104.906
100.421
104.56
101.064
104.09
99.79
104.376
100.019
105.255
100.109
104.809
99.601
104.673
104.838
100.455
99.978
104.958
99.978
104.808
99.906
105.271
98.639
105.53
100.335
104.206
100.057
104.665
100.113
104.214
104.256
101.049
100.15
119.617
92.977
103.094
98.105
102.497
97.83
98.459
102.233
99.782
101.737
99.116
208.858
102.992
103.274
100.756
104.932
99.109
104.952
100.417
105.169
99.293
104.459
100.007
105.226
99.305
104.853
100.722
103.703
100.59
104.282
100.88
103.718
100.5
104.684
100.297
104.248
100.835
104.116
100.376
105.56
101.361
102.782
100.12
104.312
100.493
104.252
100.684
105.455
99.086
105.256
101.872
102.658
100.03
104.816
99.184
106.019
99.053
104.496
100.44
103.977
100.662
105.346
99.703
104.537
100.192
105.974
98.812
104.094
101.639
103.639
100.331
105.173
99.515
104.684
100.195
103.718
100.985
104.47
100.098
104.098
100.936
106.03
98.545
104.609
100.406
104.538
100.439
103.767
100.41
105.094
99.951
105.636
99.364
104.632
100.248
104.075
100.583
103.985
100.428
104.835
100.406
104.124
100.526
104.47
100.384
104.624
99.891
104.357
100.955
104.165
100.26
104.872
100.022
104.32
100.143
104.44
100.703
104.473
99.895
104.184
100.737
105.44
101.56
103.35
99.707
103.857
100.511
104.921
99.951
104.241
100.797
105.131
101.35
102.368
100.538
104.038
100.898
104.391
100.169
104.117
100.225
104.959
100.778
104.222
99.962
106.015
99.079
103.715
100.673
105.236
99.666
105.786
111.695
93.335
99.206
104.448
99.906
104.567
100.29
104.421
100.553
104.206
100.436
104.711
100.289
105.173
99.643
104.944
99.703
103.831
101.033
104.305
100.143
106.887
98.361
104.432
99.872
106.158
98.948
104.391
100.432
104.015
100.966
104.154
100.726
104.297
100.09
105.399
99.59
104.44
99.955
105.424
99.918
104.496
100.658
103.376
100.887
104.29
100.605
103.688
100.695
104.745
100.097
104.222
186.515
25.278
111.425
112.854
93.184
96.124
94.684
93.105
105.639
113.85
89.966
145.376
60.12
114.707
100.335
104.646
99.497
104.631
99.857
104.624
99.846
105.226
95.071
108.914
100.27
104.707
100.406
104.745
100.575
104.113
100.319
105.162
99.951
103.872
100.718
104.496
99.944
104.887
100.121
104.33
100.391
105.553
99.647
104.552
99.824
104.033
105.681
101.613
98.545
104.567
100.233
104.102
100.778
105.199
99.53
103.982
100.658
104.537
99.944
104.654
100.767
103.793
100.617
104.214
100.921
104.402
99.816
104.305
100.526
104.417
101.166
104.714
99.782
104.97
100
104.718
99.496
105.312
99.489
105.319
99.091
105.492
100.192
104.466
100.271
104.616
99.767
105.274
99.2
105.304
100.087
105
99.8
103.85
100.696
105.781
98.895
104.707
100.414
104.041
100.801
104.353
102.504
101.951
100.391
104.752
100.331
104.079
100.567
104.511
100.177
104.917
99.97
103.576
101.233
104.214
100.936
104.827
99.703
105.015
99.218
105.647
100.184
102.703
101.417
104.519
100.049
105.56
99.361
104.447
100.576
105.112
99.433
104.488
100.331
104.869
99.376
106.733
99.075
104.068
100.244
105.726
99.338
106.718
108.647
97.56
99.8
101.937
100.255
107.489
93.921
107.729
99.478
104.609
100.737
105.135
99.534
104.628
100.368
104.564
100.011
104.117
100.594
104.432
100.335
104.706
100.215
104.383
100.335
104.77
100.222
104.831
99.515
104.519
100.872
104.256
100.041
104.35
100.827
104.676
100.061
104.597
99.737
104.526
102.579
103.03
99.448
104.368
100.553
104.801
99.8
104.279
100.992
104.583
99.97
105.049
100.037
104.887
99.282
104.696
100.41
104.447
100.229
104.451
100.76
90.744
110.504
120.737
91.195
98.147
95.327
115.368
92.647
111.744
92.73
181.526
20.459
105.864
99.113
103.748
100.098
106.098
99.086
104.214
100.459
106.869
97.721
104.448
100.658
104.304
100.797
104.384
99.77
104.433
100.27
104.177
101.225
104.008
100.32
104.135
100.966
118.496
87.451
103.369
99.846
104.609
100.631
103.816
100.376
104.59
100.824
103.819
100.838
104.094
100.452
105.094
100.161
104.707
99.989
104.184
100.361
105.511
99.729
105.677
98.545
104.632
101.985
103.191
99.61
105.342
99.658
105.718
98.864
105.136
100.184
104.079
100.394
105.425
99.072
104.815
100.542
104.274
99.944
104.688
101.222
103.673
100.462
105.049
99.515
104.718
100.32
103.646
100.609
104.192
101.049
104.049
101.048
104.143
100.399
105.019
99.838
103.65
101.35
104.135
99.827
106.237
98.936
106.553
98.496
104.688
99.632
104.338
100.429
104.146
100.737
104.808
100.196
104.786
100.097
104.688
99.767
104.575
100.463
104.316
99.966
105.703
99.586
105.271
99.383
104.297
100.538
105.414
99.39
104.632
100.041
104.425
100.538
104.575
100.15
106.546
98.575
104.018
100.583
104.654
99.865
104.162
101.056
105.44
101.03
102.447
100.53
104.177
100.553
104.342
100.537
104.072
100.357
104.68
101.794
103.214
100.154
104.481
100.606
103.864
100.489
104.553
100.248
104.815
100.568
104.12
100.312
104.249
99.988
104.354
100.77
105.421
99.32
104.353
100.839
104.488
100.034
104.846
99.496
106.312
98.952
104.3
100.372
105.339
99.391
106.985
98.06
104.338
100.481
104.249
100.424
104.549
100.354
104.894
99.73
106.744
98.064
105.376
99.477
104.794
100.387
104.244
100.113
104.049
100.951
104.519
155.323
76.165
104.418
91.447
96.714
96.918
88.992
121.771
88.71
111.312
91.632
143.662
61.417
113.801
99.68
104.583
100.162
104.943
100.169
105.286
99.391
104.459
100.165
104.098
100.598
104.041
99.88
109.248
97.319
104.489
101.962
101.639
105.2
100.304
99.56
105.094
99.858
104.214
100.579
104.421
100.09
105.32
100
104.913
99.474
104.74
100.233
105.016
99.68
104.793
100.064
105.463
99.176
104.527
100.503
104.361
99.835
105.116
100.312
104.297
100.504
105.233
99.312
105.406
99.752
104.154
100.44
104.44
99.831
105.184
100.199
106.226
98
105.511
99.162
104.406
100.879
104.384
100.402
104.839
99.823
104.552
100.722
104.527
100.09
103.943
100.824
105.383
98.594
104.797
100.297
104.85
100
105.229
100.011
105.015
99.583
104.553
100.376
105.199
99.267
104.654
100.241
104.789
99.729
105.519
99.515
105.173
99.53
104.993
99.872
104.974
102.398
103.034
99.225
104.32
100.966
104.681
99.767
104.627
100.519
103.775
100.778
104.455
121.327
77.801
107.086
104.177
100.127
105.019
99.23
104.353
100.406
103.417
101.594
105.038
99.594
104.68
99.936
105.805
98.722
105.481
99.959
103.417
101.135
104.151
100.368
105.425
99.631
105.049
100.151
104.763
99.327
105.177
99.951
105.037
99.921
103.207
101.056
105.482
99.737
105.048
99.343
105.447
99.977
104.038
100.793
105.162
99.605
104.714
99.846
104.756
100.143
104.537
99.534
105.538
99.823
104.391
100.647
104.992
99.41
105
99.936
105.15
99.959
104.609
99.489
105.113
100.022
104.944
99.864
104.914
99.718
104.801
100.432
103.696
102.432
101.015
105.361
100.041
101.733
103.899
101.03
103.673
103.064
101.729
104.094
88.282
105.44
104.297
100.853
103.993
100.15
104.609
100.271
105.169
100.143
103.879
100.546
105.018
99.44
105.079
124.072
83.041
98.135
104.857
99.493
104.481
100.32
104.289
100.353
106.128
99.128
104.966
99.376
106.902
97.876
104.215
100.823
104.177
100.631
104.2
100.439
104.32
100.744
106
98.538
103.992
100.944
104.086
100.816
103.587
101.15
104.835
99.62
104.432
100.842
104.015
100.064
104.391
100.914
104.184
100.711
105.063
99.489
104.218
100.669
103.952
100.729
103.831
100.515
104.665
100.087
106.142
98.696
105.417
99.887
103.801
100.936
105.023
100.113
105.424
98.782
105.128
100.177
103.992
102.106
102.654
100.786
103.454
101.072
104.729
99.76
105.278
100.372
103.887
100.286
104.88
100.169
104.022
100.459
104.045
100.688
104.241
100.616
104.417
100.696
104.278
100.44
104.906
99.519
104.161
100.88
104.985
99.838
105.008
99.88
105.44
99.327
104.289
101.504
103.857
99.917
103.948
101.206
104.271
100.079
106.594
98.158
104.203
100.47
104.361
100.849
104.158
100.339
104.549
100.09
104.887
100.128
104.176
100.406
104.546
100.496
104.786
100.327
104.191
100.391
105.203
98.805
104.673
100.842
103.868
100.572
104.838
100.233
104.775
100.048
104.384
100.624
104.474
100.368
104.478
100.12
103.594
100.774
104.568
100.177
104.424
102.485
102.779
100.233
104.169
100.974
104.879
99.654
105.113
99.184
104.482
100.695
104.688
100.383
103.628
100.662
104.256
100.879
104.106
100.59
105.225
99.406
104.602
100.24
104.192
100.256
105.383
99.545
104.44
100.575
103.801
100.895
190.154
25.094
106.523
84.838
112.019
121.887
95.504
99.428
86.147
97.966
122.162
123.199
68.695
104.023
108.538
100.751
104.598
100.305
124.97
73.582
110.602
101.312
103.545
100.015
103.703
101.282
104.158
100.417
103.944
100.936
103.767
100.838
104.064
100.545
104.282
100.519
104.233
100.647
104.289
100.718
104.444
100.27
104.839
100.176
104.297
100.215
104.346
100.206
104.474
100.293
104.594
100.357
104.497
94.842
110.56
99.361
105.342
99.609
104.872
100.12
103.925
100.617
105.323
100.308
104.252
100.053
104.105
100.56
104.113
100.233
104.703
100.256
105.665
99.117
105.361
99.714
104.759
100.015
105.233
99.313
104.687
100.328
105.139
99.47
105.214
100.007
104.395
100.173
103.714
100.903
105.022
99.899
105.97
98.981
104.312
100.049
105.158
100.266
103.782
100.888
104.763
100.037
106.715
99
103.541
100.515
103.865
100.511
104.071
101.177
103.887
100.32
103.974
100.748
105.071
99.797
101.752
103.827
104.327
100.023
104.015
100.402
104.598
100.643
104.503
100.064
104.854
100.424
104.673
99.177
104.737
100.342
104.808
100.226
105.056
98.944
105.12
100.113
104.35
100.654
104.601
99.887
104.632
102.876
102.613
99.737
104.815
100.335
103.94
100.887
103.887
100.369
104.853
100.29
105.338
99.158
104.361
99.823
104.639
100.993
103.992
100.752
104.477
99.997
105.838
99.135
104.602
100.278
105.714
99.455
104.399
99.849
104.545
100.015
105.057
99.958
104.737
99.831
105.771
99.575
104.192
99.977
104.711
100.492
105.891
98.681
104.774
100.226
104.27
100.842
104.057
100.037
105.072
99.962
104.143
100.071
104.391
100.767
105.139
100.32
104.263
99.895
104.274
100.497
104.838
90.639
116.203
93.496
100.414
103.007
104.211
103.022
111.666
92.12
102.782
102.192
183.169
19.789
102.211
98.752
103.631
101.042
104.255
100.102
104.609
103.233
101.793
100.557
104.522
100.079
104.73
100.447
104.383
100.023
104.962
99.44
105.135
100.256
104.41
99.925
105.331
99.59
104.913
100.072
104.992
99.56
104.929
99.789
104.835
99.789
105.425
99.463
105.466
99.816
104.049
100.199
105.462
99.504
104.88
99.921
105.218
99.688
105.176
99.237
104.778
100.463
106.255
98.083
105.421
99.312
105.218
99.639
105.049
99.737
105.278
99.97
104.553
100.214
103.519
100.959
105.274
99.59
104.027
100.872
104.669
99.801
105.567
99.305
105.034
99.981
104.673
100.105
104.113
100.846
105.034
99.383
105.368
99.222
105.339
99.936
104.353
100.079
104.079
100.974
104.601
100.177
104.391
102.015
103.489
99.8
104.602
1105.74
22.519
104.816
98.902
105.545
99.312
103.455
100.891
104.192
100.455
105.353
99.541
104.448
100.616
104.042
100.24
105.399
99.759
104.184
100.594
104.895
99.624
104.632
100.21
105.365
100.402
103.042
100.928
106.278
98.094
104.97
100
104.681
100.176
104.335
100.447
103.831
100.963
106.406
98.609
104.033
100.312
105.568
99.463
104.161
100.741
104.834
100
104.568
99.914
104.199
100.56
105.03
100.139
104.466
99.861
104.485
100.692
104.094
100.334
104.459
100.166
105.496
99.857
104.575
100.203
104.635
100.305
104.098
102.744
102.342
99.865
104.992
100.154
104.264
100.368
104.271
100.289
104.59
102.73
122.24
81.903
112.575
98.879
108.937
90.906
110.052
91.042
112.439
96.282
109.008
100.895
103.849
101.177
104.688
99.022
104.632
100.184
104.681
99.992
104.993
100.917
103.387
100.831
104.079
100
104.654
100.316
104.966
100.737
104.496
99.801
104.357
100.011
104.861
99.575
105.361
100.042
105.169
99.654
107.361
98.985
102.974
100.154
104.985
99.943
104.038
100.12
105.56
99.801
105.113
100.158
103.849
100.241
104.725
100.192
104.226
100.368
104.681
99.861
104.571
100.688
104.244
100.098
105.056
100.17
104.064
100.902
103.921
100.684
103.981
102.376
102.557
101.011
103.917
100.26
104.221
100.312
105.064
99.985
104.094
102.835
102.917
95.587
108.981
99.928
104.737
100.226
104.887
100.545
103.76
100.248
104.985
99.83
105.079
99.553
105.071
100.29
103.959
100.454
104.715
100.007
105.169
99.831
104.207
100.515
103.861
89.383
116.891
99.854
104.631
99.53
105.534
100.271
104.613
100.079
103.767
100.214
104.289
100.703
104.523
100.116
106.504
98.339
104.59
100.274
104.248
100.376
104.497
100.973
103.914
100.793
104.335
100
104.473
100.534
104.098
100.278
104.729
100.248
104.997
100.045
104.534
100.966
103.714
100.681
103.56
100.616
104.278
100.534
104.226
100.489
104.383
100.902
104.914
99.658
105.101
100.955
103.951
99.192
105.143
100.15
104.666
100.105
104.334
100.339
104.988
99.297
104.88
100.545
103.624
101.015
104.196
100.564
105.064
99.778
104.951
99.914
104.206
100.29
104.308
100.147
105.68
99.519
105.714
99.192
104.32
100.672
104.64
100.101
105.169
99.688
103.752
100.639
105.56
99.489
105.162
100.428
103.339
100.248
105.473
100.173
104.203
99.564
139.331
74.624
105.105
101.327
108.591
84.643
107.62
95.977
99.091
100.845
98.831
208.425
103.09
103.726
100.447
104.948
99.454
105.421
99.553
103.985
100.474
105.398
99.575
104.256
100.538
104.774
99.572
104.086
100.744
105.271
99.951
103.865
100.722
105.541
99.056
105.354
100.045
104.635
99.752
105.489
101.135
102.463
100.575
105.225
99.361
105.654
99.651
104.56
100.207
104.928
101.271
102.338
100.241
104.534
100.898
104.508
100.169
104.695
100.339
104.552
99.568
104.932
100.113
103.936
100.816
104.914
100.312
104.454
100.211
104.237
100.56
104.316
100.116
105.042
100.282
103.733
101.071
105.681
98.842
104.327
100.289
107.136
97.725
104.004
101.007
103.918
100.53
104.109
100.692
103.917
100.786
106.503
98.809
108.725
95.737
103.921
100.609
105.256
100.534
104.09
99.853
104.417
100.35
104.346
100.586
105.301
99.835
103.297
101.44
103.669
100.759
105.515
99.376
103.917
101.136
103.586
100.647
105.327
99.504
105.361
99.665
104.951
99.906
105.057
99.575
105.368
99.455
104.192
100.582
104.459
100.278
105.184
101.305
103.293
99.643
104.29
100.751
104.35
100.335
105.372
99.646
104.312
100.561
104.759
99.936
104.59
100.275
103.864
100.726
103.899
100.86
104.331
100.421
104.763
100.365
104.921
99.511
104.696
100.586
105.421
99.384
104.481
100.177
104.646
100.027
104.391
99.943
104.752
100.417
104.046
100.684
104.639
99.838
106.587
98.744
104.064
100.462
104.083
100.455
104.921
100.365
104.143
100.891
104.27
99.745
104.887
100.24
105.346
99.455
104.609
99.782
105.09
99.805
104.744
100.376
104.714
99.952
103.936
100.921
104.229
100.553
105.744
99.29
106.015
206.552
94.433
123.917
90.161
107.504
95.929
99.552
100.497
101.3
111.692
104.632
122.391
69.575
114.019
102.184
100.319
104.391
100.433
104.853
100.169
105.985
99.23
104.064
100.627
105.079
99.632
104.568
100.537
104.143
100.158
104.402
100.902
104.391
99.764
105.045
99.24
104.579
100.76
104.973
99.418
105.255
100.038
104.819
99.857
104.328
99.902
104.346
100.455
105.8
99.455
106.042
98.624
104.857
99.887
104.417
100.959
104.44
100.342
104.447
100.226
106.255
98.282
104.733
100.057
104.714
100.117
104.488
100.17
105.297
99.83
104.391
99.97
104.335
100.97
104.695
99.888
103.951
100.594
104.733
100.259
105.177
99.631
104.046
101.488
104.594
99.463
105.079
121.703
75.082
108.32
104.079
101.015
104.481
100.004
104.804
99
105.403
99.391
105.048
100.094
104.767
102.177
102.729
99.839
104.815
100.752
104.76
99.417
104.711
99.842
104.496
100.639
104.624
100.034
104.91
100.233
104.27
101.929
104.169
98.568
105.24
99.576
106.176
98.545
105.286
100.346
104.417
100.124
104.083
100.447
104.527
99.842
105.165
96.309
108.676
99.73
104.845
100.271
104.323
100.361
104.384
100.631
106.809
98.349
104.297
99.899
105.334
99.121
104.83
100.335
104.891
99.229
105.008
100.38
104.624
99.853
105.041
100.143
104.151
100.248
105.346
99.902
103.849
101.027
104.18
99.978
104.398
101.004
104.195
100.444
104.613
100.319
104.211
100.767
104.722
99.342
105.041
99.887
105.226
99.831
104.263
100.135
104.993
102.56
102.331
94.789
111.064
99.778
103.557
100.706
104.591
99.943
105.305
99.466
104.925
99.943
104.305
100.338
105.109
100.218
103.801
100.271
105.09
100.342
99.575
107.196
101.917
100.744
113
87.369
107.921
101.101
105.504
96.816
107.507
97.2
97.496
102.237
103.94
100.447
104.342
100.147
104.428
100.651
106.488
98.158
104.778
100.527
104.518
99.929
105.993
98.902
104.635
99.951
104.286
100.259
104.534
101.023
103.947
100.831
103.865
100.199
104.767
100.12
104.568
100.519
105.018
99.857
104.031
100.545
104.248
101.169
103.846
100.943
104.008
100.594
104.673
100.214
103.895
100.56
104.15
100.459
104.526
100.617
105.327
100.714
103.662
99.635
105.32
99.255
105.369
99.553
106.477
98.835
103.308
101.255
104.873
99.808
104.105
100.767
104.169
100.403
104.815
100.384
103.598
100.665
105.214
99.617
104.425
100.12
104.248
100.44
105.921
99.455
105.455
99.176
104.519
100.008
104.503
100.474
104.575
99.978
105.831
99.345
104.47
100.2
105.763
99.342
104.913
99.617
104.568
99.861
104.631
100.432
105.876
99
104.252
100.26
104.398
100.402
104.775
100.03
104.338
100.775
104.759
100.564
103.981
100.072
104.451
100.485
103.631
100.94
105.47
99.733
104.466
100.587
103.846
100.752
103.879
100.504
104.417
100.504
104.071
100.286
104.771
100.673
104.59
100.985
104.169
99.564
104.429
100.631
104.384
99.981
105.064
99.898
104.064
102.887
102.647
99.962
104.305
100.605
104.034
101.03
105.666
98.984
104.44
100.102
104.41
100.376
104.36
100.286
105.12
99.737
104.538
100.421
104.21
100.79
104.586
100.079
121.136
84.12
103.962
100.624
104.087
100.688
104.229
100.275
106.473
98.493
104.162
100.71
105.147
99.582
104.602
100.237
103.778
100.962
106.591
97.808
105.056
99.959
103.943
100.658
104.839
100.15
104.361
100.41
104.425
154.022
62.094
122.489
92.511
97.12
96.899
93.951
93.496
107.624
99.752
110.105
170.422
30.105
112.744
99.199
104.271
99.955
104.165
100.978
104.575
100.545
103.568
100.071
104.587
100.312
104.511
100.774
103.786
101.079
104.049
103
102.647
99.958
104.008
100.609
104.688
99.97
105.079
99.639
104.616
100.391
104.696
100.327
104.466
100.105
104.121
100.101
104.944
100.33
104.343
100.695
105.368
99.794
104.695
99.064
105.113
99.872
104.538
100.327
105.037
99.673
106
98.737
104.639
99.921
104.809
100.781
103.993
99.929
97.233
108.751
106.109
98.252
104.733
100.042
105.327
99.199
104.906
100.29
104.319
100.184
104.816
101.455
103.199
99.639
104.824
100.112
104.711
101.004
103.534
100.594
105.03
100.034
104.319
100.974
104.601
99.504
105.056
100.094
103.508
101.071
103.76
100.703
104.417
100.335
104.872
99.511
104.947
100.271
104.135
100.609
104.617
100.485
104.38
100.143
105.285
99.459
104.816
99.68
104.639
100.553
104.774
100.177
103.951
100.338
105.166
99.985
104.015
100.665
104.703
100.169
104.873
99.909
104.873
99.834
104.767
100.256
104.135
100.816
103.857
100.662
104.451
100.071
104.399
96.218
108.879
100.008
104.526
100.835
103.789
100.737
104.921
99.76
105.424
99.64
104.545
100.199
104.823
99.887
104.752
100.241
104.759
99.568
104.699
100.534
105.335
99.282
106.12
98.913
104.692
99.824
104.601
99.985
103.801
101.176
105.312
99.993
103.981
100.752
104.955
99.733
104.504
100.255
104.658
100.267
104.087
100.533
104.26
100.74
104.211
99.838
105.632
99.887
104.199
100.508
103.413
102.305
108.056
81.858
130.687
74.767
116.745
100.575
105.658
97.56
105.846
96.218
96.312
105.605
104.305
100.44
104.68
99.914
104.12
100.74
104.786
100.263
103.722
100.959
104.887
100.049
104.496
100.447
104.113
100.057
105.334
99.496
104.361
100.951
104.162
99.993
104.417
100.598
104.214
100.658
106.797
98.06
104.406
99.929
105.71
99.432
104.948
99.485
105.312
99.763
106.485
98.41
105.221
99.369
104.225
100.839
104.199
100.083
105.598
99.849
103.76
100.872
104.346
99.703
104.503
100.681
104.327
100.85
105.3
115.275
89
99.902
104.169
100.59
104.515
99.967
104.184
101.094
104.785
99.576
104.68
101.887
103.715
100
105.056
99.278
104.162
100.654
105.402
99.703
104.233
102.079
102.128
101.241
103.496
101.406
103.887
100.026
104.929
100.391
104.831
99.801
104.68
100.177
104.718
99.913
104.2
100.289
105.199
99.929
103.943
100.44
104.873
100.447
104.823
99.801
104.086
101.211
105.06
99.226
104.391
100.439
104.955
100.128
105.199
99.177
105.391
99.609
104.015
100.681
105.567
99.192
106.786
98.199
105.271
99.368
105.041
99.655
104.642
100.166
104.312
100.808
104.147
100.661
103.752
100.959
103.538
101.142
105.162
100.143
103.177
101.751
104.391
99.786
104.568
100.143
103.729
101.086
105.185
99.169
104.575
100.241
104.703
100.346
104.718
99.808
103.631
105.226
101.034
99.861
105.376
99.507
105.485
101.128
103.331
99.349
105.113
100.192
103.271
101.203
104.718
99.83
105.267
99.936
103.982
100.898
104.406
100.376
104.256
100.56
103.872
100.594
105.271
99.928
104.918
99.744
103.977
100.978
104.361
100.368
103.455
101.342
104.042
100.383
191.15
24.824
105.947
96.782
93.41
107.255
101.29
97.214
116.057
94.03
107.515
89.943
175.816
29.816
116.598
99.255
104.128
100.338
104.455
100.128
104.233
100.489
105.15
99.978
104.113
100.236
105.128
99.666
105.142
99.688
104.568
101.297
103.658
100.03
105.226
99.184
105.045
99.906
104.568
100.221
105.395
100.248
104.474
99.541
104.967
100.139
104.631
100.575
103.722
100.624
105.094
101.85
103.598
99.443
104.245
99.53
104.793
100.789
103.936
100.835
103.132
90.849
116.44
99.511
104.139
100.125
104.443
100.286
105.105
99.801
104.485
100.233
104.643
100.684
104.199
100.402
104.824
99.353
105.421
100.098
104.192
99.955
105.597
98.673
106.113
99.831
104.887
99.455
105.177
99.522
105.489
99.406
106.545
98.406
104.737
99.639
105.417
100.2
104.297
99.665
105.18
99.794
107.214
99.594
103.688
99.417
105
99.286
105.21
99.989
104.553
99.793
105.128
100.376
104.526
100.635
103.797
100.282
104.241
100.925
103.545
101.447
104.162
100.03
104.316
100.797
104.312
100.567
104.395
100.06
104.226
100.703
104.12
100.594
104.162
100.759
104.606
100.432
104.154
100.192
104.951
100.041
104.414
102.473
102.952
99.026
105.485
99.722
104.511
100.703
104.218
100.199
104.53
100.575
105.271
99.327
104.008
100.793
113.045
89.996
106.497
100.18
104.688
99.778
104.929
96.101
109.587
99.173
103.992
100.643
104.158
100.594
104.816
100.398
105.425
99.511
104.034
100.455
104.992
100.057
104.62
99.906
104.703
99.636
106.669
98.515
104.613
100.03
104.676
100.335
104.673
100.116
103.835
101.135
103.745
100.864
104.654
100.049
104.226
100.902
104.639
99.921
104.512
100.319
104.643
89.271
117.289
93.805
100.274
101.895
111.488
90.29
116.071
93.215
95.503
109.064
186.632
19.616
103.504
98.128
105.259
99.343
104.15
100.5
104.308
102.538
102.639
100.361
104.425
99.943
104.184
100.993
103.286
101.424
104.737
99.73
105.943
98.76
105.086
99.617
104.646
100.707
103.981
100.275
104.319
100.568
104.887
100.177
103.872
101.023
103.977
100.639
104.432
100.824
104.304
100.015
106.042
98.744
104.545
100.184
103.981
101.219
105.357
98.8
104.26
100.534
106.56
98.342
105.432
99.233
104.211
100.887
104.06
100.643
104.143
100.511
104.474
100.816
105.071
99.049
104.624
100.241
104.176
101.2
104.518
99.888
104.913
99.639
105.105
100.166
103.85
100.601
104.305
101.334
103.823
100.538
105.406
99.538
104.661
100.012
103.932
100.85
104.334
100.147
104.447
100.59
104.906
101.151
103.289
100.433
103.951
100.27
104.497
100.304
104.504
100.849
103.384
101.015
104.752
100.338
103.895
100.951
104.128
99.88
105.68
99.65
104.158
100.391
105.162
99.455
105.624
99.368
103.899
100.797
104.248
100.729
105.418
99.511
104.646
99.873
104.409
100.527
104.191
100.88
104.609
100.03
104.737
100
106.098
98.718
104.049
100.289
105.974
98.767
106.105
99.162
104.263
100.41
106.575
97.91
105.759
99.496
104.233
100.35
104.139
100.639
103.831
101.154
103.985
100.222
104.936
100.383
103.97
100.873
104.654
100.12
103.921
100.744
104.2
100.462
103.786
101.695
103.715
100.718
103.639
100.849
104.2
100.567
104.478
100.673
104.545
99.808
104.752
99.865
104.714
100.372
104.507
100.151
104.312
102.68
121.44
83.696
111.169
99.432
107.917
92.226
109.56
89.29
115.079
100.864
103.072
101.767
101.59
104.402
103.545
99.327
104.839
100.248
103.658
100.496
105.263
99.872
104.726
100.402
104.511
99.929
105.158
99.658
105
100.056
105.602
98.605
104.579
100.598
104.199
100.21
105.045
99.474
104.921
100.681
106.485
97.913
104.775
100.127
104.786
99.978
104.612
99.899
104.752
100.03
104.785
105.143
100.831
99.184
103.94
100.463
104.406
100.793
104.192
100.582
104.346
99.775
104.511
100.692
104.669
99.962
104.861
100.004
104.812
99.714
105.545
99.399
105.462
99.323
105.079
100.023
104.135
100.512
104.77
100.463
104.361
102.545
103.022
99.448
104.312
100.838
103.955
100.271
104.282
100.718
104.176
100.184
105.474
99.88
103.91
100.785
104.094
100.218
105.098
100.038
104.455
100.263
104.801
101.139
103.59
100.207
104.21
100.526
104.737
100.226
104.613
100.056
104.466
95.342
110.286
99.556
104.455
100.376
105.346
99.44
104.365
99.808
107.267
98.526
103.816
100.85
104.725
99.113
105.71
99.858
104.59
99.545
105.022
99.997
104.789
100.722
105.12
99.23
104.522
100.049
104.868
99.339
105.293
100.977
103.865
100.023
104.289
100.113
104.59
94.241
111.703
99.658
104.879
101.489
102.993
100.751
104.271
99.906
104.188
100.447
104.403
100.406
105.195
99.688
105.917
98.865
104.88
99.759
104.835
100.03
105
99.898
104.982
100.176
104.305
99.966
105.049
100.019
104.079
100.665
104.32
100.248
104.59
100.56
104.241
100.079
104.665
100.485
104.955
100.094
104.575
100.12
104.56
100.14
104.541
100.353
104.113
100.143
105.098
99.883
104.466
100.737
104.839
99.586
119.703
93.278
88.756
101.504
97.214
103.049
101.165
101.643
123.56
89.925
98.65
189.662
28.169
90.73
102.981
101.218
103.879
100.391
104.587
100.256
104.063
100.903
105.353
99.808
104.391
99.91
104.252
100.271
103.958
101.106
104.376
100.65
104.47
99.913
105
100.327
106.038
98.282
104.248
100.44
104.519
102.496
102.816
100.842
103.575
99.902
105.218
99.993
103.951
100.432
104.433
102.424
103.151
100.169
103.853
100.636
104.278
100.846
103.451
101.12
104.286
100.425
104.616
100.271
104.139
100.669
104.312
100.278
104.091
100.8
104.824
100.03
104.65
99.872
104.624
100.346
105.124
99.624
106.233
98.978
103.808
100.854
106.721
98.305
105.241
98.943
104.384
100.782
104.353
100.022
105.97
103.406

------------------------------------------------------------------------------------------------------------------------------------------------
max val(#3042) = 1208.00us
min val(#4681) = 19.00us
peak-to-peak = 1189.00us
mean +- RMS = 102.68 +- 16.94 us

packet size: 516
number of packets: 10000
RATE = 40202.88kbps, PPS = 9739.1
