Destination address set to 01:1B:19:00:00:00
Defaults: 01:1B:19:00:00:00 or 01:80:C2:00:00:0E
SIOCSHWTSTAMP: tx_type 1 requested, got 1; rx_filter 0 requested, got 0
setting ts_flags: 0x53
new ts_flags: 0x53


gap of hw tx time, us: packets 10000:
------------------------------------------------------------------------------------------------------------------------------------------------
0
181.053
202.417
204.135
206.632
203.289
205.546
205.398
202.41
196.455
213.879
205.121
281.646
142.906
222.079
210.865
264.857
187.504
123.556
198.692
204.808
204.342
206.951
202.538
204.192
205.24
204.207
206.839
203.041
204.646
204.241
205.267
204.846
204.936
204.68
204.482
205.007
204.654
208.042
202.304
204.504
204.647
205.056
204.801
204.503
204.79
205.083
204.673
206.669
202.943
204.44
205.338
204.888
206.744
202.714
203.989
204.906
204.47
208.617
202.289
204.793
204.102
205.391
206.537
202.376
205.455
204.857
203.786
207.237
203
205.068
204.372
204.049
205.462
205.594
203.586
204.925
204.425
205.481
204.654
204.767
208.361
201.978
204.496
204.789
204.113
204.474
205.695
204.17
205.428
204.417
204.696
205.289
204.97
206.335
203.214
204.602
204.304
205.406
206.391
202.914
204.383
205
205.771
206.327
202.865
204.3
206.489
203.44
207.244
202.316
203.955
205.767
204.15
204.872
232.497
202.8
187.094
209.786
217.545
176.88
200.327
204.327
204.297
205.489
204.413
204.211
205.064
204.894
204.891
206.621
203.304
204.305
204.519
204.8
206.857
203.256
204.895
204.489
204.447
207.248
202.865
205.056
204.842
204.173
206.658
202.929
204.541
205.049
204.695
206.248
203.463
204.658
204.594
205.455
225.263
184.759
204.978
204.503
204.666
204.695
204.553
204.91
207.447
202.019
205.109
205.011
204.286
205.128
204.383
204.835
205.007
204.624
204.369
205.319
204.455
207.233
202.369
204.902
205.162
204.661
206.361
203.447
204.211
204.703
206.079
205.049
203.665
204.839
204.413
204.914
206.658
203.007
204.88
204.703
204.376
206.673
203.278
204.665
205.057
204.206
205.128
205.297
204.617
215.489
197.936
204.255
205.045
204.403
203.849
205.072
204.992
204.504
205.045
205.665
204.418
204.135
282.177
160.349
198.128
201.376
251.105
145.985
207.23
200.906
204.958
204.098
207.782
201.496
205.162
204.632
206.225
206.207
202.297
204.173
205.481
204.767
207.297
202.218
204.575
204.79
205.154
203.936
204.966
206.105
203.76
205.744
204.32
204.631
205.139
204.519
204.673
204.101
267.042
144.056
204.03
204.32
205.026
205.12
204.824
204.03
206.21
203.534
207.651
202.094
204.233
205.15
206.177
205.601
202.335
204.609
205.064
204.71
207.842
202.128
204.951
204.993
204.489
206.766
202.406
206.561
203.673
204.552
207.632
202.218
204.47
205.146
204.365
204.545
205.489
204.353
205.981
204.17
204.157
204.929
204.865
204.906
204.624
204.823
204.384
205.157
203.963
204.101
204.602
205.15
203.233
204.418
204.127
205.655
206.447
203.113
204.409
204.632
204.985
207.214
203.88
204.049
204.192
204.714
233.917
184.929
209.417
213.496
184.733
204.85
194.951
203.993
204.646
206.496
203.444
205.072
204.191
205.169
204.846
204.617
204.895
204.496
204.575
205.011
204.903
205.135
204.368
204.921
204.553
205.007
207.023
202.602
204.718
205.248
206.872
204.462
206.778
204.696
204.695
204.113
207.113
203.094
204.609
204.665
204.158
206.545
204.064
204.873
204.169
204.864
206.632
202.44
204.831
205.447
204.041
205.29
204.703
205.413
204.376
204.624
205.233
206.591
202.12
205.162
204.481
204.737
206.485
203.368
205.609
204.759
203.873
206.56
203.639
204.872
204.463
204.77
206.342
202.816
204.432
205.384
205.162
206.454
203.249
204.218
204.751
202.839
206.255
203.068
204.38
204.353
204.951
206.658
203.008
204.545
204.718
204.951
207.026
202.854
204.755
204.639
205.072
204.575
205.169
204.293
204.7
204.703
204.673
250.056
170.335
203.673
204.616
204.391
207.872
200.782
204.801
204.199
205.418
206.391
202.68
204.759
204.944
204.594
207.128
202.59
205.026
205.982
204.056
206.616
202.809
204.68
204.831
204.53
206.831
262.665
150.241
203.376
204.271
207.398
203.184
204.072
204.729
205.154
204.534
204.786
204.413
205.049
205.113
205.616
203.839
204.304
205.391
204.857
204.696
204.898
205.03
204.305
204.44
205.041
204.79
204.654
204.77
205.519
203.951
207.373
202.413
204.665
204.854
204.474
212.391
197.706
205.038
204.767
204.842
206.647
203.169
204.27
204.489
204.801
206.895
203.778
204.688
204.222
230.8
179.215
204.515
204.887
204.639
204.481
204.654
205.56
204.361
205.342
204.64
204.09
204.943
204.873
205.09
204.158
204.842
204.71
205.128
204.816
204.808
204.391
309.632
173.688
189.714
169.199
186.662
313.316
84.135
204.44
204.541
204.418
206.8
202.88
204.891
204.59
204.342
206.448
203.857
204.361
204.631
205.241
206.489
203.071
204.286
204.962
204.775
205.056
204.312
206.782
203.139
204.929
205.214
204.496
204.575
204.944
204.688
205.026
204.929
204.504
205.27
204.03
205.027
206.383
202.974
205.019
204.71
204.523
209.101
201.651
203.661
205.361
204.816
205.951
203.53
204.526
204.624
205.034
206.662
202.594
205.038
204.954
204.718
206.561
203.112
204.433
204.921
204.496
205.222
204.703
205.722
204.304
204.136
204.59
205.297
204.706
205.008
204.143
206.03
205.128
204.105
204.929
204.823
204.553
205.857
203.823
204.914
204.797
204.184
206.609
203.861
204.955
204.646
204.545
207.73
201.767
204.966
204.233
204.53
207.312
204.207
203.575
204.263
204.353
403.034
229.895
193.774
207.451
206.959
273.526
133.504
204.575
205.076
204.015
204.962
205.188
204.361
204.496
204.801
204.304
205.222
204.673
205.624
204.658
204.726
204.056
209.384
201.218
203.958
207.839
201.815
205.523
204.304
204.181
207.579
204.064
208.15
199.978
204.206
207.482
202.815
203.624
205
205.034
207.519
202.583
204.368
205.177
205.703
205.864
202.399
205.162
205.049
204.364
204.812
204.767
204.008
205.342
205.985
204.658
204.853
203.553
204.887
204.842
204.278
205.211
204.857
204.932
204.985
204.094
207.361
202.68
204.609
205.32
203.526
206.594
204.211
204.895
204.214
204.977
207.47
202.162
205.162
204.007
205.47
206.714
202.478
205
204.624
204.331
207.917
201.744
205.624
204.44
204.823
204.888
205.12
204.041
204.951
204.617
205.162
209.417
200.214
204.654
205.241
204.289
205.711
209.56
205.88
209.567
194.391
205.899
194.406
205.008
203.992
205.154
206.662
202.936
206.812
202.917
204.902
206.553
202.737
220.601
189.745
204.286
206.255
203.354
204.552
204.782
205.049
206.15
203.297
204.44
204.602
205.297
204.597
205.128
204.673
204.778
205.23
204.383
205.057
204.503
204.504
204.744
205.361
204.489
204.489
205.165
204.587
205.297
206.06
203.105
204.681
205.582
204.256
206.849
203.158
204.309
204.83
207.102
204.586
202.91
204.73
204.943
204.887
206.275
203.056
204.805
204.203
204.737
208.917
201.801
204.282
205.18
204.139
206.752
203.03
204.857
204.805
204.564
205.158
205.458
204.605
204.44
204.865
204.304
205.583
204.395
204.59
205.015
204.474
205.007
204.688
204.673
204.903
204.68
206.823
202.865
205.12
204.271
204.432
206.921
205.418
202.511
204.959
204.721
255.91
170.369
197.199
204.575
212.507
199.797
199.899
206.944
205.184
204.199
206.654
202.587
204.368
210.207
199.729
205.44
204.609
204.44
204.376
205.293
204.85
204.857
204.804
204.715
204.255
204.809
205.526
204.098
205.086
204.41
204.823
205.575
204.354
205.59
204.147
205.191
206.549
203.346
204.808
204.192
204.346
206.91
203.368
204.391
204.707
204.936
206.718
202.977
204.944
204.399
204.473
207.895
201.85
204.541
204.823
204.745
205.097
204.775
204.785
204.497
204.616
205.151
206.297
203.285
205.38
204.91
204.049
205.112
204.504
204.824
204.966
204.394
205.256
204.737
204.568
205.342
204.398
207.275
205.447
202.872
203.44
205.263
206.658
202.312
205.166
204.323
205.086
206.918
202.673
204.849
204.647
204.331
207.342
202.966
205.004
204.909
204.076
206.605
203.049
204.894
205.929
204.722
203.846
205.601
203.113
206.895
205.03
204.274
199.895
200.368
204.858
205.654
203.842
204.895
204.496
205.079
206.793
202.966
206.425
202.959
204.056
205.192
204.755
206.782
202.887
204.914
204.966
204.523
206.552
203.151
205.319
204.079
204.929
206.319
203.73
205.112
204.241
204.861
207.169
202.575
204.779
203.921
205.195
204.756
204.902
204.466
205.519
203.887
204.887
205.233
205.015
204.786
204.305
204.988
205.177
204.666
204.759
205.256
204.09
208.128
199.391
204.597
204.482
204.823
206.289
202.993
204.496
204.985
204.609
206.925
202.831
204.631
205.481
204.264
207.082
202.79
204.955
204.669
204.635
206.511
202.944
205.128
205.049
203.895
205.176
205.598
204.673
204.688
204.88
204.176
204.993
205.022
204.707
204.759
204.433
204.853
204.872
204.936
204.057
205.752
411.184
211.297
204.041
208.35
203.353
279.775
129.455
282.315
141.23
206.849
202.166
203.921
205.312
203.902
218.105
191.801
204.496
205.136
205
210.68
199.135
204.715
203.917
205.786
210.383
199.087
204.77
203.895
205.609
207.936
201.47
204.448
204.657
204.993
207.368
192.248
204.903
204.511
204.481
204.978
204.582
204.35
205.616
204.906
203.489
208.158
203.432
203.26
204.816
205.669
205.737
203.582
204.801
204.417
205.087
206.056
204.993
203.176
204.989
203.993
207.424
202.97
204.342
204.688
204.489
207.647
202.135
204.572
204.981
204.849
208.775
201.368
204.354
204.887
205.015
204.451
205.447
203.854
204.906
204.297
205.601
204.527
204.887
204.511
204.602
205.184
206.996
202.744
205.091
204.477
204.977
206.929
203.632
203.552
206.207
203.331
207.301
203.097
204.448
204.913
204.222
267.985
164.376
188.688
203.729
210.233
199.982
190.872
204.161
205.519
204.417
204.328
205.135
204.631
204.696
204.88
205.033
204.696
204.857
204.376
205.214
204.034
205.35
204.801
204.842
204.567
205.222
206.132
203.3
204.673
206.512
203.191
206.508
202.789
204.767
205.32
204.338
206.545
203.109
204.944
204.808
204.737
205.846
203.729
204.297
205.072
205.064
206.53
202.936
204.598
204.552
205.32
205.928
203.455
206.079
203.771
203.958
205.113
204.527
205
205.011
204.925
204.458
205.312
204.903
205.033
204.617
204.549
206.267
203.534
204.154
205.248
204.598
208.815
201.906
203.591
204.744
204.85
206.552
203.526
204.241
205.184
204.384
206.985
203.165
204.752
204.282
204.59
206.41
203.207
205.199
204.752
204.481
206.207
203.601
205.342
204.418
204.575
204.489
204.864
204.632
204.951
204.936
205.026
254.967
168.631
204.808
210.339
194.688
204.774
204.959
203.759
205.339
205.105
203.981
204.936
204.139
204.981
205.177
206.448
203.203
204.661
205.275
204.007
207.35
202.346
204.981
204.312
204.624
207.225
202.632
204.801
204.992
208.215
204.36
202.64
203.985
204.327
205.282
205.406
204.015
205.323
204.477
204.489
204.696
205.552
204.639
204.305
204.913
205.015
204.767
203.786
206.105
204.294
204.687
205.673
203.801
204.737
205.109
204.53
207.598
202.395
204.36
205.437
204.515
207.022
202.793
204.952
204.218
205.263
206.661
202.624
204.809
204.319
205.09
207.632
202.944
205.049
204.157
204.681
204.85
204.936
204.428
204.857
204.425
204.838
205.113
204.681
204.218
205.846
204.255
204.921
204.346
205.094
205.218
204.312
205.102
204.383
208.76
200.56
207.481
304.361
115.631
215.914
203.951
204.286
211.842
187.342
185.545
203.617
204.639
206.801
202.793
204.582
205.2
204.68
207.951
202.809
203.808
204.699
204.647
206.214
203.143
204.774
204.756
205.15
204.763
204.463
205.015
205.169
204.335
205.007
204.275
205.398
204.831
204.545
204.88
205.007
205.072
204.12
204.545
204.865
206.27
203.617
204.545
204.662
205.331
206.278
203.03
206.466
203.29
204.597
206.658
203.286
204.658
204.526
204.884
206.718
202.943
207.143
202.993
204.203
206.334
203.335
204.887
205.139
204.241
204.838
204.462
204.771
205.03
204.241
205.222
205.169
204.737
204.985
204.917
204.417
204.647
204.763
204.782
205.586
204.372
206.587
202.767
204.447
205.184
204.865
205.929
204.143
204.353
204.647
204.823
206.53
202.759
204.831
204.384
205.161
208.395
201.613
204.327
204.53
206.951
246.462
182.779
192.718
208.24
205
212.297
196.049
202.511
203.497
205.064
205.342
204.169
204.849
204.482
204.966
205.383
205.207
204.85
204.383
204.237
204.914
205.105
204.225
204.831
205.248
204.207
207.056
202.64
205.112
204.226
205.177
207.071
202.718
204.218
205.113
204.782
206.368
207.207
200.771
204.519
205
206.721
203.151
204.214
207.248
202.696
208.706
201.414
204.368
204.722
204.568
205.511
204.496
204.914
204.38
204.913
204.97
204.985
203.959
205.248
204.785
204.621
205.12
204.504
205.522
206.696
201.917
207.297
202.801
204.665
205.399
204.68
207.064
202.463
204.376
204.571
204.752
207.237
202.819
204.286
205.872
204.03
207.098
202.466
204.478
205.263
203.778
208.169
202.181
204.154
205.361
204.902
204.361
213.086
203.504
203.496
204.44
203.763
268.902
149.839
190.248
204.515
204.357
203.801
197.545
204.662
204.282
204.774
206.699
203.102
204.601
205.113
204.045
207.177
203.034
204.462
205.275
204.372
206.564
202.676
205.064
204.496
204.824
206.744
203.384
204.53
205.03
204.394
206.561
203.767
204.481
204.56
205.342
204.162
207.406
202.665
204.342
205.049
204.489
204.801
205.071
204.319
601.121
222.278
204.162
204.289
204.632
207.158
202.586
204.414
204.8
205.489
206.199
203.215
207.297
202.631
204.568
205.744
203.587
205.229
204.233
204.951
206.474
203.086
204.955
204.512
204.687
206.696
203.222
204.425
204.921
204.545
206.526
203.519
204.545
205.034
205.534
204.097
205.2
203.864
204.711
205.071
204.73
204.951
204.631
204.978
204.752
204.857
208.744
201.109
204.44
204.786
204.654
206.537
203.136
205.056
204.985
206.647
292.552
153.553
183.632
222.255
202.73
196.462
209.248
185.113
204.086
204.715
206.533
203.098
204.128
204.951
205.248
206.391
202.921
201.519
208.331
204.872
204.951
204.654
204.545
204.128
205.568
205.098
204.44
204.342
204.793
204.718
204.759
205.012
204.936
204.406
204.962
204.677
204.913
204.846
208.921
203.624
202.929
205.959
202.721
204.688
204.602
204.725
207.241
203.665
203.655
204.657
204.809
207.319
203.169
204.279
204.646
204.696
207.113
203.12
204.496
204.192
210.015
200.248
205.019
204.383
204.993
204.391
205.056
204.895
204.864
204.767
204.41
204.214
205.609
204.155
205.383
204.639
204.887
204.711
205.019
203.988
205.617
204.489
205.639
204.635
204.237
204.786
205.049
206.135
207.552
200.079
204.888
204.767
207.387
202.357
204.88
205.12
204.41
207.143
202.488
204.801
204.639
205.143
207.624
225.425
203.105
192.696
222.943
195.455
180.064
203.466
203.974
204.579
205.143
204.864
204.824
204.342
204.594
205.214
204.786
204.831
204.526
206.673
202.744
206.842
202.861
204.933
204.398
204.944
206.575
203.225
204.391
205.594
204.109
206.722
203.519
204.263
204.602
205.688
205.518
203.267
205.173
204.177
205.538
206.533
202.899
204.598
204.815
204.617
205.199
204.474
205.184
204.696
204.928
204.745
204.973
204.218
205.128
204.455
204.929
204.921
204.605
205.067
204.512
204.767
207.985
202.639
203.481
205.485
204.267
206.173
203.297
204.808
205.034
204.767
206.334
203.53
204.455
204.722
204.838
206.794
203.206
204.474
204.669
204.816
206.722
202.831
206.064
204.071
204.538
205.409
204.072
204.703
205.278
204.666
204.36
205.128
204.47
204.842
205.448
204.552
204.448
204.774
204.624
204.88
205.259
285.143
127.184
230.662
206.85
203.616
203.109
200.068
190.357
204.56
204.496
206.906
202.376
205.109
205.124
204.455
206.809
203.605
204.131
204.895
205.278
206.632
202.489
203.793
205.406
204.722
206.639
203.176
204.538
204.797
225.474
184.673
204.477
205.004
204.131
205.275
204.455
204.56
205.113
205.105
204.248
208.504
201.616
204.542
204.161
205.824
204.368
207.079
202.553
205.094
204.034
205.297
206.398
203.128
204.88
204.631
205.105
206.312
203.057
205.128
204.383
205
206.568
203.263
204.248
204.466
205.44
206.744
203.463
204.515
204.534
204.24
205.286
204.432
204.944
204.53
205.519
204.304
204.737
207.59
202.624
204.098
205.44
204.553
204.928
205.583
205.056
203.929
204.308
204.474
204.816
204.808
204.729
206.936
202.711
204.816
204.8
205.305
206.782
202.338
204.605
205.106
204.951
225.985
211.177
207.417
200.958
202.136
197.808
198.049
186.143
205.128
204.673
204.616
205.15
204.44
204.658
204.981
204.515
204.937
204.815
204.726
204.827
204.91
204.552
205.906
204.143
203.839
206.751
205.609
202.97
204.504
205.06
204.019
207.03
203.275
204.567
205.008
204.56
206.959
202.8
204.2
205.105
204.808
206.711
203.112
205.256
204.327
204.688
206.466
202.903
205.191
204.29
204.801
206.838
203
204.872
204.767
204.65
205.177
205.079
203.774
205.297
204.921
204.974
204.722
204.56
206.681
203.221
204.297
205.297
204.647
204.425
205.049
204.597
206.489
203.113
205.902
203.951
204.786
206.026
203.583
204.823
204.482
205.552
206.384
202.293
204.872
205.241
205.24
206.327
202.474
204.711
204.962
204.647
206.575
203.481
204.47
204.97
204.831
204.793
204.391
205.225
204.534
204.384
205.312
254.876
174.379
201.955
205.184
197.215
198.906
210.718
204.022
204.779
204.703
204.879
204.384
204.955
204.83
204.929
207.199
201.944
204.951
204.331
204.973
208.395
206.902
199.271
205.688
203.744
207.651
202.391
204.297
204.349
205.384
207.225
202.489
205.151
203.936
205.511
204.737
204.504
205.097
204.669
204.884
204.447
204.895
204.823
205.008
205.184
204.496
205.282
204.177
205.244
204.474
204.519
204.673
204.936
204.951
204.955
203.974
208.12
202.752
203.842
204.47
205.184
206.913
202.561
204.823
204.496
205.56
206.647
202.402
204.763
205.79
203.74
206.835
203.575
204.767
204.211
205.007
207.286
202.41
204.654
204.864
204.369
205.007
204.76
204.248
205.361
204.936
204.496
206.237
203.492
204.301
205.072
204.68
205.387
204.181
204.801
204.793
204.793
308.222
174.233
190.03
168.5
184.207
316.357
84.744
204.745
203.8
204.816
206.673
202.944
204.744
205.199
204.121
207.12
203.192
204.24
204.816
204.184
222.102
188.53
204.47
204.346
205.041
204.752
204.774
204.681
204.958
205.568
204.714
204.102
205.218
204.413
205.091
204.225
205.109
204.553
204.767
204.65
204.59
207.233
202.786
204.88
205.049
204.432
206.711
203.071
204.489
205.173
207.564
204.375
202.294
204.947
204.541
204.335
206.865
202.992
205.03
204.587
205.037
206.034
203.049
205.071
204.91
204.5
204.981
205.17
204.041
208.959
202.048
204.192
206.76
202.695
205.327
204.835
204.158
205.267
204.518
204.711
204.752
204.849
206.264
203.297
204.109
205.33
204.576
206.12
203.865
204.695
204.462
204.835
207.192
202.504
205.789
203.97
204.342
206.944
203.033
205.064
204.767
204.617
250.447
176.963
196.199
204.752
204.928
203.989
201.688
207.827
204.782
205.098
203.977
205.008
205.432
203.711
204.902
204.68
207.497
202.823
205.068
204.398
204.617
204.24
205.639
204.752
204.414
204.379
207.839
202.729
204.553
205.199
209.116
202.906
203.042
203.91
205.793
204.368
206.361
203.662
203.601
205.2
204.815
206.617
202.669
204.594
205
205.241
206.184
203.816
203.789
204.914
204.616
204.906
204.421
205.786
204.88
203.962
204.733
204.993
204.488
205.301
204.395
204.816
205.673
204.334
203.959
207.105
203.263
206.568
203.289
204.553
204.729
205.166
206.304
202.767
204.568
205.842
204.647
206.218
202.439
204.888
204.334
205.192
207.147
202.861
204.609
204.582
205.098
206.767
203.53
203.767
204.752
204.785
204.576
206.097
204.613
204.756
204.628
208.658
200.481
204.774
204.73
204.718
205.312
204.657
205.207
204.639
204.921
204.824
202.898
197.327
205.248
204.47
205.185
205.304
204.609
204.447
204.888
203.834
206.376
203.47
204.857
204.903
204.518
206.282
203.824
204.466
205.319
204.722
205.944
203.887
204.703
204.417
204.56
204.421
205.482
204.466
206.838
202.654
205.448
204.609
204.24
205.215
204.65
205.022
204.82
204.259
205.41
204.617
204.567
206.824
202.714
204.789
204.715
204.71
207.042
202.909
204.579
205.109
205.312
205.906
202.967
204.312
204.714
205.989
205.432
203.331
204.733
204.786
205.278
205.624
203.323
205.072
204.902
204.474
206.789
203.056
204.568
205.305
204.063
207.267
203.046
204.424
205
204.767
204.199
205.17
205.184
204.195
205.373
204.744
204.722
204.782
204.327
205.537
204.29
206.037
203.057
205.12
204.703
204.97
412.56
206.673
203.414
208.218
204.646
279.376
132.974
204.658
204.169
206.801
226.887
180.985
204.504
204.24
207.399
202.519
204.706
205.67
204.018
204.797
204.775
204.891
204.27
205.015
204.561
204.706
205.087
204.955
204.319
205.478
203.921
204.936
204.977
204.79
204.898
204.733
204.455
205.38
209.086
200.17
207.406
202.402
204.936
204.485
204.44
207.515
202.733
204.402
205.278
204.786
206.887
202.602
204.609
204.18
205.162
207.887
203.03
203.985
203.673
207.432
202.97
205.414
204.763
204.045
205.233
205.008
204.631
203.985
205.376
204.978
204.639
205.022
204.072
205.049
205.127
204.282
205.478
204.504
204.759
204.947
204.888
206.007
207.775
200.68
204.071
204.963
206.925
202.345
205.128
204.752
204.673
207.105
203.606
204.409
204.632
204.023
207.567
202.481
204.888
204.688
204.872
207.567
231.643
206.493
196.402
192.726
236.496
166.793
193.15
203.594
205.185
204.056
205.143
204.624
204.368
205
205
204.561
205.36
204.44
204.376
205.008
207.225
202.365
205.147
204.383
204.425
207.477
202.696
204.992
204.425
204.88
206.744
202.936
204.793
204.519
205
206.248
203.312
204.696
204.767
205.304
205.906
205.391
202.88
204.624
204.823
204.617
205.425
204.15
205.105
204.455
205.497
204.53
204.406
204.992
204.647
205.898
203.639
204.929
204.831
205
204.552
206.688
202.857
205.873
204.052
204.451
206.256
203.312
204.568
204.879
204.722
206.79
202.955
204.71
204.681
204.838
205.936
203.714
205.045
204.873
204.545
206.661
202.722
205.079
207.282
202.305
205.59
204.665
204.448
204.289
205.256
204.334
205.342
204.715
204.353
205.489
204.067
205.515
204.414
204.538
205.454
204.113
283.778
152.606
185.015
207.473
204.591
203.195
206.263
203.951
205.512
203.808
207.639
202.511
204.515
205.03
204.083
207.669
202.369
204.943
204.576
204.601
210.455
199.872
204.963
204.334
205.015
206.872
202.459
204.711
205.15
204.579
204.357
204.786
205.349
204.538
204.248
205.376
204.481
204.542
205.439
204.636
204.894
205.121
205.582
203.553
205.154
204.35
207.489
202.439
204.391
205.354
203.951
206.59
203.737
204.575
205.308
205.079
206.057
203.413
204.083
205.102
204.511
206.842
202.921
205.135
204.67
204.011
207.301
202.018
205.106
205.173
204.323
205.316
204.609
204.424
205.32
204.617
204.793
204.804
204.666
204.488
205.079
204.297
205.617
204.553
204.703
208.966
200.752
204.289
205.169
204.981
204.252
205.421
206.53
204.042
203.925
204.345
205.128
207.023
202.744
228.474
181.575
203.959
261.191
171.448
196.977
201.673
207.839
215.793
175.992
198.478
205.432
205.049
204.248
205.192
204.53
205.237
204.394
204.854
205.098
205.086
204.395
204.519
205.169
204.526
204.902
207.091
202.312
204.936
206.552
202.872
204.568
204.816
204.489
207.349
202.575
204.97
204.583
204.692
206.406
203.248
204.752
204.857
204.992
206.429
202.835
204.924
205.034
205.466
207.688
201.463
204.567
204.76
205.049
206.207
203.503
204.305
204.545
205.105
204.662
205.007
204.489
205.305
204.545
204.782
204.872
204.609
204.737
205.135
206.647
202.913
204.808
204.782
204.624
205.042
206.601
203.023
204.703
204.015
205.673
206.184
203.647
204.33
204.895
205.015
206.538
203.015
204.68
204.745
204.703
206.658
202.951
204.639
204.744
204.786
206.782
203.113
204.47
206.906
203.071
204.793
205.2
204.481
204.526
205.289
204.391
264.632
169.767
186.481
208.944
212.184
197.808
202.793
203.91
204.865
205.722
204.094
205.086
204.707
204.064
205.098
207.278
202.951
204.056
204.73
205.109
206.921
202.913
203.824
210.022
199.993
206.815
203.079
204.436
204.677
205.361
206.568
203.319
204.376
204.594
204.432
204.888
205.135
204.993
204.176
205.143
204.09
207.192
203.447
204.504
204.29
205.71
204.914
204.549
204.503
204.673
204.56
205.079
204.305
204.921
205.271
204.943
206.064
204.361
204.049
204.654
204.899
206.751
204.143
203.384
204.368
205.079
206.921
203.064
204.353
204.79
204.827
207.222
202.767
203.97
205.248
205.097
206.192
203.508
204.891
203.838
205.248
204.515
205.045
204.835
204.774
204.809
204.887
204.699
209.887
199.064
202.068
204.97
204.27
204.715
205.128
204.304
204.88
307.432
128.041
204.719
205.199
203.801
212.902
186.21
183.839
204.079
204.24
206.73
202.857
205.255
204.632
204.519
206.992
202.504
204.346
205.101
204.474
206.726
203.594
204.552
204.519
204.729
204.797
205.444
204.222
204.759
204.737
205.56
204.184
204.936
205.008
204.218
204.793
205.365
204.729
204.286
204.707
204.902
206.466
216.237
203.631
203.985
205.015
206.963
202.823
209.425
199.376
205.342
206.872
202.933
207.676
201.824
205
206.383
202.391
208.331
201.598
204.537
207.241
202.695
204.489
208.271
201.511
206.929
201.842
205.462
207.56
201.767
204.707
205.853
203.921
208.312
201.752
204.32
204.65
205.797
206.489
194.327
205.274
206.215
203.537
203.632
207.752
203.199
206.135
202.512
205.097
228.44
181.76
206.233
203.191
204.602
204.368
204.775
206.703
202.481
204.647
205.522
204.541
249.594
163.64
210.672
211.057
206.413
199.106
205.417
201.913
204.072
204.286
204.778
204.605
204.624
205.376
205.128
204.496
205.199
204.143
204.955
205.463
204.304
204.959
209.586
199.775
204.906
204.165
207.808
202.169
204.696
205.425
204.064
207.447
203.263
203.85
204.481
204.974
206.41
217.342
190.056
205.56
204.985
206.729
202.88
204.684
204.692
205.797
205.711
202.827
204.759
204.801
204.91
205.21
204.384
204.894
204.944
204.312
204.387
205.613
204.154
204.782
205.147
204.688
205.391
204.064
205.575
204.744
207.594
201.677
204.169
205.609
204.086
204.914
207.023
203.466
204.022
204.192
206.113
206.631
202.463
204.146
204.967
205.263
206.24
203.139
204.703
204.711
206.97
204.782
202.658
205.917
204.154
204.782
204.211
205.206
203.936
205.038
204.872
205.177
204.594
204.917
204.515
204.793
205.023
206.177
206.079
203.928
204.327
199.278
210.579
194.35
205.233
204.617
205.015
206.842
202.477
204.97
204.88
204.007
206.921
202.801
205.038
205.21
204.568
207.199
202.617
204.695
204.959
206.962
204.294
202.891
204.902
204.079
205.327
204.755
204.647
206.481
202.854
205.248
205.071
204.827
204.549
204.609
205.128
204.376
205.177
204.376
205.567
204.44
204.41
206.03
203.729
204.839
204.834
204.703
206.335
203.282
204.759
205
204.297
206.447
203.576
204.601
204.808
204.839
206.601
203.038
204.831
204.056
205.587
206.503
204.888
203.011
204.47
205.12
206.414
202.928
205.042
204.924
204.395
205.177
204.312
204.932
205.173
203.989
205.913
204.158
204.56
204.993
204.943
204.568
204.496
204.906
205.673
204.485
204.921
206.489
203.417
204.35
204.071
205.489
399.511
237.207
180.154
230.384
190.737
277.906
131.951
208.022
200.448
206.977
203.432
203.703
204.775
204.624
207.316
202.334
205.241
204.748
204.737
204.692
204.947
204.601
205.249
204.567
204.395
205.117
204.082
205.448
204.398
208.722
201.376
204.079
206.15
204.027
204.687
204.993
204.504
205.161
204.038
204.85
207.319
202.335
204.891
205.037
204.23
207.048
204.651
202.718
205.511
204.117
207.24
206.519
201.846
203.793
204.76
207.049
202.15
204.763
205.357
204.639
204.73
204.8
205.271
204.865
204.199
205.353
204.797
204.395
204.199
205.2
204.793
205.214
204.064
205.737
204.263
204.756
205.364
204.369
204.601
205.278
209.553
201.673
204.007
203.899
204.639
205.165
206.553
202.711
204.545
204.962
204.816
207.35
202.958
204.56
204.609
209.072
202.346
202.225
204.933
205.161
205.136
206.785
232.575
185.88
224.297
201.369
211.985
171.462
195.511
204.222
205.09
204.399
205.195
206.756
202.65
205.027
204.654
204.752
205.127
204.617
204.383
204.929
206.481
203.271
204.432
205.015
204.56
206.921
202.433
206.695
203.711
204.274
206.824
203.033
204.974
205.248
204.023
206.338
203.56
204.76
204.3
205.275
205.992
203.335
204.857
204.711
204.936
204.361
205.255
204.782
204.963
204.424
205.121
204.503
204.598
204.97
205.865
203.894
204.903
204.571
204.831
204.56
204.361
207.135
203.158
203.794
205.511
204.872
206.199
203.211
204.917
204.617
205.09
205.958
203.519
204.643
204.711
207.68
205.831
201.297
204.474
204.887
204.349
206.666
203.169
204.865
205.564
204.315
204.711
205.353
203.959
205.376
204.943
204.279
205.034
204.022
205.361
205.184
204.169
206.158
204.064
204.523
205.128
204.206
283.2
153.082
189.079
211.872
196.696
207.688
200.624
205.977
204.207
204.511
206.873
205.665
201.177
205.455
204.319
206.906
202.981
204.369
205.278
204.756
206.27
203.56
203.688
206.993
199.575
207.158
202.695
205.147
204.248
204.865
205.271
204.259
205.075
205.353
204.519
204.56
204.425
204.512
204.857
205.071
205.015
204.729
204.703
204.7
204.733
205.079
206.891
202.597
204.658
204.639
204.681
206.951
202.88
204.785
208
201.662
207.207
202.891
204.304
204.76
204.928
206.974
202.049
205.398
204.226
205.402
206.534
202.872
205.282
204.557
204.417
204.417
652.575
171.809
203.808
205.609
203.504
204.744
205.263
204.391
205.023
205.026
204.583
204.879
204.722
204.654
204.824
204.436
205.052
204.666
207.271
202.496
204.894
204.985
205.196
206.173
207.064
200.823
204.432
205.027
259.759
171.902
179.203
209.895
205.045
202.673
196.921
203.993
205.214
204.305
204.751
205.136
204.985
206.575
202.913
204.666
204.56
205.207
204.079
206.44
203.872
204.319
205.316
205.071
204.313
204.59
206.654
202.898
204.824
205.086
204.376
206.88
202.466
205.241
204.616
206.135
205.463
203.154
204.417
204.805
205.207
206.075
203.135
204.966
204.496
205.113
206.064
202.959
205.21
204.873
204.766
205.858
203.575
205.207
204.312
204.609
207.631
202.681
204.278
204.932
204.662
204.774
205.504
204.282
205.462
204.624
204.312
208.707
201.143
204.647
204.376
204.511
206.522
203.079
205.264
204.857
204.767
206.545
204.086
203.737
204.632
204.913
206.496
202.711
205.361
204.177
204.984
206.35
203.59
204.523
205.353
204.263
206.782
203.185
204.545
205.368
204.113
205.165
204.482
206.984
202.591
204.898
204.684
256.196
177.846
188.297
213.958
197.218
208.031
200.793
205.128
204.59
204.658
204.928
204.087
204.778
209.237
201.139
207.007
202.775
204.113
205
204.609
207.342
202.511
204.808
204.842
204.809
206.342
203.233
204.334
205.083
204.399
207.56
202.056
204.632
204.744
205.519
205.135
204.568
203.962
205.008
205.165
204.297
205.324
204.206
205.23
204.417
204.872
205
205.199
204.297
205.087
204.609
204.658
204.56
204.774
205.418
204.319
213.478
196.379
204.752
204.831
205.094
206
207.323
197.726
204.842
204.733
206.391
202.282
205.154
204.985
204.496
207.102
203
205.128
204.105
204.304
207.422
202.857
206.936
202.91
204.244
204.725
205.023
205
204.481
204.703
204.466
205.425
204.478
204.849
204.887
205.008
204.504
204.643
204.958
204.312
205.222
305.026
194.549
180.012
130.68
220.91
204.402
199.526
196.816
203.786
204.823
206.816
202.729
204.079
205.177
209.248
205.493
202.947
204.18
205.203
207.064
203.639
203.418
204.823
204.511
204.722
204.759
204.989
204.771
204.519
204.567
205.241
205.154
204.519
204.849
204.463
205.759
204.688
204.233
204.951
204.967
204.473
205.88
203.85
204.815
204.418
205.007
206.327
203.951
203.873
204.68
205.639
205.632
203.537
204.519
204.647
204.808
206.432
202.929
205.522
204.286
204.553
206.774
205.139
203.79
204.361
204.334
204.929
204.88
204.954
204.903
204.353
204.718
204.921
204.801
204.662
205.064
204.218
205.398
205.12
204
205.384
204.353
206.263
203.339
205.485
204.041
204.865
206.616
202.981
204.617
204.737
205.297
206.519
203.048
204.606
204.778
204.511
206.56
203.072
205.233
204.56
204.673
250.718
181.068
247.116
182.816
235.872
142.346
218.541
188.376
205.41
203.88
205.56
204.752
204.113
205.086
204.587
204.868
204.579
205.199
204.192
205.113
205.868
204.692
204.015
205.391
204.376
204.255
207.722
203.414
203.793
204.872
204.327
207.451
202.373
204.266
204.858
204.804
207.057
203.225
204.568
204.977
204.278
207.504
202.703
204.448
204.496
205.154
207.162
202.236
205.474
204.158
203.865
206.09
205.553
203.676
205.26
204.199
204.646
205.512
205.71
203.955
204.045
204.97
205.042
204.293
205.628
204.199
205.015
205.15
204.899
203.917
205.594
204.665
206.376
202.809
204.391
204.951
205.27
207.418
201.816
204.902
204.722
204.27
206.933
203.045
205.481
209.06
199.929
206.985
202.751
205.192
203.993
204.992
204.53
205.35
204.323
204.775
205.327
204.342
204.658
205.406
204.601
204.433
204.853
205.97
204.977
206.929
204.293
205.53
200.44
197.887
204.455
205.369
204.703
206.808
201.872
204.992
204.467
204.988
206.921
203.384
204.571
204.008
204.789
206.7
204.116
204.169
206.651
203.605
206.368
203.342
203.418
205.383
204.609
205.936
203.489
204.447
205.113
204.929
204.462
205.256
205.864
203.696
204.466
204.981
204.643
204.696
205.319
205.342
204.185
206.687
203.346
204.286
205.681
204.552
206.53
202.335
213.425
204.759
204.023
207.913
203.169
195.286
204.936
205.008
206.537
202.752
204.808
205.023
204.707
206.037
203.639
204.451
204.831
204.854
206.857
204.568
202.992
204.921
204.887
204.985
204.361
204.662
205
204.857
204.767
204.771
204.646
204.654
205.136
205.048
204.474
205.094
204.594
204.85
204.838
206.072
203.319
205.553
203.8
205.102
405.12
231.515
187.256
199.744
201.621
292.139
130.03
204.458
204.591
207.263
202.368
204.105
204.865
206.087
206.071
202.143
204.624
204.951
205.252
204.184
205.064
205.015
204.057
205.8
204.497
204.398
204.985
204.684
205.444
203.943
205.008
204.838
204.936
204.715
210.391
198.872
204.88
204.597
205.29
204.267
207.511
203.256
204.131
205.308
204.185
206.864
203.038
204.808
204.425
204.729
207.342
202.2
204.346
206.526
203.823
207.083
207.575
199.481
204.478
205.105
206.639
203.12
204.192
205.083
204.646
205.489
204.917
204.155
205.007
204.65
204.895
204.718
204.481
204.952
204.8
204.391
205.639
204.384
206.124
204
204.703
206.553
203.872
204.244
203.692
204.872
207.605
202.369
204.752
204.695
205.586
205.861
202.944
205.474
204.71
203.985
207.481
202.681
204.071
209.639
200.282
224.944
223.504
189.733
192.451
221.56
212.696
170.597
194.914
204.774
204.376
204.936
204.816
204.985
204.177
205.105
204.605
205.305
204.658
204.143
204.977
204.974
206.928
202.808
204.752
204.455
204.617
206.887
203.147
204.526
205.128
204.864
206.937
202.545
204.808
205.03
204.977
206.106
205.3
202.425
205.177
204.872
205.737
203.511
205.136
204.176
205.049
205.342
233.207
176.545
208.658
201.271
204.624
204.432
204.688
205.207
205.071
204.057
205.439
204.091
207.143
203.154
204.101
206.816
202.568
205.161
205.102
204.131
206.628
203.56
204.124
204.703
205.32
206.504
203.128
204.751
204.391
204.985
206.707
202.895
204.662
204.518
205.538
206.432
202.865
204.808
204.711
204.823
204.884
204.996
204.906
204.361
204.857
204.669
205.32
204.007
205.049
204.887
204.624
206.105
203.534
205.075
204.602
205.188
279.827
156.064
197.917
222.496
235.809
146.12
215.553
192.278
204.827
205.03
206.816
202.338
205.797
204.026
204.88
211.166
198.616
205.049
204.673
205.135
206.448
202.695
204.568
204.906
205.199
206.312
203.85
204.015
204.951
205.218
204.447
204.88
204.838
204.256
204.771
204.68
204.429
205.729
204.56
203.944
205.338
204.929
204.887
204.304
205.639
203.982
206.665
203.538
204.398
205.218
204.079
207.327
203.275
204.398
205.015
204.639
206.914
202.725
204.132
192.158
218.624
205.865
202.56
204.966
204.887
204.218
207.233
203.639
204.639
204.049
204.384
205.41
205.639
204.056
205.214
203.865
204.609
205.263
204.44
205.515
204.429
204.774
205.244
204.561
204.853
205.019
204.725
204.474
205
204.383
205.271
205.192
205.992
203.497
204.376
204.447
205.338
206.278
203.207
204.26
205.564
204.048
297.376
116.666
208.143
227.15
200.628
203.455
181.398
196.282
204.327
204.139
204.583
205.342
204.56
204.809
204.703
204.857
205.015
205.161
204.858
204.27
205.433
203.725
205.162
204.864
204.249
205.406
206.007
203.707
204.286
204.943
204.609
207.184
202.335
204.331
205.797
204.041
206.921
203.199
204.745
206.278
203.823
206.218
202.824
204.304
204.914
204.725
206.248
203.779
204.68
204.662
205.097
206.2
203.007
205
204.955
204.391
205.056
204.79
204.835
204.894
204.094
206.418
203.864
204.88
204.695
204.568
204.88
205.176
204.835
204.222
204.722
204.556
207
203.496
204.602
204.575
205.256
205.823
203.331
204.853
204.496
204.715
208.752
202.063
203.673
204.929
204.662
207.15
201.955
205.662
204.672
204.681
206.406
203.391
204.5
205.135
204.158
205.568
204.65
204.35
204.827
204.669
205.034
279.902
151.801
193.537
211.688
207.406
197.106
201.673
203.774
204.594
205.023
205.112
203.816
205.327
204.256
204.771
207.74
201.771
206.376
204.022
204.76
206.879
202.433
204.552
205.297
204.391
207.688
202.312
204.32
204.786
205.064
206.894
203.241
203.992
205.023
206.504
203.394
204.478
205.274
204.237
205.515
203.974
204.831
204.68
204.76
204.849
205.305
204.304
205.113
204.526
205.241
204.271
204.808
204.579
205.504
204.206
204.418
207.086
203.113
204.44
205.022
209.771
201.823
203
204.56
204.606
204.906
207.165
202.545
205.162
204.094
205.432
206.553
203.432
203.993
205.221
204.794
206.59
202.771
204.661
204.85
204.902
204.688
209.361
194.632
210.751
205.034
204.624
204.542
204.977
204.745
204.984
204.414
204.665
204.609
204.576
205.248
204.778
306.564
117.504
211.748
206.507
206.252
203.496
191.23
188.346
203.278
205.425
206.052
202.861
204.556
204.899
204.752
206.695
203.312
204.794
204.455
205.033
205.936
203.67
204.297
205.233
206.71
202.993
204.327
205.113
204.447
204.88
204.763
204.981
204.97
204.428
204.651
206.263
203.583
204.432
205.274
204.553
204.605
206.587
202.91
205.184
204.816
204.609
207.973
202.29
204.056
205.008
204.658
206.176
203.688
204.711
204.695
204.53
206.869
202.722
204.879
204.688
205.143
206.466
202.91
204.759
204.474
205.139
204.662
205.135
206.184
203.816
204.391
204.545
204.794
205
204.221
205.271
204.65
205.297
204.2
204.838
205.226
204.334
206.305
202.977
206.489
203.128
204.902
206.808
203.451
207.087
203.44
203.973
206.579
202.662
204.865
204.68
204.462
207.027
202.597
205.136
204.801
204.759
250.665
180.718
204.858
188.36
208.88
211.91
198.925
202.966
204.192
205.255
204.226
205.376
204.124
204.65
205.489
204.504
204.44
204.954
204.5
204.523
205.944
204.184
204.853
204.714
204.335
205.376
205.688
203.85
205.037
204.624
203.865
209.007
201.497
204.154
205.12
205.286
207.019
202.973
203.914
205
204.887
206.816
202.88
205.105
204
205.12
206.959
207.887
199.872
204.816
204.695
204.561
205.033
204.937
204.838
204.083
204.823
205.425
203.661
205.057
204.639
205.44
204.09
205
204.872
204.617
205.173
204.481
204.864
205.143
204.688
204.824
207.353
202.609
204.165
205.098
204.568
206.895
202.135
223.537
187.602
204.079
207.135
204.275
202.567
205.327
204.647
207.162
201.838
205.034
204.981
205.474
204.263
205.41
204.59
204.466
204.808
204.008
205.639
204.944
204.36
205.057
204.695
205.854
204.425
205.255
204.211
213.191
202.696
190.368
204.008
204.71
205.17
206.041
203.308
204.812
204.357
204.602
207.537
202.64
204.518
204.624
205.143
206.579
203
204.662
205.12
204.169
209.846
201.015
204.32
204.203
205.177
206.263
202.759
204.775
204.842
204.676
205.034
204.639
204.842
204.715
205.03
204.921
204.831
204.793
204.831
204.432
204.601
204.591
205.064
207.225
202.305
204.846
207.15
202.962
204.681
204.552
204.752
206.918
202.962
204.414
204.537
205.241
206.413
203.226
204.526
204.925
205.011
206.346
202.887
204.673
205.106
206.184
205.661
202.271
204.587
206.391
203.984
205.121
204.278
204.632
204.898
205.128
204.447
205.143
204.575
204.842
204.925
204
205.139
204.985
205.293
204.395
207.308
202.835
204.241
204.853
204.41
204.816
404.439
231
188.177
199.733
212.504
279.805
132.759
203.647
204.319
207.023
202.571
204.775
205.093
204.444
206.545
203.38
203.962
205.294
205.417
204.568
204.481
204.537
204.685
204.755
204.959
206.943
202.234
205.481
204.597
204.745
204.913
204.433
208.831
201.661
204.632
204.161
205.403
204.071
205.35
204.154
207.598
202.432
204.665
204.606
205.496
205.834
203.222
204.425
205.305
204.672
207.32
202.793
204.425
204.669
205.256
206.545
203.583
204.071
205.305
203.985
207.639
202.071
205.29
204.342
204.744
204.786
205.616
204.038
204.714
204.839
204.68
204.985
204.192
204.744
206.008
203.838
205.699
204.448
204.191
204.921
204.797
206.993
202.808
204.808
204.297
205.297
206.685
202.954
204.745
204.861
205.105
206.289
203.008
204.474
205.285
204.489
207.056
208.064
198.376
205.609
204.775
207.071
263.417
167.696
203.361
197.831
226.992
164.542
200.112
204.369
205.176
204.027
204.605
204.842
205.072
205.03
204.255
204.745
205
204.793
204.992
204.809
206
204.357
203.77
204.873
204.977
205.752
203.564
204.571
205.098
204.124
206.808
203.248
204.602
205.135
206.662
204.665
203.215
204.631
204.771
204.609
206.214
203.087
205.473
204.369
205.03
214.417
194.651
205.03
204.8
207.921
202.952
202.879
204.489
205.12
205.335
203.992
205.2
204.466
205.462
204.049
204.925
206.834
202.91
204.226
205.522
204.384
206.767
203.135
204.624
226.391
184.511
205.906
203.248
205.072
203.913
204.534
207.113
202.575
205.064
204.312
205.575
206.425
202.263
204.978
204.864
204.967
206.289
203.327
204.207
204.865
204.97
204.68
205.413
204.354
204.752
204.737
205.045
205.259
204.478
204.105
205.744
204.775
220.616
188.921
204.951
203.873
205.263
206.44
202.838
204.819
204.816
204.489
206.774
202.846
205.354
204.65
204.425
206.492
205.049
200.617
204.864
204.335
206.489
203.086
204.617
204.744
205.647
206.184
203.139
204.312
205.173
204.489
204.8
205.128
204.752
204.455
208.083
202.774
204.12
204.658
205.876
204.41
204.545
207.534
204.011
203.527
203.609
204.654
206.488
202.583
205.305
204.639
204.537
206.696
203.496
204.384
204.842
204.8
205.944
203.816
204.692
204.594
204.921
206.24
203.425
204.782
204.474
209.334
205.312
202.85
204.917
204.752
204.85
205.101
204.139
204.929
205.015
204.447
205.072
204.289
204.519
204.891
205.534
204.184
205.383
204.76
204.537
204.79
205.169
206.094
202.962
205.057
204.744
205.121
206
203.037
205.395
204.406
204.631
207.042
202.895
204.751
204.786
204.76
364
71.887
238.319
179.136
185.906
288.688
115.616
203.256
204.624
204.846
206.53
201.958
207.369
199.624
204.752
204.455
204.361
205.488
204.737
204.455
204.808
205.226
204.71
204.906
204.64
204.36
207.937
202.086
205.162
204.406
204.631
207.169
202.136
205.007
205.29
204.056
207.158
203
204.353
205.087
204.609
206.759
202.76
204.887
205.113
205.346
205.526
204.398
204.147
205.214
204.049
206.985
202.534
204.579
205.293
204.425
205.192
204.8
204.583
204.241
204.714
210.639
203.929
204.312
204.349
204.85
204.094
205.323
204.613
204.617
204.977
204.184
207.602
202.733
204.759
204.793
204.952
206.297
203.127
204.583
204.835
204.8
206.846
203.282
204.143
204.966
204.73
207.015
202.176
205.072
204.274
205.316
207.162
202.744
204.632
204.424
205.305
204.526
204.474
205.064
204.759
204.722
205.03
205.56
204.489
203.823
205.184
204.658
204.888
204.767
207.097
200.252
204.369
206.609
202.913
204.466
204.925
204.508
207.421
202.518
204.745
204.44
204.447
207.064
203.353
204.617
204.519
204.819
206.669
203.098
205.064
204.703
204.647
206.406
202.819
205.113
204.989
204.729
204.504
205.049
204.515
204.316
205.161
205.207
205.105
204.496
204.929
204.353
204.655
204.966
204.695
205.169
204.305
205.24
207.32
201.767
205.312
204.68
242.985
171.173
204.038
203.94
205.312
204.59
206.929
203.282
203.657
205.343
204.751
206.425
202.936
205.128
203.993
205.199
206.88
203.83
204.121
204.936
204.03
207.18
202.989
204.835
204.646
204.831
204.602
205.041
204.335
205.233
204.492
204.914
205.097
204.376
204.617
205
204.88
205.094
204.898
204.504
204.237
205.537
206.248
202.73
205.417
204.654
205.44
222.774
186.305
206.68
199.482
204.601
206.996
202.252
205.267
204.594
204.602
207.101
202.632
204.507
205.575
204.124
206.876
202.591
204.77
204.654
205.376
204.745
204.631
204.831
204.771
204.808
204.887
204.681
204.921
204.789
204.32
205.368
204.391
204.921
205.042
205.263
204.511
206.703
202.744
205.027
204.206
204.632
207.135
203.121
204.304
204.402
205.094
206.824
202.921
204.658
204.894
204.576
209.958
204.481
204.016
204.458
204.677
207
201.921
205.586
204.384
204.846
204.943
205.004
204.812
204.85
204.519
205.056
204.432
204.553
205.041
205.271
204.406
204.68
205.312
204.425
204.233
205.169
206.617
203.436
204.128
204.977
204.655
206.635
203.789
204.587
203.921
205.101
206.921
202.542
205.473
204.098
204.59
207
203.346
204.023
205.406
204.673
206.985
203.447
203.76
207.575
199.259
206.353
203.237
204.335
204.936
204.914
204.56
204.688
205.049
204.285
204.929
204.913
205.327
204.106
204.661
205.192
204.808
206.489
203.113
204.816
204.785
204.485
207.369
202.353
205.278
204.474
204.647
207.432
202.056
204.425
205.417
204.561
207.116
202.729
204.399
204.616
205.425
206.064
203.083
205.064
204.515
204.883
206.816
202.895
204.771
204.759
204.406
204.575
210.312
204
204.778
204.391
205.094
203.857
205.512
204.466
205.015
204.632
204.842
204.725
205.169
205.015
204.73
206.319
203.106
204.398
204.368
205.546
206.815
202.617
204.214
204.801
205.177
206.759
202.929
204.567
205.072
204.496
207.222
202.849
204.376
205.136
204.345
207.23
202.515
204.496
205.166
204.375
205.091
204.966
204.417
205.504
204.319
204.993
204.466
205.335
203.447
203.414
204.056
204.579
204.985
204.436
204.432
205.226
206.568
203.21
204.293
204.696
204.864
206.967
202.913
204.865
204.601
205.03
207.049
202.354
204.797
204.992
204.402
207.057
203.116
204.354
205.184
204.432
207.136
203.037
203.508
205.349
204.963
206.808
202.504
204.981
204.601
205.143
204.786
204.966
204.688
204.079
204.94
205.199
204.575
205.136
204.744
204.579
204.598
238.895
175.672
204.177
204.455
205.008
207.041
202.094
204.816
205.011
204.718
206.523
203.063
204.734
204.233
204.955
206.526
203.041
204.887
204.463
206.056
206.305
202.582
204.745
204.842
204.989
206.233
202.928
204.782
204.887
204.933
204.902
204.887
204.512
204.736
205.2
204.33
205.237
204.425
205.369
204.135
204.823
204.752
204.977
204.448
205.962
204.03
206.673
202.793
204.568
206.902
200.2
222.056
187.462
204.922
204.552
204.44
206.68
202.831
204.73
204.759
204.823
206.801
203.169
204.816
204.594
204.669
206.872
202.647
204.744
205.106
204.721
204.79
204.936
204.304
205.17
204.59
204.568
204.785
204.88
204.545
204.989
204.786
205.218
204.853
204.575
204.793
204.666
206.661
203.098
204.673
204.696
204.327
207.191
202.865
204.959
204.488
205.023
205.929
208.383
204.128
204.274
204.824
207.176
202.151
204.872
204.609
204.59
207
203.681
204.312
204.488
204.857
207.463
202.218
204.613
204.943
204.418
205
204.842
205.071
204.632
204.248
205.304
204.775
204.391
204.876
204.74
204.73
205.609
204.327
204.59
205.319
205.624
205.587
203.158
204.252
204.71
205.094
206.707
202.447
205.113
204.681
204.917
207.346
202.846
204.643
204.406
206.409
201.974
202.778
204.639
205.369
204.285
222.019
188.192
204.669
204.369
205.048
204.696
205.353
203.985
204.613
205.665
203.993
204.992
205.015
204.568
205
204.56
204.703
205.169
204.312
205.425
204.271
206.327
203.241
204.714
205.15
204.673
206.688
202.801
204.598
205.282
204.413
208.098
201.376
204.737
205.191
205.177
206.229
202.891
204.895
204.703
204.651
207.03
201.845
210.572
203.944
204.477
204.898
204.136
205
204.823
204.696
204.703
204.65
204.786
204.861
204.857
204.97
204.627
204.899
204.944
204.199
204.97
207.079
203.135
204.32
204.56
204.936
207.135
202.891
204.038
204.665
205.271
206.703
202.985
204.688
204.695
205.636
205.887
203.319
204.207
204.936
204.658
207.286
203.44
203.778
205.086
204.399
206.714
203.384
204.184
205.233
204.455
206.481
203.966
204.147
204.703
204.767
204.928
204.673
205.004
204.729
205.147
204.35
222.368
188.248
204.184
204.56
205.064
206.32
202.959
204.338
205.199
203.914
207.624
202.782
204.699
205.06
204.722
206.158
203.244
205.004
204.808
204.617
206.391
203.282
204.601
204.293
205.474
206.545
202.917
205.395
204.038
204.985
204.879
204.602
204.718
204.601
204.504
205.433
204.616
210.15
199.602
204.432
204.966
204.786
204.816
204.414
206.056
203.936
206.744
202.936
204.474
205.44
204.647
206.695
202.737
204.782
204.819
204.613
206.632
203.361
204.688
204.752
204.823
206.267
202.846
204.721
205.546
204.293
207.128
202.567
204.835
204.383
204.873
205.154
205.082
204.515
204.745
204.661
205.023
205.147
204.297
205.135
204.688
204.44
205.319
204.545
204.606
204.417
209.752
202.402
202.703
204.767
204.962
205.038
205.632
203.225
204.91
204.722
205.225
206.598
202.793
204.993
204.278
204.635
222.884
187.955
203.485
205.131
204.767
206.914
203.597
204.03
204.978
204.41
206.688
203.312
204.24
205.286
204.793
204.651
205.195
204.233
204.88
205.105
204.376
204.56
205.327
205.064
204.233
204.745
206.808
202.925
204.21
205.015
204.809
207.007
202.376
209.857
200.951
204.32
206.97
202.263
205.417
204.583
204.474
206.936
202.838
204.895
204.346
204.68
207.056
202.933
204.571
204.361
205.812
206.553
202.44
204.834
205.342
204.177
205.162
204.447
204.831
204.511
205.369
204.639
204.921
204.646
205.139
204.561
204.3
205.29
204.688
204.319
205.963
203.996
206.714
203.094
205.012
204.236
204.651
207.015
202.977
205.038
204.56
204.169
211.519
195.241
204.943
204.504
205.297
206.526
202.666
205.112
204.312
204.264
207.658
202.469
204.993
204.432
204.688
204.831
205.744
204.343
204.571
204.895
205.056
205.222
204.162
204.594
205.248
205.094
204.424
204.576
204.774
204.504
204.913
206.888
202.518
205.012
204.71
204.993
206.808
202.417
205.286
204.451
204.932
206.636
203.564
204.191
205.425
204.218
206.85
202.646
204.279
209.737
201.951
206.552
202.903
204.011
204.661
205.019
204.824
214.928
208.59
203.779
208.101
201.29
205.015
204.68
206.056
203.222
208.602
202.184
203.545
204.88
204.68
208.925
202.041
203.467
205.052
204.451
207.944
195.327
202.007
204.29
205.406
204.489
206.665
203.023
204.319
204.778
204.91
206.579
203.365
204.703
204.594
204.59
206.586
202.925
204.85
204.962
204.534
206.523
204.263
203.391
204.906
204.631
205.279
204.83
204.418
204.737
205.142
204.335
205.147
204.767
204.736
204.726
204.808
205.034
204.729
204.519
205.88
204.425
221.767
187.736
204.361
204.613
204.808
207.282
202.974
204.692
204.526
204.744
206.305
202.718
205.256
204.752
204.481
207.015
203.09
204.399
204.834
205.181
206.785
202.278
205.203
204.478
204.842
204.59
205.169
204.865
209.312
200.335
204.537
204.865
204.974
204.631
204.282
204.959
204.793
204.624
204.895
205.383
204.384
206.936
202.376
205.707
204.015
205.03
206.992
202.568
204.744
204.993
205.056
205.951
203.545
204.545
204.681
205.004
206.744
202.673
205.256
204.424
204.85
206.673
204.18
203.482
204.345
204.918
207.643
202.086
204.88
204.823
204.906
204.59
205.042
204.285
205.136
204.609
204.263
209.872
200.376
204.97
204.624
204.767
206.695
203.034
204.681
204.477
205.132
206.718
202.831
205.312
204.297
205.056
206.47
203.241
204.83
203.955
205.327
206.56
202.561
205.026
205.214
204.226
223.124
187.489
204.12
204.707
204.924
206.7
202.782
204.391
204.673
205.127
204.715
205.567
204.335
204.793
204.553
204.556
204.681
205.203
205.135
204.383
205.128
204.951
204.647
203.771
210.488
200.053
206.169
203.064
204.906
204.628
204.658
207.304
202.504
205.064
204.44
204.496
207.496
202.512
204.368
205.184
205.184
206.625
202.751
204.346
205.485
204.891
206.421
203.203
204.688
204.286
204.56
205.263
204.827
204.895
204.696
204.849
204.79
204.601
204.666
204.951
204.575
204.774
205.508
203.902
204.895
205.161
204.297
207.365
203.241
204.225
205.185
204.533
206.136
208.955
199.327
204.97
204.131
207.098
202.304
205.35
204.65
205.297
206.497
202.823
204.639
204.609
204.462
207.049
203.425
204.568
204.654
204.793
204.496
205.057
204.519
205.127
204.587
204.91
204.706
204.512
205.24
204.752
204.44
205.493
204.635
205.071
204.609
205.215
205.537
203.376
204.846
204.169
205.711
206.616
202.41
204.62
204.361
205.636
206.695
202.902
204.327
204.617
205.808
206.56
202.681
204.12
204.823
205.185
206.432
202.857
205.135
204.711
204.895
206.169
203.056
204.872
205.256
204.793
204.85
204.556
205.305
204.192
204.515
205.094
204.782
204.515
204.567
204.966
204.884
205.237
204.425
205.071
205.289
204.271
206.823
203.042
204.27
205.019
204.485
207.233
202.538
205.376
204.301
205.082
206.591
202.969
204.271
205.154
204.654
206.73
202.334
206.32
203.688
205.458
206.294
202.609
204.526
204.97
204.816
204.808
205.049
204.944
204.582
204.376
204.602
205.533
204.692
204.357
205.361
204.609
204.861
204.602
204.53
205.846
204.049
206.526
202.985
204.895
204.439
205.027
207.319
202.241
204.943
204.677
204.41
223.771
186.797
204.53
204.297
204.789
207.015
202.587
204.736
204.982
204.906
206.511
203.838
204.433
204.721
211.696
206.459
204.315
205.064
204.97
204.241
197.222
204.458
204.79
204.128
204.635
204.989
205.12
204.887
204.801
204.865
204.857
206.597
202.282
205.136
204.71
204.944
206.793
202.842
205.192
204.639
204.256
207.233
202.616
204.903
204.368
205.335
206.36
202.681
205.199
204.624
204.793
206.831
202.403
204.661
205.226
204.808
206.68
202.816
205.207
204.639
204.775
204.793
204.594
209.03
200.643
204.334
205.038
204.865
204.65
204.725
204.955
204.959
204.951
204.282
204.605
206.019
204.526
205.888
203.267
204.541
205.289
204.929
206.553
202.541
205.12
204.154
205.038
207.447
202.553
205.056
204.305
204.639
206.816
202.616
204.647
205.451
204.342
206.602
202.823
205.158
204.432
205.075
204.598
205.714
204.512
204.428
205.034
204.466
205.256
204.669
204.267
204.974
209.552
197.451
204.542
204.665
204.433
204.951
206.782
202.582
204.842
204.666
204.71
207.207
202.072
205.018
205.192
204.816
206.778
202.744
205.064
204.741
204.474
206.902
202.248
205.575
204.248
205.737
206.169
203.662
204.184
204.523
204.973
204.553
204.985
205.034
204.413
204.29
205.222
205.105
204.767
204.913
204.215
205.267
204.733
204.695
204.324
205.364
204.169
207.346
202.485
210.027
203.481
204.646
206.248
203.399
203.823
205.256
204.906
205.977
203.463
205.037
204.346
204.384
207.515
202.767
204.462
204.801
204.834
206.647
203.056
204.726
205.203
204.733
206.617
203.169
204.383
204.361
204.861
205.139
204.985
204.519
204.639
204.598
204.161
206.057
204.297
204.74
205.064
204.669
205.038
204.406
204.778
205.688
204.008
222.808
186.962
205.591
203.695
204.568
208.575
201.316
205.011
205.12
204.53
206.534
202.801
204.808
205.034
204.312
206.869
202.793
205.176
204.61
204.736
206.733
203.241
204.327
204.729
204.64
204.53
205.485
204.673
204.537
204.711
205.417
204.594
205.094
203.943
205.162
205.357
204.466
204.76
204.722
204.853
204.346
207.541
202.489
204.538
205.071
204.583
207.12
202.481
204.553
204.583
205.447
206.049
203
220.872
189.865
204.248
206.477
203.042
204.951
204.601
204.831
206.865
203.488
204.455
204.425
204.59
204.564
205.23
204.447
204.992
204.44
205.143
204.696
204.849
204.703
204.872
204.801
205.057
204.526
204.808
204.635
204.279
207.282
202.804
204.857
204.538
204.887
207.222
202.729
204.602
204.613
205.394
206.226
202.925
204.872
204.327
205.417
206.88
202.568
204.575
204.891
204.143
227.68
183.327
204.128
205.376
204.346
207.045
202.331
204.537
205.237
204.474
204.992
204.688
205
204.666
204.533
204.737
205.237
204.85
204.44
204.624
205.334
206.553
202.481
205.263
205.369
204.695
206.154
202.662
205.105
204.598
204.21
207.136
202.966
204.842
204.519
205.019
206.887
202.534
204.887
205.075
204.511
206.561
203.541
204.323
204.406
205.44
206.681
202.221
204.948
209.462
200.015
205.387
204.749
204.736
204.647
204.842
204.936
204.914
204.312
205.56
204.192
204.966
204.808
204.391
205.026
204.794
205.173
206.402
202.936
204.718
205.233
204.094
207.011
203.391
204.256
204.793
205.598
205.56
202.688
205.263
205.177
204.823
206.666
202.695
204.827
204.662
204.688
207.248
203.552
203.993
204.425
204.695
204.406
205.395
204.684
204.936
204.842
204.354
210.094
200.214
204.338
204.937
204.048
205.542
204.695
204.448
204.876
204.744
207.007
202.726
205.064
204.44
204.936
206.774
202.275
205.376
204.639
204.567
207.53
202.207
204.824
204.857
204.199
207.026
203.256
204.128
205.462
204.744
206.29
203.335
204.567
205.113
205.128
206.616
202.478
205.161
204.369
205.128
204.376
204.774
204.771
204.646
205.297
204.568
205.338
204.245
204.763
209.47
199.658
207.541
202.455
204.865
205.537
203.993
206.744
202.696
205.022
204.703
204.53
206.872
203.008
204.936
203.808
205.53
206.733
202.85
205.008
204.661
204.85
206.774
203.113
204.707
204.804
204.752
206.827
202.831
204.568
205.079
204.011
204.944
205.342
204.511
204.759
205.241
204.015
205.545
204.369
204.282
205.244
204.771
204.766
205.143
204.865
204.523
204.789
206.256
204.169
204.432
203.895
205.225
223.256
187.406
204.29
204.59
204.77
206.839
202.985
204.71
204.842
204.136
206.928
202.831
204.696
204.834
204.207
207.041
203.797
203.748
204.876
205.042
204.56
205.049
205.549
203.97
205.079
204.695
204.85
205.199
204.319
204.722
204.854
204.56
205.376
204.522
204.681
204.248
206.88
202.906
205.221
204.752
204.632
206.609
203.575
204.064
223.639
186.56
206.643
202.981
204.327
204.801
205.098
206.229
203.154
204.673
204.301
205.12
206.831
202.872
205.124
204.654
204.609
206.414
203.09
204.872
205.064
204.312
205
204.97
204.542
204.894
204.752
204.248
205.602
204.767
204.511
204.696
204.642
206.839
203.21
204.2
206.048
204.421
206.5
202.365
204.752
204.936
204.722
207.192
202.68
204.609
204.782
204.335
206.906
207.808
200.902
204.538
204.669
207.064
202.38
204.71
205.233
204.526
222.97
187.2
203.992
204.775
205.022
203.906
205.993
204.045
205.139
204.654
205.019
204.876
204.372
204.774
204.85
204.82
205.21
203.808
205.519
204.553
204.263
207.68
202.865
204.414
205.048
204.985
206.801
202.447
204.553
205.278
204.248
207.218
202.711
204.376
204.538
205.439
206.591
203.443
204.188
204.113
210.056
202.632
203.056
204.192
204.842
204.782
204.808
204.88
204.895
204.507
205.207
204.327
204.887
205.147
204.639
204.575
205.049
204.906
204.564
204.305
205.146
204.718
207.098
202.165
204.985
204.583
205.41
205.714
203.572
204.259
205.406
204.68
206.504
202.767
205.135
204.339
205.575
206.376
203.241
204.21
205.181
204.68
206.331
202.943
204.696
204.774
204.993
206.71
202.801
209.233
200.519
204.744
204.561
205.654
204.289
204.816
204.887
204.737
204.297
204.917
205.068
204.477
205.523
222.383
187.418
204.229
205.617
204.575
205.879
203.057
204.951
204.402
204.865
207.158
202.985
204.646
204.779
204.383
207.609
202.237
204.515
204.943
204.711
206.703
203.113
204.361
205.143
204.631
206.936
202.763
204.527
204.849
204.982
204.879
204.861
204.541
204.982
204.481
210.056
200.098
204.605
204.914
204.357
205.395
204.703
211.631
208.857
198.482
201.462
207.256
203.921
201.849
204.718
204.617
206.376
203.135
204.872
204.632
204.793
206.688
202.745
205.782
204.048
204.519
207.072
202.345
205.598
204.763
204.497
206.857
203.695
204.23
204.507
205.072
204.759
204.71
204.425
205.233
204.301
205.113
204.928
204.831
204.282
205.327
204.384
204.616
204.835
207.564
203.218
204.921
206.662
203.082
204.023
204.27
205.361
206.448
203.203
204.669
205.184
203.899
207.605
202.511
205.354
204.785
204.087
226.334
184.617
204.225
204.688
204.47
206.73
202.488
205.534
204.624
204.617
204.481
205.056
204.44
204.545
205.079
205.008
205.128
204.105
204.992
204.2
205.285
204.771
205.053
204.955
204.518
205.034
206.455
202.793
204.959
205.538
226.853
181.455
202.041
204.823
204.779
204.639
207.24
202.47
204.56
205.113
204.715
206.973
202.666
204.842
204.485
204.808
206.718
202.947
205.128
204.064
204.88
207.718
202.019
204.928
204.677
204.951
205.184
204.444
204.789
204.384
205.184
204.387
205.478
204.545
204.71
205.064
204.545
205.151
204.522
204.399
205.12
204.767
206.538
203.079
204.665
204.752
205.27
206.376
202.361
229.335
185.707
203.631
206.79
202.297
204.503
204.794
205.334
206.722
202.56
204.797
204.444
205.308
206.624
203.666
204.345
204.711
205.417
204.76
204.425
204.597
204.688
204.496
204.959
205.331
204.425
204.639
204.958
204.711
204.496
205.083
204.774
204.624
204.391
206.906
203.136
204.455
204.65
205.263
207.173
202.857
204.842
204.136
205.128
207.135
202.695
204.53
204.752
204.639
208.256
198.241
204.673
204.477
205.056
206.794
203.127
204.399
204.451
205.583
204.098
204.436
205.319
204.508
205.319
204.696
204.68
205.023
204.402
205.102
204.409
205.049
204.662
204.985
204.729
204.053
208.026
202.455
204.665
205.816
203.944
205.958
203.29
204.725
204.948
204.639
206.342
203.41
204.985
204.432
204.91
206.816
202.09
205.609
204.413
205.2
207.018
202.177
204.767
209.32
204.263
206.872
202.143
204.616
204.888
204.481
204.823
204.583
205.075
205.357
204.361
204.56
205.53
204.489
204.575
205.015
204.527
204.827
204.421
204.906
204.966
204.928
206.538
202.917
204.899
205.015
204.68
222.809
187.233
204.752
204.759
204.767
206.432
201.978
205.477
205.162
204.158
207.376
202.736
204.399
204.955
204.774
206.899
203.646
204.583
203.97
205.312
203.744
209.598
200.538
204.661
204.583
204.914
204.481
205.255
204.873
204.424
205.155
205.195
203.887
205.587
204.466
204.489
207.221
202.489
205.391
204.711
204.394
206.982
202.665
204.977
204.824
204.943
206.241
203.038
204.68
205.177
204.312
206.526
202.876
204.278
205.034
205.526
206.944
202.263
205.425
204.304
204.711
205.083
204.872
204.733
204.695
204.696
204.842
204.752
204.846
204.639
206.139
204.383
204.519
204.451
204.47
205.425
204.165
207.113
203.113
204.489
205.278
204.064
206.297
203.496
204.474
205.165
204.808
206.651
202.391
205.222
204.515
204.849
206.861
202.673
205.15
204.752
204.418
207.09
202.959
204.109
205.537
204.29
222.924
187.858
204.579
204.597
204.474
204.455
204.928
205.151
205.146
204.008
204.541
205.248
204.17
205.282
205.052
204.816
224.346
185.312
204.327
204.53
204.462
207.579
202.248
205.215
204.816
204.951
206.793
202.759
204.35
205.162
204.751
206.249
203.079
204.729
205.026
204.748
207.019
202.575
204.839
204.361
204.864
206.854
203.537
204.008
205.304
204.583
204.68
205.177
204.711
204.53
205
204.616
204.831
204.496
204.481
205.391
204.801
205.199
204.218
204.989
204.538
204.688
206.992
202.895
204.331
210.109
199.842
206.319
203.328
205.165
203.955
205.184
206.752
202.601
205.237
204.481
204.44
206.985
203.305
204.59
204.729
204.207
207.323
203.207
204.605
204.7
204.624
205
205.101
204.188
204.981
204.632
205.192
204.616
204.737
204.823
204.895
204.617
204.767
204.977
204.455
205.459
204.03
222.665
187.335
205.143
205.33
204.369
206.526
202.895
204.688
204.361
204.936
206.752
207.47
200.139
205.071
204.414
206.755
203.271
204.368
205.023
204.703
206.68
203.226
204.744
204.497
204.981
207.267
202.161
204.632
204.62
204.41
205.214
205.106
204.255
205.218
204.549
205.323
204.647
204.929
204.59
204.752
205.019
205.221
204.136
204.714
204.733
204.169
207.632
202.759
205.068
204.195
205.203
206.609
203.192
204.478
204.842
205.135
206.65
203.109
204.594
203.436
210.068
202.432
202.937
205.135
204.56
204.384
206.951
203.304
204.647
204.767
204.225
205.151
204.864
204.339
205.086
204.865
204.737
204.759
204.553
204.744
205.101
204.489
205.192
204.647
204.274
205.744
204.519
206.745
202.687
204.914
204.711
204.872
205.992
203.47
204.737
204.985
204.504
207.199
202.729
204.463
204.992
204.53
222.887
187.448
204.071
204.793
204.767
207.32
202.304
209.354
200.12
205.087
204.639
204.609
205.594
204.214
204.752
204.865
205.319
204.414
204.77
204.711
205.049
203.985
205.327
205.255
204.087
204.928
206.745
203.225
204.903
205.496
204.146
206.741
203.004
204.237
205.09
203.974
207.071
203.496
204.121
205
205.139
206.27
203.312
204.67
204.947
204.797
206.849
202.282
204.703
204.681
204.865
206.789
202.786
204.853
204.801
204.722
206.368
204.703
204.079
204.665
204.944
205.079
204.368
204.384
205.184
205.034
204.101
206.955
202.903
205.345
204.662
205
205.978
203.439
204.568
204.718
205.162
206.425
202.334
205.113
204.312
205.263
206.963
202.86
204.809
205.007
204.56
206.241
203.617
204.567
204.376
204.711
207.154
203.609
204.406
204.034
205.398
205.26
204.214
204.752
204.639
204.646
204.745
205.203
224.511
186.049
203.951
204.399
204.815
204.865
204.718
204.85
204.519
207.266
202.647
204.538
204.973
204.696
206.146
203.015
204.734
205.274
205.207
206.161
203.343
204.545
204.936
204.432
206.823
203.305
204.12
204.959
205.113
206.199
202.834
205.256
204.432
205.079
204.936
204.47
205.609
204.203
204.493
204.977
205.094
204.666
204.609
204.105
205.271
205.222
204.8
204.162
204.88
209.605
202.62
202.199
205.046
205.665
204.192
206.24
203.072
204.902
204.56
204.752
207.274
202.873
204.383
204.831
204.793
206.857
202.414
205.425
204.345
204.933
206.778
202.447
204.914
204.902
204.842
206.606
203.36
204.76
204.737
204.921
204.59
204.673
204.838
204.53
204.718
204.602
205.334
205.226
204.207
205.282
204.361
206.958
202.647
205.256
204.594
204.462
206.609
202.353
210.136
196.8
204.463
222.496
187.853
204.801
204.714
204.497
207.113
202.511
204.752
204.631
204.966
206.658
202.888
204.729
204.789
204.978
205.842
204.654
204.485
203.88
204.643
204.616
205.233
204.782
204.696
205.135
204.929
204.233
204.849
204.737
205.199
205.023
204.703
204.192
205.24
204.331
204.974
206.849
202.974
204.489
204.97
204.406
207.128
202.906
204.797
204.827
204.526
230.304
178.527
215.394
209.677
204.305
207.049
202
209.409
200.094
204.106
208.248
201.688
208.278
201.304
204.831
207.12
202.61
208.537
200.369
205.037
204.921
205.271
208.098
201.718
203.913
204.966
205.5
208.124
200.515
205.485
205.297
204.594
208.23
200.8
204.609
205.049
207.233
204.606
193.744
204.169
205.32
205.943
202.967
204.282
205.24
204.369
206.853
202.985
204.631
209.737
200.094
206.872
203.177
204.128
205.135
204.53
222.974
187.688
204.049
204.793
204.169
205.166
204.631
205.226
204.135
204.906
204.854
204.744
204.68
205.042
204.646
205.079
206.545
202.816
204.76
205.056
204.297
207.056
202.782
204.673
205.034
204.376
207.59
202.248
205.064
204.568
204.763
206.925
203.12
204.335
204.962
204.722
206.759
203.046
205.849
204.015
204.233
206.903
204.135
204.289
204.391
204.282
205.361
204.647
204.489
204.751
204.681
204.59
205.064
205.09
204.711
204.857
204.616
204.598
204.857
204.688
205.327
204.376
206.519
203.034
204.575
204.906
205.045
206.737
203.147
204.831
204.398
204.955
206.632
202.759
205.128
204.304
204.793
207.136
202.428
205.369
204.616
204.113
207.346
202.376
205.128
204.759
205.286
204.135
205.425
204.192
225.203
184.925
204.417
204.391
205.177
204.503
205.489
204.327
204.899
204.695
205.015
204.647
205.842
221.519
187.289
204.79
204.947
204.03
207.383
202.391
204.745
205.319
204.106
207.214
202.955
204.654
205.049
204.56
206.568
202.891
204.654
204.703
204.951
206.568
203.383
204.515
204.481
205.301
206.842
202.605
205.369
203.906
204.887
205.064
204.786
204.605
205.376
204.233
204.538
209.477
200.44
204.928
205.264
203.706
207.237
202.929
204.545
204.759
204.824
207.169
202.169
204.974
204.763
204.549
206.823
203.289
204.959
204.5
204.462
207.121
202.526
204.729
205.121
204.861
206.808
202.56
206.019
204.233
204.177
206.436
203.481
204.135
205.248
204.519
204.786
205.248
204.609
205.079
204.695
204.865
204.575
204.624
204.681
204.722
204.868
204.857
204.76
204.402
209.278
200.639
207.034
202.887
204.88
204.545
204.902
207.09
202.478
204.928
205
204.688
206.316
202.933
204.135
205.402
204.59
222.433
188.184
204.263
204.793
204.609
206.662
202.842
204.718
204.617
204.857
204.601
205.158
205.057
204.624
204.718
204.722
205.135
204.895
204.195
204.696
205.406
204.586
204.677
204.744
204.65
205.824
205.872
202.992
204.106
205.364
204.177
207.226
207.361
200.184
204.782
205.022
206.722
203.023
204.511
205.425
204.353
206.44
203.135
204.955
204.357
204.85
206.966
203.177
204.376
204.808
204.752
205.041
204.598
204.703
204.962
204.286
204.684
205.527
204.417
205.109
204.786
204.248
205.214
204.44
204.616
204.76
205.026
206.854
203.12
204.282
205.056
205.064
206.229
203.192
204.681
205.376
204.304
206.681
202.872
204.729
204.421
203.147
206.079
202.353
205.192
204.646
204.482
206.902
202.793
205.241
204.56
204.752
206.432
203.12
204.549
204.936
204.545
204.794
205.342
204.496
204.425
204.838
205.211
204.973
204.801
204.417
204.497
204.973
204.865
204.568
205.323
204.244
205.17
207.041
202.56
204.744
204.873
204.165
207.432
202.865
204.752
204.774
204.418
207.071
202.85
204.297
205.079
204.503
206.639
203.121
210.962
202.47
204.793
206.583
202.816
205.146
203.752
205.166
204.857
205.237
204.579
204.894
204.264
204.699
205.229
204.744
204.474
204.895
204.68
205.023
204.425
204.518
205.057
205.624
206.026
202.974
204.504
205.567
204.185
206.8
202.786
204.861
205.154
204.594
206.936
202.572
204.939
204.433
204.966
206.846
202.913
204.857
204.632
204.583
206.977
202.929
204.646
204.985
209.369
200.101
204.609
204.312
204.809
205.161
204.88
205.101
204.26
204.974
204.639
205.312
204.609
204.808
204.346
205.079
205.101
206.523
202.943
205.015
204.61
204.68
222.519
187.688
204.56
204.808
204.369
207
202.368
205.03
204.673
204.737
206.263
203.786
204.455
204.718
205.436
206.143
203.173
205.161
204.087
204.601
207.113
202.376
205.537
204.26
205.146
204.752
204.241
209.421
198.075
204.023
204.752
205.545
203.838
205.297
204.357
205.331
204.729
204.493
204.684
205.244
204.579
206.797
202.44
204.921
205.136
204.68
206.218
203.03
204.711
205.131
205.121
206.496
202.598
204.992
204.353
205.17
206.124
203.624
204.594
204.567
204.873
207.342
202.353
205.192
204.53
204.575
204.966
204.985
204.448
204.977
205.15
204.049
205.384
204.248
204.864
204.696
219.056
194.831
203.673
204.504
204.816
206.199
205.601
203.136
204.297
204.703
205.218
206.165
202.985
204.583
205.12
204.53
207.102
202.673
204.793
204.759
204.512
207.048
202.576
204.838
205.034
204.65
222.797
187.745
204.048
204.745
204.823
204.583
204.425
205.361
204.639
204.624
205.233
204.376
204.744
205.072
204.661
204.681
204.977
204.944
204.417
204.68
204.429
207.65
202.406
209.88
199.978
204.594
206.853
203.177
204.439
204.474
204.624
206.44
203.774
204.467
205.086
204.447
206.482
203.624
204.289
204.718
204.903
207.36
202.512
205.097
204.843
204.165
207.248
202.184
205.087
205.259
204.214
205.215
204.831
204.537
205.256
204.395
204.759
204.865
204.079
204.864
205.087
204.601
205.143
204.823
204.617
204.59
205.628
206.323
202.741
204.74
204.673
204.538
206.865
203.454
204.711
204.658
204.759
206.609
202.985
205.023
204.695
204.794
206.676
202.793
204.922
204.526
204.928
207.064
203.072
204.722
204.27
204.839
204.537
205.504
203.929
205.218
204.838
204.496
204.553
204.752
205.135
204.545
205.29
205.086
204.681
204.503
204.309
206.056
206.564
202.583
204.688
204.477
205.011
206.846
202.639
205.019
204.414
204.688
206.834
202.887
203.88
206.399
203.729
207.15
202.921
204.56
204.843
205.319
206.617
202.774
204.56
205.098
204.774
204.512
204.966
204.65
205.049
204.368
204.967
204.616
204.91
205.083
204.782
204.522
205.038
204.289
205.602
204.676
204.312
206.809
202.722
204.8
204.688
204.895
206.41
203.631
204.549
204.121
205.274
206.789
203.267
204.455
204.624
205.369
206.24
203.038
205.071
204.091
205.079
212.496
197.398
205.346
204.015
204.553
206.71
203.29
204.176
205.313
204.781
204.835
205.199
203.895
204.752
205.402
204.222
205.459
204.605
204.511
204.85
204.695
206.752
202.887
204.985
204.403
205.037
206.835
202.477
205.072
204.545
205.391
206.402
202.534
205.026
204.929
204.669
223.147
187.421
203.849
204.959
204.447
206.707
203.342
204.729
204.294
205.274
206.342
202.948
204.733
208.97
201.097
204.733
204.655
205.018
204.008
205.248
204.823
204.831
204.474
205.169
204.759
204.775
204.864
204.395
205.038
204.703
205.639
206.522
202.151
205.135
204.801
204.304
207.072
203.225
203.959
205.587
204.101
206.568
202.992
205.184
204.53
204.91
206.696
203.079
204.849
204.624
204.425
207.583
202.53
204.605
204.85
204.703
205.015
204.808
204.872
204.876
204.485
204.027
210.086
200.32
204.398
205.361
204.481
204.895
204.673
205.135
204.681
204.785
206.775
203.094
204.131
204.733
204.944
206.842
202.76
205.056
204.601
204.677
206.936
203.29
204.417
204.789
204.467
206.447
203.711
204.672
204.594
204.328
206.24
203.838
205.072
204.616
204.455
206.651
203.094
204.808
204.553
205.026
204.357
205.432
204.448
204.744
205.072
204.672
205.015
204.61
204.68
209.135
200.722
206.342
202.816
205.44
203.985
204.816
207.383
202.41
205.079
204.658
204.774
206.88
203.248
204.553
204.631
204.568
206.391
203
204.992
204.76
204.891
207.173
202.849
204.399
204.928
204.809
206.503
202.602
205.263
204.929
204.022
205.632
204.778
203.902
205.335
204.259
205.214
205.015
204.617
204.617
204.962
204.981
204.361
205.064
204.737
205.094
205.128
205.879
212.218
204.801
204.47
206.744
207.064
192.2
204.315
205.087
204.654
206.744
203.128
204.835
204.428
204.297
207.632
202.203
205.192
204.18
205.305
206.545
203.135
204.601
205.271
204.184
205.008
204.834
204.824
204.722
204.71
204.737
204.895
204.488
204.982
205.041
204.346
205.03
204.85
205.071
204.526
204.76
223.176
186.963
204.567
204.448
204.932
206.801
202.553
204.688
220.616
189.993
206.15
203.004
204.319
205
204.718
206.632
203.225
204.418
204.894
204.974
206.474
203.086
205.624
203.56
204.681
207.451
202.293
205
204.391
204.872
205.546
204.319
204.752
204.977
204.327
205.136
204.849
204.888
204.567
205.177
204.32
207.063
202.256
205.169
204.872
204.546
207.206
202.561
204.469
205.369
204.714
206.207
203.177
204.646
204.808
204.576
234.248
180.297
200.473
204.606
204.68
207
202.647
204.876
204.567
204.561
206.646
202.985
204.917
204.858
204.424
204.967
204.977
204.489
204.534
205.36
205.106
204.797
204.628
204.285
205.072
204.673
204.872
204.583
205.063
204.636
205.628
206.304
202.978
204.552
204.305
205.368
206.759
202.313
205.454
204.361
204.745
206.815
203.335
204.545
204.59
204.249
223.071
187.444
204.285
204.538
210.184
201.519
203.425
204.575
204.774
204.763
205.064
204.696
204.304
204.76
204.368
205.094
205.203
204.733
204.824
204.947
204.684
204.914
204.391
205.026
205.173
204.259
207.23
202.169
204.895
205.146
204.936
206.425
202.895
204.605
205.049
204.977
206.399
202.88
204.635
204.662
205.233
206.184
202.966
204.778
204.872
205.384
206.278
203.098
205.286
204.424
204.455
206.891
202.504
209.079
201.24
204.151
205.098
205.007
204.489
205.113
204.718
204.575
204.943
220.339
189.44
204.289
205.094
207.207
202.695
204.091
205.169
204.567
207.429
202.184
205.049
204.376
204.891
206.421
203.346
204.917
204.38
204.677
207.033
203.049
204.606
204.898
204.429
206.985
202.579
204.605
206.09
203.981
206.489
203.274
204.391
204.85
205.286
204.263
204.88
204.601
204.553
205.045
236.537
176.602
201.917
203.778
205.136
205.263
204.688
204.56
205.936
203.793
204.504
207.023
202.744
205.135
204.312
205.113
206.44
203.395
204.022
205.248
204.801
206.605
203.305
206.891
202.669
204.504
206.928
203.305
204.455
204.496
204.722
206.68
203.185
204.086
204.88
205.086
204.921
204.575
204.85
204.391
205.184
204.775
205.019
204.654
205.12
204.466
204.838
204.937
204.007
205.681
204.992
204.594
206.135
203.35
204.786
205.007
204.681
207.015
202.665
204.872
204.008
204.973
206.955
203.181
204.594
204.214
204.993
206.928
204.019
203.925
204.752
204.515
206.556
203.376
204.756
204.902
220.511
191.568
202.857
204.03
204.387
204.929
204.748
205.06
204.688
204.669
205.305
204.113
204.631
205.015
204.211
205.094
204.872
207.12
202.568
204.722
205.06
226.154
203.158
185.481
205.305
203.703
205.233
206.338
202.831
204.545
205.391
204.086
206.632
203.616
207.752
202.32
204.184
206.083
203.556
204.098
204.966
205.124
206.271
203.128
205.214
204.481
204.425
204.981
205.275
204.518
206.057
203.654
204.699
204.782
204.914
204.376
204.951
204.774
205.323
204.207
205.56
204.609
204.542
206.699
202.966
204.384
204.729
205.485
205.88
202.906
210.206
199.53
204.974
207.057
202.466
205.222
204.402
204.71
207.44
202.602
204.605
204.511
204.756
206.782
203.395
204.327
204.924
204.538
205.297
204.729
204.745
204.567
205.053
204.312
205.241
204.594
204.567
205.354
204.624
204.838
204.511
204.857
204.974
204.827
206.662
202.823
204.203
205.399
204.534
206.898
202.526
205.643
203.632
205.327
208.135
201.545
204.782
205.083
203.774
212.064
198.354
204.695
204.647
204.985
223.304
187.271
204.007
204.745
205.064
204.507
205.342
204.335
204.489
205.161
204.361
205.079
204.662
204.65
205.214
204.632
204.714
204.286
204.921
204.978
205.03
206.823
203
204.376
204.511
205.233
206.76
202.864
204.609
204.455
205.44
206.432
203.346
204.733
205
204.027
206.838
203.192
204.473
204.632
204.534
207.338
202.519
204.496
209.504
200.335
206.954
202.328
205.071
205.504
203.936
205.075
204.88
204.428
205.602
204.274
204.575
205.448
204.808
204.286
205
204.331
205.383
204.823
204.226
205.421
204.898
206.399
202.632
204.68
205.455
204.504
206.834
202.485
205.011
204.23
205.105
206.384
203.319
204.744
204.752
204.688
207.106
202.639
204.665
205
205.312
206.087
203.078
204.516
205.157
204.568
204.09
210.56
200.031
204.503
204.944
204.635
204.542
205.327
204.552
204.658
204.88
205.334
204.328
204.706
204.497
205.15
206.632
202.8
204.745
204.518
204.703
207.113
203.098
204.695
204.801
204.846
207.53
202.214
204.801
204.526
204.801
206.583
203.011
204.32
205.071
205.015
207.015
202.801
204.53
204.733
205.09
204.662
204.545
204.737
204.673
204.71
204.906
205.264
204.552
204.286
206.297
203.831
205.297
203.951
205.154
204.711
204.657
206.918
203.504
204.011
204.774
205.177
206.526
203.384
204.409
205.343
203.985
206.928
203.192
204.327
204.737
205.071
206.327
202.94
205.173
204.368
204.602
207.342
202.169
204.481
205.286
205.248
206.512
203.319
204.248
204.993
204.624
204.496
205.44
204.064
205.816
204.338
204.425
204.872
205.079
204.425
205.556
204.365
223.748
186.537
204.519
204.143
204.869
206.755
203.011
204.568
204.853
204.388
223.214
187
204.56
204.726
204.906
206.53
203.143
204.782
204.616
204.696
206.191
203.745
204.808
204.12
204.936
207.057
203.466
203.925
205.169
205.282
204.116
204.914
205.263
204.354
204.838
204.774
204.722
204.515
204.996
204.433
205.297
204.894
204.297
205.008
204.891
204.376
207.158
202.921
203.958
210.647
199.316
206.992
203.373
204.097
204.872
205.301
207.801
202.169
204.714
204.489
204.327
206.568
203.59
204.384
204.672
204.655
206.921
202.815
204.546
205.345
203.933
205.41
204.567
204.737
205.184
204.745
204.455
204.906
204.349
205.29
205.135
204.335
205.793
203.887
204.481
205.121
204.8
206.839
202.992
204.384
205.282
204.413
206.673
202.639
205.098
205.022
204.873
205.631
207.85
200.823
204.568
204.714
206.846
202.646
205.072
204.94
204.62
206.459
203.391
204.537
205.278
204.512
222
188.188
203.789
204.824
205.015
204.808
204.737
204.575
205.24
204.568
205.072
204.8
204.305
205.177
204.248
205.15
204.579
204.613
205.353
204.361
204.534
207.113
202.808
205.105
204.511
204.489
206.936
202.733
205.034
205.158
204.147
207.094
202.695
205.011
204.504
209.91
201.68
202.843
204.781
204.433
205.184
206.782
202.865
205.007
204.729
204.531
204.936
204.853
204.192
205.24
204.561
204.56
205.417
204.421
204.962
205.335
203.786
205.609
204.831
204.263
205.105
204.432
207.237
202.835
204.477
205.011
205.271
206.233
202.478
205.071
204.624
204.978
207.545
202.086
204.538
204.609
205.286
206.793
202.278
205.432
204.448
204.977
206.583
202.842
209.143
200.53
204.861
204.034
206.015
204.233
204.59
205.105
204.553
204.974
204.68
204.759
205.282
204.654
204.948
204.391
205.049
204.782
204.616
222.263
187.771
204.342
204.256
204.823
206.936
202.944
204.834
204.873
204.39
206.993
203.286
204.346
205.165
205.019
206.229
203.098
204.447
205.098
204.616
206.918
203.004
205.086
203.929
204.676
206.906
202.673
205.327
204.342
204.354
206.297
204.361
204.511
205.654
203.978
204.718
205.259
204.113
205.165
204.902
204.587
206.838
202.752
204.703
204.459
205.199
206.714
202.884
204.488
205.324
204.255
207.03
203.113
204.929
204.462
204.914
206.56
202.304
205.433
204.624
204.631
206.925
202.444
205.406
204.455
204.823
207.064
202.538
204.657
205.286
204.128
205.256
204.842
204.718
204.368
205.019
204.688
205.094
224.015
185.88
204.65
204.726
204.721
204.655
204.891
205.056
204.718
206.575
202.643
205.071
205.166
204.248
207.425
202.511
204.681
205.334
203.857
207.673
201.842
205.342
204.88
204.128
223.432
187.327
204.162
204.703
204.729
206.497
202.936
204.718
204.864
205.233
204.527
204.402
204.748
205.252
204.429
205.176
204.76
204.977
204.417
205.102
204.665
204.425
205.015
204.583
204.553
209.12
203.161
202.734
204.567
204.801
204.992
207.064
202.256
204.793
205.271
204.65
206.696
202.695
204.241
204.981
205.466
206.391
203.064
205.184
204.034
204.944
206.992
202.831
204.545
205.463
204.064
206.721
202.718
204.801
204.602
205.263
204.488
205.343
204.601
205.455
204.233
204.376
204.774
205.361
210.2

------------------------------------------------------------------------------------------------------------------------------------------------
max val(#3519) = 652.00us
min val(#5164) = 71.00us
peak-to-peak = 581.00us
mean +- RMS = 204.99 +- 10.91 us

packet size: 516
number of packets: 10000
RATE = 20137.15kbps, PPS = 4878.2
