Destination address set to 01:1B:19:00:00:00
Defaults: 01:1B:19:00:00:00 or 01:80:C2:00:00:0E
SIOCSHWTSTAMP: tx_type 1 requested, got 1; rx_filter 0 requested, got 0
setting ts_flags: 0x53
new ts_flags: 0x53


gap of hw tx time, us: packets 10000:
------------------------------------------------------------------------------------------------------------------------------------------------
0
1173.85
51.624
1126.92
122.568
193.752
208.91
207.154
205.575
204.68
205.681
210.97
194.037
201.512
205.338
224.199
195.654
205.203
206.685
208.729
196.951
205.722
208.15
203.395
205.128
197.549
212.665
230.184
173.44
203.703
200.703
212.993
200.552
205.275
203.981
207.289
203.354
201.646
221.113
192.978
218.3
205.121
202.248
207.898
198.335
201.695
213.185
200.27
206.448
203.312
199.436
213.782
212.03
188.361
209.409
204.576
203.304
204.391
206.41
202.116
207.309
215.812
191.601
206.97
201.557
206.77
204.575
207.271
203.105
206.895
207.53
203.632
202.575
202.015
207.872
203.305
201.906
209.425
272.669
138.722
208.015
201.526
202.353
214.538
199.214
200.752
206.801
207.857
200.278
207.929
202.334
208.809
195.417
210.823
213.346
198.357
199.899
203.853
206.248
212.402
197.365
205.124
203.647
208.534
203.969
203.192
213.985
196.278
213.688
195.921
204.993
203.936
205.718
203.12
199.809
219.872
203.977
208.745
198.342
198.981
208.549
198.59
202.466
208.711
211.15
199.936
213.699
789.925
226.226
202.334
206.745
204.774
212.778
199.88
199.489
207.285
200.482
206.77
204.568
202.023
207.157
207.113
206.56
201.147
203.696
206.857
208.503
204.151
199.278
202.778
206.793
205.391
206.384
214.334
193.673
210.226
202.383
213.109
198.091
198.368
207.071
205.256
216.305
189.112
208.568
205.094
203.327
206.252
205.733
204.177
208.489
197.255
219.632
204.425
182.127
216.906
203.824
207.477
205.09
201.042
203.861
203.248
215.511
199.842
213.887
198.936
199.576
207.729
207.312
200.838
227.433
190.319
199.985
200.305
204.455
202.714
204.255
210.534
202.779
207.992
201.406
205.624
216.056
202.594
190.925
207.184
203.064
207.305
219.026
197.128
198.455
202.207
203.391
210.075
205.966
207.064
196.601
208.655
201.913
206.598
202.199
204.62
204.606
210.673
200.688
202.729
206.037
204.113
215.44
198.872
206.673
205.199
197.681
207.774
204.722
211.263
195.312
209.711
211.346
198.831
204.154
200.838
203.846
214.955
199.447
205.639
204.763
199.527
205.631
203.497
205.511
203.737
204.022
206.418
208.063
214.17
197.797
201.376
205.24
205.098
203.225
202.76
205.673
205.879
218.151
197.59
198.184
204.681
202.793
210.917
205.884
200.718
206.398
204.211
205.56
215.376
198.647
199.744
204.913
208.655
200.496
203.353
203.59
207.076
211.597
200.463
199.267
218.327
204.879
195.696
205.233
208.966
200.887
204.779
202.973
209.602
197.304
207.297
202.782
203.835
208.492
209.233
200.545
209.561
199.703
208.097
199.745
202.263
206.03
204.601
209.185
213.545
193.534
202.424
205.737
210.824
199.849
201.79
209.026
214.966
200.339
204.172
199.617
208.906
203.079
203.639
201.88
209.522
213.357
197.579
207.997
201.146
202.88
204.199
204.184
203.801
202.823
210.185
228.631
183.647
203.225
206.339
201.868
201.666
208.161
204.263
200.583
209.767
205.56
203.425
201.786
209.143
198
212.353
226.846
178.977
206.602
204.165
206.241
204.857
202.917
206.38
201.18
204.2
205.736
202.707
210.944
199.951
221.632
186.511
210.346
205.612
198.594
205.967
237.815
175.275
201.256
209.225
203.632
200.887
207.086
204.921
206.23
199.195
208.455
202.072
205.33
220.903
188.383
205.184
207.248
206.41
207.966
199.207
207.568
205.071
205.256
203.481
204.259
204.767
201.057
207.977
211.519
199.624
204.617
200.391
209.646
208.872
199.745
204.759
204.29
205.142
204.128
205.527
204.68
206.962
211.015
215.376
182.207
207.921
205.865
201.865
204.157
212.177
201.951
199.985
207.512
206.77
204.624
203.718
201.271
206.538
204.24
205.872
200.752
209.872
201.057
208.598
210.112
196.482
208.469
204.282
205.143
210.418
197.879
212.008
197.143
202.007
235.752
174.827
207.094
203.959
208.41
204.849
198.293
214.482
198.409
204.696
204.534
206.616
201.192
207.831
200.68
208.696
230.928
178.497
202.838
204.549
203.308
210.481
212.271
190.624
210.835
203.191
205.895
203.44
201.943
209.219
207.86
203.354
204.913
199.696
203.098
208.109
203.936
208.007
206.699
200.421
204.899
209.207
200.673
205.342
205.248
200.778
206.79
203.594
208.417
201.079
206.455
207.229
207.241
198.409
208.391
204.049
214.087
192.034
205.191
207.951
201.211
209.47
207.955
198.03
207.327
204.256
203.169
204.143
208.184
206.849
203.921
203.967
201.658
207.958
206.417
199.391
204.346
209.534
203.305
205.83
203.546
204.533
204.162
209.384
197.68
208.222
205.402
204.511
204.354
205.15
200.462
208.602
202.823
206.339
205.319
204.199
201.384
206.707
206.782
204.616
204.854
206.522
197.335
211.135
206.312
203.53
203.854
206.09
201.361
208.477
213.56
195.29
202.752
206.424
207.79
198.417
219.737
185.816
219.353
197.128
201.462
210.207
203.745
202.575
204.154
205.688
207.665
205.038
203.297
200.654
209.327
206.105
199.418
209.936
201.064
203.943
204.722
205.357
206.609
207.136
202.496
204.488
204.455
202.884
209.124
198
207.808
208.083
203.823
205.143
204.305
204.398
204.353
203.497
220.432
188.391
204.327
217.346
205.086
220.888
179.488
202.865
207.688
201.071
213.241
201.391
204.481
199.711
208.496
204.338
201.839
207.631
205.602
204.349
204.091
201.503
209.466
213.158
192.448
208.511
204.402
204.327
206.162
203.838
202.248
209.354
202.838
205.936
204.207
203.793
205.56
207.745
202.695
206.887
200.433
207.951
200.256
207.259
214.365
194.977
214.831
196.083
200.676
206.857
205.482
204.097
202.568
208.925
204.737
202.977
233.079
174.286
203.786
230.398
207.891
182.56
197.128
210.56
205.158
215.56
195.098
202.447
204.098
206.03
205.617
205.225
202.839
204.022
216.248
194.504
204.019
209.334
197.79
234.218
174.928
209.809
200.056
221.767
191.538
204.184
205.725
203.666
207.872
199.925
207.97
204.977
202.511
206.546
207.665
201.932
204.914
202.936
206.568
204.368
201.726
208.282
210.289
200.726
211.951
198.402
199.496
211.03
215.482
190.624
203.864
206.575
200.192
210.184
203.057
201.462
208.087
206.733
201.518
204.959
206.354
199.725
209.744
204.226
201.68
209.726
212.455
204.872
189.004
213.368
198.797
210.857
198.497
211.086
203.275
200.759
208.857
203.526
206.207
212.666
198.297
199.278
204.842
207.406
201.545
207.064
207.831
202.65
206.327
205.072
202.312
206.297
204.229
206.481
204.241
205.703
203.064
205.282
212.864
198.23
206.921
197.654
209.259
231.278
174
208.959
204.632
200.173
209.067
204.248
204.504
201
205.737
204.353
206.816
202.703
204.128
208.944
204.481
206.233
205.094
201.026
207.519
203.71
205.873
205.594
202.624
203.101
205.993
205.921
205.846
199.5
206.887
206.782
216.432
190.425
204.413
209.906
203.512
203.601
206.098
201.237
208.928
207.403
201.037
207.233
200.673
207.895
200.47
207.977
202.241
208.526
204.538
206.128
200.71
208.865
204.383
203.147
204.06
203.651
205.947
207.06
202.113
203.319
207.248
207.752
202.624
203.271
204.075
202.797
209.121
199.936
207.883
201.557
208.842
206.752
204.086
205.831
203.064
201.819
207.064
214.094
194.929
212.729
194.718
204.263
209.079
204.004
203.492
205.395
204.117
205.793
205.417
201.184
209.207
204.433
213.575
196.003
205.647
203.598
201.985
208.624
205.601
201.342
201.764
205.894
209.478
203.323
201.526
209.031
203.77
204.545
201.245
205.169
207.346
205.06
216.801
190.003
205.662
203.342
207.763
205.504
202.064
204.226
205.244
206.695
205.436
198.719
213.68
202.921
199.981
208.41
205.278
203.778
202.064
207.575
204.376
206.474
200.88
209.646
198.801
212.936
203.624
201.639
201.023
210.083
199.973
212.136
203.522
202.117
202.74
209.015
202.519
207.455
203.553
201.113
208.537
232.406
181.015
200.786
203.44
203.176
206.534
208.737
202.767
202.993
204.255
215.887
197.884
202.455
204.229
201.921
207.481
206.226
203.007
207.703
223.185
188.992
200.978
202.909
200.29
212.639
201.767
205.857
203.086
210.489
200.985
207.214
199.921
209.064
203.098
201.583
230.71
186.985
199.688
204.151
205.176
229.737
182.015
202.256
205.316
205.285
200.369
210.398
202.496
202.794
206.962
205.628
202.786
209.447
197.88
208.688
204.827
210.748
198.083
200.823
210.353
204.038
212.992
195.425
206.049
204.609
200.598
208.688
204.192
207.27
200.504
205.955
202.722
210.406
202.541
202.075
205.959
203.838
204.906
207.538
205.188
200.466
207.598
233.815
172.497
214.834
201.158
199.008
209.233
211.842
197.327
206.85
201.988
203.106
207.823
203.56
201.481
203.399
205.361
205.511
204.105
205.527
203.951
207.304
204.857
205.312
201.587
207.981
200.688
206.12
205.263
203.722
206.008
204.022
208.936
207.057
197.808
209.985
206.959
200.327
205.402
205.951
200.602
203.511
210.128
200.511
209.432
205.872
205
231.835
173.03
206.673
202.496
206.192
207.399
203.729
201.113
206.323
206.436
201.816
205.349
203.816
207.538
202.342
208.331
201.244
208.267
201.406
204.496
204.425
208.906
201.519
208.128
204.857
207.357
207.218
197.729
205.136
206.831
205.424
203.598
206.425
199.902
205.402
206.839
206.161
206.952
198.327
208.785
201.921
207.801
201.015
209.639
212.959
204.139
200.752
196.868
207.53
201.711
210.914
205.439
211.538
195.662
201.688
204.15
209.075
202.624
206.722
204.045
203.399
203.282
204.424
209.455
199.639
204.617
208.312
220.583
186.387
208.022
207.681
199.504
209.582
198.617
204.977
206.008
205.56
209.218
198.271
205.158
205.609
214.071
196.312
203.087
205.244
207.662
205.041
202.902
206.745
202.511
206.233
200.319
211.207
207.793
196.873
207.646
204.722
205.744
213.049
197.711
215.661
192.444
200.241
202.654
215.165
199.508
202.774
209.417
203.591
204.064
210.191
196.515
206.854
208.255
199.538
204.376
208.872
207.297
200.654
211.207
198.729
201.688
207.143
205.801
206.425
199.545
205.022
204.696
200.312
203.361
199.342
210.489
215.015
207.368
198.553
202.44
209.402
206.895
203.552
199.872
204.094
204.124
204.967
207.669
208.53
198.921
207.278
207.831
203.786
214
198.462
195.906
217.087
200.631
203.884
198.86
206.395
207.575
214.639
198.042
203.661
199
206.057
201.695
208.226
205.383
201.463
209.545
200.703
214.289
195.617
207.959
211.127
196.737
204.666
207.639
210.282
198.932
205.985
209.921
200.384
198.729
208.455
210.015
196.289
218.669
200.203
198.831
208.369
199.774
206.113
206.985
199.489
208.368
219.902
187.775
201.785
206.064
203.936
204.91
257.609
146.722
201.485
228.523
186.112
221.136
193.391
198.203
201.759
209.959
198.049
234.518
179.745
202.255
213.2
201.015
203.906
209.248
197.958
206.226
206.887
209.226
200.966
206.842
202.647
200.503
226.425
207.207
184.368
223.391
204.241
184.985
203.639
206.665
203.113
209.839
199.864
208.335
204.128
200.018
211.549
201.091
202.199
211.767
199.304
205.455
202.823
208.482
205.793
200.312
223.722
190.838
197.936
214.128
197.519
206.417
201.925
228.098
183
211.552
198.015
212.064
204.835
204.237
201.33
200.816
208.857
205.869
206.259
202.718
200.433
203
208.112
201.974
212.545
218.647
182.552
206.433
213.857
195.44
204.462
214.331
202.647
200.368
201.199
215.241
193.376
213.015
198.992
203.519
227.402
188.463
198.68
214.474
196.838
205.745
205.048
214.369
193.079
213.816
196.537
211.365
202
201.169
223.857
186.846
203.523
203.774
207.417
211.312
198.639
206.448
222.928
200.929
185.688
203.733
210.977
202.234
222.552
184.079
205.496
224.038
192.914
205.24
197.744
208.433
201.086
203.568
206.297
201.331
214.443
198.076
212.567
200.414
201.436
207.598
212.353
196.053
207.827
217.229
193.282
221.402
190.805
217.56
188.353
198.496
213.128
205.966
203.136
198.876
208.18
204.466
211.327
197.865
222.15
189.44
205.632
199.004
206.391
202.759
212.921
231.128
177.071
233.064
175.354
204.436
221.056
192.906
199.158
202.496
211.688
198.312
230.624
186.008
196.323
210.846
198.041
207.327
210.44
196.978
204.808
212.47
201.489
206.135
198.857
204.79
225.642
203.399
193.128
201.504
206.688
218.007
185.737
209.537
220.591
181.729
206.711
211.466
200.59
233.955
175.902
213.993
195.293
225.184
206.432
181.433
203.736
227.226
182.59
214.418
193.391
210.406
203.793
230.361
195.646
184.824
206.233
204.808
206.695
210.512
197.098
204.481
238.966
194.553
179.778
210.391
199.101
215.451
196.429
203.09
206.256
209.455
209.033
193.079
227.632
184.282
202.887
203.534
232.914
185.432
204.391
197.928
207.346
210.497
206.398
194.639
210.929
203.184
209.789
207.361
192.929
217.552
195.226
212.526
194.305
202.816
220.879
192.767
201.474
215.086
227.835
185.944
191.909
205.85
212.808
196.839
208.338
197.917
215.97
192.504
209.936
205.68
200.625
204.285
206.809
209.688
205.616
197.602
228.142
189.782
205.572
203.037
218.034
185.312
206.73
209.101
200.271
210.338
200.639
210.271
196.383
216.042
192.112
220.993
198.902
201.906
208.425
199.135
213.32
201.575
202.011
197.861
203.312
208.361
223.553
182.801
208.052
208.049
224.32
187.473
198.335
214.105
195.681
236.199
179.184
226.545
199.902
181.042
203.545
230.18
180.361
235.778
180.399
199.177
223.007
186.88
204.962
204.534
212.177
199.47
203.488
210.888
203.729
197.222
216.346
200.409
198.031
213.815
200.233
201.895
203.241
212.887
198.248
203.072
207.24
207.553
200.214
208.019
224.101
184
200.553
208.023
215.609
237.609
162.304
221.759
188.906
211.493
195.985
212.056
200.809
205.218
222.748
188.338
213.008
190.992
209.786
200.511
203.399
211.334
226.331
188.617
193.838
211.271
198.127
208.29
206.007
198.906
212.485
202.775
199.601
207.688
208.113
220.808
186.76
219.97
193.221
207.241
204.376
198.962
203.936
202.102
204.639
208.267
203.801
202.684
201.977
228.211
183.756
205.345
206.538
223.308
185.049
203.083
206.342
209.639
199.218
203.993
213.439
205.433
198.447
202.808
223.64
186.488
226.354
185.094
208.887
202.398
201.609
202.324
230.071
186.767
220.015
209.767
176.579
234.605
183.553
198.97
209.278
202.553
200.575
205.334
202.963
207.575
205.481
204.425
211.086
221.279
210.225
183.778
205.158
197.376
204.169
210.967
199.864
206.184
203.425
203.959
212.304
203.354
202.917
221.793
181.737
204.256
209.864
210.767
194.346
208.902
203.343
207.124
235.462
177.368
203.937
207.815
205.895
194.538
226.789
181.128
208.226
227.992
187.312
205.297
201.207
209.928
205.598
193.12
217.786
194.752
210.071
207.072
206.936
205.489
199.015
205.387
222.526
178.79
207.887
208.955
219.744
184.609
202.703
207.384
212.304
206.775
196.203
257.003
151.027
201.928
211.944
199.959
227.007
181.275
214.221
209.106
190.823
216.064
193.489
239.462
169.793
205.072
228.954
181.151
232.53
187.684
216.929
184.248
212.831
204.631
218.466
203.185
181.481
213.774
231.023
178.067
205.903
203.255
220.767
183.97
205.639
202.271
213.53
197.782
204.635
228.576
179.421
205.706
206.959
203.079
204.643
223.552
191.846
197.512
216.007
208.707
191.079
209.105
209.278
201.553
206.936
195.673
214.677
197.755
210.222
202.391
203.594
198.519
228.661
187.339
212.707
192.932
205.913
204.418
204.03
205.646
204.843
203.447
211.169
206.632
202.951
199.049
234.703
179.737
200.312
230.255
181.545
224.737
182.448
210.278
200.688
211.846
194.928
210.034
211.169
199.88
207.808
196.391
217.519
195.304
210.361
196.41
231.831
186.233
202.173
198.049
211.921
199.673
211.616
205.925
194.481
217.034
198.463
205.575
202.992
223.049
207.113
177.974
226.233
210.176
181.064
207.568
210.406
196.474
225.376
185.304
204.775
230.672
182.072
206.041
205.696
220.327
186.462
229.203
185.925
199.139
200.229
215.899
195.737
211.278
193.56
210.801
204.511
206.88
208.849
198.485
202.801
204.451
205.151
204.838
209.857
197.959
205.203
205.774
233.519
196.786
184.895
231.127
183.978
221.526
187.699
196.414
212.673
204.695
220.391
189.921
201.824
205.673
206.872
198.113
213.454
196.497
213.033
205.455
197.143
223.56
193.049
195.865
208.789
206.369
199.831
208.932
210.086
218.173
188.643
225.534
177.688
203.09
213.865
208.143
193.27
209.282
209.391
195.609
209.391
200.305
201.774
206.936
204.354
227.09
183.165
215.85
199.711
224.488
185.192
202.278
210.692
198.075
212.481
195.906
212.342
218.32
185.034
208.966
207.211
226.375
180.151
200.447
201.489
205.992
205.576
203.665
215.278
194.745
213.409
198.76
205.511
211.553
197.477
211.226
219.135
192.041
193.745
227
190.056
204.214
202.523
209.767
227.143
176.255
206.185
215
194.658
230.703
184.496
199.24
202.237
211.331
201.135
224.959
180.312
205.041
212.121
205.567
210.121
216.391
184.552
211.391
215.433
229.09
158.229
206.722
225.071
190.639
198.312
225.809
180.68
215.745
196.631
207.729
208.918
211.522
200.895
191.504
234.864
182.985
208.583
202.496
226.673
174.583
226.489
189.887
199.391
203.041
211.023
221.575
184.714
213.903
206.842
193.496
225.752
184.59
221.338
198.873
232.24
167.229
207.625
208.879
204.162
198.169
210.32
202.545
210.861
197.609
222.221
183.113
226.29
211.338
176.605
203.418
211.548
197.553
209.459
204.361
211.003
196.29
203.368
227.463
185.056
206.801
198.098
231.582
186.44
203.075
220.2
185.981
210.898
220.703
182.32
215.631
216.489
182.278
205.091
202.639
206.646
211.143
206.211
203.214
205.169
203.241
198.598
213.65
235.278
167.034
212.944
201.545
219.703
181.864
207.256
231.703
179.274
203.151
223.823
191.985
201.414
201.308
205.436
206.075
201.775
206.078
205.361
204.079
233.418
176.774
210.432
220.651
188.143
198.609
207.206
204.113
203.59
208.433
224.417
186.511
206.335
203.09
201.887
205.136
204.488
207.97
233.485
177.632
237.699
171.414
203.488
203.681
223.774
190.331
196.639
213.248
206.128
199.463
222.906
184.079
206.545
210.654
199.643
220.022
207.839
196.071
190.444
211.101
221.211
190.548
218.376
204.512
186.985
206.864
198.583
221.722
206.526
188.226
203.752
207.112
209.951
196.512
211.785
206.944
205.568
195.872
224.782
213.124
186.549
204.169
194.767
212.338
203.151
198.105
207.327
203.801
206.176
229.621
185.616
199.098
212.703
195
216.105
193.726
203.635
205.925
204.056
213.015
204.681
220.139
210.917
185.384
203.432
197.538
213.214
202.071
203.034
202.786
203.936
212.252
220.267
181.526
203.256
210.872
203.835
200.007
206.278
226.339
181.406
204.248
207.034
202.236
205.553
204.455
227.395
183.872
209.511
203.56
203.034
204.624
201.726
205.248
202.793
211.56
199.042
211.27
201.639
204.399
212.94
214.188
190.673
198.646
238.857
176.602
202.071
211.767
195.504
204.85
204.609
227.236
190.858
218.24
183.602
210.605
201.88
199.94
218.774
196.887
223.425
190.865
199.703
200.744
203.759
204.895
206.282
203.113
228.173
199.545
194.586
220.117
183.376
212.545
204.744
204.929
195.68
215.609
201.775
205.511
204.775
205.778
194.519
206.24
227.97
180.966
208.752
200.707
232.74
187.448
194.146
215.087
193.658
213.831
197.518
209.891
195.895
242.617
178.526
197.511
201.673
230.342
215.812
184.967
199.439
200.594
209.151
197.304
205.718
207.56
197.076
227.176
183.846
212.519
221.297
187.688
202.327
202.218
203.03
212.688
196.226
207.086
209.921
219.177
183.184
220.181
188.672
204.88
232.098
210.718
175.977
221.467
189.973
199.53
227.478
183.688
201.744
213.857
220
188.857
198.613
211.402
205.365
219.523
181.624
234.338
181.079
200.086
205.952
207.947
202.797
201.688
210.553
206.575
226.255
197.651
190.143
198.037
203.989
213.774
194.399
207.951
203.594
209.624
201.857
222.79
189.071
205.899
219.782
183.432
204.673
215.549
217.706
191.824
195.714
216.853
199.425
206.042
203.988
216.233
184.482
211.447
203.098
211.007
227.47
172.835
209.894
199.17
210.605
205.481
204.545
201.361
209.647
212.519
193.383
221.635
184.143
226.463
210.785
183.775
233.44
168.849
203.312
206.342
216.41
201.015
242.752
163.207
229.417
178.361
210.786
204.124
206.458
227.143
178.489
212.545
196.015
209.703
198.113
211.936
196.263
212.545
197.718
212.651
195.879
212.128
195.839
225.248
184.139
204.789
208.666
199.112
208.508
208.402
209.489
240.944
163.616
212.504
216.455
182.774
234.466
181.809
216.759
192.786
204.669
202.538
200.958
205.884
201.236
205.162
206.511
208.079
211.459
200.647
203.68
206
198.831
211.609
202.47
207.962
201.726
206.451
203.113
199.541
213.947
205.647
194.959
203.094
206.552
211.707
201.76
209.39
201.632
206.951
195.034
205.594
204.62
204.448
213.586
200.632
201.113
204.293
207.601
214.88
199.624
218.91
203.267
189.191
199.903
208.537
226.184
180.568
213.816
205.936
204.248
216.808
187.921
208.049
219.478
186.09
204.462
212.128
194.824
206
203.657
205.463
211.128
195.752
207.424
215.512
198.346
206.36
205.478
203
211.496
199.602
198.932
213.556
195.222
210.207
209.041
195.752
207.568
201.425
212.056
195.68
211.222
198.809
204.297
241.105
169.932
204.489
203.849
208.801
210.226
204.27
195.625
206.936
201.808
206.752
204.816
207.022
209.369
199.191
203.098
224.526
187.959
212.985
200.177
200.308
224.274
189.794
218.398
194.68
216.204
187.541
199.88
206.041
208.263
208.44
207.361
203.184
200.696
205.503
199.545
216.094
216.786
183.214
210.241
200.282
206.654
200.459
206.831
205.966
201.105
210.767
199.041
214.207
202.857
198.511
206.267
205.053
202.199
211.651
204.015
196.789
208.154
208.034
228.902
173.831
239.177
182.105
194.041
224.215
198.319
199.049
221.504
181.733
205.177
210.473
206.03
204.17
221.075
188.733
207.015
198.425
212.992
203.816
198.56
208.639
196.673
218.327
192.139
214.952
194.022
206.305
212.688
219.225
182.808
210.839
202.462
199.034
204.929
207.199
225.665
189.143
205.545
202.222
208.135
217.794
181.842
214.646
200.072
202.319
227.793
190.576
223.056
179.214
202.136
202.458
214.76
204.511
198.098
201.902
214.575
196.545
204.369
231.688
177.913
204.143
208.91
210.714
197.511
207.786
199.023
206.673
210.582
206.767
195.339
204.845
203.922
213.992
198.192
205.71
210.455
218.82
202.725
195.617
202.729
217.151
205.097
204.072
187.086
224.508
184.206
205.839
208.601
198.023
364.146
31.087
223.526
202.049
203.538
227.597
182.929
211.09
263.237
172.688
172.056
204.609
205.072
231.643
180.887
205.624
218.207
190.462
202.034
206.177
224.319
185.478
202.785
214.072
196.624
205.759
209.474
196.199
213.609
218.143
185.575
201.801
207.778
231.113
193.932
192.786
200.293
206.29
211.034
197.582
209.057
206.432
199.35
206.53
201.985
210.951
202.312
224
184.406
201.041
205.403
210.078
202.455
208.929
198.68
211.482
199.142
219.136
195.158
196.473
213.279
201.338
222.673
189.255
206.151
206.673
217.079
204.823
189.417
199.263
203.275
206.421
212.609
197.568
210.161
199.008
206.88
207.263
208.511
204.338
216.568
191.553
200.413
200.425
214.327
197.105
225.639
183.512
211.658
226.353
185.688
201.376
203.256
207.887
219.887
182.752
225.064
189.928
200.929
202.846
227.113
182.169
207.398
207.376
208.515
197.008
204.782
207
204.631
200.177
215.297
215.177
185.518
228.425
188.173
200.921
208.658
197.44
207.703
209.233
201.03
203.312
203.338
206.35
209.075
200.654
204.895
202.169
212.331
203.628
221.113
203.274
189.429
208.218
195.383
209.963
209.669
200.865
209
194.022
216.075
217.91
181.951
211.658
201.177
221.398
185.936
223.553
185.44
204.496
205.959
213.259
197.158
224.474
181.143
209.015
202.225
205.023
209.864
199.782
209.354
201.488
203.185
209.432
204.015
208.056
197.895
208.707
204.47
220.71
186.297
201.895
211.368
221.226
182.519
211.857
217.936
188.993
206.357
199.282
212.815
219.079
185.346
202.662
213.515
197.492
209.666
199.143
203.891
205.176
210.534
198.617
205.233
210.598
197.537
208.207
201.286
206.289
207.944
210.124
204.605
198.906
206.184
205.591
200.071
204.744
214.425
219.102
182.515
223.511
192.432
222.669
179.042
212.105
219.015
184.222
209.188
200.271
209.537
203.519
224.022
203.057
190.744
198.553
210.767
222.184
183.688
209.639
205.252
193.695
208.782
204.256
212.342
194.778
205.057
205.169
210.823
221.342
189.482
197.823
211.425
202.447
205.895
199.864
211.226
198.959
202.312
208.097
227.44
209.136
221.766
184.098
181.489
210.662
219.056
182.553
216.857
196.718
199.808
204.97
204.632
217.199
199.658
198
206.868
212.681
214.928
184.015
228.034
182.921
226.696
225.872
406.406
164.816
205.586
205.823
210.647
197.951
208.53
199.504
213.647
199.657
206.749
210.18
197.496
209.278
200.2
211.936
200.274
197.59
204.688
206.425
206.47
207.666
221.545
189.27
218.553
189.489
199.086
205.575
247.249
167.003
203.102
211.346
213.654
187.59
207.865
202.131
207.252
210.763
200.485
202.643
207.376
199.485
215.132
200.349
222.057
184.71
207
200.132
212.526
203.816
198.15
213.865
197.255
208.816
202.433
207.921
205.481
205.207
195.233
206.319
204.79
210.225
200.327
203.666
205.504
227.481
180.278
227.688
182.944
214.161
195.474
204.271
203.567
205.094
206.218
227.015
204.545
185.128
203.136
205.248
211.481
202.816
206.703
206.191
195.767
204.899
227.383
181.647
212.256
199.21
202.32
206.823
225.056
204.726
185.955
207.12
201.703
210.425
198.816
208.879
200.418
205.492
202.361
212.282
205.109
202.876
204.748
218.553
190.808
219.744
188.29
221.981
190.346
197.913
211.79
198.586
209.391
200.177
211.229
218.97
183.936
228.504
183.199
224.609
203.384
190.207
203.793
209.071
216.079
188.049
208.489
217.943
185.376
212.057
198.68
202.312
204.496
205.042
224.492
186.794
209.218
199.079
208.214
202.451
210.391
206.917
196.579
202.974
228.274
189.519
198.399
210.154
217.951
194.312
196.481
205.169
223.508
185.304
206.305
203.007
207.068
202.293
226.417
184.625
206.135
201.895
213.263
205.977
197.76
202.458
211.207
206.312
197
204.12
208.226
203.703
225.797
182.553
205.282
207.751
206.406
202.858
222.466
192.086
200.214
224.835
179.974
205.977
207.072
202.184
214.297
201.094
221.361
193.086
196
209.993
205.823
200.169
209.666
217.263
183.233
213.143
198.191
237.771
172.846
203.199
225.857
190.809
199.894
209.406
216.497
185.297
223.248
207.921
185.91
201.067
216.372
195.106
211.21
198.064
233.767
174.853
215.553
206.034
196.861
200.722
204.898
210.617
200.071
203.59
215.902
204.7
207.037
196.376
226.651
198.767
185.082
206.008
205.349
211.978
201.654
218.85
213.661
177.624
204.467
204.27
206.56
227.32
179.504
207.112
204.959
202.233
203.504
207.041
208.2
209.879
226.154
174.421
225.572
188.628
211.545
191.785
231.681
178.68
206.655
204.736
206.726
223.714
190.455
205.105
198.534
201.786
210.88
223.24
198.113
198.609
204.414
199.304
234.064
173.718
207.466
200.929
205.229
221.248
186.169
205.88
208.703
209.154
197.865
212.357
195.553
215.184
196.936
210.192
223.943
177.057
207.943
203.113
204.346
212.094
202.425
209.887
199.143
199.316
206.03
209.616
199.361
202.895
212.793
203.064
210.632
194.398
204.609
205.35
206.616
201.7
211.815
206.613
193.985
212.929
226.33
202.703
189.173
198.858
209.248
197.921
210.206
207.354
204.718
196.53
206.304
208.974
200.29
221.815
194.561
201.744
201.376
213.895
200.658
204.454
208.128
221.575
201.136
180.928
207.583
202.665
229.64
182.943
204.985
199.929
219.176
220.015
180.369
200.654
207.034
227.15
191.098
193.88
203.864
228.752
198.135
205.497
220.936
191.334
189.369
228.793
200.647
189.706
196.677
206.282
202.583
210.887
207.929
200.488
200.23
210.379
220.632
183.248
229.056
186.241
200.045
226.609
187.808
210.064
229.873
173.206
204.568
205.985
208.631
197.737
208.944
220.774
210.715
182.361
208.184
197.631
212.222
227.778
171.568
230.59
181.512
208.522
207.305
196.973
204.083
204.271
205.808
207.177
224.455
192.759
198.395
221.789
186.85
200.398
210.538
198.455
234.616
195.775
189.849
201.76
204.143
205.68
212.617
196.657
211.805
198.914
215.248
200.808
220.752
184.056
204.696
203.218
205.981
210.928
200.647
231.417
190.711
186.673
207.673
207.913
208.47
195.963
217.725
191.966
226.324
183.597
205.147
209.944
199.782
212.864
206.929
223.289
177.831
224.831
183.034
211.12
197.124
228.218
191.215
207.379
198.478
200.759
206.696
202.714
205.432
211.823
196.271
207.865
208.71
199.132
225.703
183.346
211.079
194.913
216.974
193.793
215.421
195.354
208.304
211.526
204.455
196.106
205.233
205.327
228.139
178.759
215.496
217.117
185.673
211.575
195.169
231.914
177.59
208.635
208.5
224.185
185.195
213.455
196.335
205.007
216.211
185.214
210.022
200.41
215.56
216.35
185.658
207.725
195.914
214.064
200.906
206.91
205.985
211.161
193.045
226.418
181.688
210.398
214.808
192.888
222.793
193.88
201.579
203.804
198.248
206.496
203.369
213.417
202.079
204.568
206.913
204.038
218.609
187.256
202.8
201.241
209.214
206.203
221.711
206.015
189.504
202.665
200.335
226.913
181.688
211.744
202.888
212.992
193
211.59
207.53
227.399
177.459
198.094
210.048
206.343
234.233
167.417
227.357
186.305
206.255
201.575
204.921
205.264
204.169
215.545
195.838
215.56
201.624
205.41
201.511
197.354
204.846
209.729
219.417
202.639
190.136
224.744
182.151
212.203
199.477
235.192
172.139
204.669
229.823
205.794
177.672
237.76
185.289
194.429
204.41
203.894
229.256
189.665
203.73
219.541
181.842
203.79
206.338
225.737
191.853
195.865
229.049
180.808
227.511
189.673
202.2
207.101
201.906
199.139
214.087
218.079
184.751
204.384
239.808
168.808
205.497
205
209.68
199.087
208.951
200.289
226.737
188.342
198.88
214.936
195.075
208.782
210.639
205.842
199.357
200.666
211.616
220.583
184.545
200.865
210.729
220.951
184.816
214.872
191.568
218.526
193.921
226.361
183.41
226.812
180.011
220.357
209.106
187.03
212.801
202.688
208.921
204.774
195.177
225.473
182.391
205.609
214.527
204.643
197.357
224.639
181.834
204.327
206.952
218.552
200.008
195.135
225.075
184.647
205.086
205.215
209.139
199.432
204.03
210.376
200.545
210.034
199.094
212.184
202.711
204.752
222.744
189.865
197.297
206.071
202.617
214.353
199.68
204.158
219.752
190.083
223.263
185.511
209.47
205.41
201.342
198.568
217.38
192.086
216.59
194.162
205.383
205.568
224.744
181.858
205.342
204.458
214.903
203.462
225.594
183.729
205.391
206.121
200.902
228.105
180.696
204.823
222.049
182.609
206.398
203.617
205.951
203.256
205.255
205.545
213.406
227.098
195.718
180.996
205.128
206.038
227.631
187.594
202.598
224.906
179.688
214.647
207.056
204.417
196.414
209.146
205.647
208.41
192.455
236.673
185.661
198.297
233.339
169.951
216.286
204.977
194.68
206.583
202.553
206.936
226.304
182
232.32
200.68
181.222
205.872
205.256
203.147
224.902
193.568
210.537
189.241
225.973
183.722
212.887
219.921
183.647
226.575
201.594
187.786
201.861
204.71
206.73
207.586
208.128
203.229
221.835
181.462
206.624
208.233
197.655
229.372
189.173
204.71
203.075
203.433
209.116
197.617
203.233
213.192
200.079
202.736
212.305
195.376
206.88
201.432
207.026
215.181
195.383
203.282
207.959
216.729
200.128
206.459
191.691
208.545
203.85
226.549
180.218
206.177
204.541
209.241
200.454
212.17
205.263
195.263
212.282
201.985
201.752
211
200.71
202.275
209.729
221.214
182.497
206.688
205.391
204.048
202.361
215.444
196.786
209.338
199.639
210.767
198.568
214.849
199.44
230.511
195.079
192.185
196.488
215.929
218.15
180.027
203.733
234.744
185.872
217.985
185.545
228.76
184.631
198.481
212.234
202.605
221.455
181.594
225.879
184.831
225.681
195.24
209.297
187.88
219.887
189.775
202.601
206.831
204.425
208.752
221.673
195.191
194.083
226.981
194.136
199.984
199.993
225.526
185.376
201.673
206.744
207.369
220.831
185.225
210.688
197.32
212.361
206.605
218.985
186.282
204.03
210.353
201.327
198.752
203.079
229.97
192.015
202.688
200.906
221.369
210.597
176.707
203.846
224.673
190.534
200.319
216.816
194.985
214.752
193.624
204.68
220.128
191.034
233.887
181.248
200.136
222.936
190.808
200.767
204.553
201.03
206.928
212.113
204.026
198.752
225.361
210.26
177.507
216
193.008
203.03
206.977
213.384
194.879
214.087
219.906
180.398
210.688
201.128
209.673
221.353
201.824
186.319
204.233
226.944
181.113
206.534
205.473
230.045
176.572
212.816
205.27
195.256
235.432
180.282
199.91
228.865
181.135
215.417
197.662
234.304
176.673
202.233
241.613
169.835
207.639
221
184.233
204.241
203.767
206.857
225.037
191.139
207.888
191.214
227.977
190.745
197.973
213.474
219.015
181.064
216.767
202.387
195.436
236.857
172.906
205.997
209.267
200.522
203.462
205.576
206.176
225.286
187.44
200.241
204.522
213.752
201.335
223.879
190.346
193.718
204.602
230.184
188.383
199.647
204.184
208.32
207.503
231.794
177.049
203.319
202.496
201.256
212.192
218.481
181.417
227.846
191.384
201.048
208.888
199.184
200.169
210.229
199.331
218.094
193.361
204.978
204.781
208.027
209.492
201.06
209.061
225.827
184.646
203.568
196.688
213.703
193.654
209.316
200.398
211.809
200.97
213.939
222.97
208.015
181.794
198.048
211.662
194.609
228.838
181.459
212.944
208.462
202.891
194.271
229.56
188.695
207.873
216.729
184.263
205.846
206.184
208.211
202.725
202.801
222.015
181.97
203.583
206.808
208.447
234.538
200.192
184.049
195.304
218.711
201.263
204.368
225.481
183.463
199.872
210.496
196.602
204.789
204.489
212.425
209.071
194.816
203.192
226.642
184.031
210
198.59
205.154
213.519
203.849
197.376
210.342
206.282
204.854
202.124
213.27
199.538
208.094
194.575
212.057
197.368
203.192
214.304
223.369
186.428
205.564
203.793
196.64
203.902
206.782
204.665
210.639
220.09
181.482
213.285
197.248
227.583
187.699
199.072
204.519
210.872
222.034
209.436
183.552
205.978
225.695
198.154
182.031
209.041
228.169
189.214
193
228.087
181.699
214.782
198.639
227.714
178.583
204.447
228.079
195.26
192.774
243.222
163.823
204.188
209.711
200.752
216.639
202.515
205.767
198.752
202.518
202.376
212.666
206.229
195.572
228.526
203.353
209.839
177.943
204.745
210.985
198.27
209.425
204.263
198.696
208.496
222.632
190.391
200.849
238.072
170.695
210.098
231.391
196.338
198.293
212.842
182.031
203.233
209.304
199.647
209.646
224.124
211.816
183.854
201.511
204.38
215.774
200.53
198.526
203.824
218.455
191.496
230.943
172.061
204.86
204.369
216.071
194.057
204.68
204.688
206.087
204.127
203.561
213.793
196.913
204.23
211.424
207.993
195.368
214.903
217.936
180.883
205.839
226.973
189.948
200.695
210.462
198.207
200.545
227.985
186.831
198.113
219.857
200.278
203.41
204.165
200.136
202.192
228.105
182.872
202.346
207.158
205.41
204.575
204.552
205.519
210.128
205.361
202.398
200.504
203.545
213.681
205.199
196.786
205.101
208.034
220.158
186.387
209.91
229.639
196.624
206.305
179.567
205.064
215.064
195.489
225.154
190.406
199.88
204.319
226.026
181.038
216.184
219.985
202.354
183.751
215.854
202.304
201.249
197.176
208.647
206.737
232.616
169.824
206.766
216.019
223.335
172.763
207.252
204.368
216.891
194.981
200.858
207.582
205.324
213.188
206.579
229.981
172.53
221.432
191.519
206.346
198.286
210.616
196.29
228.278
191.409
219.305
188.974
220.879
198.155
190.921
223.766
181.816
206.278
207.282
198.64
205.793
209.838
201.887
209.433
209.334
199.034
223.041
181.816
207.478
202.112
214.155
195.729
204.406
203.782
206.545
208.594
197.902
209.639
227
180.049
229.455
180.474
229.319
179.786
215.737
194.312
214.94
194.868
205.534
235.135
171.737
227.023
214.714
180.823
201.32
207.85
198.022
205.504
233.105
175.199
205.73
216.661
194.263
203.17
205.936
204.767
204.545
204.47
237.417
180
201.504
222.816
182.304
208.079
198.977
207.042
205.951
209.056
222.703
191.305
194.297
206.605
213.267
209.109
198.778
202.418
214.045
190.082
211.685
201.875
222.888
189.958
207.865
198.887
211.282
198.493
200.737
212.936
204.21
199.902
211.203
219.591
208.909
184.211
232.158
173.12
204.41
201.797
210.105
223.658
186.519
220.383
189.384
226.098
185.887
226.729
173.872
209.741
229.154
194.744
210.632
206.902
200.651
184.03
202.24
214.169
205.696
194.759
205.497
206.086
227.707
206.759
182.944
209.376
207.049
212.744
186.462
203.369
213.737
196.631
235.169
179.166
202.688
204.857
215.831
202.849
196.286
221.034
189.631
200.064
230.801
178.865
210.432
224.12
180.301
228.587
208.376
184.086
205.199
197.282
204.989
205.154
204.504
215.083
217.951
199.158
217.609
176.481
209.184
226.094
200.023
199.112
191.76
233.026
172.049
204.357
203.978
215.936
194.567
207.842
208.982
199.315
202.94
226.346
189.504
204.169
229.853
175
202.512
208.225
202.688
203.681
202.774
214.85
197.361
236.383
186.29
191.127
228.03
181.121
206.368
210.327
210.786
196.184
201.816
225.974
189.808
198.601
204.809
210.206
203.091
214.293
202.56
193.865
205.68
204.568
220.334
190.019
201.56
212.158
204.263
207.899
197.015
202.959
206.233
206.214
203.297
204.049
210.44
222.432
183.737
202.049
237.5
177.552
204.155
231.567
183.681
194.943
206.455
230.29
186.872
229.143
173.319
202.587
204.688
230.902
184.91
222.458
184.023
207.402
213.989
189.184
226.124
190.508
201.928
201.609
210.098
221.624
182.91
206.688
202.391
212.379
198.399
205.624
204.88
208.128
208.022
200.346
223.695
209.113
186.406
195.042
214.985
243.462
156.88
209.248
198.879
206.85
230.737
182.959
209.857
194.398
219.008
225.346
170.872
209.376
208.688
208.752
199.157
201.121
209.537
221.576
182.184
204.376
206.729
234.951
179.278
203.985
201.327
211.993
191.936
211.771
203.597
223.29
216.481
168.846
206.944
210.36
202.858
199.364
212.568
233.026
219.951
182.44
191.136
192.018
203.568
209.241
199.815
211.797
197.177
216.271
226.665
175.489
215.079
196.842
202.022
206.313
201.601
203.158
217.985
207.248
200.974
192.579
205.985
226.421
180.24
206.839
230.522
181.151
208.154
200.206
215.459
200.703
205.759
206.504
200.887
205.873
220.59
186.474
208.808
224.534
180.955
208.845
207.132
197.838
201.831
227.545
182.79
207.609
209.831
194.282
225.744
188.368
223.974
186.722
208.184
197.023
204.744
206.474
212.27
222.56
179.328
206.161
209.263
207.361
196.865
209.759
198.094
214.147
196.575
210.632
220.992
184.839
208.353
220.007
183.233
212.049
217.951
190.391
200.632
210.282
208.662
195.176
211.433
196
210.767
201.891
201.902
204.71
210.779
232.917
176.049
222.128
184.007
224.169
184.703
209.906
205.865
230.959
171.056
210.658
198.207
214.015
196.936
218.977
191.478
202.033
229.655
202.161
186.263
208.128
206.801
196.774
204.617
206.553
206.511
204.184
202.609
205.846
213.786
203.071
196.447
228.625
181.199
238.274
178.553
196.943
205.455
207.993
224.278
180.808
206.29
207.887
206.192
207.488
199.722
234.158
172.079
229.282
203.361
187.357
205.162
232.199
175.85
221.83
187.106
216.135
191.432
212.358
221.642
181.632
206.304
222.406
184.162
211.35
205.105
206.226
200.808
203.143
201.206
204.786
204.951
231.56
179.681
206.263
208.282
195.526
210.824
224.857
185.519
225.729
178.786
210.646
210.305
195.383
203.895
212.695
227.32
187.071
190.722
209.455
220.688
186.128
213.402
205.575
195.072
206.383
201.297
214.568
203.56
206.602
196.206
205.072
205.545
211.41
198.413
211.752
199.681
201.33
206.008
202.654
206.68
203.534
216.211
214.233
185.35
207.289
200.534
210.267
214.071
189.519
206.447
225.639
205.745
190.522
206.527
195.127
226.752
209.305
202.895
183.635
202.124
211.474
204.752
225.977
180.03
231.767
204.282
173.113
231.391
180.65
225.15
183.549
214.681
194.402
204.335
218.282
220.496
175.022
215.568
203.744
204.752
207.993
216.248
204.248
180.609
213.455
195.752
229.192
183.545
212.255
204.575
205.61
195.879
206.775
215.56
193.24
220.113
208.688
192.135
203.591
201.906
210.319
197.275
212.206
195.625
203.421
205.146
215.391
195.233
207.463
201.921
205.327
206.113
205.872
208.519
206.751
205.41
194.222
209.274
209.399
205.169
205.447
195.094
214.531
194.842
210.541
209.233
196.639
204.752
210.56
200.121
226.39
182.305
201.496
231.809
199
193.992
195.135
216.354
193.838
209.29
204.191
202.064
228.256
182.816
234.191
174.143
227.978
187.575
204.545
219.15
189.722
208.312
195.865
210.511
202.831
210.936
205.936
205.511
196.203
211.79
193.425
231.334
197.872
191.083
211.583
218.936
182.951
204.737
211.207
224.112
183.801
194.496
207.031
212.203
204.526
219.432
180.936
223.809
209.375
191.527
198.714
222.12
207.519
199.233
193.365
218.714
206.767
188.778
201.711
204.425
212.15
198.199
210.553
194.143
212.019
201.263
225.831
181.857
204.646
213.53
195.47
205.921
227.842
212.485
202.73
174
209.071
201.963
235.74
184.808
218.467
179.936
206.695
203.297
208.839
201
202.68
207.391
235.335
182.827
226.631
209.342
171.218
215.222
190.474
208.504
207.688
203.582
208.474
202.56
211.162
203.022
193.726
207.665
210.113
198.128
213.263
194.816
209.289
210.752
204.496
219.688
180.985
207.222
202.73
215.334
194.199
214.41
202.064
196.391
203.696
230.281
211.256
179.199
201.857
204.234
205.334
215.831
196.361
204.383
237.335
174.12
201.282
212.745
197.774
204.267
206.895
224.361
210.278
177.184
209.752
211.849
196.583
227.079
178.688
202.744
203.531
206.646
212.079
206.015
217.914
182.496
206.24
202.485
214.587
199.951
205.158
208.962
201.688
221.034
185.278
225.594
185.974
200.361
212.105
209.045
191.369
206.361
213.936
197.334
204.857
203.906
206.301
209.816
199.601
213.064
195.816
208.801
200.68
217.113
192.662
203.466
229.59
181.56
208.512
223.424
183.403
206.109
209.488
197.937
202.447
228.019
191.519
199.759
201.632
212.496
221.143
198.327
190.601
204.609
201.688
209.993
205.83
202.241
209.199
197.2
207.12
211.289
196.639
203.696
204.184
211.872
207.44
198.801
221.007
189.64
202.736
204.008
207.737
201.624
204.214
207.617
203.297
209.503
199.944
205.992
204.824
202.56
219.297
193.086
202.162
205.098
205.519
204.432
207.421
202.233
206.353
204.688
203.346
204.188
206.936
203.594
202.726
207.323
205.429
203.898
204.015
203.666
205.263
207.887
207.087
200.315
204.109
206.403
205.18
203.481
204.042
204.079
208.879
205.545
201.034
205.23
205.815
203.85
206.432
205.106
201.349
206.666
206.022
205.681
200.97
209.045
200.447
207.297
205.695
201.305
206.474
202.718
206.507
205.004
203.744
204.865
208.098
201.582
207.057
204.658
204.804
202.921
204.057
208.511
200.267
207.628
204.522
203.342
205.538
207.207
201.759
204.432
205.29
204.782
205.131
206.527
203.624
205.207
205.488
206.143
202.459
204.128
203.831
205.289
204.902
205.617
204.41
204.751
205.711
204.575
205.865
202.214
205.004
205.286
206.289
202.838
207.655
202.281
206.328
204.921
201.503
204.767
206.73
203.808
205.823
204.504
205.353
203.384
205.113
206.503
205.88
204.665
203.846
204.771
203.308
206.624
204.395
204.605
205.97
204.47
205.681
200.522
205.797
205.169
207.369
202.624
205.56
203.496
207.335
203.368
207.745
201.015
203.53
206.665
204.357
204.121
208.417
200.752
207.071
205.094
204.771
205.71
202.057
207.312
203.398
204.572
202.511
207.639
203.368
206.688
202.625
206.078
204.534
204.444
204.113
205.293
206.609
203.992
205.497
203.376
204.086
207.865
202.534
205.65
204.376
203.85
222.199
187.214
204.673
205.88
205.503
204.151
204.368
203.85
206.47
202.992
206.658
207.282
198.06
201.027
207.071
201.376
205.816
205.191
202.376
205.504
213.113
199.282
201.71
208.959
237.233
174.605
204.41
200.448
204.898
204
206.256
217.169
192.887
201.662
206.699
205.071
204.249
203.3
203.715
204.887
206.15
205.594
203.305
207.263
202.135
205.793
206.286
205.346
201.398
208.027
201.695
206.583
205.056
203.936
204.256
207.064
200.944
207.338
203.981
204.899
204.917
206.88
202.195
204.399
204.83
204.376
206.858
206.015
205.665
200.823
205.121
205.936
207.263
200.616
205.369
204.263
207.688
203.023
204.962
204.504
212.639
199.639
204.368
203.497
203.808
205.552
204.64
208.537
201.816
206.425
201.447
204.072
206.665
204.297
205.342
202.895
205.447
204.771
203
206.902
205.248
205.034
234.887
175.681
204.534
202.105
205.624
204.59
204.346
206.071
207.057
201.966
204.835
207.413
203.06
203.504
206.429
203.048
206.632
203.759
204.545
205.794
203.616
207.158
204.169
203.03
204.568
205.515
206.087
205.424
203.038
205.992
204.098
208.632
200.943
205.034
203.47
205.169
205.775
205.402
204.086
204.922
201.988
205.805
206.015
204.03
205.545
203.357
205.899
204.985
204.079
206.601
204.647
202.744
207.985
202.414
205.09
205.887
203.071
207.489
201.823
204.162
205.094
207.12
204.121
204.417
203.902
207.73
202.541
206.504
205.586
201.169
206.669
205.835
204.632
202.958
204.008
204.985
224.624
188.12
203.575
203.97
203.647
204.646
206.794
203.639
205.12
205.049
205.846
202.552
209.594
200.151
205.353
205.008
205.24
206.305
202.184
204.677
204.673
204.936
205.098
205.639
204.894
204.154
205.696
205.504
204.936
202.921
204.744
204.327
207.263
203.226
203.726
204.751
205.508
205.286
205.353
205.222
203.594
207.759
202.391
203.305
203.594
208.255
202.23
206.816
204.872
206.94
201.421
205.142
205.177
206.978
201.526
205.41
208.056
200.511
204.944
204.71
205.403
205.293
203.639
206.004
204.037
205.666
203.624
205.759
206.553
202.895
204.071
203.402
205.985
206.895
202.342
205.85
204.774
204.835
205.733
204.601
204.41
205.654
202.015
208.56
203.497
205.466
206.541
200.793
203.715
207.086
206.575
201.327
205.331
204.846
205.214
203.891
205.042
203.733
208.609
201.872
204.41
205.62
204.331
206.094
205.85
204.526
203.304
204.015
207.042
203.943
203.978
204.808
204.944
204.361
205.782
205.545
203.688
203.789
205.113
206.226
203.165
205.361
205.049
205.304
204.959
204.319
204.952
206.105
203.176
204.143
207.707
202.045
203.632
206.09
203.895
205.729
206.346
205.116
203.376
204.985
205.865
203.944
208.24
200.406
206.56
204.531
213.845
196.899
202.455
205.639
205.376
204.312
203.857
206.327
203.466
204.519
204.226
205.631
205.861
203.692
206.74
203.346
205.256
204.177
206.063
203.767
203.688
205.568
205.29
203.263
206.496
204.887
204.432
207.64
199.657
205.031
205.53
204.518
206.418
203.917
203.617
205.594
205.909
204.481
203.647
205.44
206.56
203.793
203.929
205.165
205.324
208.368
199.925
206.09
201.959
215.383
197.658
205.041
204.414
207.162
201.541
205.515
204.59
204.715
203.526
205.47
206.658
206.59
199.658
204.778
204.891
206.267
204.737
205.432
205.248
204.959
203.24
205.264
205
206.263
203.616
204.763
205.677
205.681
202.007
204.632
205.488
205.282
204.613
204.609
204.978
204.759
205.391
204.135
204.85
203.361
205.861
205.571
202.831
205.526
208.324
200.631
205.733
205.56
205.673
202.609
204.455
206.865
204.447
206.53
199.805
206.756
205.875
204.7
205.582
206.602
202.128
204.639
203.594
207.511
205.511
202.271
205.85
204.278
203.007
205.418
207.879
201.576
206.274
204.68
203.173
204.275
205.349
207.865
203.929
202.639
206.064
205.353
204.838
204.403
203.526
204.267
206.214
205.921
205.628
202.387
204.399
205.816
205.8
201.963
204.973
205.327
203.816
209.594
201.966
205.41
205.519
202.432
207.891
202.756
202.643
207.199
204.88
206.248
202.312
205.447
205.418
203.624
205.199
204.902
204.752
205.786
204.304
202.703
206.575
204.418
204.248
204.823
205.241
218.233
189.951
207.335
204.233
204.526
204.695
205.098
203.335
204.94
205.214
205.504
204.582
205.346
205.248
203.44
207.361
201.887
204.354
205.398
205.44
206.143
203.913
204.903
206.071
202.233
205.808
204.376
204.85
203.838
205.801
207.823
201.2
204.921
205.703
203.44
205.082
205.053
204.594
206.368
205.782
201.921
208.128
201.417
203.831
206.745
203
209.391
201.601
205.808
204.192
203.944
208.21
202.918
204.526
201.819
207.294
204.992
204.673
205.32
202.688
206.398
204.361
204.32
207.142
203.53
203.354
205.35
205.778
204.455
205.105
203.086
205.433
206.511
204.737
206.594
201.421
203.876
206.116
206.914
203.327
203.383
206.688
205.079
202.85
205.177
205.552
206.079
204.399
203.21
205.271
205.342
204.368
207.057
205.417
202.384
204.729
204.646
205.192
204.361
205.463
205.496
202.022
205.842
204.519
205.978
205.887
200.913
207.425
204.568
205.056
205.624
202.143
206.399
205.169
205.88
202.985
206.774
201.538
204.695
203.959
234.631
182.154
201.673
204.256
205.342
205.816
205.928
201.335
208.113
202.823
206.113
202.12
205.793
206.79
203.147
205.041
203.391
209.744
202.511
203.696
204.583
203.985
205.462
205.508
203.597
205.666
204.654
204.801
205.65
205.887
202.575
204.512
205.206
204.508
204.838
205.057
204.624
207.981
200.658
205.319
206.241
205.688
202.774
204.771
205.485
204.387
203.327
205.143
204.914
211.624
197.808
204.357
205.944
205.628
205.47
204.729
204.88
203.488
204.527
206.334
202.793
207.703
201.914
207.214
203.41
205.368
203.974
205.545
202.297
207.44
204.207
204.722
204.12
204.944
205.447
204.617
205.063
207.128
200.624
206.057
204.319
204.944
205.432
204.32
205.064
203.838
205.97
204.616
206.177
202.703
207.154
201.997
206.387
204.18
206.624
203.985
203.737
205.263
204.511
206.467
205.59
202.342
203.898
206.121
203.816
206.048
204.038
204.538
204.582
204.865
206.511
204.82
201.853
205.233
204.816
205.575
206.226
205.079
201.793
204.733
206.41
205.616
205.497
203.383
204.192
204.489
205.533
204.936
204.779
203.368
206.335
204.594
204.173
204.864
204.865
204.605
206.617
203.481
204.154
204.647
204.902
207.395
203.511
203.752
205.192
204.488
204.903
205.454
205.211
203.511
203.233
208.786
203.429
206.887
200.458
205.271
206.729
203.038
206.256
204.432
202.594
209.041
202.072
204.413
205.801
204.609
204
205.278
204.715
204.47
205.424
203.873
208.616
201.959
204.225
205.384
205.368
220.534
190.304
203.44
204.282
203.888
207.586
203.35
205
202.759
205.338
205.974
205.026
204.903
202.857
204.887
207.553
202.966
204.752
207
206.176
202.624
203.673
206.207
203.703
204.515
206.463
203.417
204.071
206.342
202.256
204.594
206.192
203.872
205.816
203.872
206.248
206.071
201.162
205.549
205.252
204.917
205.842
203.575
206.576
202.545
206.567
204.433
203.661
205.658
204.463
205.184
206.177
203.079
205.169
203.744
206.44
208
200.831
206.496
201.545
205.406
206.29
203.936
203.985
206.094
205.274
206.071
202.185
205.428
205.899
203.248
207.222
201.346
205.518
205.617
205.113
203.894
204.666
205.263
204.985
204.838
205.523
204.045
205.244
204.294
204.849
205.696
206.101
201.402
205.399
204.233
206.496
205.854
203.176
207.275
201.406
204.376
207.624
203.992
203.44
205.737
203.774
218.433
192.609
203.015
207.631
202.857
205.929
204.094
202.752
206.233
205.609
204.56
207.192
203.289
202.079
223.335
187.113
205.673
204.248
204.71
207.575
202.098
204.617
205.447
205.511
202.561
205.518
206.512
203.218
204.913
205.045
203.418
208.15
204.12
202.297
205.327
207.29
203.225
209.087
200.049
203.902
206.289
204.297
204.711
205.376
204.447
204.192
206.44
203.977
203.173
207.06
204.632
203.966
205.775
205.921
201.714
206.312
204.966
204.737
203.064
205.801
204.496
207.222
203.041
205.35
202.8
205.474
205.432
205.967
205.368
201.609
205.256
205.455
207.657
205.271
202.09
203.448
206.349
204.771
204.207
202.56
206.575
204.673
205.703
204.44
205.241
205.447
203.353
205.519
204.008
204.992
204.609
203.35
207.913
204.433
203.424
205.794
204.364
202.921
206.448
204.248
206.729
200.872
206.534
205.609
205.09
205.598
202.312
206.594
205.575
202.624
205.455
203.985
216.91
195.68
203.403
205.135
203.44
206.398
209.064
200.433
201.744
206.282
203.414
214.338
199.101
202.624
205.779
202.729
206.959
208.597
199.482
204.447
205.192
204.545
212.41
198.936
203.518
203.722
206.902
213.655
197.338
201.583
205.184
205.135
205.136
210.808
198.218
203.725
205.779
205.094
211.376
198.36
204.346
204.591
207.127
202.207
209.402
200.888
205.289
205.447
203.226
213.838
197.654
203.083
208.181
199.706
206.632
209.647
198.977
207.462
203.888
204.466
220.71
187.369
207
202.977
203.192
206.199
212.985
196.816
205.782
203.387
206.312
211.974
198.417
202.241
206.03
204.458
205.008
209.455
198.842
205.992
203.087
206.022
226.418
184.526
204.417
204.967
206.432
202.553
212.793
199.447
202.342
203.985
204.985
218.526
194.651
202.214
206.666
200.357
211.688
207.402
197.71
203.234
204.887
207.722
224.902
184.263
203.609
203.233
208.064
203.936
210.312
198.632
204.056
204.526
203.722
213.662
201.567
199.459
206.241
204.91
217.89
192.534
203.079
204.241
206.737
204
213.184
197.752
202.725
206.128
204.692
219.165
191.594
202.433
205.447
205.143
203.947
216.966
193.2
205.143
204.56
205.007
203.778
206.249
208.432
206.383
201.079
203.654
202.756
208.605
201.53
212.696
203.064
199.928
205.256
203.241
204.582
204.617
221.646
191.188
201.948
203.842
207.688
202.774
204.707
214.624
198.463
202.233
203.454
205.391
207.658
206.042
202.285
218.32
191.695
205.282
201.888
205.105
205.15
203.88
230.41
181.823
203.665
205.117
203.914
207.282
207.15
200.342
204.737
208
218.567
187.41
205.831
209.072
200.184
223.169
196.289
196.677
203.985
208.267
200.62
203.282
204.575
205.617
213.583
197.586
202.902
206.433
203.515
203.925
205.774
214.515
195.831
205.849
202.23
205.128
205.048
204.865
204.297
211.902
198.433
207.519
201.394
205.391
205.29
209.519
202.469
210.346
197.057
204.759
203.094
206.722
206.256
206.353
201.88
221.973
192.169
202.576
201.225
204.192
207.327
209.353
200.312
201.489
214.846
202.113
201.601
201.951
204.903
204.537
203.617
205.297
212.12
203.669
201.583
202.034
205.41
206.853
202.737
204.425
220.503
190.343
206.609
205.018
200.207
206.263
205.903
207.631
215.147
195.022
200.658
203.534
206.259
204.286
209.59
200.835
216.47
197.936
199.504
204.146
204.974
207.722
202.511
203.59
224.85
188.049
202.879
204.719
203.879
206.73
203.834
204.463
213.342
203.112
202.44
202.602
204.575
207.511
203.944
202.97
202.774
203.553
204.537
208.895
201.015
212.369
201.985
201.319
205.12
202.504
207.098
202.613
224.879
187.625
204.199
204.955
203.398
203.658
210.853
199.978
212.064
201.872
200.793
203.192
205.477
204.076
205.751
206.376
213.35
197.545
201.447
206.576
202.849
205.88
203.278
215.82
197.703
204.383
204.902
203.609
203.929
203.383
214.715
202.598
202.864
201.008
202.977
207.542
202.56
205.842
212.022
201.722
201.008
202.59
207.056
202.346
207.447
203.264
218.815
199.177
197.079
207.079
204.891
203.496
203.711
204.105
203.959
217.214
195.628
207.628
203.736
202.899
203.966
203.361
204.609
205.207
216.368
194.816
203.801
205.015
202.913
205.47
204.703
204.064
211.376
204.29
202.368
203.538
203.485
204.09
205.973
205.47
212.459
197.767
206.601
203.993
204.376
203.631
204.576
204.609
214.184
194.898
204.726
209.263
203.816
205.034
200.413
207.865
201.977
213.384
198.688
203.958
204.651
205.086
204.575
204.076
204.214
213.248
200.135
201.433
203.56
205.624
203.425
205.759
223.658
185.669
207.008
205.913
204.872
201.568
206.008
209.319
199.929
215.887
194.199
205.177
204.609
202.744
208.624
203.143
202.73
214.071
200.398
201.929
203.688
203.459
207.676
203.97
203.959
210.064
202.24
204.632
201.353
205.88
205.425
203.511
212.455
197.97
206.47
202.199
204.169
206.425
203.568
225.872
184.489
204.703
204.921
205.936
206.534
201.545
204.511
204.519
214.571
197.591
203.071
205.207
207.075
202.511
203.865
210.838
201.59
201.955
205.718
203.128
206.139
209.109
207.97
201.342
201.609
205.384
203.586
203.846
205.466
206.286
207.808
200.057
204.304
205.335
205.135
204.132
205.718
215.176
195.049
207.03
201.76
203.481
207.737
202.793
206.109
212.504
195.752
207.943
199.651
208.695
202.256
204.526
204.474
212.056
201.681
201.767
203.488
205.106
204.789
207.432
221.53
192.407
200.815
202.609
205.775
204.504
203.176
204.951
209.914
208.838
197.072
209.402
200.049
202.68
206.312
205.143
223.286
186.992
203.73
206.936
202.214
204.643
205.481
203.308
216.2
200.233
199.034
211.056
197.639
206.583
204.353
205.929
210.703
198.913
205.775
203.361
204.191
203.824
204.864
214.079
202.895
200.361
201.872
205.199
204.44
207.978
202.368
212.778
197.053
204.567
207.234
202.391
204.127
204.162
205.143
213.744
198.064
207.842
200.925
205.233
203.154
204.057
207.503
210.854
198.248
206.553
201.751
204.305
205.801
203.654
206.079
214.019
194.191
206.831
204.041
205.064
205.591
202.387
204.838
210.929
199.808
206.286
203.255
207.594
201.312
204.256
206.865
211.646
197.335
203.643
206.391
205.206
205.764
201.143
225.526
188.552
202.553
204.711
205.842
203.27
207.824
222.417
185.703
203.425
204.135
204.553
205.154
203.996
208.312
210.801
198.624
201.85
208.646
200.369
205.135
204.688
211.383
204.553
199.466
203.902
205.512
206.609
203
213.609
194.748
206.804
203.606
205.259
205.038
207.398
202.154
208.583
202.312
202.135
205.749
202.86
208.985
203.185
206.462
210.707
197.086
204.064
204.32
206.225
204.624
203.688
203.918
209.33
202.726
203.816
204.65
207.733
202.395
203.312
204.688
213.741
198.24
203.53
205.703
203.023
207.53
203.951
202.759
225.361
185.553
204.15
205.523
202.823
208.433
202.695
212
200.192
204.503
202.666
204.199
205.12
204.88
211.072
202.432
200.695
205.233
203.35
206.985
203.143
205.338
212.241
200.887
201.526
203.297
205.899
204.974
207.793
209.902
198.729
202.546
202.853
206.695
204.752
204.331
214.526
197.215
205.481
203.474
202.8
207.045
206.44
202.042
217.391
192.503
207.73
204.015
203.304
204.76
202.872
206.53
212.504
200.725
202.827
203.158
204.538
203.582
205
214.113
196.801
205.838
202.049
203.959
207.616
203.546
211.383
201.921
201.361
206.71
202.407
203.53
206.255
212.696
201.673
201.533
206.737
202.391
202.651
205.391
206.767
212.345
198.489
204.278
202.248
205.241
204.079
207.169
219.361
193.624
201.399
201.8
206.846
207.88
200.402
208.41
208.301
202.289
200.681
204.864
204.124
204.707
222.632
193.462
199.857
204.057
206.176
202.384
204.816
203.097
214.846
197.76
207.282
201.661
203.275
210.199
201.568
213.026
197.053
204.203
205.3
205.865
201.59
207.177
204.857
212.162
199.455
200.872
207.24
207.008
201.383
203.072
203.673
217.545
195.846
202.481
204.192
206.552
206.278
203.538
203.425
211.199
201.455
204.068
202.037
206.064
204.831
204.97
226.496
182.399
205.639
207.977
201.944
203.368
206.136
204.078
204.632
212.241
200.255
201.628
203.711
211.079
200.951
202.503
206.85
210.944
198.143
205.729
203.793
206.32
202.143
204.646
218.083
193.361
207.767
203
202.406
206.793
202.402
206.534
219.214
191.53
201.553
206.696
204.729
203.504
205.838
222.778
186.887
203.534
205.97
204.384
205.631
205.414
202.304
226.034
187.12
202.455
204.402
207.719
205.041
201.406
204.353
216.305
195.534
218.402
192.007
202.354
206.207
203.157
206.128
208.027
201.894
203.361
203.609
205.91
206.489
202.079
213.68
197.233
208.072
202.943
201.496
205.249
206.624
204.752
218.736
191.286
203.756
206.079
203.398
206.361
202.658
204.455
209.639
199.647
207.323
205.756
200.883
209.669
200.432
214.121
202.594
200.368
202.669
204.794
207.327
201.627
219.328
192.342
203.575
208.128
202.785
204.23
205.011
204.481
212.542
200.101
200.459
206.8
203.053
206.587
207.097
210.327
198.32
202.624
207.207
201.688
204.744
204.44
213.872
200.793
200.752
203.079
205.602
205.214
203.857
204.895
210.481
201.647
201.834
204.966
206.121
204.161
204.421
214.128
200.162
201.729
204.286
204.019
210.071
202.12
203.775
211.71
198.609
203.072
203.383
208.523
205.109
201.06
204.35
210.432
201.895
203.511
204.673
206.304
201.73
232.207
180.751
204.008
204.105
204.41
206.165
203.888
203.642
210.809
202.15
201.624
208.128
201.263
204.41
217.248
195.511
203.88
208.271
200.425
203.665
205.511
205.121
212.672
198.625
207.894
200.151
206.064
205.289
202.53
214.782
196.887
204.218
204.327
207.482
200.669
205
226.007
185.496
203.673
203.775
205.665
204.842
204.655
224.582
184.842
205.102
206.94
202.902
204.586
204.557
203.425
212.823
200.519
201.233
205.537
205.015
204.177
214.32
196.609
203.552
204.67
206.233
203.424
204.952
215.413
196.538
202.112
209.297
200.703
204.553
206.598
202.361
212.034
201.007
200.959
207.759
204.609
205.481
202.342
204.185
211.026
199.872
207.44
202.357
206.884
202.3
204.602
210.872
202.568
200.838
203.842
207.143
204.071
203.504
219.594
192.823
206.568
203.226
202.417
204.47
204.729
205.733
215.275
197.992
206.718
201.673
200.745
204.909
207.85
202.88
209.319
201.865
204.778
205.094
202.88
205.447
204.632
211.635
200.526
201.824
204.962
207.511
202.361
206.03
212.113
198.229
203.346
202.903
206.564
18006.2
24.68
204.583
191.553
205.778
208.079
206.398
200.192
212.985
201.432
201.482
202.639
208.744
203.015
203.361
204.071
214.32
196.624
205.921
202
204.966
207.192
202.098
207.519
211.744
195.519
206.473
202.899
206.229
207.703
201.857
205.361
210.681
199.022
204.346
204.12
207.831
202.414
202.891
204.192
213.462
203.977
198.106
205.624
204.214
203.368
208.816
202.057
212.597
199.29
202.304
203.113
207.128
202.413
206.771
206.605
208.681
202.034
200.774
204.816
205.834
205.662
205.297
202.929
213.079
202.064
201.454
205.26
202.222
204.304
209.241
201.432
211.177
196.996
207.699
204.184
203.869
206.297
202.402
214.624
198.527
204.368
203.455
202.737
204.289
210.455
200.015
225.184
191.015
199.185
204.041
205.214
203.162
205.609
207.703
222.496
190.008
200.203
205.052
203.53
203.669
207.801
202.936
225.098
187.335
203.082
203.136
204.861
207.169
201.831
212.353
206.53
201.053
202.432
202.305
209.488
200.425
203.647
207.537
217.057
196.838
200.241
204.297
205.782
208.928
200.406
203.169
213.985
203.583
197.985
204.85
204.413
207.361
203.594
201.94
209.921
202.737
203.263
203.568
203.161
207.718
204.207
212.699
201.737
200.135
204.606
203.522
207.854
201.624
205.842
206.526
208.12
199.14
209.342
202.496
205.056
202.504
203.489
239.519
178
202.439
201.297
204.094
204.425
207.448
204.466
213.943
197.639
203.425
207.241
200.101
204.561
202.507
209.647
204.823
212.398
196.764
205.966
202.128
203.383
204.729
209.279
201.815
205.376
210.978
198.338
206.677
200.928
206.703
203.418
206.518
204.745
211.511
200.361
202.233
219.391
190.056
205.688
203.128
207.73
207.391
206.481
199.966
200.955
205.007
206.745
202.646
231.384
182.15
202.177
205.936
202.992
208.207
201.376
206.658
204.214
210.978
198.808
202.865
205.631
206.85
203.019
204.387
212.334
204.369
198.026
204.782
210.41
198.553
205.127
205.399
203.985
216.481
199.59
199.151
203.936
206.113
204.657
210.448
207.229
197.643
205.15
202.56
204.658
204.358
208.984
202.952
211.048
201.275
200.038
205.007
207.177
201.943
205.248
215.256
199.929
201.503
204.497
202.639
205.346
208.391
203.12
210.376
200.985
205.752
198.718
205.921
209.879
202.64
200.951
205.06
216.526
196.602
203.455
208.248
200.511
204.064
206.737
206.447
210.256
197.985
202.248
207.823
201.654
206.09
203.737
203.873
216.221
200.752
199.214
202.843
208.199
203.083
204.278
225.383
189.41
199.583
221.417
190.992
202.249
204.59
207.703
204
208.985
200.729
282.357
128.083
202.485
203.786
204.503
213.207
199.361
203.056
204.531
207.526
200.902
205.587
205.936
216.485
193.97
202.545
204.838
204.511
209.666
200.921
204.263
212
199.304
204.978
201.789
210.177
199.838
204.97
206.745
211.582
199.121
202.56
205.44
204.639
203.921
203.519
208.721
210.2
201.097
200.512
205.127
207.44
201.433
206.357
212.41
200.071
200.771
208.485
200.353
212.993
200.631
203.906
215.286
196.744
205.839
201.657
204.527
204.026
206.417
202.718
212.399
200.135
207.083
200.88
207.199
203.714
205.726
202.346
210.071
208.767
202.695
198.779
203.797
203.883
209.109
204.248
202.256
212.383
204.267
200.045
202.722
204.76
205.793
202.135
207.162
212.582
197.234
205.823
201.752
205.176
207.485
203.049
202.403
224.078
190.136
205.759
200.921
215.406
196.241
202.312
207.154
222.278
186.169
204.128
308.978
108.15
201.35
200.075
203.782
232.056
182.008
199.41
207.917
203.737
205.297
202.511
203.466
208.617
207.357
211.09
204.263
201
200.263
203.241
205.297
207.312
201.951
213.135
252.609
152.008
201.895
210.729
198.447
206.824
204.263
212.274
201.042
200.526
202.966
205.184
207.17
204.097
203.504
218.327
194.703
205.072
205.097
207.895
199.816
201.985
209.207
210.857
200.297
200.902
203.594
206.03
206.049
207.391
200.267
212.973
199.128
205.993
201.552
204.824
204.887
203.12
206.696
211.643
199.853
201.823
203.26
205.876
206.297
204.203
206.413
211.233
197.192
205.319
209.226
199.726
203.906
205.973
202.921
214.376
201.703
199.914
204.808
206.064
202.199
205.737
206.008
211.154
217.191
184.734
206.368
204.113
205.432
205.384
203.184
209.831
199.567
204.275
206.327
205.368
202.342
204.872
204.523
214.696
198.646
201.865
203.879
205.948
205.045
203.895
212.233
202.511
202.368
201.906
206.313
206.951
201.312
203.639
216.808
199.609
198.831
204.88
208.943
200.602
205.214
207.192
209.361
200.921
202.541
204.884
203.349
204.752
208.594
200.59
212.105
199.846
201.673
207.256
207.977
200.722
209.677
200.443
211.448
201.428
201.843
203.744
205.391
204.624
206.342
204.816
213.808
198.056
201.376
203.218
210.249
200.206
204.015
205.745
211.391
199.402
202.673
204.797
204.53
205.632
204.496
205.368
215.511
200.241
199.207
203.481
207.034
205.38
201.729
220.207
191.466
206.128
201.695
204.786
204.767
206.417
206.038
213.346
199.278
202.402
200.737
206.902
204.752
204.226
208.853
207.346
201.895
201.567
202.951
204.29
205.624
204.887
204.665
211.448
199.767
203.255
204.722
204.094
207.808
206.922
220.184
184.447
208.12
202.831
205.523
205.255
203.128
205.448
213.041
202.477
198.192
205.737
205.992
203.696
207.929
199.488
205.384
213.616
197.966
202.027
207.101
203.602
205.68
207.624
200.76
213.759
196.504
209.913
199.2
204.714
208.669
201.132
205.988
211.098
200.094
201.944
204.289
205.184
204.545
207.549
210.433
204.376
199.65
201.192
207.56
201.662
205.872
204.522
214.609
199.493
203.327
201.737
205.834
206.816
203.064
209.974
201.225
203.034
207.135
203.429
203.425
207.049
202.056
213.97
203.462
198.335
202.793
206.192
205.944
203.823
204.154
219.59
193.027
203.421
202.274
207.432
203.113
205.436
204.233
213.466
199.046
202.496
242.169
166.895
204.928
204.256
223.575
189.771
201.391
203.176
204.76
204.015
205.319
218.985
193.602
203.105
204.669
205.027
205.109
206.624
201.729
214.793
195.568
205.015
211.538
196.733
204.785
205.504
207.226
214.199
197.944
200.041
205.263
208.135
202.17
206.526
202.737
215.158
195.785
203.504
204.361
206.519
203.297
206.064
202.838
211.267
202.549
200.752
204.951
206.673
202.537
207.369
213.759
196.433
201.894
206.594
205.895
201.575
206.681
203.376
211.184
201.417
201.718
206.327
203.451
205.109
203.906
215.094
195.978
204.169
206.071
207.463
200.443
203.312
205.688
217.655
194.545
207.518
200.328
204.353
206.752
204.958
211.497
200.793
200.222
203.289
207.831
203.139
204.327
204.91
212.361
202.552
202.737
201.553
205.406
205.233
205.944
207.206
207.106
201.406
203.154
223.447
185.737
205.399
202.233
205.631
216.496
199.031
199.12
204.304
204.008
206.928
204.482
203.248
213.665
196.245
206.936
203.056
204.617
209.086
199.493
228.751
184.267
203.85
205.353
202.568
204.654
205.955
203.399
205.127
210.376
198.993
208.041
201.944
204.03
205.977
203.098
219.741
193.849
203.177
206.752
201.846
206.778
203.421
205.842
222.726
185.315
212.921
200.335
201.624
206.158
203.226
207.902
218.071
188.369
210.402
198.774
206.794
205.056
203
204.616
225.094
191.079
200.94
201.654
204.143
205.391
205.921
202.857
215.384
195.417
205.951
203.888
204.481
204.263
205.327
204.312
218.083
195.59
202.086
204.354
203.191
204.696
207.41
204.319
222.384
187.985
207.112
202.053
203.763
203.936
211.117
202.714
210.929
196.03
205.304
203.651
204.045
211.786
199.518
201.865
213.921
201.823
215.591
194.015
199.537
205.233
207.688
204.136
216.857
197.895
199.078
204.715
201.872
206.767
204.402
203.124
216.042
195.631
207.767
200.305
204.409
208.545
201.301
207.267
201.936
212.406
199.921
202.831
208.639
200.572
205.045
205.928
212.403
203.74
199.248
203.403
204.887
205.21
205.158
204.12
213.087
199.395
201.199
206.432
204.553
201.583
209.782
202
217.097
195.049
207.519
198.921
209.695
200.049
204.812
212.068
206.733
195.323
209.527
202.248
206.271
202.688
204.857
208.064
209.864
199.425
201.229
206.809
201.255
208.162
201.838
206.147
211.022
204.625
199.327
203.443
205.564
202.947
205.158
206.553
224.184
189.256
199.808
204.545
209.365
200.203
204.015
209.049
201.263
218.985
193.936
205.222
201.199
206.218
223.846
186.88
217.507
192.775
202.112
208.824
200.218
203.767
204.357
208.921
210.631
199.97
200.925
204.805
208.47
200.466
205.703
205.037
212.523
200.199
202.527
204.409
206.914
202.222
206.015
203.943
213.312
197.978
203.425
204.864
208.312
201.207
206.808
200.534
226.756
187.222
204.289
202.519
203.737
208.928
201.598
205.203
213.662
196.744
206.688
201.838
205.241
203.752
204.083
207.319
213.455
194.143
290.601
117.801
209.711
198.488
204.654
207.467
210.68
201.192
201.101
203.786
208.966
201.027
211.454
199.143
210.271
202.692
204.695
202.538
202.59
205.184
204.711
208.842
218.808
188.493
208.763
200.943
203.632
205.015
203.177
205.154
205.293
210.226
199.688
203.447
207.274
202.624
205.677
203.632
208.815
205.282
202.531
207.718
199.992
204.184
210.703
199.32
207.943
213.256
201.481
201.064
202.575
211.399
199.677
204.646
206.745
211.676
211.963
188.221
208.327
204.899
200.583
206.203
210.966
218.673
184.879
205.873
205.278
202.361
205.752
204.27
203.139
208.44
210.309
199.65
202.241
205.037
202.56
205.865
207.154
203.327
210.838
203.873
200.503
203.098
205.481
203.718
204.579
204.748
213.809
201.849
199.406
204.124
208.335
201.59
208.049
207.681
219.225
188.59
201.162
204.383
203.873
205.582
206.03
208.929
199.113
208.631
201.921
209.2
200.879
204.249
205.59
203.579
206.376
208.293
198.849
204.673
207.921
202.632
203.575
206.391
204.263
204.098
216.192
199.646
199.29
204.737
204.661
203.737
206.354
203.718
211.778
199.278
203.936
205.985
203
209.553
200.285
213.504
200.872
201.937
206.176
201.275
205.894
207.049
210.801
201.406
200.511
203.624
206.914
203.425
206.556
211.666
200.601
202.455
204.113
203.541
204.331
204.037
220.752
197.384
197.09
204.312
208.023
201.751
205.929
209.511
220.004
188.511
199.854
205.834
203.015
203.752
209.094
201.402
214.534
200.865
199.778
204.199
207.087
207.872
200.218
203.647
227.639
185.192
204.248
207.24
200.32
205.083
210.12
200.981
223.985
185.759
204.015
204.388
208.782
206.842
199.398
203.553
206.752
213.639
195.695
204.256
205.56
203.993
203.751
206.079
213.26
197.406
205.545
201.767
206.631
202.929
206.688
202.049
214.639
196.413
205.219
204.969
204.245
203.658
207.24
202.602
208.511
201.726
207.763
202.334
204.008
206.985
201.872
213.041
201.493
205.865
199.24
203.88
205.086
208.395
201.357
212.801
204.759
196.891
209.064
214.087
191.744
210.838
198.993
211.624
202.744
199.895
204.756
204.782
205.815
204.034
203.854
214.65
202.293
201.602
201.391
204.56
204.553
204.552
203.85
215.639
197.365
207.312
201.146
203.534
206.489
204.161
213.312
198.455
205.049
204.008
206.007
201.425
204.681
204.481
219.27
192.136
204.191
204.625
203.864
206.008
208.503
199.97
211.726
200.44
204.977
202.902
204.241
204.248
204.929
205.936
213.049
200.353
202.429
201.8
204.794
207.624
203.59
203.09
208.831
204.737
201.56
205.951
203.534
207.056
202.538
228.41
182.116
204.978
206.312
203.894
205.346
203.504
202.639
216.064
200.737
201.199
203.647
203.492
205.621
203.763
206.364
212.444
198.677
203.906
202.985
206.639
203.917
205.323
223.824
184.669
206.184
205.034
203.688
203.192
206.022
203.778
211.576
197.928
211.519
200.643
201.718
204.722
205.236
205.098
222.575
188.865
207.072
200.729
205.334
204.985
205.425
204.91
212.376
196.928
199.673
210.895
202.872
203.801
206.271
202.801
224.872
205.864
187.534
201.936
206.643
202.88
206.895
202.33
205.726
210.376
199.056
204.335
204.962
204.478
205.8
204.816
211.647
201.827
201.605
202.673
206.29
203.767
205.624
203.191
214.873
198.481
203.15
205.12
206.072
201.376
206.545
202.943
213.455
204.786
199.248
202.278
205.218
208.448
203.361
204.462
212.681
199.218
201.951
202.673
204.56
205.071
206.263
205.136
212.695
200.872
200.624
203.97
208.455
200.248
204.576
206.176
212.47
201.402
205.271
199.914
203.263
207.985
203.214
206.609
207.823
197.895
206.906
205.681
206.191
202.448
204.176
217.624
194.888
205.274
204.711
202.079
204.105
211.737
203.015
201.169
209.462
203.455
200.433
206.27
205.515
201.23
208.673
200.849
210.489
205.47
200.752
203.447
208.906
202.617
202.094
204.56
213.207
199.184
203.857
203.545
205.32
205.176
210.624
204.519
203.399
200.473
204.184
207.858
201.612
205.978
204.496
221.184
190.824
205.59
202.808
207.154
199.808
203.854
210.643
202.037
210.876
204.79
199.943
201.816
206.29
204.872
204.774
209.327
214.154
195.328
200.537
203.662
205.319
208.169
202.681
204.338
212.925
200.128
199.928
204.369
204.688
205.218
207.222
201.714
216.391
195.56
202.838
208.632
199.985
205.722
206.079
211.263
200.575
200.511
205.177
207.921
202.192
203.872
206.274
216.391
199.422
200.312
203.503
203.914
209.737
202.135
206.305
210.15
201.21
199.418
204.996
203.635
222.91
193.575
202.568
207.225
202.752
205.049
199.654
206.696
212.737
196.368
206.53
201.692
204.665
205.737
204.32
204.737
212.511
201.752
205.552
200.418
206.206
201.711
205.763
208.47
209.914
201.428
199.737
203.665
208.015
217.403
188.733
207.816
202.424
210.087
202.913
201.767
205.73
203.624
206.079
206.68
200.635
213.421
199.369
202.801
206.263
209.255
199.008
203.496
206.872
212.177
198.128
204.432
205.752
202.207
204.24
475.85
162.32
183.695
204.057
203.872
205.511
203.68
204.128
205.271
206.823
207.985
197.688
204.906
205.981
216.688
194.425
206.568
203.338
203.895
218.722
192.838
204.399
203.883
206.598
204.673
203.936
203.789
204.218
208.857
202.534
208.147
199.312
205.237
203.748
206.342
206.737
211.534
195.823
205
205.489
203.248
204.774
210.369
201.65
216.263
194.824
203.977
202.823
204.666
204.158
204.304
206.489
220.789
191.26
201.925
205.53
210.071
199.703
202.071
206.418
206.432
208.553
200.759
203.384
204.082
208.075
203.155
205.744
201.872
215.015
198.929
202.278
204.338
203.384
208.744
219.703
188.511
207.305
200.304
205.376
207.609
204.057
202.376
203.582
226.572
185.214
205.135
204.553
203.575
202.951
207.824
204.729
213.688
198.466
202.542
202.642
203.854
206.398
205.354
203.688
213.041
202.519
201.511
202.808
204.568
206.857
204.966
209.177
218.744
188.658
199.718
207.169
203.625
205.973
204.083
202.767
209.353
209.918
197.041
208.177
200.552
205.816
204.553
203.064
222.368
193.342
198.959
204.53
205.624
204.056
204.872
203.854
226.21
189.985
204.271
199.289
204.173
208.955
203.109
202.97
206.297
209.993
201.846
203.015
209.191
198.29
208.184
203.496
212.448
199.511
201.744
204.583
206.936
203.211
204.864
204.605
212.985
199.591
201.289
206.88
208.199
199.083
207.312
219.974
189.368
205.128
201.695
204.034
209.207
202.015
204.703
214.218
200.056
200.376
203.903
205.417
204.44
204.327
206.601
207.824
201.394
202.406
206.985
204.767
208.575
202.497
211.27
199.034
203.192
203.646
205.282
204.937
207.27
202.801
213.857
200.44
199.673
203.5
211.891
199.015
203.218
204.789
212.624
206.136
199.192
201.233
204.481
205.567
205.922
205.462
220
190.207
202.913
204.538
204.064
207.988
204.658
200.745
228.334
183.816
205.752
202.816
205.481
205.759
204.914
203.654
204.241
213.992
199.729
202.767
202.651
205.3
204.455
205.249
204.368
212.816
197.635
203.782
205.865
205.248
205.143
202.823
203.947
217.2
199.511
200.861
203.064
205.394
202.688
206.418
213.575
201.094
203.594
200.064
204.503
206.177
204.136
204.135
220.105
191.32
204.887
206.24
201.271
204.921
207.481
202.64
219.59
191.56
204.041
205.775
205.112
205.512
201.97
205.278
228.139
183.605
203.079
204.496
206.617
201.169
223.199
189.587
215.432
196.301
199.827
205.741
203.857
204.297
205.47
203.665
224.087
188.834
208.733
199.553
204.387
205.124
203.425
205.391
228.241
182.033
206.008
203.673
203.958
206.779
203.973
203.2
205.921
209.808
200.778
202.406
207.831
205.098
202.327
203.304
213.278
201.433
202.744
203.09
206.463
202.522
205.053
207.034
220.981
189
207.985
199.32
205.65
209.872
199.248
203.534
209.282
210.545
199.756
199.891
203.767
208.567
205.418
200.609
206.748
211.955
200.759
201.256
206.447
203.177
207.169
201.774
204.049
217.414
198.451
199.943
207.294
201.778
206.376
206.928
200.482
217.199
197.545
201.718
204.489
203.135
208.696
200.319
208.211
211.511
204.135
197.53
203.35
209.064
201.034
204.511
207.447
209.658
201.974
202.575
204.827
201.989
204.834
207.158
204.327
210.779
200.342
202.195
204.636
209.225
203.248
203.448
205.567
211.226
200.504
199.695
204.921
205.391
205.41
203.936
204.598
212.955
203.966
197.767
205.752
207.616
201.59
202.94
210.944
209.958
195.275
210.628
199.868
203.286
207.007
201.955
204.342
214.361
199.794
201.943
204.03
209.767
200.384
207.063
204.354
211.865
198.815
201.128
207.511
203.779
203.526
204.455
206.744
209.835
202.199
200.32
204.233
206.477
202.993
206.744
203.857
213.733
198.737
200.722
204.567
210.192
201.384
202.744
224.248
191.53
202.207
202.519
203.489
206.424
204.256
207.56
223.158
187.955
201.271
204.639
206.346
203.703
205.398
204.707
203.661
210.752
200.305
205.383
202.914
208.278
203.29
201.59
224.729
186.087
205.297
205.248
203.913
204.519
204.921
206.008
204.439
212.339
196.605
207.538
201.376
204.206
207.944
201.808
208.575
210.136
202.082
202.023
204.97
201.334
204.482
206.631
205.215
211.665
196.526
205.226
206.12
205.718
202.098
204.425
209.255
209.655
199.078
205.922
196.432
206.831
207.894
203.985
205.091
203.936
209
200.575
206
202.064
211.729
200.44
204.079
208.519
208.346
198.823
203.143
209.898
199.861
208.481
200.553
205.226
212.334
199.079
205.842
201.105
204.677
206.651
203.605
206.985
211.714
200.925
201.921
201.842
206.647
204.56
204.312
208.285
216.546
195.169
200.504
202.661
206.275
205.391
205.376
202.864
220.519
190.496
202.767
205.921
204.448
203.097
207.497
202.225
214.493
202.048
198.361
204.079
208.985
202.801
203.105
205.388
214.244
198.334
201.034
207.436
208.128
199.756
203.511
209.222
217.568
191.522
205.384
201.334
204.673
207.256
201.334
206.745
221.056
193.218
215.639
191.169
202.046
207.815
201.948
205.27
205.425
210.857
203.023
199.079
205.12
205.09
208.745
200.207
204.086
213.744
202.831
199.481
203.32
205.744
207.839
204.507
201.406
216.575
199.376
200.553
205.56
202.346
205.575
210.583
199.583
205.409
210.696
201.466
200.248
204.504
209.079
199.695
204.497
205.992
211.695
203.519
199.2
203.969
206.745
202.658
207.879
202.749
226.112
183.072
203.458
207.301
203.098
209.184
201.759
204.467
219.902
193.177
200.646
204.617
207.402
200.252
208.09
203.184
213.023
198.616
203.594
213.782
196
206.121
202.665
206.166
215.759
194.906
203.951
204.665
208.512
201.327
203.169
204.304
212.256
199.256
205.887
202.632
204.248
207
203.394
213.609
197.2
207.597
200.504
204.369
207.146
202.448
205.372
213.819
197.703
202.361
206.158
203.658
206.767
202.44
204.297
213.646
200.072
203.289
202.944
209.022
203.452
201.428
204.466
215.305
196.271
207.233
201.304
204.526
205.801
204.151
207.368
204.737
203.718
203.898
206.489
204.726
204.673
204.015
203.319
210.042
203.736
204.151
201.082
205.422
211.424
200.56
223.008
186.632
203.026
204.128
210.917
199.098
203.346
207.349
202.722
215.056
195.839
203.744
205.752
205.128
203.831
203.793
203.928
213.568
198.169
204.166
212.316
202.3
201.816
202.65
204.358
219.105
193.568
205.473
202.605
203.489
207.369
199.327
207.368
206.432
212.057
203.68
202.297
201.959
201.65
206.06
206.004
208.902
216.914
192.455
207.432
202.598
200.977
202.632
206.049
203.455
214.673
198.383
201.241
205.391
205.887
204.451
204.399
217.703
195.112
202.703
203.816
204.233
207.936
200.914
204.853
218.008
216.064
181.842
204.319
205.703
206.959
203.075
202.854
205.033
211.023
198.259
208.309
206.594
199.973
205.09
203.463
206.943
212.779
200.27
201.042
202.909
207.786
202.015
205.602
204.56
210.289
201.117
202.049
204.44
206.496
205.398
206.842
201.215
209.537
204.008
201.083
204.627
207.049
207.425
199.722
204.62
211.034
205.105
201.609
202.662
204.376
205.098
205.71
203.511
208.888
200.473
203.839
207.105
203.041
208.294
201.218
212.567
203.079
199.696
204.346
208.894
203.857
205.854
204.56
219.722
189.936
202.207
203.361
205.135
203.872
206.113
203.583
222.048
191.121
201.823
206.271
202.643
208.063
202.102
203.85
226.033
189.046
200.68
206.568
202.97
206.022
201.504
206.53
205.688
212.992
197.688
209.718
199.922
205.199
201.504
211.112
203.504
210
200.462
200.553
203.098
206.304
203.703
222.271
189.699
212.222
197.575
207.192
201.906
206.673
200.398
203.696
206.263
213.737
199.872
200.654
205.658
203.29
208.83
202.745
204.15
226.978
183.71
209.312
199.369
204.417
207.853
201.241
211.56
199.481
207.384
202.24
204.895
205.274
205.839
201.368
206.617
203.022
212.263
199.467
206.368
201.775
205.703
203.24
207.233
220.094
189.963
201.845
203.955
208.647
202.105
207.519
201.624
213.087
204.402
198.943
202.985
204.279
205.575
204.504
209.631
200.267
209.237
201.034
209.44
199.424
204.929
208.086
202.41
202.583
210.583
202.473
203.951
202.944
210.632
200.793
203.24
205.782
208.85
204.263
201.801
202.944
206.007
202.936
210.643
201.932
212.098
201.47
200.857
203.417
212.576
198.665
203.936
204.846
221.113
189.113
205.285
207.29
201.447
202.978
206.312
203.759
205.985
208.447
199.553
204.534
205.872
205.338
207.23
201.624
214.432
195.12
205.049
205.136
205.552
204.361
208.568
203.503
202.264
210.688
202.289
202.944
201.601
205.47
207.752
202.368
208.192
202.008
207.992
201.391
202.801
206.553
207.774
200.154
205.263
204.816
219.128
194.041
204.981
205.083

------------------------------------------------------------------------------------------------------------------------------------------------
max val(#7350) = 18006.00us
min val(#7351) = 24.00us
peak-to-peak = 17982.00us
mean +- RMS = 206.82 +- 178.93 us

packet size: 516
number of packets: 10000
RATE = 19959.31kbps, PPS = 4835.1
