Destination address set to 01:1B:19:00:00:00
Defaults: 01:1B:19:00:00:00 or 01:80:C2:00:00:0E
SIOCSHWTSTAMP: tx_type 1 requested, got 1; rx_filter 0 requested, got 0
setting ts_flags: 0x53
new ts_flags: 0x53


gap of hw tx time, us: packets 10000:
------------------------------------------------------------------------------------------------------------------------------------------------
0
192.165
199.921
184.752
205.824
180.594
205.845
200.057
181.992
176.944
190.44
190.688
192.248
200.616
185.177
197.207
186.169
196.951
209.271
192.928
181.249
183.127
195.418
185.376
202.041
181.992
191.497
196.605
189.304
193.617
202.007
179.418
197.455
189.511
188.609
193.759
185.519
194.553
186.417
191.342
197.331
196.925
187.94
190.932
184.098
198.582
191.128
186.218
195.282
190.414
188.767
195.481
209.177
172.83
188.2
200.049
200.59
180.504
185.353
191.353
199.35
185.819
190.485
193.929
202.267
180.718
189.47
200.985
216.707
182.815
180.937
192.56
188.285
195.072
189.489
189.327
195.048
195.767
191.858
194.943
193.361
204.417
183.662
180.008
198.834
189.15
194.937
187.68
188.143
189.801
192.064
191.469
198.906
202.839
173.936
189.496
194.745
189.048
191.632
192.898
210.967
174.447
195.609
189.32
212.079
178.545
193.71
181.921
196.658
194.486
189.623
184.354
193.375
192.97
188.358
191.24
197.184
192.56
187.32
191.241
193.27
189.29
192.361
193.549
202.616
184.098
195.752
183.094
192.409
198.903
180.748
195.455
188.992
190.654
191.658
195.542
187.827
191.03
191.857
199.24
184.301
198.068
185.365
199.785
187.297
193.278
199.737
195.327
180.282
190.681
187.327
208.511
174.256
189.71
193.106
197.473
184.493
191.785
193.906
191.335
188.511
191.568
194.816
189.304
193.226
192.177
199.022
184.417
193.249
186.748
198.496
183.218
190.872
191.53
190.271
194.801
188.992
191.06
198.594
184.651
191.334
191.872
192.369
188.511
204.583
195.026
180.556
196.057
185.184
191.455
194.282
193.286
183.308
198.304
184.591
191.673
191.342
193.034
191.312
189.293
191.992
199.248
184.143
191.756
190.421
195.759
188.891
204.767
199.895
180.432
182.985
192.369
191.597
194.121
191.624
185.808
197.049
186.376
191.511
193.786
191.03
188.034
190.639
195.616
196.673
185.166
192.97
194.037
194.587
198.214
178.793
193.44
188.951
188.609
192.391
191.722
192.414
199.609
181.849
197.376
186.865
190.88
192.751
191.873
189.654
199.985
193.12
195.887
180.978
198.879
183.527
191.473
191.192
188.605
191.609
191.256
192.015
191.778
193.049
193.421
191.154
186.718
196.064
187.936
191.17
192.624
190.496
191.24
192.696
211.857
193.237
196.643
180.661
184.553
191.361
188.038
196.745
185.386
197.015
186.399
191.545
194.282
190.477
195.019
185.477
193.376
197.113
184.838
191.515
190.414
197.177
188.616
197.414
187.744
196.808
190.079
183.012
195.661
186.899
196.575
184.865
196.297
187.094
191.346
190.917
198.436
184.365
191.721
193.951
197.234
184.383
190.504
196.695
188.29
192.173
201.864
180.553
197.32
202.703
176.736
187
193.425
194.624
185.782
197.609
185.681
191.56
190.297
199.007
184.639
191.865
202.936
198.417
182.967
192.383
183.703
194.515
188.184
193.305
187.631
190.91
191.41
191.583
195.199
189.763
193.744
185.997
196.8
186.952
191.906
194.289
189.35
190.455
199.063
207.313
193.417
196.943
183.583
181.643
192.519
192
191.328
186.416
195.312
187.192
192.44
193
196.504
190.921
192.582
182.696
197.943
186.233
195.801
187.128
193.703
193.985
196.462
183.978
198.831
184.737
189.657
195.222
188.771
193.293
186.075
195.478
188.334
192.628
191.662
193.793
191.696
193
187.454
195.801
189.184
190.745
196.222
190.424
201.895
174.376
191.297
199.88
183.864
191.467
191.526
191.601
192.861
188.425
195.65
188.087
191.214
192.113
194.177
196.327
183.801
204.214
197.12
188.944
188.105
181.139
195.79
186.462
188.722
191.417
199.023
184.206
191.858
322.048
167.609
191.993
188.308
192.049
191.549
191.237
193.158
192.511
192.673
187.631
204.151
201.041
173.466
191.106
189.74
192.609
196.248
195.801
180.406
197.511
185.771
191.278
191.73
195.898
189.109
188.842
195.143
194.455
185.019
191.15
192.823
197.185
184.15
203.85
185.537
186.35
191.068
191.278
191.597
194.553
194.049
185.553
198.462
183.65
191.831
193.767
194.041
185.666
191.782
194.97
194.59
187.143
215.21
181.358
184.345
193.241
185.406
194.162
196.297
184.255
191.504
191.688
194.895
189.928
188.857
194.485
189.226
193.538
189.823
194.789
191.53
186.888
203.511
194.865
192.496
188.233
181.015
190.361
194.703
192.327
188.951
195.545
184.801
191.282
194.421
190.417
191.305
189.598
193.522
189.88
191.406
191.496
194.602
193.718
189.376
201.233
202.391
173.206
191.82
188.88
194.56
187.752
195.646
187.023
197.267
186.526
191.376
192.519
196.049
192.481
184.831
193.721
196.297
184.91
191.162
193.759
194.406
198.448
180.977
194.369
187.274
193.477
187.218
191.982
190.33
197.429
185.985
197.105
186.978
191.334
191.711
194.368
193.703
186.106
191.977
200.902
182.538
194.789
196.41
195.128
195.071
175.711
194.353
198.951
180.842
191.726
194.617
197.394
184.839
200.15
186.737
184.616
193.993
189.688
190.808
193.342
194.587
188.44
195.665
185.18
192.433
193.12
195.297
185.647
191.977
190.455
199.425
185.943
192.327
197.504
190.929
186.864
189.587
196.158
186.466
192.06
191.169
191.857
190.606
196.432
185.609
197.305
186.368
192.056
191.591
195.793
186.225
201.264
194.503
186.846
190.064
196.256
183.383
190.884
190.703
188.398
195.387
189.504
191.485
191.233
193.305
193.255
192.568
186.064
195.88
186.985
192.022
191.722
190.383
191.576
197.105
207.481
180.199
185.632
190.816
188.481
190.105
196.128
187.504
193.631
189.936
191.429
191.139
192.357
191.97
195.594
185.966
196.312
186.914
191.725
194.406
193.557
195.015
191.669
185.883
197.407
184.161
193.775
187.206
197.185
188.048
188.29
192.932
190.658
192.072
190.887
194.188
192.59
186.575
192.241
197.278
185.857
194.951
196.057
186.977
199.775
181.161
191.023
195.443
185.128
191.406
190.902
193.707
192.35
186.68
194.895
188.947
191.248
190.918
193.113
197.304
182.838
207.482
192.094
183.048
196.019
183.406
189.136
197.458
184.598
193.887
196.587
184.128
192.071
191.632
194.496
191.376
187.312
193.898
189.805
194.616
187.888
190.492
197.278
188.598
205.256
199.515
198.03
180.27
184.809
191.297
189.977
194.306
187.115
192.632
190.955
190.864
192.35
193.624
194.007
184.786
191.282
196.613
186.842
191.35
195.154
190.248
199.68
189.576
203.785
179.703
185.884
189.109
195.526
187.113
198.128
183.902
192.383
190.944
190.82
191.68
193.624
193.199
187.327
193.414
194.12
188.169
192.647
191.568
213.594
173.409
193.226
190.774
195.696
188.966
185.979
191.495
190.15
197.545
185.662
194.098
196.233
184.631
191.688
190.925
198.286
183.485
200.71
195.579
180.166
195.263
194.992
197.049
180.823
193.403
188.609
196.413
183.696
191.586
194.478
190.849
189.568
189.759
194.497
195.842
184.823
191.35
193.736
192.418
186.481
206.128
198.447
197.399
207.12
173.335
194.248
194.443
183.309
192.259
189.605
193.985
196.192
184.383
191.459
196.831
190.59
186.338
201.79
197.571
187.136
188.101
196.481
182.106
193.052
192.7
185.924
196.914
187.744
188.745
201.349
186.681
202.041
175.865
192.688
197.357
184.53
191.744
191.538
192.428
194.354
185.816
195.766
188.155
191.56
191.816
195.511
191.936
185.936
208.466
191.087
180.526
197.241
181.8
190.951
191.681
188.831
191.977
198.504
184.631
191.602
192.462
193.873
193.391
184.56
195.827
188.319
196.91
187.241
190.041
196.353
188.756
207.241
198.729
196.68
182.44
182.737
192.166
191.5
193.853
185.256
194.56
188.943
191.816
193.44
193.192
191.387
192.319
185.925
196.624
187.282
191.158
192.921
193.376
198.673
185.447
208.32
196.553
195.473
181.478
183.218
192.673
188.507
196.084
185.337
196.662
186.59
191.707
194.263
191.218
190.812
189.113
193.256
196.146
185.376
191.846
192.681
190.906
192.248
204.462
180.056
197.88
189.681
184.135
195.098
186.455
196.646
186.737
195.688
188.015
191.233
191.887
194.639
189.906
188.215
193.24
197.113
185.519
191.786
193.214
195.049
198.477
188.842
184.794
197.673
181.973
190.76
190.879
192.7
193.172
187.873
196.195
188.214
191.128
191.008
192.654
196.658
184.304
191.384
199.289
185.895
193.256
195.56
187.44
221.808
182.12
191.85
182.895
188.582
192.959
189.85
191.793
193.729
193.47
185.519
196.346
187.079
191.297
191.496
191.037
196.44
185.553
192.553
199.289
188.094
196.361
192.504
186.255
201
176.722
195.297
187.79
191
191.345
196.854
186.383
196.252
185.752
196.429
187.176
191.865
191.278
190.602
196.128
186.657
200.662
199.162
182.921
187.022
191.647
190.071
197.233
183.207
192.027
191.297
191.718
191.184
196.041
189.271
193.086
185.632
196.985
188
191.376
203.56
178.673
194.966
196.154
201.079
196.936
173.154
191.549
189.354
194.263
191.154
193.974
189.007
195.387
184.718
191.888
194.872
189.128
196.161
184.85
193.654
189.992
191.294
190.594
195.346
198.349
183.248
189.44
199.09
185.959
188.782
191.53
191.586
195.76
187.398
192.249
197.593
185.023
191.88
193.184
191.03
189.432
191.639
193.764
189.439
192.598
195.801
195.786
186.981
188.722
189.966
195.665
200.609
177.399
191.485
192.026
192.816
195.248
187.361
195.56
186.086
191.226
191.568
196.654
185.891
199.086
193.568
191.214
188.211
197.113
183.037
196.914
184.041
188.944
197.143
187.304
191.711
192.481
190.447
193.481
194.327
186.482
197.297
186.492
191.5
192.868
189.361
191.97
190.861
211.011
195.173
174.124
191.365
188.504
193.955
196.556
182.906
192.681
191.221
191.504
196.835
186.91
191.586
193.455
193.447
189.865
187.519
191.827
191.631
191.249
196.229
192.263
201.297
184.665
187.666
190.293
187.857
191.184
192.85
190.632
192.421
190.082
191.327
191.576
192.097
196.624
190.816
185.703
195.951
187.959
190.992
191.602
190.617
198.447
190.737
201.631
183.504
185.801
189.951
190.594
193.023
194.992
185.414
192.233
191.71
191.282
191.808
191.305
196.169
185.831
192.056
195.857
187.628
191.579
195.241
197.278
224.951
173.297
187.91
199.011
201.688
197.718
189.666
174.725
193.275
187.646
197.177
184.943
192.76
190.609
191.631
191.858
193.173
192.289
194.985
184.624
196.391
186.887
191.681
192.079
197.353
188.105
193.534
188.948
197.597
185.496
188.058
191.112
192.342
193.304
188.737
192.511
191.632
190.883
191.358
192.432
194.319
186.978
193.169
195.696
186.887
195.541
196.075
185.429
190.947
193.936
186.294
200.105
182.086
192.162
193.609
189.109
192.906
189.617
191.83
190.944
191.714
191.726
195.361
192.47
187.052
206.444
200.489
198.417
177.801
195.511
183.12
194.895
192.139
183.32
194.518
196.328
184.394
191.748
192.906
190.639
192.658
187.854
196.962
187.199
191.343
192.323
190.485
194.105
189.842
208.384
198.079
198.24
189.057
176.688
191.135
189.654
194.951
185.88
192.759
189.707
191.887
193.32
192.97
189.909
196.73
183.481
196.917
187.106
190.951
192.007
193.869
197.876
188.007
205.515
179.244
187.211
188.015
195.32
188.785
191.681
189.782
192.665
190.128
191.526
191.643
196.624
186.038
191.255
192.433
197.019
186.27
192.715
193.725
197.297
187.278
192.715
187.03
198.582
186.316
187.959
191.199
196.158
188.474
189.376
191.898
198.887
184.527
191.872
190.466
199.718
185.071
190.617
195.568
186.958
195.722
195.335
186.68
192.744
194.282
184.733
197.2
183.808
191.977
191.218
190.414
194.162
188.797
191.643
198.511
185.192
191.616
190.15
196.76
187.827
193.605
195.587
185.793
192.045
190.714
192.335
192.222
194.616
186.433
196.146
186.79
191.018
207.903
180.398
185.835
191.767
208.135
196.936
190.327
175.714
190.703
195.313
187.849
187.959
193.353
189.917
191.241
193.658
189.462
193.696
194.297
185.511
196.504
186.865
192.022
189.865
193.921
189.519
195.139
208.62
198.113
197.128
180.857
184.007
189.384
191.609
195.786
185.165
194.936
188.759
191.921
191.305
191.511
194.745
193.488
183.959
199.248
184.985
192.41
196.293
189.041
190.519
195.305
187.12
199.327
184.65
189.47
191.399
191.778
194.432
186.192
194.895
188.267
191.44
191.597
195.632
194.65
182.865
193.492
195.609
186.553
190.823
194.587
197.222
194.639
178.891
192.447
199.944
188.703
184.891
193.079
194.74
193.869
195.165
187.703
183.865
190.849
191.286
195.233
191.959
195.898
183.354
198.143
185.071
191.759
189.433
199.361
197.327
188.864
184.681
198.752
182.143
196.913
185.598
195.985
188.53
189.195
194.786
188.094
192.857
191.143
189.538
198.688
185.462
199.395
187.958
190.376
196.079
195.324
183.973
194.816
187.346
186.951
191.425
191.703
191.098
191.518
193.824
193.225
186.087
196.161
185.959
191.346
192.116
190.963
199.789
184.993
207.537
182.88
185.391
191.199
189.354
196.455
188.011
188.12
193.846
190.838
190.658
191.824
193.639
191.203
195.613
184.864
196.075
187.414
192.022
191.643
194.737
195.534
212.752
176.695
189.241
197.59
182.305
191.346
190.725
193.241
195.673
184.665
196.838
187.467
190.669
192.191
191.756
189.263
199.215
185.53
196.214
184.835
191.804
195.056
192.658
201.534
179.32
193.616
188.914
189.47
191.391
190.842
193.169
194.519
185.383
198.049
186.199
191.267
191.989
194.545
192.361
185.703
193.767
196.699
191.684
192.906
186.809
187.767
194.097
192.542
189.594
189.966
191.432
191.361
191.962
195.685
191.131
186.44
196.801
187.549
190.8
191.967
190.064
195.977
187.248
208.278
196.369
172.594
191.552
189.824
194.808
195.985
183.128
191.988
191.624
191.098
191.376
193.526
191.331
192.079
188.2
195.68
187.673
191.601
191.974
190.335
193.56
194.849
189.106
200.737
180.236
195.282
187.67
192.481
194.703
196.169
184.553
200.567
180.064
193.729
189.726
193.271
190.586
189.816
195.857
187.902
190.88
191.68
193.474
194.256
185.598
191.334
197.673
184.985
190.692
198.195
189.553
200.248
180.417
190.591
194.255
186.835
191.981
191.492
194.373
189.511
189.18
196.888
187.135
196.03
186.579
193.44
189.752
191.428
199.515
188.794
189.71
194.79
187.097
193.545
188.534
187.346
194.105
189.583
191.662
191.424
191.786
194.511
189.655
189.071
197.056
185.786
192.406
191.226
190.263
199.928
185.703
208.444
194.677
190.056
180.049
187.274
190.068
196.432
183.929
192.098
191.541
191.316
192.271
192.169
195.567
191.982
185.913
194.654
188.752
191.808
191.448
189.812
198.248
194.271
184.815
207.294
176.146
193.32
187.624
191.481
192.823
189.85
192.711
197.466
184.428
191.143
195.011
189.831
189.233
191.023
195.966
188.248
191.538
195.176
196.384
182.654
195.665
186.264
196.387
185.981
191.026
191.655
193.417
190.759
189.44
191.368
200.433
183.391
191.823
190.963
198.39
184.249
201.894
194.722
200.88
181.624
183.974
188.819
194.102
192.576
185.863
196.32
187.169
191.35
191.395
193.56
190.376
189.782
194.673
194.936
184.462
191.105
191.824
194.714
189.85
196.327
189.357
189.752
191.507
190.256
192.391
193.943
190.297
186.903
197.248
187.184
192
191.511
196.575
184.707
191.726
194.624
196.353
184.857
193.106
194.526
198.071
195.384
178.849
189.151
193.631
188.921
191.696
191.695
194.128
190.331
188.357
196.297
189.921
190.008
191.752
195.327
187.082
190.982
200.879
188.256
191.361
195.184
184.865
193.575
189.065
188.871
191.169
198.831
184.718
191.65
191.008
192.304
193.824
188.56
194.639
188.673
191.639
193.489
188.849
191.936
212.568
187.399
198.857
198.921
178.383
194.35
183.898
192.985
188.805
188.184
193.162
191.071
191.305
192.304
193.425
189.59
194.718
186.572
196.173
187.849
190.993
192.665
189.485
197.064
191.128
209.553
195.815
173.361
189.384
192.255
193.609
190.038
195.188
186.846
194.966
187.026
197.831
185.53
192.511
196.327
184.816
194.643
195.684
184.609
193.17
191.533
198.072
182.921
192.387
195.805
185.706
193.79
188.921
191.568
192.458
196.436
185.504
195.899
186.503
193.414
191.12
192.192
188.304
191.218
192.576
197.721
184.854
198.064
194.267
183.27
191.88
188.169
195.511
187.937
191.383
191.094
193.947
192.944
192.462
186.241
197.511
185.707
191.504
193.996
192.361
187.417
203.015
194.553
200.88
176.695
195.376
185.508
194.142
191.47
184.369
191.951
191.143
191.488
193.034
192.959
188.274
194.455
188.391
195.887
188.493
192.214
191.944
191.646
189.538
193.03
206.128
198.545
173.207
191.778
189.023
193.424
196.233
191.741
187.41
193.786
185.206
191.76
193.342
196.128
187.748
188.541
192.985
190.602
191.83
192.143
190.057
199.263
186.432
192.041
195.688
185.361
194.718
187.583
193.53
191.632
237.312
177.15
190.752
184.891
197.733
186.44
191.507
194.016
189.774
196.985
184.105
191.433
199.556
184.771
191.327
193.77
191.301
188.673
204.105
185.32
195.921
184.646
188.391
194.312
187.384
195.703
189.474
197.346
183.612
191.474
193.376
190.601
193.553
188.15
195.944
194.128
184.887
191.211
195.624
193.639
197.958
190.865
185.278
186.057
191.226
190.567
191.383
191.681
195.15
188.275
195.966
186.383
191.481
193.703
192.572
195.256
183.296
190.534
199.673
184.2
190.928
195.711
193.015
187.319
189.369
194.77
187.681
191.973
191.632
191.32
198.169
190.327
203.665
181.929
185.661
189.331
194.44
189.902
191.497
189.127
191.583
198.763
184.681
191.673
190.383
194.59
193.519
187.192
194.977
188.305
191.865
206.86
181.745
195.722
185.327
188.838
198.12
186.929
188.004
191.83
192.406
191.929
189.335
195.112
194.779
185.485
194.657
191.151
189.62
189.124
192.305
193.849
189.519
194.654
195.042
195.962
186.677
188.496
188.199
196.707
186.895
190.913
191.519
190.929
198.12
183.774
194.737
196.282
185.038
191.59
192.011
195.887
185.151
199.44
195.56
200.425
181.368
184.681
191.695
194.049
189.208
186.367
198.526
185.609
191.459
193.357
189.331
197.079
184.662
194.09
196.113
184.62
190.616
191.376
193.944
190.489
196.289
191.455
187.184
188.44
193.767
190.056
190.794
195.334
188.921
195.2
187.255
191.56
190.715
194
188.534
192.011
195.052
196.241
185.872
192.921
197.857
183.76
191.413
187.801
193.496
188.978
191.079
192.417
192.023
190.567
195.361
186.85
196.943
186.429
194.368
191.027
193.27
187.113
198.808
200.959
195.673
192.59
173.154
192.079
189.015
196.41
183.921
193.951
189.56
191.057
191.304
192.158
198.079
187.402
188.568
197.233
185.511
191.346
192.718
193.463
199.722
186.319
190.545
195.669
181.467
195.206
187.53
191.249
193.18
189.883
194.121
189.443
190.978
193.169
190.808
196.072
185.233
191.297
197.59
186.718
193.771
192.135
199.12
194.504
184.447
189.632
197.015
181.748
191.241
191.293
191.59
193.56
189.316
192.741
190.759
190.891
194.143
187.88
197.049
186.518
200.072
191.65
187.767
195.624
194.463
198.097
181.632
190.225
188.271
195.895
183.579
191.334
191.279
196.586
188.03
189.083
192.5
190.451
191.887
192.384
191.015
195.898
185.639
210.414
196.515
197.74
179.658
185.771
191.624
189.5
191.936
188.538
192.225
191.733
191.211
193.767
191.729
195.391
188.846
187.361
195.459
187.718
191.522
194.023
188.105
191.936
195.094
208.729
198.414
198.895
178.793
195.729
182.128
188.865
199.887
182.616
190.23
199.173
184.748
192.162
193.695
189.192
193.278
189.098
194.887
188.65
191.177
191.632
192.357
198.346
186.688
204.342
199.537
174.346
191.5
188.515
193.617
189.03
203.128
179.601
196.229
185.794
191.767
193.883
191.188
191.827
187.56
192.369
191.639
190.695
191.857
191.542
197.695
186.786
190.786
197.342
183.263
191.193
191.153
195.191
190.658
196.414
185.297
196.037
184.643
192.079
195.944
190.398
188.064
191.403
209.597
190.083
180.35
194.312
189.131
191.004
193.034
185.842
196.59
186.008
191.688
191.338
191.008
193.797
194.748
186.045
196.849
186.23
191.458
189.951
195.335
188.778
201.647
197.105
198.222
190.41
174.47
193.552
187.497
194.312
186.375
195.474
189.32
191.297
191.492
191.072
196.891
191.064
186.718
197.041
184.714
191.485
193.515
189.632
192.086
199.872
204.775
197.887
197.5
190.35
175.616
188.839
190.77
195.009
187.119
193.838
189.455
195.132
187.804
193.44
192.745
193.218
185.909
196.835
187.038
191.338
194.222
188.27
191.722
195.914
207.943
198.177
197.478
179.921
185.24
191.854
188.883
196.944
184.105
192.981
190.417
192.143
191.624
193.745
192.432
198.703
180.248
195.211
186.872
191.15
189.978
195.015
191.199
195.41
187.015
199.353
185.925
188.376
195.977
190.263
188.775
188.707
194.319
188.575
189.703
195.651
195.801
189.308
188.225
191.467
197.759
185.425
195.838
196.233
188.369
185.68
190.237
190.353
203.794
180.221
191.873
195.112
191.951
189.015
188.786
191.53
190.966
191.271
197.218
186.143
197.553
185.718
206
193.545
191.15
188.884
181.18
194.049
189.234
187.909
194.876
194.492
185.384
191.331
192.488
193.47
190.057
188.887
194.395
188.078
191.73
191.936
195.838
191.76
190.007
202.786
188.421
183.481
189.008
191.481
193.071
195.594
183.79
195.496
195.447
184.572
191.47
190.759
194.008
195.808
185.188
193.143
189.703
192.158
190.631
195.44
189.162
192.943
190.154
196.846
186.696
189.05
191.209
191.711
192.094
188.752
193.849
197.917
184.339
191.022
191.5
193.008
189.18
200.899
193.737
191.128
189.661
185.594
191.526
190.873
197.894
181.068
197.692
186.304
191.673
191.73
192.624
194.83
185.399
191.714
198.801
184.553
191.936
190.094
196.274
188.256
197.334
189.482
189.172
191.324
189.27
190.568
191.895
195.545
186.368
199.376
184.391
191.019
191.925
190.353
196.737
187.425
201.316
187.402
188.609
196.064
185.319
192.207
189.809
193.992
189.553
188.007
190.872
193.158
193.53
190.433
194.902
188.323
194.782
186.008
191.729
190.455
193.282
189.237
200.376
186.176
212.489
189.56
175.511
191.609
189.249
198.361
182.285
193.395
189.91
190.56
192.703
194.511
189.857
194.083
185.308
197.748
189.606
190.248
195.973
198.29
184.579
191.917
186.786
196.782
184.391
191.507
190.782
191.775
192.962
188.632
193.71
190.372
191.606
191.936
190.034
197.188
186.026
201.214
194.643
184.91
193.816
186.24
188.895
195.786
192.706
186.549
196.673
185.282
191.365
191.361
194.842
189.406
189.15
193.139
201.485
180.369
191.56
195.913
190.546
188.59
204.552
199.978
174.263
191.038
188.53
194.793
188.199
196.583
185.71
197.177
184.729
192
191.094
191.609
196.617
188.767
192.248
188.962
190.895
191.135
192.008
192.816
192.135
188.778
197.463
185.545
192.105
191.008
193.447
195.184
186.433
190.785
198.606
186.127
192.609
195.654
195.771
194.59
179.711
189.496
198.56
183.482
191.383
191.583
191.861
195.804
185.714
196.305
187.086
192.767
190.778
192.719
195.402
185.661
201.489
196.752
183.899
187.902
192.237
191.706
194.143
185.297
192.455
197.248
184.312
191.97
192.44
191.135
194.767
186.951
194.049
188.816
191.417
191.271
190.447
196.489
187.376
206.105
197.512
173.376
193.218
188.518
194.918
190.883
187.136
192.68
197.823
184.809
191.936
195.447
189.432
192.279
189.195
192.429
190.906
191.345
190.869
194.398
196.267
185.079
200.331
186.966
188.666
189.725
190.583
191.947
193.568
192.447
188.169
197.752
185.079
191.73
193.872
188.808
190.805
191.567
191.602
192.022
192.692
192.485
196.391
188.395
187.958
190.914
194.677
186.906
190.767
194.011
190.229
193.729
192.824
188.143
197.169
185.064
190.928
193.256
191.44
189.872
199.594
196.88
195.703
182.624
184.661
191.418
195.184
189.711
185.105
196.409
187.67
191.451
192.015
193.56
191.789
193.275
192.902
197.384
180.131
194.94
196.496
194.594
177.335
194.504
194.481
187.958
189.933
191.853
191.263
196.192
189.466
188.072
196.361
187.184
191.733
191.906
193.207
194.255
187.936
204.929
195.105
181.681
186.421
191.248
191.259
189.989
188.737
193.462
189.876
191.59
191.094
192.869
189.519
196.116
186.571
197.136
186.312
191.583
192.112
190.816
195.56
192.895
206.857
179.887
185.019
189.072
195.477
186.346
196.015
185.992
193.993
189.887
192.44
190.887
195.568
191.135
186.011
191.279
197
186.759
191.489
197.816
195.766
185.553
195.023
183.556
200.944
181.424
191.741
191.447
193.771
189.993
188.958
193.433
190.255
192.327
191.722
192.166
194.379
186.677
200.312
187.786
189.985
195.939
195.899
182.064
193.391
185.707
194.752
195.191
184.406
192.275
193.03
191.737
190.342
189.041
198.801
184.24
194.733
189.433
196.906
188.165
191.44
203.353
184.455
187.121
191.424
188.546
190.985
192.951
188.831
193.552
197.248
184.602
190.928
194.237
190.504
188.594
191.286
195.699
187.428
191.696
192.274
190.816
194.463
192.304
187.568
198.537
185.346
190.583
195.064
194.639
198.481
179.816
189.154
201.214
181.493
191.616
192.042
192.752
191.913
188.981
193.948
188.981
191.56
192.256
191.515
195.853
185.963
199.894
188.102
189.515
205.744
187.872
182.895
188.338
191.433
188.079
199.59
184.368
192.094
190.827
192.895
192.079
189.835
193.661
188.327
191.489
193.312
189.639
196.643
187.357
206.745
199.473
174.008
192.064
188.68
194.391
190.921
195.481
185.064
196.312
185.873
191.624
191.485
196.488
190.091
186.548
190.756
201.534
182.977
192.312
191.493
199.09
183.113
192.853
196.162
185.56
194.071
188.335
193.068
192.455
195.582
184.53
197.639
191.478
186.737
196.12
187.32
188.785
191.824
193.759
198.256
183.161
199.342
196.376
179.722
192.651
188.909
195.425
188.838
190.76
191.474
193.8
192.23
194.255
185.169
196.794
186.458
191.06
192.512
192.075
189.925
198.082
196.305
197.414
182
196.007
181.338
189.248
195.704
186.39
194.185
189.225
191.248
192.057
194.782
189.872
192.064
187.319
197.019
187.045
191.466
191.703
192.921
190.106
195.534
205.985
180.902
185.53
189.158
194.146
188.767
193.357
187.899
194.808
189.293
191.602
191.842
192.44
194.15
186.993
191.304
196.718
187.297
191.384
191.391
198.485
188.116
194.128
188.782
197.218
182.041
190.88
191.553
192.237
192.819
189.158
193.015
190.275
190.928
191.936
191.38
196.94
184.932
191.068
197.383
186.669
197.7
194.124
185.203
193.255
194.568
187.286
196.372
181.718
191.906
192.88
188.312
200.661
183.963
194.214
188.88
190.992
192.049
196.071
190.057
186.88
207.071
198.023
172.778
192.831
188.721
194.861
189.85
193.895
185.552
199.384
184.579
191.609
195.62
187.425
193.808
187.425
194.192
190.03
191.041
191.775
195.409
197.602
187.695
186.478
197.624
183.834
195.23
186.233
191.537
195.038
187.808
194.008
196.361
184.985
191.312
189.988
195.474
188.12
192.451
193.046
190.898
193.711
195.263
192.425
189.142
187.264
189.688
195.699
186.376
192.086
191.839
190.8
194.745
193
189.24
195.057
185.383
191.128
191.538
194.654
189.928
200.305
185.488
197.335
183.959
189.496
195.44
190.451
189.662
188.631
196.523
186.128
192.327
192.624
194.567
194.143
183.944
194.331
195.988
187.572
190.725
191.275
198.767
183.263
192.658
193.868
191.44
187.297
191.395
191.59
193.929
190.368
187.838
196.395
186.944
191.838
193
193.774
187.985
191.267
205.181
195.304
180.008
195.289
185.271
192.68
189.151
193.225
188.779
191.263
190.928
191.925
192.305
189.402
193.759
188.903
195.624
187.65
191.47
194.256
193.112
192.718
185.756
215.47
187.169
200
174.658
191.237
191.545
189.575
194.948
186.221
196.064
187.41
190.733
192.034
195.207
193.176
190.455
188.929
197.026
183.534
194.688
198.519
193.857
181.729
191.718
190.327
190.515
191.087
191.992
191.865
191.519
192.665
189.335
195.552
188.32
191.15
191.466
193.737
193.489
187.583
199.03
188.53
190.229
195.944
185.331
194.03
194.225
183.872
191.192
203.681
179.83
191.519
191.778
192.328
193.793
187.917
195.203
189.03
192.199
190.873
195.315
190.309
188.018
205.854
193.034
191.601
178.733
191.184
189.632
195.008
196.876
184.454
195.327
187.824
188.601
193.824
193.864
190.399
188.312
192.391
190.12
193.481
189.846
191.147
196.135
192.786
187.477
196.361
188.072
189.105
193.319
189.88
190.481
190.128
193.158
196.793
184.767
192.083
195.349
192.079
185.978
193.737
191.342
190.304
191.899
191.334
194.057
190.511
193.929
188.15
194.481
186.418
191.135
191.44
191.503
191.985
189.598
194.56
195.681
184.319
192.023
193.507
190.406
188.906
192.91
204.402
201.952
176.094
193.631
215.218
179.666
183.391
194.312
189.037
198.083
182.222
191.628
191.823
195.263
189.519
189.049
195.406
195.537
184.632
191.255
193.418
191.143
188.8
190.858
202.469
182.523
197.654
186.831
191.282
188.289
195.726
186.523
202.101
181.376
191.786
192.485
192.53
190.782
188.947
195.91
194.831
184.473
191.624
191.88
194.056
187.576
202.27
198.425
195.887
182.978
182.271
189.296
195.828
189
188.518
196.903
187.09
201.462
180.711
193.383
191.226
188.688
193.898
196.519
184.944
191.673
190.861
192.883
193.575
195.59
188.32
196.835
180.845
192.057
195.267
192.3
185.632
204.282
195.263
202.214
172.523
196.293
196.605
182.813
192.8
187.542
195.65
188.049
191.319
191.343
191.225
193.049
195.808
187.455
195.658
186.35
191.097
190.305
195.319
188.839
200.658
198.455
197.594
180.229
185.12
191.857
194.782
186.831
189.049
193.079
189.673
192.086
191.677
195.583
191.752
190.327
186.447
198.402
184.775
191.545
195.673
205.492
173.978
199.432
203.504
196.97
195.27
181.688
183.248
192.775
190.872
193.185
185.744
196.883
186.214
192.399
190.959
196.443
192.557
185.466
191.597
198.008
184.365
191.582
190.67
197.432
189.53
199.887
201.56
198.121
197.473
178.192
196.575
181.767
188.335
197.234
184.134
195.729
187.155
192.458
192.763
189.467
197.375
185.662
192.729
197.617
184.816
191.165
192.865
194.808
187.008
193.83
190.44
190.955
191.038
191.09
191.632
190.383
195.222
188.474
194.718
187.515
190.887
195.977
193.489
185.038
200.703
202.936
183.026
181.079
195.154
189.286
190.97
190.853
189.143
192.459
191.545
191.158
191.064
197.079
187.842
188.398
191.666
196.567
187.248
192.361
192.861
208.94
177.391
191.169
190.797
195.891
182.44
191.59
193.192
191.207
190.424
189.079
193.267
191.406
191.752
190.699
190.677
193.425
189.801
202.064
193.488
192.711
188.71
184.226
189.425
195.037
192.444
185.647
197.582
185.767
191.628
192.293
189.617
193.962
189.429
192.53
198.158
183.819
191.82
192.041
195.233
190.591
194.842
190.086
188.575
189.162
193.44
189.575
192.071
195.185
185.849
198.015
186.312
191.316
194.692
189.515
188.853
191.384
190.921
201.154
184.662
194.206
192.361
189.433
189.8
189.32
196.744
186.226
192.143
190.721
192.685
190.473
196.091
185.996
198.128
185.627
191.365
191.617
192.665
189.511
190.831
200.88
192.075
188.342
196.263
183.643
193.575
188.128
188.23
195.706
188.158
191.391
193.354
188.12
191.673
197.462
186.177
198.583
185.003
191.591
191.567
190.192
191.447
196.831
188.85
215.327
174.601
191.185
191.454
189.88
194.632
196.264
202.345
177.718
185.075
191.44
194.793
211.647
169.782
192.368
195.361
195.35
184.778
191.609
193.455
191.921
189.349
196.801
190.312
196.583
184.237
191.022
189.136
196.391
189.8
187.767
196.538
186.575
191.752
191.545
192.391
196.214
184.354
195.263
195.075
184.233
192.372
194.32
193.504
198.097
180.538
194.831
186.808
190.272
191.446
190.857
192.448
196.319
185.707
197.883
186.042
191.331
191.845
191.809
189.977
201.237
191.489
190.481
189.35
195.563
183.561
192.413
192.985
185.846
194.38
188.116
191.154
192.79
191.77
197.034
190.35
185.831
197.567
192.049
194.497
195.751
181.015
190.459
192.229
187.203
201.534
182.827
191.895
192.538
192.436
190.752
188.451
195.214
188.346
191.237
192.394
190.016
195.616
188.286
208.496
197.154
173.56
191.809
188.135
193.695
190.057
189.47
192.064
198.353
184.241
191.007
192.609
190.038
195.041
186.79
196.379
187.376
195.192
192.583
198.24
184.97
192.399
186.597
196.373
185.564
190.857
191.105
193.094
191.361
189.225
195.399
195.801
184.15
191.297
191.85
194.349
187.53
203.286
194.327
200.756
178.064
189.064
189.981
189.496
194.282
186.759
195.888
187.842
191.462
190.515
191.703
193.944
189.428
194.218
194.775
185.785
191.568
196.282
185.489
191.259
202.872
202.331
197.158
186
190.489
179.654
188.714
197.399
184.481
194.519
196.041
189.594
186.598
192.865
194.56
188.086
189.395
194.959
190.191
191.034
191.493
191.729
195.041
194.542
210.962
191.737
197.406
187.609
177.256
191.447
190.88
193.29
186.589
190.391
199.884
184.052
191.914
195.695
189.064
197.872
182.873
194.545
188.91
192.913
191.639
191.049
196.15
191.346
188.512
195.857
187.007
188.793
195.23
189.312
193.383
187.673
194.88
195.504
184.473
191.688
191.29
192.654
188.951
193.056
192.865
190.545
191.624
190.545
212.655
171.879
194.895
188.504
197.312
186.759
188.482
191.529
191.782
192.391
189.97
193.042
197.278
184.639
191.872
194.88
189.466
188.951
192.399
200.879
190.361
186.015
195.282
195.887
181.843
193.518
187.872
196.177
185.737
191.556
192.312
193.474
189.808
189.482
193.094
197.657
184.512
191
191.902
193
188.793
202.658
198.88
200.015
189.101
175.425
189.594
191.184
193.831
187.745
191.887
198.673
184.744
191.511
193.297
194.854
192.417
184.526
195.779
198.624
191.928
183.151
190.928
193.504
194.242
185.085
195.872
185.395
191.782
196.161
187.418
197.203
185.353
190.831
199.793
184.346
191.357
191.564
196.703
187.229
203.636
200.974
197.808
187.161
177.647
191.59
188.339
198.071
183.376
191.312
199.553
184.567
192.192
191.767
191.88
191.394
188.88
195.511
188.433
191.342
193.977
190.76
190
197.646
205.73
179.263
184.203
190.744
195.526
187.079
193.53
188.121
190.958
199.519
184.835
191.037
190.888
196.432
187.098
191.022
196.312
187.936
191.985
194.109
189.478
199.925
192.913
183.214
196.703
187.786
187.504
190.959
192.259
195.944
184.887
194.737
195.391
184.943
190.857
194.703
192.41
186.808
192.613
194.41
189.015
199.872
192.057
184.221
191.914
195.327
187.338
196.113
184.064
191.237
191.586
192.696
192.015
189.312
196.744
193.527
185.011
191.534
195.488
192.47
186.162
204.064
196.553
197.71
180.65
185.358
191.969
191
192.689
190.432
196.173
183.21
191.816
192.263
191.203
190.557
196.714
185.222
197.139
186.718
191.458
193.188
190.993
191.786
193.545
207.086
198.192
198.184
179.808
185.29
191.74
190.564
190.534
190.801
197.553
185.364
189.737
192.241
195.552
192.305
191.846
186.064
196.56
186.443
191.572
192.139
191.741
200.424
188.106
187.353
198.241
182.24
194.293
188.256
195.12
189.504
189.511
193.97
189.433
191.936
192.109
196.067
190.67
186.97
190.793
196.688
187.022
191.568
194.703
194.507
196.813
187.507
187.782
198.248
181.376
191.583
191.511
190.94
194.342
188.959
191.658
191.68
190.079
192.218
190.895
193.169
189.654
200.256
187.8
186.662
195.41
196.143
187.259
200.767
177.647
193.992
196.895
183.763
192.305
191.492
193.474
190.597
188.613
193.26
189.778
191.022
191.049
196.418
191.789
186.523
206.327
192.015
193.191
177.64
191.834
192.902
191.139
195.038
183.857
199.12
184.222
191.56
193.561
188.391
199.082
184
192.256
191.207
191.488
191.737
192.745
192.624
194.022
195.647
188.834
188.256
188.759
200.489
184.76
210.864
174.068
186.85
198.09
186.101
192.117
190.583
197.165
184.756
192.797
193.488
188.03
190.891
196.591
190.048
191.895
190.376
189.609
194.681
189.03
191.026
191.605
197.658
187.057
190.665
192.308
197.083
186.729
188.016
191.676
190.898
196.632
185.214
195.388
195.492
184.496
191.241
192.282
192.319
189.978
191.759
194.312
188.199
233.824
171.176
191.2
191.673
193.398
197.865
189.575
186.154
198.767
186.658
187.808
191.621
192.368
191.297
190.083
194.951
189.101
190.801
191.914
194.229
187.259
191.669
192.688
196.658
186.128
192.47
198.323
191.245
189.297
193.071
186.688
203.944
176.312
192.263
191.132
192.263
191.958
189.245
194.018
190.553
190.752
191.459
213.71
169.88
192.015
198.192
189.041
191.143
195.53
195.838
181.921
192.97
189.327
191.726
195.395
184.496
193.789
192.624
191.568
197.594
184.47
189.778
190.226
191.229
191.211
191.492
194.696
194.112
185.203
196.726
186.808
191.432
191.561
195.293
191.387
193.861
202.523
193.135
190.282
175.237
192.44
191.672
190.985
188.88
192.545
190.534
191.226
195.383
189.079
191.12
194.827
185.47
197.583
186.538
191.158
191.714
192.654
196.835
189.27
204.218
183.47
188.027
185.582
196.015
189.335
190.898
188.376
193.463
190.552
191.177
191.714
192.245
194.169
192.304
186.049
200.583
183.241
192.988
191.572
197.255
187.342
194.752
187.921
196.2
182.424
191.369
191.278
193.192
192.338
188.414
193.891
190.56
191.605
191.835
191.548
196.049
184.963
191.534
196.943
187.113
195.368
197.072
186.594
196.391
188.786
187.263
198.909
180.816
190.884
193.18
191.523
191.853
189.267
193.301
190.394
191.429
191.85
207.594
179.924
185.944
205.609
193.241
191
188.928
188.346
193.854
188.849
182.463
193.703
196.127
184.688
191.027
194.951
194.703
186.793
189.59
192.034
190.978
192.135
190.639
190.289
196.801
188.053
207.113
199.394
180.485
189.091
188.109
188.864
190.079
196.252
185.583
196.872
187.327
191.519
195.631
189.17
191.928
188.263
193.305
197.007
184.53
194.624
187.944
197.278
198.497
188.593
184.542
199.026
181.801
195.342
187.278
192.508
194.3
186.313
196.857
187.575
190.906
190.928
197.271
184.432
191.854
198.928
192.985
188.523
194.376
185.462
189.215
193.033
192.128
189.241
190.887
191.617
191.943
195.087
189.312
192.522
185.993
197.492
186.545
190.512
191.041
195.184
198.993
188.462
185.688
199.034
182.289
192.662
189.304
193.098
192.094
188.839
193.921
189.263
191.395
192.8
191.008
201.759
180.448
190.887
198.872
185.064
191.489
197.063
191.384
196.786
182.086
191.887
200.027
180.736
190.989
196.072
190.112
189.835
188.391
195.079
188.335
190.751
193.376
190.297
191.185
190.334
212.132
191.252
180.041
195.601
183.399
193.985
187.44
187.624
192.594
190.575
191.447
191.482
193.774
189.872
196.703
183.899
196.597
187.658
191.873
196.127
187.279
190.424
199.654
202.94
198.876
181.098
184.086
192.508
189.184
195.293
185.583
190.842
196.809
187.033
191.677
197.899
186.432
191.24
189.662
193.91
195.992
184.226
192.383
190.752
194.951
194.752
195.177
187.071
199.188
180.245
189.842
191.91
195.898
190.293
187.128
196.56
186.139
192.064
192.767
195.801
185.079
191.094
194.707
195.15
184.553
197.312
196.849
300.045
174.076
186.582
199.921
182.703
191.952
191.398
191.113
197.898
193.662
185.474
196.913
183.854
191.65
191.406
193.12
188.839
191.154
201.135
184.681
195.552
187.057
192.646
189.752
196.403
184.935
197.087
186.105
191.222
191.647
192.537
195.936
184.786
194.312
196.335
184.759
191.647
191.139
195.511
186.808
201.767
201.241
199.59
187.808
177
191.914
189.808
196.079
185.289
191.767
198.782
184.38
191.534
194.376
189.601
194.816
184.929
196.15
186.474
192.176
191.429
191.105
201.752
190.929
186.128
196.808
182.91
195
186.345
194.042
189.782
191.082
191.94
191.425
191.504
191.402
194.399
190.417
188.455
191.71
196.091
187.511
192.887
195.169
196.711
183.105
195.353
185.903
197.744
184.29
191.751
193.305
192.192
189.981
189.368
193.376
197.275
184.71
191.199
191.034
192.696
189.582
200.835
194.876
201.346
180.041
185.241
191.428
188.403
202.086
181.072
196.687
185.873
191.579
191.744
192.605
191.083
189.718
190.808
199.312
184.497
190.744
192.59
192.113
190.263
202.361
200.289
198.617
172.688
192.319
189.497
190.176
193.207
188.681
194.597
189.455
191.369
191.233
194.255
190.346
193.854
187.857
197.943
184.767
194.177
198.85
185.361
191.646
194.342
186.489
196.658
183.872
192.53
191.117
193.575
196.034
184.729
194.271
189.473
191.102
191.616
190
196.959
186.29
203.421
192.898
194.568
188.417
181.47
192.049
189.274
198.167
183.961
196.654
184.639
191.271
195.241
192.203
189.406
215.823
172.387
196.053
184.955
191.101
193.417
190.843
189.214
197.793
206.117
197.665
174.425
200.91
179.857
192.154
194.812
184.707
192.199
190.853
191.741
191.383
190.767
194.711
191.304
188.756
196.207
187.158
191.424
192.343
192.473
197.151
189.624
188.658
197.105
183.951
192.774
189.339
191.989
195
186.281
190.952
191.759
191.673
191.887
190.214
194.459
189.376
191.887
195.448
188.056
194.786
190.222
216.297
178.218
185.142
192.688
193.775
187.026
191.609
190.647
195.481
193.117
190.594
186.409
196.23
187.176
191.658
194.91
187.887
190.771
192.214
201.538
189.101
187.489
199.135
184.128
190.395
191.774
190.76
190.082
191.064
192.245
191.127
194.192
192.481
190.752
187.185
195.503
188.346
190.654
192.049
190.008
192.079
191.338
210.049
197.782
187.402
177.109
192.034
197.101
188.602
194.041
183.519
197.094
184.835
191.537
190.959
196.662
188.255
188.29
194.105
189.222
191.297
192.289
190.823
198.985
191.241
210.996
174.267
197.399
184.902
189.387
195.12
185.121
197.327
185.064
196.91
187.266
192.35
193.786
187.496
198.951
184.538
193.165
196.602
184.913
194.053
197.041
194
183.376
190.872
191.647
190.56
189.921
191.624
190.624
192.929
195.376
184.992
196.519
187.44
190.872
192.432
196.038
185.601
191.617
201.049
189.406
187.338
195.654
195.816
184.624
192.019
187.094
197.305
184.454
191.576
191.312
192.977
193.192
192.864
185.831
196.136
187.12
190.673
193.327
192.113
189.778
191.214
210.162
199.319
183.952
188.887
183.504
191.714
196.376
182.609
193.718
197.985
183.605
191.079
197.132
188.079
191.191
188.32
193.462
189.94
190.876
192.18
190.335
198.293
190.786
204.353
180.057
187.816
190.248
188.924
196.873
188.323
188.045
190.515
200.478
184.383
191.519
191.259
194.087
187.992
192.895
195.034
186.966
196.504
194.289
187.034
191.286
194.71
186.745
195.601
184.936
191.346
194.376
193.977
187.549
188.207
192.259
199.455
183.944
191.342
193.376
193.289
186.985
205.166
195.274
187.985
189.357
182.369
192.44
191.894
195.226
183.034
197.398
186.256
191.474
193.488
193.406
188.921
188.839
191.778
200.789
182.858
191.661
190.162
195.459
194.973
198.256
183.583
188.353
188.553
192.575
196.616
186
189.846
192.154
196.752
186.034
191.248
191.91
197.274
183.982
191.473
194.023
188.985
192.398
191.154
194.993
188.428
193.722
189.248
197.29
184.44
190.924
190.94
195.76
192.248
185.91
193.864
196.376
185.057
191.071
195.538
189.68
189.244
192.373
192.052
198.816
185.673
189.162
197.086
186.41
193.91
190.383
196.714
186.576
188.902
191.323
192.342
192.384
194.71
190.282
194.248
184.888
192.481
194.233
188.583
189.142
193.155
192.413
198.353
183.057
195.861
197.282
183.673
192.376
186.646
196.553
186.44
196.304
186.417
195.662
187.963
189.432
190.398
199.545
184.35
191.714
191.639
193.546
190.15
194.282
189.485
189.049
191.44
191.289
191.064
192.688
192.71
188.688
196.688
186.745
191.458
191.632
191.263
194.293
187.26
190.823
199.744
184.422
192.379
191.245
193.77
191.072
189.12
194.711
188.864
192.128
191.432
193.658
191.703
190.534
188.098
196.808
186.305
191.751
192.128
191.2
194.966
192.346
189.703
196.672
183.737
191.342
191.587
192.605
195.778
185.519
195.654
187.218
191.857
191.023
194.327
192.098
190.526
187.658
196.831
187.312
191.88
191.154
192.733
193.177
192.639
189.579
196.191
185.215
190.834
191.053
192.816
191.259
189.639
193.504
190.872
191.286
191.447
191.523
195.56
189.03
188.496
196.128
188.034
191.199
191.977
191.688
195.703
186.094
195.643
194.542
184.082
191.944
192.286
191.049
193.695
189.459
194.797
187.706
191.399
192.688
190.913
193.136
190.846
189.368
196.248
187.538
191.214
191.993
192.184
192.887
194.128
187.722
196.789
184.369
191.883
191.624
193.038
194.376
192.233
186.154
191.357
190.673
192.391
191.609
192.022
192.346
188.512
195.349
188.816
191.62
191.448
191.304
192.782
194.76
187.041
197.177
186.105
192.075
191.233
192.553
192.966
195.722
186.913
201
178.808
192.512
191.27
190.696
193.496
189.233
195.128
188.786
191.733
191.259
191.696
195.364
190.452
188.12
197.128
186.255
191.079
191.545
190.925
193.884
195.932
183.402
199.297
184.726
190.658
191.853
192.045
193.293
188.944
194.714
188.966
191.519
191.09
191.271
195.335
192.203
186.646
196.993
187.015
191.334
191.162
191.12
193.794
188.684
193.85
195.631
184.169
191.271
191.921
191.583
192.729
188.962
195.621
188.041
191.714
191.207
191.76
192.552
193.151
188.112
197.504
186.399
190.827
191.924
191.339
195.519
191.83
185.482
198.928
184.361
191.906
191.493
192.064
192.515
189.518
194.974
188.444
191.06
192.425
191.007
195.275
189.759
188.831
197.616
185.903
191.827
191.364
194.177
193.801
186.128
193.872
196.834
184.237
191.808
192.448
194.586
189.888
188.898
192.853
190.391
191.647
191.737
190.864
195.313
190.872
187.71
196.985
186.617
191.312
192.158
192.97
191.631
193.113
188.579
199.271
182.391
191.545
191.868
194.628
189.647
189.078
192.579
191.256
191.244
191.418
191.488
194.376
190.418
188.364
196.906
186.568
191.327
191.384
193.36
192.617
192.695
189.523
196.56
183.917
193.959
189.53
192.568
191.496
188.376
193.703
190.624
191.752
190.759
191.252
193.925
190.82
188.045
197.113
187.063
191.128
191.154
191.045
194.576
193.112
190.064
195.361
184.865
191.838
190.985
193.651
191.135
188.605
194.511
189.433
190.891
191.376
191.237
195.323
189.455
189.071
197.207
185.801
192.128
191.439
192.267
194.564
191.346
190.09
195.391
184.241
191.741
191.898
193.286
191.161
189.335
194.601
206.32
178.575
189.44
194.65
192.151
185.552
190.327
196.313
186.466
192.518
191.617
196.376
189.865
187.221
194.418
195.688
185.214
191.432
191.594
194.44
190.605
188.474
193.447
190.331
191.173
191.651
191.631
194.617
191.15
187.658
195.951
187.105
192.606
191.297
192.567
193.391
200.56
180.328
198.977
183.459
191.684
191.759
191.369
193.552
188.538
191.767
199.24
185.158
191.034
191.624
192.282
191.15
200.343
184.424
187.346
191.737
192.263
191.598
195.184
196.199
183.85
195.639
186.312
191.312
191.474
194.086
192.177
186.808
191.745
191.353
191.447
191.861
191.489
190.891
193.263
189.03
194.824
188.064
191.131
192.406
191.034
192.492
197.504
184.929
198.105
184.895
190.936
191.594
193.47
190.827
189.552
191.933
191.41
191.552
191
191.669
191.771
192.481
189.839
194.815
188.166
191.537
191.504
192.113
193.831
197.481
182.455
198.09
185.03
191.489
191.801
194.744
193.823
184.936
190.775
200.387
184.094
191.368
191.234
193.375
191.286
189.169
195.038
188.282
191.177
191.838
192.09
193.534
193.891
187.222
195.808
185.936
191.696
191.097
191.512
196.383
185.617
197.503
193.376
184.809
191.402
191.526
192.842
191.38
188.602
195.417
188.492
191.651
191.034
195.936
189.251
195.26
184.759
197.733
186.835
191.214
191.444
193.725
191.106
193.797
189.267
196.849
184.463
191.985
191.5
193.345
195.538
184.696
193.071
190.647
191.432
192.729
190.654
194.106
190.142
189.418
196.879
186.978
190.88
191.263
191.737
192.639
195.673
185.981
197.395
184.669
191.545
191.113
197.725
192.722
182.737
193.519
190.455
191.394
193.824
189.282
194.875
193.203
184.704
197.424
186.44
191.639
191.312
191.29
193.432
193.342
188.872
197.609
184.519
191.015
191.666
190.842
198.398
184.59
193.448
189.955
191.631
191.609
191.256
194.44
190.752
188.143
197.59
186.176
190.707
192.237
191.44
192.53
193.222
189.474
198.503
181.963
192.549
191.744
190.447
193.297
188.76
194.018
189.974
191.09
191.824
191.782
192.488
193.064
187.775
197.402
185.966
191.696
191.24
191.568
193.481
192.718
190.113
195.346
184.398
192.211
192.27
191.406
193.354
189.304
193.448
201.019
180.439
190.639
191.711
190.951
194.594
188.207
197.169
186.744
191.294
191.951
191.402
192.425
196.037
186.594
196.463
185.44
192.24
191.075
192.237
196.327
184.455
193.485
190.613
191.056
191.384
191.139
190.718
194.459
188.03
197.342
186.737
191.898
191.455
191.88
191.695
195.73
187.142
196.534
184.857
192.128
191.177
193.353
190.662
188.327
195.004
189.895
191.646
191.011
191.437
190.191
196.771
186.15
196.779
187.112
191.455
191.583
191.631
192.282
196.271
186.297
197.087
184.624
191.552
192.602
192.556
196.203
184.681
192.966
190.928
191.482
191.086
191.586
195.44
188.918
189.27
196.741
187.38
191.601
191.703
191.305
190.759
195.992
186.76
199.075
183.56
190.839
192.894
192.248
195.275
186.24
192.512
191.278
191.462
191.113
196.154
190.023
190.537
189.854
196.019
187.349
191.865
191.113
191.616
195.263
191.703
187.218
196.647
186.29
191.781
191.625
192.105
193.703
196.639
184.316
197.695
184.301
191.729
191.489
190.887
198.511
183.643
195.271
188.985
191.432
191.485
191.369
194.342
190.68
187.876
196.511
187.087
192.113
191.391
194.432
208.951
169.681
195.146
195.824
184.511
191.951
190.962
194.47
194.545
184.241
194.726
189.041
191.823
191.718
191.418
194.545
189.992
189.519
195.838
187.387
191.399
191.85
190.845
193.027
189.158
194.026
195.677
185.77
191.47
191.737
191.226
193.605
188.267
193.598
190.545
191.609
191.808
191.113
195.91
189.879
187.162
196.951
187.15
191.831
191.609
196.44
193.041
189.361
187.591
197.736
184.433
191.327
191.53
191.782
192.752
189.056
191.801
191.135
192.136
191.056
191.368
194.936
190.85
187.669
197.929
185.722
191.293
191.763
196.102
192.688
184.849
192.887
197.44
184.215
193.672
188.937
191.424
194.087
189.004
191.703
190.398
191.425
192.278
191.572
190.439
194.718
188.921
195.846
186.384
191.105
191.88
191.184
193.823
189.008
193.849
196.312
184.47
191.561
191.443
191.463
193.398
188.624
192.955
189.861
191.451
191.872
191.214
191.512
197.184
185.417
195.639
186.681
192.368
190.846
192
197.252
184.82
193.984
196.072
184.898
191.606
191.267
191.582
192.88
189.218
193.293
190.29
191.857
192.447
191.023
195.537
190.952
186.83
197.087
187.146
191.91
191.786
194.225
191.67
192.041
187.256
197.721
184.647
191.312
191.575
190.944
193.553
188.394
193.102
190.808
191.199
191.73
191.808
195
190.583
187.695
196.459
188.165
190.835
191.868
193.94
190.861
193.85
187.063
198.185
184.695
191.113
191.575
191.936
197.376
184.346
191.654
191.361
191.327
191.714
191.824
195.173
190.492
188.229
202.681
181.376
191.361
191.496
192.797
195.53
190.966
186.034
197.632
186.142
191.361
191.433
195.312
192.346
185.733
190.624
192.274
191.526
192.049
191.399
194.256
190.65
189.462
195.778
187.222
191.512
191.522
191.654
193.418
194.022
186.297
197.782
185.609
191.327
191.275
196.488
191.248
185.188
191.418
191.041
191.68
191.869
192.011
194.846
190.511
187.361
196.553
186.985
191.297
191.861
195.026
190.222
196.034
184.214
198.056
184.779
190.766
191.752
191.143
193.53
188.301
193.026
190.425
192.233
191.903
192.383
194.143
190.376
187.729
196.271
187.282
191.432
191.598
192.759
192.609
195.771
184.549
197.458
184.576
191.473
191.504
191.504
193.278
188.718
193.429
189.556
191.722
191.808
194.03
193.09
192.519
185.192
197.248
186.895
191.594
191.289
192.263
193.478
186.913
193.591
196.97
184.466
191.455
191.071
196.158
188.041
189.857
193.624
189.361
191.76
191.184
193.413
211.61
177.518
183.418
198.406
185.011
191.639
191.271
193.018
193.038
187.113
193.59
196.496
185.85
191.158
191.849
191.185
193.248
189.334
193.162
190.105
191.591
191.199
192.519
192.936
193.458
186.861
196.899
187.101
190.955
191.857
191.703
191.918
195
186.984
198.425
184.072
191.759
191.587
192.364
195.128
186.508
191.413
198.963
184.83
191.455
195.064
191.609
189.823
190.282
194.711
188.248
191.135
191.275
191.376
196.015
190.271
187.578
196.549
185.955
192.286
191.346
191.646
195.057
186.722
191.293
198.872
184.29
192.142
191.087
190.361
193.206
189.331
196.03
187.88
191.703
191.38
191.853
190.312
196.402
186.546
197.654
184.376
192.503
191.376
191.824
195.721
186.128
191.76
192.128
191.597
191.872
191.681
193.962
190.489
189.868
194.794
187.985
192.297
190.597
191.696
189.447
196.305
186.955
198.15
184.744
192.658
191.478
193.466
194.037
186.41
190.639
200.042
184.545
191.564
191.706
192.241
191.838
189.786
196.008
187.406
191.319
191.929
190.864
194.44
190.448
188.759
196.617
186.176
191.049
192.654
190.963
195.913
186.82
195.176
196.057
184.225
191.617
191.357
193.369
190.921
188.958
194.651
189.597
191.467
191.165
191.977
193.399
191.417
188.527
197.898
185.489
191.319
191.839
192.361
197.424
191.015
186.715
197.556
184.395
191.733
191.552
190.88
197.681
185.105
192.553
190.616
191.662
191.616
191.76
191.898
192.887
189.2
194.27
187.745
191.368
191.519
192.098
197.398
191.354
186.473
197.053
184.763
191.278
191.775
192.721
194.215
186.289
192.042
191.319
191.414
191.139
191.909
193.576
190.849
189.376
195.602
187.383
191.839
191.601
192.391
191.519
197.383
185.553
196
184.936
191.575
191.29
193.68
194.722
185.413
192.32
191.523
191.83
191.282
191.534
192.97
191.541
189.185
195.714
187.598
191.255
191.873
194.15
208.139
170.383
194.2
196.849
184.639
191.384
191.383
193.482
194.909
184.692
193.981
190.572
191.654
191.199
191.29
193.567
190.951
189.072
195.767
188.225
190.951
191.264
193.12
195.169
191.808
186.835
196.943
185.448
191.094
191.338
199.47
184.906
188.993
193.071
189.662
192.297
191.12
191.992
195.072
190.56
188.248
195.981
187.673
191.2
191.481
196.526
192.019
190.094
186.842
198.695
184.215
191.466
191.263
191.113
193.289
189.237
192.56
190.857
191.136
192.098
191.766
195.057
190.752
187.703
196.034
187.127
191.207
192.041
195.76
192.959
189.624
187.304
198.335
184.537
191.666
191.541
195.609
192.993
185.15
191.233
191.895
191.473
192.023
191.632
193.906
191.041
188.541
195.666
188.184
191.391
192.154
194.086
192.568
190.921
186.361
198.669
183.872
191.241
191.263
191.707
198.278
183.745
192.518
190.666
191.958
192.305
191.44
194.951
190.417
188.722
195.688
187.35
191.488
193.857
193.688
191.376
190.854
187.007
198.245
185.748
191.571
191.478
194.699
193.759
185.222
192.583
190.056
191.346
192.023
191.218
194.285
190.97
187.888
195.909
187.978
191.297
191.921
193.184
191.759
192.782
187.448
198.353
185.023
191.259
191.406
195.722
192.759
184.951
191.782
191.139
191.418
191.62
191.699
194.981
190.452
188.214
196.368
188
191.32
191.297
192.631
196.775
190.872
185.087
198.139
185.861
191.12
191.383
195.707
188.887
188.831
191.624
191.699
190.82
192.053
191.74
194.425
190.601
189.11
195.616
188.459
191.094
191.391
191.921
193
194.161
187.929
196.207
186.199
191.553
191.537
194.613
191.624
187.575
193.361
195.778
185.215
191.424
191.17
193.364
191.621
189.135
195.263
188.286
190.97
191.199
193.135
190.835
194.816
187.158
196.409
185.76
191.312
191.597
195.185
193.481
185.53
194.342
197.335
182.552
191.801
191.579
193.966
190.327
188.914
195.928
187.606
191.522
191.797
192.808
190.459
196.023
186.744
196.192
185.857
191.797
191.323
196.196
192.161
185.418
191.864
198.895
184.695
191.489
190.951
191.376
193.012
189.319
196.094
187.823
191.361
192.03
191.636
191.44
195.15
186.376
197.71
185.929
192.041
191.489
193.481
193.504
186.733
193.481
196.929
184.504
191.503
191.455
195.2
190.857
187.466
194.583
189.071
191.744
191.632
191.402
195.308
191.121
186.537
197.335
185.744
192.019
191.087
194.56
194.921
184.575
193.526
196.515
185.181
190.639
191.154
191.192
200.537
182.015
195.143
189.034
191.383
191.192
191.105
191.455
196.091
187.485
196.176
185.399
191.898
191.767
194.85
192.47
185.887
190.688
199.361
183.943
191.985
191.154
191.11
194.815
187.346
195.545
188.173
191.715
191.541
191.906
191.368
196.609
186.662
202.808
178.03
192.418
191.906
191.428
195.297
186.793
190.482
201.221
182.914
191.447
191.711
208.068
176.74
188.241
195.146
188.335
192.079
191.793
191.526
190.666
194.767
187.842
196.872
186.654
192.632
191.12
191.711
194.026
192.647
186.639
199.041
184.929
191.582
192.015
192.594
192.184
188.76
193.477
190.515
191.696
191.669
191.515
193.447
191.211
189.553
194.815
188.463
192.342
191.21
191.816
191
197.808
184.696
198.263
184.752
191.391
194.771
187.406
196
186.831
192.097
191.32
192.083
191.157
191.17
191.646
192.489
189.737
195.684
187.252
192.62
191.184
191.594
193.576
193.24
186.985
197.681
186.127
191.44
191.376
192.463
194.977
192.789
188.234
196.522
184.166
190.984
191.568
193.568
191.402
189.15
193.73
189.165
191.56
191.745
192.368
194.545
190.624
187.936
197.264
186.966
191.857
190.789
192.091
192.255
195.786
186.086
197.7
184.981
191.658
190.861
192.808
195.962
185.357
192.594
189.192
191.455
191.729
192.519
194.433
190.77
188.316
199.553
184.064
191.721
191.654
191.658
191.654
196.425
186.451
198.67
184.639
191.12
191.105
192.414
196.034
185.462
192.241
190.736
192.651
191.169
192.124
192.068
191.59
189.361
196.222
187.582
191.173
191.391
191.918
191.161
195.76
186.255
199.226
184.936
191.462
191.545
191.109
195.658
186.921
190.786
192.643
191.489
191.755
191.685
191.443
192.805
189.665
195.887
187.951
191.572
191.184
191.519
194.797
190.872
188.564
196.662
187.21
191.812
191.354
191.398
194.196
196.432
184.91
197.199
184.857
191.432
191.106
194.624
189.575
189.846
194.049
189.631
192.857
189.85
191.32
193.654
190.985
188.665
197.071
185.489
192.293
191.568
191.019
194.293
195.658
186.647
195.376
184.402
191.62
191.628
194.312
190.007
190.158
194.256
188.88
191.635
191.455
191.895
194.496
190.241
189.015
195.823
187.049
192.218
191.24
191.406
200.47
181.891
191.857
198.542
184.786
192.015
191.304
194.553
195.541
183.504
194.665
189.008
191.034
191.368
191.748
194.124
191.008
188.44
196.191
188.158
191.481
191.482
191.943
193.023
192.958
187.764
198.221
183.865
191.519
191.161
192.88
191.632
189.639
193.049
190.176
190.978
192.007
194.215
187.383
195.545
187.369
195.992
187
191.632
192.094
192.763
193.477
191.955
188.365
197.425
185.097
191.421
191.561
192.744
196.203
184.086
193.282
191.117
191.346
191.391
191.545
194.041
190.59
188.673
195.903
187.026
191.03
192.241
192.409
193.046
192.808
187.774
198.26
184.361
191.357
191.759
192.729
197.282
184.143
192.215
190.958
191.26
191.526
191.616
195.072
189.383
189.312
196.978
186.154
191.741
192
192.03
192.657
195.602
185.256
198.071
185.842
191.365
193.53
190.85
195.639
185.199
191.022
199.561
184.376
191.616
191.135
193.049
191.632
188.951
194.744
188.29
191.616
190.88
191.838
192.801
196.147
184.774
197.681
186.086
191.369
191.248
196.808
191.68
185.809
190.432
200.135
184.493
191.338
191.647
192.857
192.041
189.718
193.583
189.184
191.316
191.853
194.29
188.725
195.937
187.312
196.09
186.567
191.504
190.895
193.353
193.835
186.455
195.094
195.688
184.958
191.091
191.575
191.594
193.349
188.696
196.21
187.591
191.567
191.831
192.196
192.909
192.831
187.106
196.646
186.729
191.44
191.305
193.609
194.91
190.417
188.064
196.24
185.361
191.681
191.109
191.489
193.473
188.504
193.297
190.365
191.424
191.339
192.646
192.279
193.451
187.27
195.88
186.489
191.455
191.282
195.864
190.805
186.928
193.602
197.936
183.632
191.845
190.914
192.376
192.225
189.568
194.838
188.865
191.899
190.973
193.008
193.113
196.774
182.993
196.312
187.161
191.654
190.97
192.519
193.59
195.324
184.992
197.944
183.902
192.617
190.601
191.774
193.279
188.169
193.688
189.737
191.455
191.714
192.831
192.992
192.177
187.15
196
187.034
190.895
191.725
193.707
192.914
193.357
187
196.53
185.022
191.895
191.835
191.206
193.647
189
192.921
191.192
191.801
191.214
191.481
191.248
194.256
187.872
196.665
188.057
190.981
191.233
192.425
193.32
194.169
185.59
198.007
184.993
191.793
191.737
195.846
188.327
188.68
192.403
191.518
191.482
191.176
191.903
190.086
194.865
188.68
196.064
187.59
191.53
191.688
190.921
194.88
193.782
187.184
196.745
184.77
191.485
192.012
194.469
194.264
184.026
191.868
200.339
183.417
191.192
191.519
193.297
191.056
190.229
195.26
187.703
191.432
190.921
192.053
195.601
190.917
186.546
198.424
184.903
191.161
191.575
192.32
195.545
192.587
185.511
199.718
184.586
191.215
191.327
194.274
190.782
189.305
194.921
188.5
191.706
191.625
191.646
193.88
190.707
188.767
195.872
187.128
191.424
192.045
191.587
193.951
192.842
189.335
196.597
184.316
191.32
191.116
192.914
196.703
183.744
195.53
188.489
191.286
191.176
191.752
194.786
190.526
186.985
197.094
186.305
191.447
191.808
192.489
194.632
192.56
189.568
194.751
185.256
191.241
191.417
193.169
191.44
189.165
195.305
188.199
191.771
191.286
192.041
193.966
190.545
188.666
196.943
186.534
192.256
191.628
191.199
193.391
193.383
189.271
197.688
183.575
191.346
191.432
192.29
196.477
184.865
193.962
190.087
191.398
191.29
191.447
195.346
188.944
189.048
195.621
187.744
191.128
192.297
192.24
192.391
192.632
190.008
198.105
183.079
191.082
191.617
192.917
195.545
185.151
193.819
189.2
192.8
190.718
190.873
195.454
189.899
188.688
196.605
187.402
191.609
191.741
192.203
192.342
192.97
191
196.038
184.282
191.654
191.049
191.12
197.15
185.515
191.933
191.503
191.388
191.428
191.275
194.214
190.007
188.985
196.82
187.398
191.598
191.395
192
194.989
191.297
188.041
198.135
184.448
191.342
191.552
191.963
195.312
186.553
191.609
190.838
191.786
192.3
191.583
192.275
192.488
189.023
195.297
187.913
191.391
191.854
191.5
194.609
193.263
186.534
197.462
184.891
191.541
192.034
191.481
196.079
185.673
190.805
191.906
191.695
192.339
191.485
192.154
192.447
188.639
195.985
188.271
191.218
191.327
191.113
193.549
193.947
187.15
196.17
186.718
191.567
191.459
192.335
194.376
186.624
190.503
192.102
191.849
192.32
191.665
192.967
191.082
189.737
194.936
188.861
191.835
191.432
191.406
196.872
190.936
186.466
197.895
184.767
191.256
191.545
194.177
193.221
185.903
195.045
195.549
184.079
191.815
191.29
193.071
191.512
189.507
194.951
189.151
191.24
191.305
191.943
191.76
195.744
186.489
196.71
186.575
191.418
191.319
193.106
192.887
193.015
188.105
196.192
184.192
192.015
191.496
192.338
192.158
189.793
194.151
189.545
191.105
191.455
191.496
194.354
193.624
186.285
196.106
187.206
190.764
193.511
189.406
193.631
196.019
186.463
194.785
185.414
191.872
191.594
194.951
190.064
188.966
194.639
189.418
191.319
191.793
191.583
194.451
190.391
188.696
196.808
186.722
191.725
191.256
192.064
191.774
196.049
186.32
197.53
185.041
191.703
191.327
193.587
195.022
184.854
193.53
189.782
191.601
191.651
191.15
193.184
190.816
190.383
196.482
187.526
191.771
191.251
191.17
191.424
196.448
186.519
197.402
185.526
192.034
191.263
195.936
188.034
189.384
192.447
198.534
184.786
191.157
191.801
193.763
190.527
189.214
202.898
180.279
191.887
191.616
191.651
192.037
195.963
186.376
197.342
185.842
191.342
191.432
192.88
192.207
189.304
194.425
195.816
184.391
190.564
192.086
192.711
191.992
189.136
195.503
187.7
191.973
190.88
191.511
192.97
195.03
185.978
197.582
186.531
190.969
191.636
191.77
193.031
189.112
194.448
196.161
184.057
191.27
191.786
191.887
192.583
189.361
193.816
189.049
192.015
191.24
191.861
191.245
195.101
187.274
196.245
186.857
191.977
191.106
195.94
188.248
190.048
193.576
196.394
184.64
191.462
191.376
191.65
193.553
188.519
193.079
189.673
191.36
191.613
191.53
191.538
195.662
186.879
196.722
186.511
191.53
191.903
191.624
196.936
184.752
194.15
195.744
185.185
191.338
191.286
191.289
193.271
188.695
194.042
189.391
191.567
192.106
191.921
190.83
195.512
186.432
197.041
187.222
191.497
191.56
196.424
191.399
185.56
193.447
197.17
184.511
191.583
191.372
190.158
193.714
189.173
194.553
188.815
190.794
192.27
190.929
191.97
195.759
186.35
196.361
186.838
191.62
191.839
194.992
191.677
186.786
193.616
196.466
184.35
191.41
191.767
192.27
192.369
189.09
193.605
189.816
190.744
191.763
191.839
195.703
191.928
186.688
196.489
187.35
190.883
191.748
193.064
191.643
189.391
193.553
197.049
185.048
191.316
191.515
191.305
192.718
189.192
192.447
190.387
191.414
191.808
191.199
190.444
195.631
187.286
196.902
186.873
191.879
191.658
192.139
194.237
194.481
186.312
197.327
188.154
187.989
191.417
191.854
194.722
187.041
191.85
190.74
191.568
191.872
191.696
193.169
191.24
188.91
196.361
187.617
191.424
193.91
189.233
191.162
195.47
188.154
196.726
185.522
192.023
191.56
191.218
195.342
186.838
190.97
191.831
191.241
192.21
191.369
192.06
192.936
189.936
194.906
187.913
191.38
191.756
191.447
190.568
195.274
187.575
198.245
186.395
191.015
191.383
191.545
194.015
192.936
186.233
199.249
184.191
191.981
191.828
191.646
192.681
188.838
194.992
189.023
191.41
191.331
191.357
194.643
190.845
187.816
197.624
186.816
191.056
191.594
191.188
194.019
188.808
193.527
196.056
184.489
191.913
191.207
193.824
191.169
188.925
194.131
189.647
191.688
191.056
191.639
194.376
190.41
188.853
197.763
185.478
191.951
191.707
191.383
194.824
193.567
187.023
196.812
185.188
191.898
191.32
192.24
196.775
184.583
193.394
190.44
191.214
191.715
191.263
193.248
191.617
189.917
194.714
187.327
192.151
191.77
191.839
191.736
194.681
187.376
198.44
184.176
191.624
191.256
191.575
197.218
185.222
192.09
191.478
191.079
191.443
191.072
194.191
190.008
188.872
196.158
186.692
192.507
191.497
191.819
192.805
192.225
189.553
198.071
183.256
191.425
191.582
192.963
196.278
184.665
193.591
189.898
191.286
191.552
191.929
192.959
196.65
184.056
195.797
187.361
192.463
191.218
191.177
192.597
195.835
188.165
195.474
185.568
191.206
191.361
191.015
193.049
189.361
193.312
190.801
190.703
191.079
191.447
193.944
190.992
188.76
196.289
186.673
192.105
191.549
191.425
193.658
188.319
193.944
196.91
184.849
191.482
191.518
191.41
196.56
186.158
192.41
191.079
191.023
191.522
191.56
205.35
178.688
190.695
194.489
187.455
191.304
192.504
191.722
193.56
194.03
186.794
196.687
186.44
191.143
191.361
192.53
194.32
187.752
191.221
199.376
183.899
191.481
191.696
211.086
173.782
188.801
195.112
187.786
191.767
191.88
191.248
193.049
194.334
187.767
196.305
186.225
191.647
191.376
192.816
194.082
187.433
193.383
196.527
184.342
191.368
191.587
192.383
192.391
189.771
193.342
189.519
191.458
191.925
193.857
189.105
195.745
186.876
203.379
180.79
191.184
191.993
192.808
191.793
193.241
187.349
198.643
185.293
191.211
191.568
195.541
193.474
184.041
192.184
191.846
190.936
191.538
192.285
193.865
191.248
188.297
196.463
186.545
191.718
191.218
191.646
193.497
192.473
188.094
197.136
185.184
191.417
191.944
196.041
188.673
188.966
192.072
192.034
191.503
191.534
190.88
193.248
194.049
186.658
196.037
188.7
191.101
191.241
191.518
192.516
195.469
186.816
196.466
184.662
191.865
190.973
196.955
188.335
188.737
192.064
191.199
191.865
191.887
191.203
193.635
190.899
189.199
195.985
188.24
191.568
191.647
191.631
191.369
195.639
187.304
196.73
185.064
192.631
191.338
195.136
192.327
186.376
194.425
195.924
184.827
191.767
191.873
190.015
193.97
189.808
193.872
189.023
191.631
191.256
191.752
190.139
195.733
187.289
196.767
186.865
192.094
191.992
192.715
193.184
193.342
187.56
197.271
184.312
191.849
191.121
194.041
190.861
189.147
194.503
188.425
191.865
191.068
191.304
194.82
190.939
187.572
205.094
181.985
193.128
189.616
190.463
193.714
191.737
188.364
196.474
185.256
190.853
192.075
192.109
192.241
188.368
194.128
190.29
191.391
191.169
191.831
195.007
190.369
187.729
196.928
186.47
192.128
191.098
193.079
192.624
193.334
187.82
198.376
184.312
190.56
191.35
193.071
191.73
188.8
193.775
190.27
191.218
191.143
191.504
195.624
190.075
187.944
197.022
186.256
191.568
192.391
191.609
193.334
189.538
191.801
198.222
184.402
191.47
191.376
192.304
192.76
188.642
192.046
199.635
184.124
190.921
191.962
193.598
191.105
188.993
195.41
187.582
191.512
192.15
191.553
192.064
196.537
186.793
195.711
185.902
191.135
191.715
193.808
194.489
185.56
194.447
196.936
182.726
191.034
191.304
193.79
191.191
189.275
195.022
188.388
191.285
191.568
191.583
193.267
193.15
187.775
197.77
185.639
191.369
191.8
197.91
189.331
186.181
192.184
198.443
184.301
191.696
191.763
193.285
196.057
184.319
194.512
188.827
192.007
191.624
193.087
189.992
195.673
187.03
195.722
187.128
191.688
191.673
192.631
193.767
187.169
193.358
196.778
185.376
191.09
191.038
192.015
192.304
189.282
193.951
189.511
199.873
183.255
191.688
194.128
191.504
187.402
197.432
186.655
191.552
190.895
191.737
194.902
191.297
188.899
198.086
184.192
191.575
191.951
192.451
190.966
189.76
192.77
190.711
191.71
191.29
191.929
193.285
191.275
188.112
197.576
186.736
191.534
191.617
191.568
192.409
195.617
186.421
198.425
183.511
192.271
191.368
194.722
193.831
184.729
193.865
189.368
191.278
191.888
191.496
196.943
187.418
188.943
196.959
187.304
191.369
191.522
191.365
191.827
195.76
186.951
197.526
184.248
192.056
192.297
192.042
195.519
186.049
191.639
192.127
191
191.546
191.214
191.022
193.452
189.789
195.459
188.398
191.12
191.673
191.91
190.105
196.376
187.865
197.143
184.432
191.993
191.575
191.199
196.297
186.008
191.409
191.854
191.673
191.12
191.583
194.496
189.763
189.47
195.391
188.474
190.879
191.794
191.646
191.184
197.346
184.455
197.88
185.376
192.695
190.921
191.88
195.504
186.255
191.681
192.079
191.808
191.496
191.85
193.086
190.952
189.751
195.602
188.233
191.624
191.301
191.353
191.602
194.368
187.087
197.297
185.985
191.695
191.989
191.755
194.583
192.583
184.906
200.583
183.767
192.018
191.56
191.677
193.218
188.598
195.064
188.331
190.966
191.631
191.779
194.718
190.71
187.241
196.977
186.361
191.726
192.019
192.477
193.898
192.391
185.504
200.914
183.582
191.489
191.838
190.865
193.511
189.203
194.718
188.594
191.952
191.214
191.601
194.072
189.041
189.902
196.688
186.801
191.03
192.282
191.248
194.974
192.737
189.297
195.759
184.857
191.301
191.993
195.026
194.007
184.88
193.906
189.301
191.147
191.616
191.733
193.632
191.323
188.865
196.109
187.481
190.992
191.767
192.057
193.447
193.023
189.154
199.958
181.113
191.527
191.89
192.809
195.59
185.162
192.421
190.714
191.887
191.496
191.519
193.418
191.766
187.779
195.973
188.745
190.312
192.139
193.222
191.007
189.098
193.752
196.624
185.109
191.395
191.766
196.185
188.184
188.575
193.072
191.146
190.902
190.858
191.15
193.162
193.353
187.357
196.767
188.203
191.008
191.342
196.097
188.369
194.541
187.511
198.801
183.256
191.353
191.275
196.406
188.199
188.575
193.587
190.022
191.35
190.857
191.865
190.297
195.383
187.808
197.594
186.143
191.823
191.591
191
193.432
194.756
184.654
200.985
183.432
191.462
191.519
191.572
193.782
188.511
193.184
189.617
192.037
191.177
191.177
190.105
195.902
187.425
197.665
186.335
191.744
191.707
195.485
192.639
191.128
187.335
198.402
184.857
191.534
191.665
194.207
193.921
185.703
190.707
191.759
191.335
191.737
192.184
193.842
190.804
188.064
196.106
188.127
191.098
191.59
195.489
192.966
189.651
187.342
200.53
182.406
191.568
191.481
195.154
193.278
184.921
191.399
191.665
191.797
191.489
191.537
193.406
191.572
188.248
195.925
187.872
191.88
191.496
194.113
192.191
194.474
184.831
197.432
186.256
191.24
192.222
194.241
193.056
186.072
193.763
196.278
184.639
192.32
191.15
193.929
191.131
189.064
194.526
189.335
191.259
191.094
192.286
191.985
194.872
186.639
198.155
185.248
191.879
191.169
192.433
193.47
193.071
188.241
197.511
184.056
191.425
191.801
191.936
193.568
189.041
195.335
188.8
191.361
191.188
191.297
193.873
192.451
188.214
195.887
187.207
191.331
191.519
191.375
193.113
195.354
186.883
196.793
184.827
191.606
191.639
195.635
193.308
185.636
191.12
198.662
184.624
190.864
191.264
193.721
190.632
188.944
196.248
187.545
191.624
191.575
191.425
192.631
195.929
186.816
196.71
185.015
191.312
191.331
196.444
189.075
188.327
191.85
192.037
191.508
191.455
191.447
194.368
189.952
189.214
195.763
188.102
191.248
191.643
191.094
192.27
196.402
186.143
197.233
184.801
191.575
191.248
195.658
189.707
187.955
192.105
191.989
191.026
192.049
191.312
193.004
191.684
188.936
196.03
187.576
191.984
191.354
191.71
192.474
194.853
186.944
196.105
186.647
191.312
191.763
193.808
194.421
185.346
195.376
195.575
185
191.151
191.019
192.552
192.286
189.586
196.286
185.76
192.345
191.215
191.391
193.176
194.233
187.057
196.568
186.033
191.47
191.718
191.572
195.759
185.729
191.365
199.744
184.568
191.635
191.719
191.936
192.665
188.917
193.993
188.673
191.992
191.632
191.831
192.064
194.391
187.33
196.252
187.282
191.211
191.158
191.985
193.225
188.696
194.455
195.582
184.139
191.816
191.726
192.921
191.545
189.158
193.519
189.304
192.508
191.293
191.842
193.462
191.263
189.128
196.497
187.297
191.639
191.736
191.538
195.271
190.346
187.556
198.955
184.831
190.661
191.921
191.827
196.256
185.263
192.29
191.421
191.071
192.489
192.135
192.568
191.218
189.47
195.319
188.403
191.789
191.038
191.898
193.305
194.259
187.057
196.47
185.687
191.391
191.707
191.959
194.688
187.568
194.77
188.222
191.128
192.248
191.632
191.342
193.026
190.049
194.56
189.12
190.797
191.218
191.598
192.602
194.454
186.696
197.594
186.079
191.609
191.282
191.654
194.094
193.034
185.97
198.695
184.816
192.214
191.722
191.094
193.207
188.872
194.496
189.579
191.06
191.508
191.492
195.331
191.59
186.963
196.981
187.056
191.2
191.658
191.928
192.624
194.369
188.665
196.575
183.917
191.602
192.425
193.079
195.462
184.56
193.587
189.605
191.688
190.816
191.154
195.094
190.68
188.425
196.688
186.602
191.518
191.865
191.654
193.688
194.481
201.546
181.725
184.32
191.545
192.376
193.695
195.673
184.057
193.8
189.929
191.398
191.993
191.823
193.752
189.59
189.26
196.71
186.823
191.049
191.824
191.383
193.068
193.703
185.398
199.778
184.117
192.071
191.098
191.902
192.715
188.849
195.542
188.496
191.992
191.32
191.673
195.474
189.526
189
197.022
187.203
191.294
191.402
191.455
192.135
196.057
186.285
198.113
183.572
191.909
191.403
193.582
195.737
185.045
193.639
189.497
191.297
191.582
191.147
193.959
191.105
188.537
197.591
186.951
191.019
191.917
191.65
192.173
195.308
187.045
197.297
184.512
192.094
191.801
192.39
191.752
189.948
192.101
191.752
191.241
190.955
191.605
191.823
192.568
190.007
195.091
188.594
190.902
191.192
191.165
192.53
194.489
187.872
197.47
184.737
191.466
191.037
192.553
196.29
185.12
192.485
191.161
191.594
191.237
191.643
193.677
191.192
188.105
196.09
186.733
192.09
191.718
192.177
193.737
192.496
187.654
197.594
184.576
190.586
191.774
194.734
190.609
188.898
193.391
190.086
191.568
191.489
191.293
194.421
191.184
188.264
195.992
187.188
192.12
191.609
192.03
193.233
192.786
187.703
198.681
183.579
191.5
191.842
193.646
191.297
189.049
192.448
190.921
191.278
191.823
192.008
194.041
190.767
188.146
195.974
187.842
191.542
192.176
191.737
191.823
196.809
186.071
197.41
185.959
191.127
191.106
191.808
193.383
189.042
194.432
196.004
183.564
191.887
191.786
191.902
192.199
189.354
193.736
189.606
191.011
192.526
190.801
191.966
195.263
188.53
195.478
186.304
191.418
191.135
195.951
192.944
184.12
191.432
199.873
184.334
191.354
191.616
192.305
191.432
190.413
193.7
188.552
191.91
191.808
191.602
191.342
197.767
184.928
197.196
189.015
188.808
191.512
195.672
189.952
188.383
193.842
196.669
184.632
191.44
191.801
191.037
193.587
188.789
192.545
190.425
192.098
191.477
191.842
191.128
194.406
187.192
196.594
187.327
190.887
192.696
192.184
195.064
190.361
187.391
197.913
184.327
191.793
191.192
191.282
194.654
187.887
192.922
190.142
191.139
191.613
191.681
191.233
195.943
186.688
196.519
186.778
190.895
191.568
191.567
194.752
186.681
194.113
196.142
184.888
191.658
191.214
194.297
190.977
189.248
193.406
189.395
191.861
190.842
194.526
189.091
196.135
186.421
198.474
184.432
191.241
191.225
195.215
192.127
185.681
194.519
196.233
184.455
191.496
191.282
192.624
191.248
189.086
195.369
188.165
191.876
191.56
195.222
188.951
195.297
186.632
197.105
185.853
192.245
190.947
193.218
194.56
185.072
194.673
196.729
184.703
191.256
191.383
192.143
192.275
189.199
194.101
189.376
191.921
191.523
192.624
193.733
194.128
185.075
196.064
187.286
190.763
191.876
193.075
193.838
192.151
188.548
195.452
185.018
191.591
191.417
192.225
192.313
189.484
193.899
188.68
191.745
191.372
193.947
194.598
190.406
187.177
196.034
186.962
190.399
191.924
194.049
192.451
187.015
193.794
196.109
184.282
192.071
191.41
193.263
192.5
188.778
194.079
188.895
192.244
190.872
193.647
191.68
194.655
186.255
195.899
187.191
191.527
191.582
192.579
193.049
195.993
184.293
197.914
183.718
192.552
191.575
192.403
192.086
188.793
193.542
190.154
191.654
191.714
191.496
192.29
194.447
186.711
198.022
184.993
191.417
191.944
192.225
192.718
196.448
184.834
196.639
184.519
191.85
196.47
188.176
191.384
188.575
193.876
189.944
192.052
191.403
191.782
190.007
195.041
187.985
196.342
187.2
191.601
191.282
191.496
193.775
192.334
190.256
196.297
184.139
192.015
191.677
192.936
195.56
184.82
193.293
191.071
191.515
191.718
191.327
194.361
191.779
187.804
196.083
187.639
191.447
190.914
192.128
190.992
195.583
186.609
197.575
184.59
192.515
191.542
191.744
196.282
186.03
191.842
192.177
190.958
191.519
191.504
190.128
194.064
190.233
194.752
187.985
191.808
191.335
191.462
196.147
190.808
185.974
198.424
184.448
191.361
192.409
191.824
195.759
185.902
192.147
191.079
191.744
191.519
191.263
191.481
193.455
188.816
195.951
187.835
191.688
191.214
191.763
190.286
196.098
187.199
197.733
184.226
191.33
192.312
192.128
196.301
184.914
192.898
191.335
190.985
191.819
191.297
205.985
178.135
188.816
198.5
185.478
191.184
191.624
191.688
191.342
197.259
185.831
197.384
184.887
191.85
191.631
192.169
195.519
186.056
192.384
198.759
184.857
191.632
191.583
191.639
192.786
188.575
195.082
188.861
191.673
191.342
191.707
195.361
190.342
187.455
197.323
186.504
191.064
191.737
191.932
194.722
187.353
195.67
194.673
185.078
191.042
193.943
188.354
193.177
188.845
196.185
187.744
191.944
191.101
191.579
195.598
190.368
187.722
197.049
187.12
191.741
191.004
190.597
195.248
192.624
185.538
202.248
182.278
190.73
194.297
189.496
192.278
189.831
194.759
189.448
190.77
191.425
191.981
194.523
189.88
188.71
196.752
187.143
191.695
191.489
193.083
192.158
195.432
186.793
197.2
184.357
191.331
191.462
193.722
194.601
185.384
192.293
191.177
191.112
191.414
191.62
194.824
189.774
189.083
196.688
187.135
191.406
192.064
192.616
194.658
192.767
186.73
196.597
185.914
191.767
191.113
192.086
194.711
186.857
197.68
185.098
191.489
192.312
191.447
202.744
180.662
191.951
193.948
187.214
191.575
191.695
194.361
192.583
190.808
187.403
196.669
186.067
191.865
191.004
196.323
193.192
183.989
192.297
190.488
191.305
191.943
191.328
190.447
195.571
187.23
197.176
186.809
191.872
191.105
195.816
192.91
184.601
193.696
196.417
185.022
191.44
190.978
191.192
193.18
188.929
193.251
190.414
191.071
192.185
191.007
190.97
195.541
187.594
197.008
186.962
191.414
190.985
192.192
194.169
194.917
186.692
196.797
184.729
190.519
191.624
191.113
197.406
184.673
193.545
189.503
191.625
192.063
191.474
194.135
190.745
188.477
197.29
186.616
191.399
191.53
191.68
192.809
193.364
189.508
195.504
185.909
191.609
191.294
193.233
194.864
185.248
192.959
189.801
191.447
191.808
192.042
193.943
191.312
188.241
196.605
186.564
191.448
191.767
191.263
195.609
192.518
188.561
196.003
184.358
193.985
189.958
191.034
193.816
188.496
193.797
189.395
191.864
191.805
191.474
195.064
191.206
187.019
196.504
187.583
191.255
192.015
195.474
189.639
195.417
184.256
199.406
184.241
191.906
191.206
195.662
193.331
184.816
191.142
191.993
191.383
191.658
191.696
193.816
191.112
188.391
196.034
187.109
191.666
191.729
192.278
191.872
196.211
184.342
198.56
185.015
191.447
191.587
195.895
189.12
188.44
191.665
192.504
190.88
190.958
192.561
193.639
191.075
188.804
195.835
187.271
191.27
191.064
191.793
193.703
196.312
183.568
198.929
184.921
191.176
192.072
190.846
197.977
184.899
191.56
191.895
191.695
192.056
191.327
191.249
192.703
189.665
195.177
188.199
191.256
191.473
191.782
209.658
178.726
186.368
196.327
185.369
191.985
191.721
194.549
193.658
185.538
194.173
196.44
184.672
191.064
191.936
195.865
191
187.278
194.418
188.496
191.662
190.921
191.793
191.831
195.007
187.128
197.376
185.729
191.782
191.26
193.744
193.534
187.015
193.616
196.256
184.617
191.808
191.688
195.586
190.06
187.489
194.538
189.346
191.823
191.744
192.621
193.594
190.736
187.726
195.906
187.007
191.899
191.526
193.369
193.744
186.696
192.992
197.511
184.809
191.439
191.455
194.361
190.094
189.673
193.072
190.424
191.271
192.233
190.801
195.383
190.639
187.395
196.557
187.195
192
191.064
192.654
194.098
191.432
188.158
198
183.906
191.301
191.289
193
190.297
190.2
193.454
189.801
191.12
192.474
191.399
189.831
195.827
186.676
196.636
186.804
191.331
191.485
195.842
191.504
186.447
194.305
196.334
184.824
191.281
191.816
193.782
194.068
185.624
195.797
187.353
191.177
192.192
191.289
193.376
190.654
189.064
196.703
185.778
191.433
192.376
192.184
193.56
195.534
187.135
195.538
184.744
191.023
191.936
191.834
192.888
188.943
194.496
188.632
190.985
191.549
191.218
191.128
195.184
186.985
196.801
186.143
191.184
191.165
192.816
194.865
185.736
192.335
191.425
190.68
191.44
191.361
193.662
190.473
188.895
196.12
187.128
191.384
191.105
191.32
194.056
187.568
195.064
195.12
184.631
191.508
191.252
191.643
192.327
189.71
194.361
187.985
191.143
191.47
190.819
193.113
195.726
187.233
195.162
185.432
190.485
191.064
191.639
192.504
189.627
194.549
188.192
191.248
191.376
191.338
191.057
194.895
188.199
196.643
184.932
190.929
191.383
193.267
190.895
188.631
193.993
189.447
191.32
191.624
191.12
194.688
190.763
187.023
197.47
186.274
191.718
191.192
191.361
196.936
185.022
190.88
199.447
184.132
191.32
191.184
192.823
191.207
188.504
196.778
187.917
190.88
191.872
191.53
191.801
196.173
186.601
196.688
184.654
191.233
191.234
191.672
192.703
188.369
194.68
188.903
191.071
191.233
191.143
190.308
196.493
186.8
199
183.369
192.022
191.121
192.353
194.632
185.714
192.462
191.455
191.162
191.207
191.191
194.072
191.496
187.842
196.222
187.105
191.312

------------------------------------------------------------------------------------------------------------------------------------------------
max val(#428) = 322.05us
min val(#429) = 167.61us
peak-to-peak = 154.44us
mean +- RMS = 191.52 +- 4.88 us

packet size: 516
number of packets: 10000
RATE = 21553.77kbps, PPS = 5221.4
