Destination address set to 01:1B:19:00:00:00
Defaults: 01:1B:19:00:00:00 or 01:80:C2:00:00:0E
SIOCSHWTSTAMP: tx_type 1 requested, got 1; rx_filter 0 requested, got 0
setting ts_flags: 0x53
new ts_flags: 0x53


gap of hw tx time, us: packets 10000:
------------------------------------------------------------------------------------------------------------------------------------------------
0
100.955
99.128
98.617
98.759
101.271
97.594
107.616
100.294
98.969
98.752
99.222
99.658
98.594
98.711
102.936
117.545
100.428
98.497
114.248
85.631
98.113
102.496
98.098
100.038
98.594
95.406
104.785
95.279
106.473
96.03
102.497
95.36
98.113
97.718
99.196
103.925
101.018
98.008
102.015
106
101.165
105.572
94.519
100.646
99.865
111.571
101.854
86.312
97.658
97.703
101.909
99.267
96.241
99.462
99.56
100.64
99.973
100.835
101.913
101.2
100.03
95.376
97.906
101.609
96.812
99.857
95.665
99.042
97.575
101.68
98.831
99.617
95.928
105.248
100.143
102.432
100.967
102.955
101.755
102.38
98.568
100.078
98.489
98.087
96.635
99.109
97.906
95.015
97.568
99.398
105.32
94.53
98.071
98.143
98.256
97.609
98.319
98.132
98.207
104.511
97
97.808
99.049
97.248
103.455
97.711
100.594
100.921
116.071
102.222
101.951
102.508
111.838
95.35
98.563
98.128
97.215
100.609
102.951
100.936
97.966
99.665
99.594
94.967
101.815
96.914
96.613
96.913
96.256
98.248
101.722
99.902
99.004
100.165
99.929
105.361
100.432
100.109
95.474
99.015
96.793
102.335
96.496
97.737
97.567
97.779
112.958
95.222
99.361
103.214
99.97
112.53
97.647
96.094
98.522
101.974
96.56
102.553
97.992
104.831
100.639
100.587
94.902
99.936
97.519
97.417
97.929
97.849
97.944
98.319
97.937
98.469
105.083
97.504
99.184
95.744
97.989
97.53
99.865
99.545
96.696
102.199
96.165
98.568
97.451
101.718
102.015
102.572
101.541
104.338
96.805
97.496
96.842
101.233
101.519
100.44
96.977
97.008
97
97.312
98.289
98.504
97.861
98.241
98.24
98.474
97.759
106.44
95.583
97.353
100.335
97.609
100.526
99.368
102.32
98.962
104.399
106.432
95.335
106.135
97.793
96.042
106.598
97.248
100.921
98.966
98.146
98.775
96.835
96.165
100.289
96.733
99.38
99.917
99.346
99.824
100.368
99.921
100.263
100.47
100.948
98.996
101.53
101.496
99.658
99.263
99.094
98.985
100.978
100
97.398
102.417
96.895
101.639
101.335
99.451
100.902
105.263
101.098
105.278
95.162
106.474
95.59
105.376
95.624
105.207
97.827
101.902
98.135
98.057
99.24
95.959
98.135
99.523
95.113
100.383
100.192
99.797
100.195
98.613
100.586
100.072
99.992
96.816
102.32
101.808
101.383
99.64
99.015
99.458
99.809
99.646
100.369
100.477
102.075
98.966
97.857
99.399
101.643
105.797
100.522
98.215
105.537
100.718
98.97
96.057
99.15
115.034
96.673
101.101
98.03
103.779
101.913
103.575
100.865
124.703
102.71
96.433
96.752
102.56
103.474
104.808
100.447
110.88
95.496
99.463
97.063
108.249
96.567
97.97
102.008
95.56
100.594
99.022
96.545
101.959
96.087
94.586
100.15
100.17
98.597
100.312
101.451
99.688
100.031
99.36
99.624
103.497
97.447
99.944
96.007
104.56
99.241
98.895
103.571
99.654
98.376
98.993
101.597
100.722
99.504
101.425
97.744
96.59
98.722
102.263
102.248
101.64
104.406
100.082
101.072
103.849
100.647
102.838
98.801
98.459
99.094
95.064
97.586
98.887
99.56
99.023
100.737
100.342
101.304
98.185
99.823
99.673
94.718
99.41
99.353
99.384
99.609
97.992
95.023
97.383
97.993
97.8
98.008
100.91
97.601
98.35
97.146
98.895
96.391
98.049
97.504
98.77
97.294
98.12
100.88
97.297
96.567
97.632
97.537
97.376
98.279
97.458
97.711
98.567
97.418
98.191
98.128
98.921
98.094
97.594
97.03
98.376
98.801
97.496
97.921
98.32
97.688
97.71
99
97.546
97.774
96.643
106.214
96.838
97.057
97.94
98.221
97.448
98.184
98.617
97.022
99.44
102.248
103.714
101.365
99.395
100.887
100.793
100.718
100.609
96.008
100.022
93.884
97.853
98.057
98.161
98.045
97.779
97.943
98.32
97.725
97.899
100.575
96.041
97.861
98.169
97.579
99.399
104.921
95.199
108.023
95.928
104.008
96.083
102.327
100.105
103.109
102.872
101.665
102.688
96.102
99.914
96.601
99.071
96.64
97.864
98.256
98.158
97.793
98.752
102.113
99.267
95.815
101.455
98.278
101.843
99.575
96.609
101.263
103.413
99.034
98.959
99.049
101.049
100.169
98.492
96.41
98.553
99.44
103.015
100.398
102.12
101.891
98.23
99.079
99.834
97.662
99.083
102.285
101.233
94.44
99.703
98.553
94.545
98.406
98.124
97.782
98.376
97.921
98.192
98.079
97.353
98.391
97.767
98.263
98.211
98.24
97.624
102.752
100.902
102.553
102.29
101.661
102.985
102.902
102.512
101.635
102.342
99.297
99.162
99.101
94.993
102.398
93.94
97.639
98.079
97.654
98.376
97.722
98.128
97.921
97.624
98.812
99.075
99.248
95.602
98.966
99.335
99.041
98.752
94.161
100.959
102.357
102.523
105.534
99.936
103.026
102.038
103.097
100.042
102.128
102.176
97.726
98.759
96.105
100.162
102.023
95.462
98.963
99.992
100.128
99.361
99.909
99.985
100.527
102.823
97.936
100.372
99.805
96.267
98.846
98.973
99.515
98.312
94.583
97.759
97.707
98.56
97.767
97.76
101.334
98.346
98.823
99.128
95.207
98.098
99.921
95.575
98.008
98.135
97.857
98.023
98.33
97.888
99.879
95.959
98.68
99.008
98.504
99.473
97.888
95.409
97.136
99.44
101.244
102.545
102.041
101.688
106.53
100.703
102.222
101.624
102.53
102.512
100.68
102.624
102.632
102.368
102
101.936
102.846
101.778
103.534
98.139
98.44
99.222
95.361
98.319
97.425
98.008
97.537
98.121
97.624
97.639
98.462
101.688
98.793
95.688
98.545
99.32
99.32
98.909
98.203
95.151
97.481
98.113
100.086
102.647
101.161
102.782
102.681
105.865
100.958
101.808
102.305
103.759
99.955
100.887
102.76
102.962
102.166
102.206
102.29
102.951
101.575
100.842
98.023
99.609
94.737
98.015
98.278
97.579
97.861
97.876
98.158
97.913
98.775
99.522
95.534
99.425
98.199
99.12
99.399
97.688
95.522
97.327
99.583
97.184
100.801
101.575
96.474
100.575
100.113
95.015
97.192
100.278
95.571
98.173
98.019
98.045
97.673
97.752
98.44
100.624
95.635
98.782
100
95.681
98.973
98.643
99.102
103.496
98.086
104.196
96.319
105.967
97.872
99.425
102.439
99.41
98.184
99.583
100.008
95.567
95.681
108.808
88.023
97.609
98.665
97.47
97.977
98.185
98.112
97.463
97.985
97.327
98.041
99.512
97.278
98.184
99.098
96.703
100.737
99.39
104.136
101.451
103.15
101.185
102.184
102.729
98.797
98.368
98.835
95.015
98.087
102.71
95.387
98.038
98.579
97.342
99.192
99.752
95.736
99.418
98.391
98.936
100.504
97.304
94.887
97.903
97.687
100.185
95.601
98.824
102.383
102.226
102.421
102.473
102.673
105.568
102.545
101.534
103.019
102.142
102.922
100.142
100.151
103.082
102.264
102.236
102.508
103.15
103.147
100.662
102.665
102.023
102.594
102.357
102.842
102.898
105.279
102.421
101.815
119.53
95.591
97.962
98.711
97.616
101.76
102.274
102.613
102.793
101.895
102.432
101.85
103.165
101.658
102.534
102.771
103.428
101.899
106.383
102.105
102.023
102.184
102.305
102.928
99.831
100.985
101.729
103.023
102.744
101.993
98.304
98.613
95.898
99.057
97.568
98.165
98.778
96.455
100.361
99.729
99.35
100.098
99.616
96.102
99.451
99.06
99.383
98.482
94.432
97.951
97.444
97.988
97.835
99.256
99.056
101.485
101.883
98.44
98.575
95.794
100.59
96.015
97.241
101.462
95.049
98.834
98.053
98.004
99.631
96.632
99.286
99.898
99.647
100.417
99.56
99.951
99.929
99.654
100.09
99.936
94.632
99.041
101.143
99.79
101.402
101.278
102.835
101.703
102.597
100.331
99.406
99.801
99.68
100.561
96.744
101.511
102.121
96.094
100.586
99.703
99.895
99.951
99.714
96.199
98.655
98.481
98.68
99.921
98.192
94.936
97.88
97.583
98.071
98.169
98.049
98.049
98.823
97.767
101.936
102.673
102.526
102.346
101.801
103.263
106.384
103.417
99.872
102.229
101.587
101.703
97.91
100.026
99.568
100.233
95.24
102.959
95.417
98.677
94.665
97.895
97.568
98.338
97.895
98.128
98.135
97.94
98.094
97.673
97.816
98
98
97.936
97.808
99.304
101.519
102.534
101.955
98.568
98.879
98.711
96
97.834
99.64
101.545
96.18
96.369
99.255
98.474
100.71
97.312
98.771
100.207
92.673
97.646
97.921
97.993
97.782
98.007
98.346
100.342
97.609
103.091
101.15
102.192
103.353
102.335
102.233
101.928
106.365
104.451
98.865
104.237
100.97
102.533
102.858
100.488
100.41
98.015
100.256
100.447
100.192
97.079
101.68
101.433
97.184
99.864
99.222
99.835
100.165
100.012
100.052
100.203
99.933
100.236
99.534
100.617
99.575
100.105
100.158
99.395
94.718
98.801
99.943
98.951
98.914
98.064
95.109
97.834
98.384
101.545
102.974
106.808
101.162
102.135
101.553
100.695
103.12
104.448
99.218
101.47
103.368
104.199
100.504
101.587
101.485
103.304
102.226
102.327
102.774
102.218
103.248
103.745
104.161
102.406
102.654
100.459
103.545
103.989
100
100.361
99.958
101.85
102.801
98.12
98.286
98.913
96.47
104.594
95.418
99.83
99.831
100.207
99.65
100.192
99.602
100.109
99.635
94.575
99.406
99.369
99
99.928
97.647
94.913
98.177
97.647
97.962
98.132
97.891
97.815
102.256
102
102.744
98.504
98.771
98.421
95.601
97.952
97.624
98.646
97.767
98.064
98.756
97.59
97.744
99.32
96.801
99.887
99.504
99.921
100.447
99.297
100.271
99.83
100.433
99.515
94.383
98.966
101.858
99.037
101.53
101.76
102.417
104.534
99.958
98.692
99.568
100.496
100.639
100.079
96.985
101.906
98.053
99.849
98.32
95.865
99.191
98.072
99.951
99.522
97.455
94.297
98.463
97.53
98.143
98.022
97.703
97.808
98.091
97.992
97.688
101.03
101.978
102.158
102.36
102.087
102.85
103.169
102.526
105.737
102.128
102.402
102.951
97.391
102.169
100.222
99.44
100.553
98.838
96.891
97.816
94.511
98.169
97.966
97.459
98.462
97.944
97.575
98.41
98.199
98.094
97.196
98.304
98.023
97.887
97.992
99.873
98.056
100.673
100.308
100.963
103.511
102.47
101.428
102.628
103.218
102.519
101.538
102.454
103.865
101.538
101.925
106.563
102.023
101.808
120.504
95.376
98.327
97.489
99.91
99.921
98.496
100.481
99.718
100.241
97.327
100.488
96.609
96.625
99.718
98.33
99.775
97.737
98.545
94.943
98.2
97.605
98.131
97.989
98.083
97.504
98.263
98.474
97.797
98.266
98.583
102.057
102.59
102.146
102.053
104.195
101.67
101.496
102.504
102.955
105.917
102.707
102.007
101.308
101.474
101.906
98.568
98.774
100.113
100.169
95.575
102.733
95.546
98.12
95.338
97.805
98.361
97.808
98.218
98.286
97.601
98.199
98.29
97.808
97.399
98.12
98.474
98.748
99.74
95.391
100.286
104.203
100.688
102.868
102.41
101.673
102.335
102.97
102.582
102.128
104.042
101
102.725
106.226
102.112
102.158
101.433
100.53
104.639
102.007
100.2
100.97
98.135
100.293
99.97
100.41
96.759
102.429
94.985
96.816
99.154
98.992
99.399
98.312
98.59
94.609
97.688
98.331
98.575
96.992
98.2
98.624
97.233
98.342
98.526
99.85
97.12
102.256
102.519
102.834
101.737
102.861
102.451
102.929
101.507
102.666
106.142
102.331
102.35
100.913
103.023
101.522
103.264
119.718
95.643
98.838
97.334
98.602
101.226
102.477
98.383
98.985
98.745
95.357
97.65
98.192
97.85
98.079
98.785
99.775
99.785
100.437
99.875
99.606
100.417
99.609
94.744
99.233
99.846
98.369
99.782
97.263
95.004
97.462
98.688
98.44
102.041
122.399
96.594
100.639
100.304
96.56
100.91
101.809
102.53
101.62
100.041
99.32
99.857
99.992
100.215
97.65
102.094
94.88
96.601
99.113
98.688
99.846
97.752
98.184
94.985
97.68
98.008
97.951
98.241
97.673
97.631
98.432
97.384
98.222
99.932
99.429
99.962
99.15
98.831
98.872
95.064
97.899
98.368
98.406
100.042
99.973
99.891
100.425
99.15
100.673
99.767
99.576
100.537
99.639
97.617
96.447
99.214
98.85
99.759
101.44
98.128
99.297
98.59
94.88
99.857
98.391
102.011
105.681
102.135
104.256
99.094
101.537
102.271
104.41
100.327
100.929
103.469
102.057
101.962
103.745
101.526
101.816
102.785
102.369
101.71
102.173
103.636
101.488
106.376
102.568
103.406
99.609
99.008
100.327
100.041
99.695
100.801
95.801
102.007
96.234
94.83
97.895
97.658
98.03
98.226
97.845
98.147
97.733
98.196
98.045
97.432
98.057
97.857
98.334
97.715
98.101
101.169
99.241
98.68
100.632
99.71
100.185
99.902
97.248
102.507
101.576
95.909
100.019
99.639
99.88
100.312
99.534
94.537
99.752
99.218
98.918
99.312
98.267
98.327
94.8
98.32
97.583
98.105
97.782
97.929
99.785
97.831
102.353
102.376
102.797
101.88
102.763
102.583
99.71
99.602
99.545
95.504
99.192
95.751
98.098
97.902
97.839
97.808
98.083
98.15
98.064
97.816
98.673
97.376
98.368
98.241
98.789
97.448
102.082
94.903
99.898
98.053
103.815
100.602
102.098
103.173
102.673
100.304
104.432
99.546
98.624
98.575
98.737
96.007
103.673
96.399
99.902
99.699
97.838
96.136
98.872
98.97
99.831
97.823
95.008
98.297
98.112
97.591
97.71
97.985
97.586
97.997
100.338
95.583
98.906
100.661
98.666
98.906
94.846
98.391
98.161
98.072
97.864
99.384
100.44
99.582
100.234
100.127
99.858
99.725
100.564
99.774
99.703
100.2
99.921
100.169
99.917
99.602
95.041
99.361
98.932
99.042
99.439
97.967
100.372
121.703
95.297
98.237
100.034
96.654
101.985
100.041
102.237
103.635
100.342
101.936
102.801
102.703
102.538
101.654
103.417
101.617
101.951
98.831
98.8
98.715
95.575
97.872
97.534
98.064
98.098
97.36
98.952
97.838
97.895
98.372
97.676
100.034
99.831
97.128
96.504
99.394
98.647
99.478
98.112
99.312
99.993
102.022
101.771
103.568
100.086
101.707
102.361
104.158
99.462
99.211
100.263
100.233
99.609
97.759
100.256
102.767
96.455
100.199
97.154
95.865
99.977
99.117
99.489
98.169
95.037
97.609
98.106
98.985
97.03
97.793
97.91
98.338
98.023
98.048
97.215
101.466
102.737
102.214
102.391
102.496
102.914
103.782
101.473
105.384
102.703
101.872
100.771
103.052
101.936
102.083
102.312
102.03
103.015
100.56
102.177
102.162
102.03
102.56
102.368
121.76
99.537
97.937
99.15
94.729
102.433
105.206
103
100.722
101.237
102.756
97.943
99.504
99.695
100.087
95.759
102.128
96.914
98.12
94.534
97.977
97.767
98.673
98.026
97.497
98.549
98.018
97.888
97.485
97.289
98.425
97.928
98.327
97.843
117.703
95.063
98.384
98.071
97.553
101.489
102.823
102.455
102.297
102.064
99.041
98.688
98.782
95.207
97.898
98.049
98.064
98.305
97.943
97.861
98.722
100.417
97.895
99.59
99.914
100.135
97.602
96.894
98.771
98.846
99.432
98.241
100.489
93.293
100.864
106.873
101.432
102.59
101.282
100.463
102.721
104.794
99.334
101.263
102.865
102.361
102.425
102.71
101.632
103.113
102.751
101.959
104.098
101.071
101.673
106.696
102.109
102.594
102.041
100.662
101.488
103.327
103.019
100.549
100.948
103.477
102.346
102.688
101.086
103.162
101.752
102.703
102.951
98.737
99.214
98.722
95.447
97.327
98.057
98.466
97.928
98.015
98.031
98.503
97.681
98.511
100.323
99.2
94.8
98.966
99.448
98.947
99.327
97.767
95.256
98.936
97.241
103.03
106.507
101.109
121.737
95.714
98.215
99.063
102.433
96.24
99.542
98.872
100.169
100.639
99.666
100.785
95.846
94.241
99.368
98.44
99.297
99.421
98.297
100.624
93.027
98.142
98.67
97.545
97.857
97.729
97.534
98.248
97.993
98.56
97.981
97.323
102.263
120.888
95.721
97.782
97.974
99.226
101.864
102.617
102.522
102.068
106.962
102.192
101.76
101.255
101.09
103.327
102.143
102.064
100.76
98.417
99.688
101.184
99.369
95.383
103.376
102.504
95.891
100.003
99.771
99.703
99.929
100.222
100.007
99.857
100.29
101.462
98.617
97.312
96.658
99.127
98.568
99.038
99.432
98.353
94.527
97.714
98.286
97.466
98.135
101.793
101.561
103.398
102.289
106.181
101.628
103.191
102.647
100.113
102.101
97.827
98.782
99.952
100.721
95.433
103.376
94.056
98.222
95.128
97.65
97.921
97.993
97.781
98.414
97.756
98.109
97.643
97.823
97.951
97.936
97.959
99.082
96.993
100.015
101.023
103.496
101.714
102.35
102.451
98.462
99.278
94.835
102.038
93.83
98.155
98.484
99.531
100.218
99.631
99.951
100.895
98.936
100.312
100.391
97.53
95.936
99.376
99.158
99.978
97.552
98.121
94.838
98.218
98.022
98.617
100.872
102.79
102.684
106.214
101.839
102.53
103.007
100.775
101.699
103.646
100.072
101.56
103.41
101.199
102.271
102.616
98.696
98.831
98.778
95.094
98.128
97.969
98.418
100.237
99.394
99.982
99.954
99.688
99.944
100.241
99.789
99.665
100.256
100.391
100
99.899
99.733
99.906
100.342
100.049
99.631
100.143
99.602
100.048
99.929
99.32
95.184
98.91
101.921
101.729
101.297
102.568
104.037
99.44
101.966
121.387
95.922
97.808
100.74
96.211
102.47
102.44
102.255
102.639
103.188
101.67
102.571
97.59
107.865
98.992
99.576
99.56
92.312
99.511
96.624
97.936
97.816
97.624
98.008
97.8
97.888
97.992
98.086
98.218
98.192
98.057
97.631
97.959
99.12
98.455
96.026
99.102
101.658
102.447
102.233
104.47
99.827
100.519
98.872
99.782
100.346
100.304
97.361
101.215
102.481
95.71
100.019
99.575
100.008
100.15
100.403
99.612
97.444
96.684
98.963
99.297
99.327
98.12
94.981
98.09
97.357
98.042
97.729
100.831
95.898
98.023
101.368
102.831
102.519
102.019
102.936
102.023
107.368
100.992
101.839
101.304
101.609
101.726
104.857
99.575
101.418
103.199
98.218
98.376
99.47
95.943
102.354
101.646
96.098
96.823
96.73
99.59
98.406
98.635
100.049
98.199
99.282
93.606
97.327
98.131
98.207
98.038
97.857
97.97
98.428
100.579
97.598
102.504
102.586
101.399
102.545
102.417
102.365
102.425
99.545
99.511
99.865
94.766
100.534
94.636
97.646
98.256
98.297
98.086
97.873
97.68
98.233
97.985
98.015
98.384
98.721
98.519
100.929
99.447
94.808
99.354
99.571
98.113
102.402
101.192
102.086
102.098
102.015
103.369
99.823
99.65
99.831
100.335
99.368
97.057
100.913
102.568
96.27
100.019
100.692
99.466
100.094
99.681
100.112
99.97
99.831
97.624
96.463
99.248
99.218
99.59
99.921
99.688
98
95.022
97.455
98.29
98.297
97.801
97.823
102.162
101.782
98.823
98.425
99.127
95.279
97.379
98.591
98.063
97.64
98.379
97.647
98.391
97.631
98.546
98.172
99.297
100.369
99.913
100.346
99.726
99.97
99.782
100.113
94.781
99.568
98.884
98.605
102.699
101.812
101.481
101.561
97.951
99.018
100.598
98.624
96.587
102.876
94.018
94.865
97.966
98.049
98.271
97.688
98.225
97.846
98.835
98
97.406
98.177
97.793
98.425
97.996
98.665
97.361
99.978
100.3
123.425
95.951
97.872
97.921
97.993
101.759
102.312
102.361
102.959
102.68
102.32
102.233
105.801
102.12
103.406
99.32
102.793
102.271
104.142
99.899
98.631
100.177
99.959
100.402
99.838
96.775
103.436
91.301
99.481
99.568
98.312
99.383
98.034
94.725
104.752
93.459
97.917
97.617
98.098
97.661
98.042
98.15
97.571
98.256
98.733
98.793
102.049
101.816
102.639
103.425
101.985
102.361
102.74
102.752
105.842
102.993
101.022
101.76
100.752
102.274
102.936
103.342
99.76
98.722
100.639
99.864
100.624
99.624
96.312
94.985
98.745
98.646
99.598
98.722
98.079
94.225
98.737
97.568
98.12
98.414
97.417
98.583
97.263
99.21
96.967
97.906
98.206
100.512
102.12
102.992
102.091
103.128
101.447
102.838
102.339
101.703
103.214
101.891
106.932
118.323
95.861
98.256
97.177
101.958
100.418
99.409
98.952
100.624
99.71
100.579
97.109
95.609
107.681
94.511
99.263
100.305
100.338
100.158
99.361
99.022
99.786
100.538
99.654
96.582
98.715
99.936
98.327
97.872
94.519
98.022
97.572
98.184
97.767
99.616
97.952
104.12
100.71
101.948
102.285
103.155
105.812
102.394
102.327
101.594
100.734
103.834
102.921
100.143
101.184
103.237
101.147
102.68
102.782
102.271
102.297
98.658
98.537
98.662
95.59
97.395
102.673
95.556
97.963
98.233
97.654
99.368
100.072
99.778
100.214
94.47
99.019
99.887
98.128
100.12
97.511
95.049
98.015
97.177
100.094
97.872
102.865
102.019
103.12
97.831
100.113
98.357
95.823
100.801
94.289
98.342
98.354
97.921
98.214
97.504
98.44
98.218
97.816
98.176
98.519
97.59
97.993
98.906
100.263
95.128
99.673
98.673
100.872
102.135
103.455
101.199
102.057
101.71
99.963
103.838
100.801
102.894
102.064
102.139
98.294
98.815
98.771
96.733
96.113
98.083
98.037
98.722
99.775
95.672
99.128
99.072
98.958
99.873
98.09
94.575
97.966
98.327
97.019
99.793
96.455
97.929
98.255
100.512
102.928
102.504
102.12
102.072
103.624
101.793
103.447
104.406
104.467
99.39
102.297
97.647
99.432
99.85
100.056
95.967
96.406
107.458
92.44
94.391
98.233
97.76
98.263
97.992
97.793
98.504
97.278
98.97
97.158
98.121
98.048
98.339
97.752
98.199
99.109
99.522
103.177
102.117
102.24
101.94
98.286
98.729
98.184
95.632
98.312
97.767
98.823
100.384
94.481
99.44
99.496
98.865
99.654
97.707
95.375
98.008
97.398
97.715
97.774
98.511
98.147
97.613
100.635
101.406
102.688
101.425
102.846
102.481
102.951
102.425
106.335
101.842
100.774
102.587
101.432
97.71
99.662
99.275
99.917
95.812
95.804
109.395
87.384
97.037
98.324
98.488
97.527
98.233
97.759
98.222
97.312
98.034
97.733
97.763
98.872
98.414
98.169
97.631
99.41
102.151
102.575
102
102.496
98.857
98.489
98.887
94.985
98.207
98.567
97.241
99.865
100.161
99.741
99.346
100.094
99.744
99.993
96.297
98.47
99.176
99.339
98.391
94.601
98.421
97.752
98.184
97.824
99.251
100.252
100.169
102.583
102.594
102.647
102.522
106.038
103.977
99.858
100.894
102.023
102.823
102.643
100.68
98.974
98.361
100.68
99.527
100.346
95.353
95.838
99.233
98.854
99.823
98.177
94.154
98.263
98.271
97.962
98.057
98.312
97.477
98.722
96.816
97.992
97.981
98.049
99.271
98.586
103.903
100.849
102.47
101.316
102.372
102.523
102.488
103.128
101.846
103.474
103.872
103.808
102.369
101.428
101.203
102.56
102.046
102.432
101.417
102.151
98.635
98.511
98.831
96.056
97.057
102.222
99.906
99.921
99.823
100.049
99.91
99.086
100.098
99.831
99.898
100.297
96.421
98.519
99.195
99.185
98.808
94.342
97.335
98.112
97.722
98.831
97.417
99.335
101.737
102.191
102.944
102.711
104.056
100.842
105
103.214
101.064
100.835
103.053
103.827
100.541
101.192
103.195
100.711
102.101
103.162
102.432
102.808
102.031
102.402
102.143
103.127
103.185
101.503
106.249
99.454
99.376
99.185
92.537
100.778
94.117
99.944
96.248
98.184
97.631
98.132
97.974
98.034
98.214
98.271
97.815
97.978
98.207
97.368
98.816
97.816
98.575
97.737
101.834
103.199
103.226
103.256
99.454
100.696
98.071
98.85
100.838
97.207
100.778
96.56
100.44
99.233
96.782
98.162
100.447
97.914
94.782
98.44
97.752
97.891
98.165
97.455
98.319
97.764
97.71
98.222
98.259
98.718
99.73
102.481
102.263
102.519
102.026
102.692
101.451
102.951
98.617
98.552
99.072
95.575
97.162
98.488
97.718
97.824
98.616
97.433
98.12
98.207
97.958
98.012
97.597
100.169
95.256
99.504
98.808
98.76
99.063
99.425
94.418
101.624
105.951
102.094
101.394
117.421
96.083
99.094
97.09
99.527
102.853
101.684
102.32
102.079
102.158
103.112
102.587
118.241
99.939
94.339
98.188
100.09
106.132
101.789
102.44
102.098
101.048
102.166
102.816
103.688
100.481
100.391
98.44
99.913
97.793
99.376
93.936
99.305
99.368
98.764
99.834
97.914
94.894
97.839
97.857
98.113
98.12
98.229
98.211
97.646
97.809
102.616
95.745
98.071
98.256
97.206
101.873
101.992
102.744
102.177
103.072
102.022
103.921
101.218
102.733
102.545
105.384
102.049
102.079
102.53
121.158
95.507
98.117
97.819
100.598
99.32
100.928
102.786
101.519
103.661
101.324
102.263
98.831
98.142
98.44
96.572
97.248
97.838
98.278
98.136
97.579
98.24
98.606
100.266
100.313
99.342
100.673
99.928
100.094
99.808
100.034
99.76
100.229
99.609
98.098
96.319
98.632
99.214
100.331
98.808
102.56
102.008
100.639
101.583
98.394
99.895
100.376
96.887
100.497
100.639
95.545
95.169
98.391
97.759
97.519
97.771
98.383
97.887
98.17
97.981
98.09
98.15
97.369
98.631
98.425
98.56
116.057
95.665
98
97.966
98.85
97.726
103.033
102.121
102.526
102.177
102.857
102.654
102.602
101.575
106.624
102.304
102.598
102.169
100.538
102.432
98.511
99.121
99.767
100.511
95.977
100.722
97.143
94.207
98.331
97.635
98.154
98.368
97.512
97.838
100.376
95.778
98.301
97.466
97.41
98.064
97.958
100.034
95.598
100.538
100.221
98.737
100.226
100.094
100.146
100.422
96.563
103.053
91.143
99.722
99.113
98.845
99.305
98.327
94.601
97.688
98.737
97.602
97.56
98.47
96.992
98.263
97.895
98.248
100.673
95.241
101.327
102.417
102.44
98.959
98.481
98.782
95.417
98.026
100.982
95.815
97.346
98.425
102.256
97.722
99.627
99.771
99.936
100.263
100.057
100.101
99.827
97.673
96.974
98.767
98.898
99.248
97.531
96.037
97.703
97.538
101.718
106.44
102.225
101.425
102.816
102.207
100.8
101.688
104.944
99.695
100.978
103.101
102.139
101.542
102.575
103.962
101.252
101.978
102.473
102.936
102.553
102.823
106.29
101.959
101.496
105.214
98.083
102.485
101.763
103.989
100.297
101.736
102.937
103.391
100.969
101.703
102.482
102.748
102.515
101.263
103.248
103.169
102.583
101.335
106.353
102.44
102.744
99.895
101.537
102.914
103.541
100.098
102.03
103.09
102.662
101.154
98.414
98.594
99.071
95.511
97.824
98.267
99.887
99.838
99.985
99.993
99.71
96.963
96.868
99.564
98.895
99.654
98.026
95.03
97.651
97.421
98.105
98.263
98.199
99.233
97.241
102.297
98.816
99.293
98.962
94.482
98.101
98.041
98.113
98.199
98.008
98.086
98.252
98.639
99.869
99.928
94.794
99.83
98.899
98.838
99.451
99.406
94.087
97.913
99.249
97
101.71
102.921
102.545
102.271
96.406
99.545
95.29
99.342
95.827
97.91
98.033
98.192
98.263
97.816
97.703
98.455
97.571
98.271
97.906
98.199
97.824
98.376
99.977
99.286
95.353
98.583
100.071
104.136
99.913
102.496
104.816
99.801
100.271
98.714
99.165
101.376
99.857
97.173
96.993
96.5
99.214
98.59
100.192
98.195
94.895
97.902
98.452
97.909
98.489
97.248
98.027
98.206
97.767
98.455
98.41
97.391
97.921
101.143
101.665
102.872
102.936
102.47
101.591
103.154
103.966
100.913
102.162
99.023
99.736
99.726
95.259
99.903
95.391
98.067
97.636
98.105
98.203
98.335
97.766
97.91
98.188
97.91
98.135
98.226
97.959
99.943
99.602
94.511
99.496
100.651
98.454
102.944
101.368
102.031
101.665
103.857
99.647
99.154
104.342
98.801
98.398
95.496
100.937
102.815
90.801
99.722
98.767
98.383
100.369
98.049
94.894
97.839
98.353
97.985
97.865
98.421
97.643
97.924
98.324
97.597
98.226
97.865
100.548
102.482
102.199
102.816
102.312
102.567
103.019
102.489
104.023
104.342
120.936
95.488
98.218
99.542
97.015
102.12
101.226
99.304
99.335
99.962
100.038
100.075
97.846
100.391
103.146
95.809
99.823
100.056
100.256
99.504
99.767
100.263
99.601
100.256
99.951
100.015
100.154
99.587
100.406
97.703
96.801
99.278
98.12
99.97
97.816
100
93.857
97.173
97.673
101.12
103.297
100.617
102.853
106.361
101.583
102.473
101.072
102.395
103.909
99.696
99.68
99.745
100.112
99.824
100.376
97.214
101.752
91.906
99.376
99.056
98.29
99.357
98.609
94.488
98.406
97.835
98.117
97.921
98.034
98.646
96.944
98.049
98.376
98.375
97.873
100.184
102.801
102.071
102.44
101.944
103.39
103.072
103.177
101.582
102.128
106.049
102.489
101.304
101.049
102.519
102.631
102.85
100.376
101.109
103.139
101.624
103.816
100.895
102.616
102.647
103.09
102.752
101.135
103.264
102.24
101.936
106.793
102.305
100.504
102.248
102.774
101.857
103.903
100.537
100.79
102.383
102.681
101.879
101.523
102.944
102.229
102.883
102.966
103.576
101.225
102.745
105.654
102.466
102.605
100.241
102.097
102.264
102.985
103.391
99.082
101.974
103.312
101.808
102.903
101.048
98.143
98.387
95.839
100.098
95.902
98.56
98.312
99.774
99.794
97.616
96.425
99.598
98.793
99.59
97.835
95.192
97.973
97.673
97.963
98.109
98.105
97.616
97.94
100.854
102.639
104.056
101.399
101.184
102.864
106.369
102.038
101.977
102.936
100.545
101.76
98.59
99.218
99.838
99.835
96.447
101.639
96.673
98.406
94.496
97.647
98.128
97.842
98.312
97.801
98.248
98.086
97.767
97.545
97.831
98.282
98.057
97.609
98.109
99.026
119.895
95.582
97.88
99.447
98.124
101.662
101.921
103.064
105.312
100.064
101.936
102.673
102.568
105.391
102.131
103.038
100.729
101.511
103.583
103.335
99.665
100.729
99.143
99.192
100.335
100.409
96.583
102.504
97.631
100.012
99.951
99.88
99.797
94.819
99.192
99.759
98.545
99.854
98.041
94.993
97.695
97.714
98.365
97.696
98.161
101.32
95.77
98.82
97.665
101.297
98.936
98.343
99.033
95.256
97.895
97.567
98.128
98.41
97.568
99.8
99.846
99.632
100.252
99.71
94.662
99.571
99.271
99.56
99.162
98.022
98.767
94.56
97.809
99.361
96.887
101.801
102.545
107.349
101.384
102.473
102.102
101.305
101.913
102.128
103.462
99.963
98.831
100.199
99.729
100.526
99.97
96.936
104.35
100.218
93.098
96.526
98.993
99.214
98.274
99.553
98.286
95.176
97.809
98.718
96.992
98.113
98.049
98.192
97.733
98.323
97.959
98.041
101.929
103.797
101.913
101.184
102.745
102.368
102.556
102.564
101.967
107.466
101.958
100.455
102.643
101.421
102.793
102.057
100.113
99.725
99.85
99.767
100.688
96.834
102.854
94.112
96.865
99.399
98.481
99.943
97.482
95.015
98.293
97.834
98.151
99.488
96.681
97.782
97.714
98.32
98.218
97.383
98.072
101.398
102.297
99
98.361
98.801
95.237
97.53
98.27
97.967
98.458
99.737
100.113
100.263
96.917
97.098
104.256
95.872
99.282
98.575
99.737
98.116
94.564
98.079
98.32
97.887
98.256
97.68
101.801
102.24
102.696
102.654
102.722
105.992
101.918
101.65
101.654
101.681
103.842
100.894
100.726
103.53
101.342
101.97
103.199
103.538
101.391
101.88
122.793
97.673
99.007
98.639
98.249
101.342
102.184
103.049
101.304
101.248
102.177
97.504
98.917
100.211
99.789
96.282
98.03
98.5
99.549
93.203
98.342
97.752
98.03
98.105
98.297
97.76
97.169
98.158
98.714
97.669
98.305
98.12
99.113
96.583
101.21
100.624
102.256
103.285
101.816
98.752
98.113
99.511
94.944
97.346
98.616
99.872
99.752
99.786
100.094
100.105
99.974
99.955
99.767
94.928
99.124
99.203
98.929
100.113
97.823
94.944
97.879
98.215
97.872
97.646
99.147
97.489
103.233
101.18
104.324
101.582
106.56
102.824
101.473
100.583
103.376
101.41
101.767
102.541
100.417
101.519
102.948
98.936
98.861
98.872
95.161
103.328
93.672
97.155
98.59
98.973
99.211
99.425
98.413
94.376
98.41
98.271
98.12
97.966
97.666
98.169
97.928
98.215
97.906
98.079
99.951
102.594
101.91
103.304
101.511
102.545
102.233
103.711
101.432
99.241
99.865
99.605
94.992
99.482
95.966
98.346
97.8
97.677
98.154
97.966
98.617
97.496
98.019
97.789
98.685
97.725
99.094
99.226
100.022
99.56
95.151
99.586
117.113
95.12
97.895
100.639
97.985
101.568
100.154
100.342
98.737
99.786
97.605
99.71
95.756
107.549
94.823
99.339
99.289
100.214
100.121
99.289
100.15
100.143
100.057
100.113
96.672
98.794
98.774
99.455
98.583
94.819
97.414
97.879
98.234
97.688
98.71
114.658
95.726
97.65
97.624
101.214
99
98.666
98.661
95.113
97.906
98.951
96.696
98.409
98.064
97.831
98
98.199
98.234
97.782
98.345
98.696
99.793
94.993
99.112
99.252
98.985
99.184
98.546
100.936
102.695
102.391
100.226
102.199
101.631
121.76
95.842
97.68
99.455
96.831
101.778
101.512
103.105
101.605
102.906
102.966
101.779
102.548
98.651
98.248
99.105
95.775
97.071
98.647
97.259
98.519
97.552
98.294
97.842
100.319
95.782
97.914
99.688
99.71
94.842
99.2
98.8
99.064
99.786
97.365
99.481
100.985
102.03
102.496
100.233
103.128
100.049
96.015
96.944
102.297
94.56
96.432
97.342
98.466
97.711
98
97.553
98.176
97.357
98.057
97.842
103.064
96.128
102
93.567
98.846
98.812
97.47
109.376
96.899
106.165
96.647
96.985
109.601
95.598
97.737
102.454
102.305
102.128
102.88
102.8
98.327
101.572
100.357
98.793
102.729
93.944
97.135
97.752
98.064
97.639
98.482
97.902
97.864
98.234
98.229
97.891
99.744
99.357
94.865
98.85
99.545
98.932
99.643
98.248
94.248
106.44
101.519
102.879
100.561
101.545
101.631
103.091
102.766
99.606
99.12
100.105
100.32
99.838
97.466
101.602
92.624
99.207
97.8
100.102
98.263
98.29
94.992
98.015
98.034
97.974
98.402
97.88
97.654
97.849
97.737
98.391
97.801
97.165
100.899
103.447
102.079
102.169
102.342
95.884
103.996
98.827
98.008
96.575
96.688
98.545
97.398
97.617
98.711
97.864
98.489
99.688
99.936
99.985
99.744
95.102
99.128
99.56
98.458
99.895
97.88
95.353
97.527
99.898
98.335
102.376
102.176
102.391
105.76
102.586
100.662
101.665
99.278
99.327
99.843
100.176
100.098
96.117
96.233
108.503
96.143
98.38
99.654
98.35
94.729
98.376
97.853
98.004
97.805
98.812
97.368
98.256
97.312
98.18
97.707
98.12
97.703
97.914
100.767
101.921
101.879
102.391
102.824
103.631
101.842
101.527
102.545
102.44
102.97
102.627
105.29
102.639
101.432
102.451
102.813
103.345
100.418
100.477
104.049
100.744
101.527
102.864
102.433
102.255
98.602
98.207
98.921
95.936
97.575
97.282
98.349
98.553
97.993
100.439
99.914
99.35
95.515
98.342
99.639
99.12
99.192
98.271
94.364
97.572
98.21
98.553
97.887
97.846
102.586
101.929
102.094
102.553
102.285
106.778
102.609
101.117
102.906
101.353
101.591
101.992
100.959
102.77
101.662
102.696
101.879
102.508
98.646
98.985
102.797
91.658
97.384
96.714
98.504
98.022
99.85
100.199
95.455
99.192
98.895
98.515
100.079
97.687
94.504
97.767
97.745
98.409
98.185
97.808
99.853
99.305
101.624
101.582
102.448
103.466
102.192
103.338
105.214
102.76
101.289
100.782
102.256
98.169
99.071
100.519
99.793
95.737
96.027
108.958
91.173
94.248
98.384
97.913
98.106
98.383
97.729
98.44
97.812
97.621
98.03
98.097
98.03
98.346
98
97.647
98.857
101.015
102.519
102.41
102.793
102.214
102.297
101.598
103.056
102.643
102.647
102.071
102.369
106.936
102.447
101.778
102.463
99.601
102.583
99.037
99.64
100.379
99.921
95.854
96.105
106.496
93.985
94.06
98.617
97.583
98.18
98.173
98.523
97.398
98.056
97.185
98.007
98.248
98.433
98.056
98.207
99.473
97.192
99.489
103.316
100.793
119.297
95.744
97.673
97.839
101.454
102.632
102.368
101.993
103.135
102.339
102.24
102.662
102.383
100.064
99.075
99.192
92.929
96.831
97.943
97.666
98.052
97.523
98.297
98.556
97.184
98.425
97.816
97.737
98.673
97.503
98.568
98
98.222
97.195
98.512
100.376
103.439
101.305
98.222
99.019
100.511
99.759
95.903
96.759
107.124
92.951
95.094
97.85
97.44
98.597
98.034
98.169
98.008
98.071
97.399
97.872
98.041
98.128
98.271
98.113
99.15
96.898
100.538
102.263
102.222
103.635
101.23
102.575
119.026
96.166
97.53
97.53
102.165
113.192
99.793
102.263
97.504
102.944
101.297
101.12
102.413
104.29
99.801
100.977
102.696
98.252
98.5
98.797
96.003
97.399
101.801
99.86
100.019
98.808
100.016
99.928
100.023
100.154
99.718
100.064
99.921
96.624
98.496
99.271
99.398
98.248
94.485
97.997
98.105
98.12
97.974
98.319
98.97
101.418
102.838
102.282
102.334
98.865
99.214
98.737
95.064
98.354
97.774
97.887
97.993
97.906
98
98.086
98.369
98.142
97.993
97.929
98.165
98.53
99.944
95.282
99.214
101.831
97.331
99.255
99.966
101.474
103.079
99.263
102.666
102.214
103.323
100.357
101.624
98.779
98.774
99.056
97.185
96.342
101.515
100.037
96.553
99.177
98.71
99.256
98.41
94.808
98.312
97.91
97.793
97.895
97.864
97.778
97.974
98.199
98.53
97.737
97.767
101.936
96.32
100.368
95.639
102.673
92.128
98.722
99.244
100.425
94.838
99.685
99.376
98.447
100.023
97.823
95.015
97.616
97.771
98.169
97.557
98.274
97.744
98.952
98.639
101.737
102.823
102.583
101.594
103.041
99.086
98.602
98.477
96.587
100.684
94.304
98.068
97.876
98.098
97.906
98
98.158
97.864
97.696
98.056
98.008
100.192
95.391
99.439
98.794
98.345
99.632
98.184
101.008
102.966
102.274
101.583
100.921
102.583
104.105
100.079
100.752
99.135
98.745
99.736
95.177
97
107.079
95.887
99.489
96.729
99.222
98.504
100.09
97.688
95.327
97.504
98.391
98.034
97.488
98.407
97.312
97.936
97.887
98.071
98.361
98.872
102.023
102.331
102.879
101.745
102.304
102.805
102.53
102.744
102.639
105.936
102.177
102.624
100.391
101.632
119.522
95.895
100.838
96.282
99.17
100.094
100.913
102.647
101.977
102.173
102.65
102.489
103.256
104.519
99.8
102.215
102.898
106.534
101.801
101.68
101.376
101.222
102.616
103.64
99.969
102.192
102.41
102.511
102.215
101.778
98.101
99.027
95.609
99.349
96.73
98.304
98.214
99.545
100.414
99.353
100.737
99.899
97.661
96.384
99.425
98.518
99.97
97.993
94.319
98.008
98.079
98.161
98.561
98.045
97.778
104.462
101.361
101.59
102.594
102.241
105.229
102.978
101.928
100.959
102.722
98.173
99.353
99.985
99.624
95.985
96.376
107.447
92.944
94.496
98.312
97.722
98.399
98.184
98.086
97.617
97.943
97.696
98.289
97.448
98.44
98.353
97.729
97.869
99.09
99.575
98.361
100.335
100.297
99.887
97.65
96.181
106.488
94.952
99.274
99.383
99.846
100.154
99.666
101.342
103.985
96.278
99.801
101.966
97.921
99.015
96.744
98.587
98.782
99.65
97.711
95.319
97.76
97.488
98.632
100.432
101.177
102.665
102.606
105.737
101.361
102.718
101.323
101.816
102.229
104.169
100.135
101.632
102.759
101.858
101.872
102.673
102.68
101.583
102.928
98.752
98.824
98.913
95.023
97.906
97.695
98.35
97.643
98.748
97.883
98.399
99.857
100.192
100.176
99.797
99.587
100.688
99.808
99.711
97.575
96.5
99.052
99.418
99.154
98.124
98.346
100.361
101.83
102.474
102.151
101.071
102.128
102.744
103.207
99.767
100.977
98.384
99.643
100.575
100.176
96.621
103.402
96.447
100.482
99.432
99.865
100.413
99.914
99.966
99.958
100.316
99.384
100.278
99.759
100.169
99.952
100.09
99.902
99.929
100.447
100.267
99.109
100.271
99.492
97.541
96.497
99.894
98.771
99.519
97.857
102.327
101.361
101.575
101.455
102.632
102.015
103.323
99.496
99.669
99.155
100.857
99.932
97.244
100.271
95.192
98.951
98.632
98.199
99.105
99.466
98.278
94.655
97.864
97.906
98.094
97.85
98.481
99.79
96.105
97.398
98.403
98.462
98.226
102.631
101.808
98.433
99.086
98.56
95.278
97.801
97.681
98.609
98.488
99.662
100.098
99.88
96.992
97.575
98.85
98.774
99.207
98.139
95.613
97.368
97.936
98.049
98.049
99.271
96.462
101.346
102.711
122.21
95.44
99.237
99.504
99.642
101.794
103.165
100.474
101.831
104.218
100.59
99.688
99.09
100.308
99.418
100.432
96.816
94.105
98.944
99.47
98.56
99.665
98.29
94.654
98.282
98.079
97.782
97.872
98.169
97.921
97.639
98.162
98.252
98.282
100.064
96.105
101.455
103.567
98.316
98.703
99.087
95.112
97.918
98.161
98.248
98.944
100.143
100.218
99.526
99.884
100.564
99.353
100.056
100.256
99.97
100.308
100.064
99.372
100.207
100.12
100.2
99.966
99.616
94.403
100.015
98.872
99.079
99.12
98.872
102.696
103.105
99.718
102.098
102.255
103.895
100.323
101.207
103.293
101.801
102.865
102.282
102.022
102.527
103.353
101.342
102.444
102.624
102.725
106.482
101.759
103.282
100.447
101.286
102.312
102.113
103.496
100.29
101.646
103.057
103.094
103.658
101.248
101.263
103.079
101.808
102.44
102.331
103.015
102.037
106.53
103.831
101.808
99.091
103.428
101.587
102.225
103.038
100.071
98.842
99.617
100.361
100.252
94.304
96.658
99.293
98.929
98.977
100.031
97.642
94.959
97.921
97.865
98.421
97.827
97.917
98.199
96.97
98.872
97.88
98.128
99.162
96.616
102.902
100.696
102.289
102.087
102.834
101.726
103.489
101.985
102.661
101.346
98.936
98.745
99.605
95.064
98.447
97.515
97.624
98.512
97.161
98.143
97.816
98.271
98.496
97.688
100.688
96.218
98.932
99.579
100.369
99.928
99.12
95.222
100.143
97.594
101.929
102.206
100.688
102.489
101.823
102.839
100.019
99.518
99.433
100.496
100.327
96.992
101.369
102.654
93.135
96.617
99.192
98.849
99.496
98.17
98.101
95.132
98.421
97.823
101.752
96.639
97.32
98.112
97.97
98.185
98.03
99.985
97.218
102.567
102.335
102.489
102.142
102.305
103.128
101.936
107.534
101.376
101.913
101.929
101.534
101.052
103.831
103.737
99.853
103.707
101.534
100.361
103.263
101.545
96.124
100.132
95.703
98.695
97.008
98.665
99.079
99.609
100.113
100.128
100.135
99.838
97.147
97.192
98.951
99.135
99.316
97.917
98.226
94.876
97.849
97.955
97.711
98.192
97.616
101.222
101.601
102.624
98.752
98.97
98.775
95.304
98.463
97.8
98.038
97.985
98
97.962
98.335
101.71
95.794
97.763
98.639
100.241
99.819
99.88
99.673
100.146
100.158
99.801
99.703
100.169
94.951
99.745
98.015
102.203
101.868
102.132
102.823
102.44
100.654
98.929
99.887
100.082
100.181
97.387
100.767
102.023
96.274
100.68
100.023
99.53
99.59
100.177
97.662
96.744
99.128
99.21
98.008
99.808
98.504
93.974
98.105
98.143
97.714
98.128
97.895
98.015
98.127
102.73
101.729
99.173
98.241
99.282
94.906
97.823
98.541
97.632
98.53
97.865
98.045
98.368
97.887
98.827
101.493
99.906
100.282
101
98.94
100.026
99.688
99.974
100.026
100.342
99.098
99.752
94.658
99.951
98.541
102.267
101.023
101.376
102.567
104.489
100.022
100.775
103.695
101.876
102.448
101.184
103.105
102.342
102.312
98.459
98.944
99.24
94.989
97.834
98.343
97.657
98.549
99.252
96.767
97.895
100.199
100.177
99.831
97.097
97.297
99.106
99.165
99.305
97.736
98.752
94.369
98.605
96.763
102.632
101.455
102.567
105.839
102.131
102.711
100.879
101.512
99.176
99.609
100.064
99.485
96.963
100.15
97.759
98.632
94.842
97.936
97.831
100.083
96.846
97.447
98.289
97.937
97.943
98.271
97.075
97.838
98.448
97.737
100.063
96.049
100.03
103.993
100.432
102.121
102.609
102.319
102.666
102.015
103.157
102.809
101.879
101.512
103.496
106.071
102.944
103.729
98.891
102.711
102.801
120.83
95.79
98.162
98.218
97.624
100.616
102.974
101.177
102.695
98.353
98.782
98.993
95.289
97.568
98.248
97.857
98.181
98.113
99.872
100.424
100.087
99.729
99.816
100.241
99.846
100.146
99.902
100.207
99.85
99.376
94.714
99.102
99.297
99.383
99.184
100.602
96.902
101.511
102.184
102.256
101.369
103.353
101.199
103.583
99.688
101.218
103.526
101.297
102.425
102.192
102.488
104.279
100.439
102.155
102.688
102.669
102.233
102.598
102.594
106.289
101.357
102.594
100.624
102.406
104.042
100.154
119.47
95.417
98.361
97.583
100.439
102.504
102.151
102.21
102.248
103.32
101.624
102.455
102.793
105.767
102.665
101.222
103.729
101.057
101.398
104.256
98.985
101.902
102.929
102.041
102.297
102.575
103.143
101.312
98.56
98.767
97.955
96.346
96.083
98.744
98.075
97.951
98.128
99.192
100.24
100.136
100.056
97.327
96.538
99.447
99.03
99.56
97.467
98.496
94.598
97.827
98.135
97.654
101.496
102.978
103.135
105.113
102.278
102.568
103.177
99.984
101.782
102.098
102.865
100.319
99.282
99.598
100.56
100.113
97.233
100.184
102.448
96.646
100.598
99.29
100.135
99.673
100.24
100.03
99.632
100.113
100.451
100.045
99.489
100.225
99.982
100
100.056
100.019
99.526
100.729
99.831
99.722
99.767
99.632
100.77
99.151
99.774
94.906
99.192
101.03
100.019
101.195
100.729
103.162
101.865
103.349
99.842
98.455
100.658
99.944
96.959
100.127
101.177
92.974
99.097
99.463
99.128
99.297
98.12
95.169
97.463
98.503
97.651
97.887
98.297
98.214
97.376
98.154
97.598
100.643
101.556
95.752
101.417
102.775
102.985
95.21
97.2
96.703
97.631
97.823
98.906
97.32
98.696
99.184
100.248
100.056
99.677
97.692
96.364
99.553
98.771
99.804
97.842
94.711
97.947
99.015
96.861
101.481
95.722
100.831
98.545
96.271
98.609
97.105
97.774
98.647
97.872
97.56
98.497
97.8
104.489
96.128
97.575
98.617
98.064
97.582
102.154
94.752
99.606
98.488
99.233
99.767
99.865
99.526
105.523
97.03
101.034
100.112
100.512
103.349
99.155
98.56
97.631
98.207
100.353
102.497
94.808
93.575
97.752
97.872
98.44
98.214
98.162
98.03
102.312
96.395
98
97.729
98.214
97.858
98.312
97.864
99.767
96.158
99.696
104.8
100.786
101.895
101.319
103.651
101.285
102.203
103.741
102.143
102.297
102.906
102.022
106.297
101.782
102.538
105.617
101.086
104.147
99.327
100.206
98.921
104.929
98.752
98.616
95.734
100.432
102.256
101.154
94.864
100.519
99.654
100.241
100.274
99.79
99.823
99.932
100.03
100.098
100.053
97.466
96.729
99.414
98.391
100.267
98.022
98.376
94.305
97.951
98.319
100.275
96.974
101.135
103.425
103.511
104.729
102.576
120.037
95.493
98.086
97.85
100.109
100.425
100.09
99.199
99.665
100.124
100.324
97.312
101.207
101.496
96.744
100.335
99.571
99.981
102.384
97.977
96.782
97.169
98.846
98.7
99.078
99.602
97.868
95.38
97.357
97.985
97.711
98.24
98.233
98.617
98.184
102.861
100.688
103.154
102.857
101.647
107.086
102.312
102.715
101.022
101.376
101.335
103.049
103.808
99.906
100.744
98.527
99.827
100.357
99.913
96.831
101.966
102.042
93.706
96.414
99.53
98.485
98.218
99.79
98.33
94.967
98.041
97.902
98.049
103.59
95.97
98.376
97.29
98.086
98.617
97.703
99.913
98.038
102.744
101.609
102.902
102.587
101.767
103.353
102.575
105.497
101.815
102.959
102.504
100.304
102.177
102.305
103.567
101.057
101.654
102.346
102.127
102.538
101.323
102.139
98.639
103.192
99.489
99.744
94.816
97.177
98.455
97.759
98.011
98.004
97.744
99.745
99.842
94.594
99.007
100.038
99.064
99.338
98.158
98.538
94.244
97.891
98.312
98.737
99.263
101.32
101.752
103.03
102.601
106.03
102.098
101.425
100.943
102.88
102.496
102.346
100.805
103.635
100.895
102.12
102.823
102.072
102.474
101.327
103.631
103.831
101.575
101.53
102.944
106.455
101.289
102.651
101.387
102.12
101.722
98.289
98.967
99.785
100.56
98.358
101.056
93.515
98.774
94.696
98.105
97.917
97.816
98.474
97.887
99.233
96.512
97.353
97.823
98.617
97.943
98.354
99.767
95.594
100.064
104.278
100.665
101.925
103.771
101.064
103.206
101.545
103.67
102.898
101.417
101.692
103.696
104.985
102.263
101.955
102.361
100.943
102.448
98.248
98.71
100.376
99.823
95.673
103.015
95.936
98.29
94.346
97.846
98.199
98.504
98.267
98.319
97.519
98.248
98.44
98.09
97.726
97.143
98.417
97.759
98.192
97.778
100.688
103.745
102.071
101.15
103.523
102.128
102.639
101.504
100.169
98.383
99.079
95.023
102.361
93.218
98.398
99.744
96.681
98.022
98.064
99.906
99.734
99.593
99.824
100.304
99.455
100.511
99.948
99.68
97.805
96.579
98.861
98.879
99.459
99.774
96.985
103.32
101.647
101.282
98.007
102.113
100.793
100.662
100.421
100.387
100.143
95.511
98.65
99.76
98.353
94.35
98.263
97.305
98.751
98.068
97.76
98.157
97.839
98.075
98.128
97.511
98.071
97.922
98.624
97.808
98.47
101.402
102.887
102.376
103.169
101.113
103.613
103.601
100.76
101.906
102.086
103.2
102.721
105.478
101.943
102.835
101.432
102.079
121.425
95.775
98.056
98.474
98.383
99.541
102.692
102.654
102.192
102.184
98.839
98.808
99.139
95.022
98.038
97.489
98.225
98.177
98.297
99.884
100.18
100.079
99.327
100.199
100.44
99.786
99.737
100.214
99.639
94.594
99.079
99.481
98.951
98.985
99.703
94.008
98.056
101.162
106.101
102.042
101.823
101.256
102.097
102.087
102.098
102.917
100.049
99.056
99.376
101.056
99.865
97.064
102.496
94.429
96.116
99.76
98.902
98.831
99.402
98.568
94.759
97.737
98.15
98.008
97.504
98.199
97.819
100.734
96.248
97.691
98.406
97.801
101.944
103.737
101.511
101.575
102.417
103.312
101.576
102.567
103.03
106.331
101.414
103.079
101.139
101.526
102.538
103.631
100.715
99.966
99.12
99.782
100.049
100.673
94.113
96.797
99.259
98.804
99.361
99.786
97.85
99.323
94.075
97.662
98.635
97.56
98.158
98.038
97.729
98.169
97.384
98.759
98.402
97.046
102.203
103.368
101.256
102.526
101.192
103.53
101.846
102.857
102.319
102.816
105.673
104.034
99.883
102.098
100.696
103.473
103.767
99.59
101.515
122.824
95.673
97.879
99
97.391
101.568
102.064
102.631
102.467
102.71
102.015
102.929
105.41
99.624
99.03
96.383
97.041
98.448
96.759
98.335
98.297
97.729
97.481
99.406
97.015
97.609
98.158
98.139
98.027
97.966
98.504
98.135
97.767
99.913
100.256
98.831
95.707
99.575
102.417
101.733
102.515
103.151
99.846
102.176
102.643
102.981
102.523
101.44
102.304
103.271
101.688
102.91
102.154
102.943
102.2
99.297
100.225
99.895
95.233
99.316
95.395
98.432
98.263
97.887
97.839
98.018
98.049
98.064
97.936
98.733
103.88
95.835
98.406
97.334
98.429
99.47
95.639
99.496
100.944
97.868
102.188
101.951
102.395
104.895
99.721
100.418
99.052
99.53
100.512
99.838
96.752
102.267
101.823
96.406
96.985
96.752
99.143
98.594
99.977
98.406
98.248
95.008
97.816
98.361
98.432
96.838
97.767
98.098
97.722
98.398
100.023
97.778
102.384
101.936
102.439
101.952
103.154
102.199
104.789
104.41
101.978
102.079
102.8
97.478
101.962
99.97
99.846
100.383
100.76
96.12
101.887
96.091
95.142
97.166
98.105
97.944
97.992
100.079
96.136
98.36
98.369
97.601
97.752
97.767
98.075
98.079
98.03
97.305
100.857
99.496
99.35
99.872
100.312
99.474
100.601
97.158
102.455
102.008
93.026
96.391
99.304
98.504
98.786
99.229
98.793
94.598
98.53
97.512
97.593
98.2
98.143
99.097
96.775
98.233
98.816
96.928
103.184
102.177
102.094
101.703
102.744
101.978
98.583
98.462
99.256
95.049
97.721
98.057
98.041
98.357
97.745
97.706
98.309
97.752
97.992
99.842
99.376
97.936
96.609
98.989
98.842
99.406
98.383
98.993
93.729
101.857
104.989
102.778
101.703
101.226
101.432
102.696
101.534
103.274
101.113
103.447
100.793
102.102
102.44
102.906
101.917
102.019
102.364
102.579
101.937
99.575
99.823
99.218
94.718
102.793
93.357
98.241
97.707
97.733
98.233
97.977
98.177
98.44
99.229
96.73
100.545
97.541
96.801
98.361
99.101
98.794
99.36
99.843
94.319
105.519
102.304
102.177
101.782
101.105
102.278
104.681
100.361
100.526
103.511
101.707
103.128
101.207
102.808
102.113
102.744
102.015
103.327
101.978
102.567
101.662
107.338
101.376
102.824
99.793
102.135
102.184
104.399
100.267
101.372
103.162
102.361
101.47
102.312
101.875
103.831
101.399
98.56
98.85
98.868
95.041
98.106
97.733
98.443
97.305
98.74
97.809
98.673
99.864
100.384
100.034
99.278
100.511
99.801
94.643
99.037
99.312
98.376
99.809
97.864
94.752
98.117
100.954
106.121
102.135
102.113
102.752
99.192
103.609
98.597
99.29
99.695
100.418
96.428
99.94
102.782
93.154
94.902
98.263
97.455
98.467
97.879
97.94
98.132
98.24
97.418
97.552
97.959
99.286
97.233
98.368
97.056
99.226
99.902
99.346
99.718
99.511
100.914
96.985
99.974
97.154
97.007
98.688
98.384
99.887
98.041
98.583
94.432
98.049
98.207
97.823
98.643
97.008
98.086
98.496
98.128
98.399
98.225
98.143
101.688
103.098
101.165
100.098
98.601
99.038
95.034
98.015
98.331
97.774
98.519
98.233
98.357
100.117
99.526
100.846
99.88
99.56
100.443
96.925
96.993
99.327
98.218
99.158
99.68
98.034
95.071
97.993
97.391
101.162
103.966
105.09
102.872
102.199
101.373
101.932
121.936
95.662
98
98.086
97.808
101.049
101.88
102.65
102.087
103.793
101.038
102.439
103.132
102.008
102.184
102.143
107.063
101.632
102.147
100.846
99.342
97.319
98.948
93.518
96.824
97.83
98.504
97.978
97.8
97.982
97.913
97.978
97.736
102.782
96.17
97.853
98.162
97.327
98.346
97.71
98.105
97.959
100.195
101.166
103.169
100.233
100.88
103.47
101.616
102.831
101.906
98.737
99.158
98.872
95.214
97.177
98.624
98.218
99.624
99.865
99.44
99.808
95.421
99.233
99.312
98.703
99.402
98.647
94.496
97.786
98.15
97.647
98.192
98.338
97.135
101.136
102.248
101.895
103.139
101.973
106.467
101.526
103.586
103.294
100.176
101.978
104.222
100.53
100.319
98.455
100.023
100.154
100.293
95.778
95.222
99.139
100.113
98.635
99.948
97.958
94.579
105.887
93.286
97.752
98.609
97.545
98.278
98.049
97.703
98.147
97.917
98.32
97.793
97.928
103.177
101.775
101.642
102.685
102.402
102.086
102.034
99.064
97.102
98.233
98.391
98.639
98.643
95.511
98.113
97.695
98.44
97.68
98.354
98.022
98.32
100.162
96.477
97.632
99.041
98.128
100.545
98.038
94.766
98.027
100.53
106.364
103.794
99.782
101.778
102.128
102.473
104.102
100.432
101.207
103.226
100.793
98.759
98.448
99.281
94.448
104.022
95.865
97.241
96.985
98.718
98.842
98.782
99.481
98.113
95.943
97.072
98.128
97.857
97.909
97.361
98.042
98.816
97.285
98.136
100.218
102.511
101.68
102.839
101.609
102.289
103.008
103.041
102.008
107.533
100.816
102.594
100.256
102.128
102.985
103.406
100.056
100.523
98.759
99.88
100.312
100.278
96.647
101.338
92.537
99.343
98.255
99.846
98.267
98.398
95.091
98.007
97.669
98.579
97.752
98.553
97.485
97.507
98.373
97.736
98.339
99.3
100.076
103.872
101.583
101.695
101.977
103.497
102.447
101.88
102.943
99.936
99.361
100.128
94.35
99.259
96.59
97.609
99.418
96.823
98.335
97.511
98.12
98.143
97.793
98.151
97.842
98.263
99.504
99.552
100.376
99.767
99.354
95.47
100.146
97.639
102.44
102.929
101.503
102.32
103.086
99.594
99.354
99.511
100.703
99.816
97.207
100.338
102.391
93.985
97.319
99.207
98.809
98.353
99.744
98.342
94.41
98.286
98.496
97.466
98.177
97.902
97.808
98.688
97.527
98.582
97.452
100.127
102.091
102.086
102.846
102.034
102.312
102.966
102.65
103.497
104.985
101.18
103.714
101.045
101.26
102.365
97.714
99.624
104.286
103.282
99.071
100.383
99.978
94.447
96.489
99.624
99.383
98.745
99.872
98.199
98.248
94.286
98.387
97.824
98.109
98.026
98.383
101.076
96.067
97.835
97.816
98.334
100.384
97.552
102.2
102.12
102.128
103.169
101.774
102.985
101.816
102.977
122.313
95.703
101.744
98.207
97.496
101.041
102.008
103.785
100.741
103.985
99.756
101.861
101.977
102.207
101.992
102.824
102.36
102.922
101.853
103.737
100.928
103.681
105.71
101.767
102.354
101.545
101.752
101.688
104.334
100.248
101.29
103.846
140.018
96.406
97.929
99.346
98.752
99.349
98.339
94.992
97.575
100.861
101.497
106.466
102.575
102.24
100.369
101.974
101.736
104.113
100.391
100.752
97.914
100.15
100.098
100.214
97.218
102.504
100.943
96.305
99.838
100.177
99.759
99.715
100.496
99.391
95.297
98.853
99.034
99.56
99.44
97.838
95.098
97.489
98.319
97.88
98.008
97.973
99.139
97.136
102.286
98.898
99.071
98.967
95.488
102.384
93.41
98.221
97.7
98.27
97.857
97.982
98.458
100.399
99.849
100.2
99.695
100.143
99.921
99.887
97.56
96.801
98.808
99.256
99.338
97.959
95.056
104.895
101.895
101.962
101.895
101.113
102.718
97.985
99.432
100.094
100.218
95.722
101.617
96.244
98.056
95.128
97.778
97.775
98.015
97.906
97.68
98.647
97.985
97.079
98.09
97.91
98.248
100.21
96.264
97.567
99.624
100.399
103.601
101.76
102.413
102.019
102.278
102.211
102.519
98.206
98.76
98.729
95.47
97.538
98.026
98.271
98.221
97.786
97.993
99.56
99.703
100.594
99.44
100.383
99.711
100.071
99.929
99.552
94.666
99.958
98.568
99.71
99.034
97.895
100.583
98.643
101.165
102.68
102.715
100.658
101.229
103
104.368
99.553
100.801
98.598
99.894
99.801
95.056
96.658
99.094
99.064
98.568
99.594
98.534
94.481
98.575
97.65
98
98.143
98.094
97.778
97.658
97.91
98.072
98.951
96.936
98.019
101.045
101.458
102.903
101.849
99.143
98.049
99.214
95.433
97.703
98.233
98.206
97.906
99.177
99.384
100.71
99.673
100.15
99.94
99.512
100.744
99.774
99.816
100.256
99.545
99.944
100.424
99.982
99.984
100.023
99.756
99.815
98.143
96.034
99.365
98.872
104.195
101.414
101.665
101.726
103.579
99.726
101.075
102.379
103.587
101.733
102.673
98.786
98.409
99.215
95.127
97.824
98.376
97.8
98.944
99.767
97.154
97.511
98.88
98.402
99.959
98.199
98.312
95.113
98.023
97.537
98.448
97.8
97.831
98.072
100.135
101.594
102.744
103.128
101.91
102.225
106.121
102.744
102.072
103.342
100.161
102.568
100.304
97.737
98.741
96.722
99.218
101.255
96.959
98.056
94.685
97.601
98.459
97.838
98.12
98.339
97.519
98.064
97.744
97.752
99.263
97.233
98.192
97.831
98.135
98.744
100.41
103.696
100.616
103.169
101.575
103.301
101.432
101.944
103.098
102.113
102.447
102.842
103.35
104.849
102.545
103.542
99.752
102.079
101.962
97.35
99.977
100.041
99.854
96.113
102.601
96.519
97.816
94.665
98.207
97.71
98.339
98.007
98.027
98.221
98.094
98.034
97.91
97.53
98.432
98.384
97.786
100.27
95.32
100.12
104.282
101.775
101.375
102.846
102.805
101.861
102.977
101.233
102.76
102.932
102.62
106.387
101.523
103.929
98.943
104.425
120.639
95.647
98.353
97.801
99.944
99.03
101.721
103.865
100.744
102.711
102.417
101.816
102.767
102.902
101.929
102.041
100.011
99.895
99.335
95.455
99.65
95.008
98.27
97.921
97.944
98.361
97.718
98.071
98.113
97.801
98.169
97.838
98.433
100.27
99.865
96.248
97.711
99.507
99.237
100.395
100.639
100.838
103.218
101.993
101.774
102.56
100.177
98.801
100.477
99.985
94.801
100.511
94.978
99.887
98.759
99.433
98.319
94.91
98.068
98.131
98.147
98.184
97.895
97.898
98.12
97.44
98.079
98.433
97.609
115.56
95.808
98.192
98.207
97.609
101.086
102.41
101.831
102.112
101.903
103.383
102.417
107.865
100.263
102.53
101.03
101.233
102.816
102.376
102.271
100.346
98.797
100.616
99.218
100.839
96.887
101.823
100.714
97.057
100.286
99.624
100.233
99.729
100.143
98.425
95.624
99.094
99.146
98.782
99.568
97.714
95.327
97.696
97.658
97.838
98.32
97.767
98.639
99.067
101.88
101.015
103.391
101.489
102.191
99.929
99.624
100.376
100.248
95.305
96.879
97.425
98.049
98.549
97.444
98.229
98.169
97.865
98.327
97.91
97.928
99.56
97.793
99.305
99.718
99.85
100.221
99.786
95.079
100.887
97.97
103.241
101.361
102.192
104.063
99.816
101.335
103.376
101.41
102.894
101.263
103.233
102.113
103.391
101.617
102.304
102.647
98.643
98.613
98.879
94.959
98.643
97.894
97.835
98.549
98.895
97.131
98.23
97.586
98.511
97.786
98.831
99.605
99.474
100.481
99.447
94.873
99.048
99.598
98.816
100.496
98.609
102.602
100.902
102.838
101.504
102.105
102.85
100.59
98.636
99.815
100.685
99.744
94.383
97.083
99
99.688
98.79
99.819
100.775
99.15
98.233
98.632
94.169
98.056
98.278
97.914
98.304
97.448
100.902
95.985
98.233
97.91
100.161
98.256
102.455
101.632
102.932
101.695
102.677
103.993
100.808
102.831
106.075
102.056
102.669
100.88
101.65
102.185
102.496
102.654
100.808
98.121
100.142
100.121
100.639
96.338
101.553
92.804
98.899
99.361
98.064
99.612
98.373
94.966
98.545
97.703
97.718
98.338
97.951
97.673
98.064
98.015
98.015
98.29
100.135
98.384
101.673
102.654
101.834
103.271
102.071
103.376
101.267
121.76
99.191
99.696
96.568
98.033
100.967
102.327
101.778
98.248
99.391
99.639
100.44
95.274
102.888
95.15
98.583
94.443
97.854
98.319
97.666
98.191
97.76
98.466
98.327
97.222
97.785
97.929
98.357
98.169
98.779
96.966
99.567
100.275
103.981
121.274
95.485
98.076
99.045
97.609
101.68
98.632
98.759
98.752
95.842
98.278
98.707
96.775
98.406
97.992
97.97
98.214
99.406
100.854
99.323
99.819
100.222
99.786
100.211
99.74
100.135
100.211
99.91
99.425
99.936
95.112
98.895
99.169
98.542
121.034
96.12
97.831
99.639
98.466
100.105
100.504
101.158
102.887
102.65
102.294
101.834
102.455
101.857
98.185
98.781
99.147
95.575
97.335
98.417
98.192
97.334
98.297
99.087
99.744
100.072
100.056
100.041
97.617
96.526
98.756
98.534
100.312
97.913
101.414
92.601
98.166
98.834
97.463
101.992
102.809
106.03
102.345
102.703
100.85
101.256
104.695
103.072
100.127
99.771
99.605
99.673
100.305
100.169
96.917
101.282
103.121
95.669
99.515
100.327
99.47
97.552
97.106
98.729
98.372
100.042
98.353
98.128
94.985
104.808
93.365
97.21
98.199
97.839
97.744
98.275
97.616
100.342
104.354
101.597
101.895
102.369
102.432
102.075
106.647
102.12
102.105
100.895
104.481
101.308
101.072
101.793
101.211
103.255
101.151
102.142
103.361
101.827
103.933
101.161
101.647
122.891
96.632
98.605
99.41
99.285
102.339
101.872
102.049
100.567
103.519
103.583
99.703
100.553
99.041
100.098
99.71
100.218
97.023
101.752
101.135
96.801
97.752
96.15
99.53
98.541
98.764
99.612
98.042
95.09
97.966
97.602
97.894
97.662
98.368
98.937
97.154
98.09
100.485
97.376
103.661
101.162
102.154
102.384
101.831
102.943
102.823
106.252
101.974
102.865
101.71
100.906
102.271
102.143
103.44
100.823
101.131
102.88
101.775
102.594
98.68
99.124
99.297
94.32
97.883
97.775
100.007
99.759
96.609
97.88
98.737
99.008
99.744
97.88
94.823
98.274
97.493
109.887
93.09
98.184
97.256
98.312
98.496
97.121
100.342
101.891
103.428
102.865
101.985
102.733
105.444
102.496
102.631
99.647
102.666
101.815
103.2
100.639
104.169
100.158
122.379
96.102
98.034
99.425
96.199
102.88
102.278
101.601
103.282
102.726
105.722
101.958
103.042
100.797
102.515
102.094
102.263
101.879
100.41
98.624
99.936
100.185
100.966
96.289
101.767
102.297
93.361
97
99.286
97.857
99.895
97.921
95.184
98.353
98.745
97.548
97.61
98.206
97.809
98.131
98
97.797
98.338
97.76
102.455
101.319
102.688
102.696
102.09
102.32
102.169
103.605
101.139
106.447
102.369
102.71
100.057
102.361
102.079
103.985
100.496
99.974
99.139
100.372
99.496
94.714
96.831
99.057
99.635
98.819
99.737
98.226
94.616
98.237
98.027
98.24
100.207
96.496
97.959
97.759
97.73
98.191
97.899
98.357
99.631
95.858
102.406
100.65
103.049
101.703
102.759
101.801
103.357
101.38
103.177
102.15
103.015
105.624
102.391
102.353
120.711
95.504
97.977
99.447
96.234
100.511
103.304
103.17
100.932
102.65
101.41
102.383
102.741
102.515
102.29
103.244
102.297
106.97
101.631
102.17
100.917
102.248
101.665
102.087
104.064
100.056
101.342
104.008
101.665
102.538
101.958
101.888
122.56
99.282
94.545
99.271
97.481
101.391
107.391
101.312
102.248
101.135
102.993
101.56
101.771
103.188
99.954
98.895
100.575
99.545
100.297
100.91
96.418
102.902
97.44
99.353
100.331
100.109
98.985
100.616
99.925
99.963
100.056
99.774
100.587
100.079
99.552
101.797
98.297
100.027
99.782
99.511
94.827
99.237
99.752
98.616
99.632
97.816
99.586
94.335
102.143
106.21
102.688
100.32
101.609
102.631
101.737
103.455
100.049
99.349
99.455
100.154
100.418
97.902
100.617
95.665
96.744
98.967
98.909
98.756
99.68
99.35
93.985
98.177
97.872
98.214
97.88
97.823
97.872
97.944
97.752
98.68
97.715
97.936
101.887
102
102.489
101.992
103.229
102.418
102.135
98.962
99.076
98.507
96.094
102.034
93.038
98.36
97.85
98.128
98.462
97.865
98.041
98.015
101.391
96.433
99.823
99.985
97.504
96.033
99.542
98.537
99.079
103.121
97.985
99.255
100.609
102.982
99.969
102.602
101.71
98.215
98.714
100.376
98.944
97.312
97.654
98.304
94.609
98.226
97.59
98.256
97.744
97.609
98.647
97.703
97.823
100.346
96.007
97.703
97.666
98.737
99.413
97.448
99.751
101.132
98.647
99.409
100.32
99.831
97.064
102.255
95.256
96.361
99.639
97.752
99.786
98.654
94.962
98.376
97.985
97.293
98.387
97.955
97.579
98.008
97.977
98.553
97.767
100.398
97.512
102.338
102.872
101.534
102.737
102.56
103.921
101.056
102.726
102.007
106.516
101.943
103.064
99.598
102.44
102.439
103.587
99.88
101.759
102.602
101.902
102.898
101.711
102.913
101.888
102.958
102.248
98.639
99.354
98.398
95.489
102.609
93.105
98.436
99.034
97.497
97.887
97.823
98.425
98.921
99.398
100.579
99.072
100.519
99.8
100.192
100.207
99.519
94.706
99.775
98.801
98.413
100.489
98.943
102.369
102.928
100.252
101.805
102.801
103.319
99.79
102.105
102.962
101.993
102.15
101.963
122.868
96.353
97.357
100.602
95.771
102.477
101.609
106.391
103.248
101.658
102.342
100.511
97.873
101.097
100.207
100.433
100.056
100.214
95.737
102.771
95.27
98.425
94.801
98.071
97.861
97.673
98.305
98.304
98.56
97.354
98.312
98.207
97.184
98.519
102.665
95.447
99.256
96.617
99.278
103.376
101.323
102.846
101.898
102.512
102.646
99.297
98.278
98.707
95.237
97.85
98.383
97.801
98.135
98.03
98.497
100.379
99.621
97.691
96.903
99.078
98.88
99.417
98.091
94.876
97.879
98.019
98.128
99.304
98.015
101.519
102.057
102.962
101.981
106.012
102.924
101.921
100.312
102.211
102.639
103.214
99.967
101.36
103.282
101.959
102.241
102.56
103.15
99.545
98.143
98.97
95.192
102.03
94.225
97.865
98.519
97.68
99.617
99.737
99.951
99.91
100.409
97.256
96.778
99.038
98.921
98.816
99.391
97.879
95.012
97.755
98.523
98.056
100.696
102.868
101.365
103.327
105.24
102.591
100.849
103.121
101.462
101.88
102.462
100.425
101.977
103.185
102.447
102.12
102.399
102.906
101.816
102.646
102.083
122.237
95.842
99.135
99
99.647
103.019
103.263
100.113
101.729
103.91
100.567
100.598
98.139
100.384
99.928
100.399
95.567
95.497
99.285
98.763
99.064
99.673
98.03
95.346
98.015
97.496
98.121
97.872
98.045
97.729
97.609
98.312
97.865
100.737
96.797
97.586
101.497
102.007
102.816
102.481
102.286
101.88
102.376
102.537
102.993
102.688
105.575
102.752
103.127
98.952
103.447
101.823
103.602
100.218
101.109
103.94
100.883
102.346
98.793
98.485
98.763
95.177
97.846
99.842
99.064
99.895
100.255
96.233
98.121
98.943
98.542
99.714
98.229
98.621
94.507
97.38
98.485
98.282
98.037
97.602
98.47
97.722
100.778
101.654
103.304
102.609
101.47
103.361
102.241
105.511
103.944
99.688
102.601
101
103.335
103.263
100.282
101.432
102.846
121.703
95.978
97.297
99.071
98.128
102.255
102.019
102.357
103.023
103.004
105.334
104.113
100.726
100.921
102.161
101.598
102.064
103.218
100.767
99.007
99.711
100.034
100.583
97
100.338
102.552
96.497
100.214
100.158
100.376
99.105
99.778
97.512
97.616
98.677
102.218
96.872
99.113
99.673
97.582
95.44
97.399
97.921
98.135
97.778
98.185
99.951
97.297
102.214
103
102.346
102.271
102.823
107.128
100.12
102.489
101.718
101.143
102.635
102.319
103.034
99.703
99.015
100.504
99.816
99.808
97.624
100.711
96.729
96.481
98.903
98.928
98.511
99.482
98.368
95.008
98.496
97.793
98.15
98.121
97.958
97.873
98.154
97.823
98.91
98.714
96.545
102.872
102.03
102.008
102.12
102.914
101.902
102.113
102.725
99.185
99.699
99.12
95.331
102.116
93.391
98.433
97.255
99.2
97.071
98.079
98.083
98.646
97.737
98.463
97.778
99.349
99.531
100.27
100.121
99.447
100.146
94.967
98.823
101.944
98.977
101.346
102.116
101.722
105.064
99.801
101.47
103.635
101.117
102.361
101.496
102.838
102.651
102.248
101.774
103.865
101.985
104.165
101.049
105.914
101.815
102.256
100.917
101.805
102.613
103.439
100.388
100.263
98.917
99.707
99.943
95.121
96.782
98.552
99.474
98.767
99.823
98.203
94.512
98.368
98.184
97.583
98.03
98.184
98.008
97.68
97.417
98.794
99.733
97.977
96.128
100.624
101.673
103.177
101.71
103.008
101.951
114.331
97.27
98.767
100.169
102.681
105.368
102.29
102.214
101.29
101.391
102.646
103.098
101.846
103.432
99.489
102.413
102.891
101.045
102.828
102.086
102.936
102.511
102.651
122.534
99.169
99.68
95.47
98.417
101.192
102.808
102.015
101.959
103
100.985
103.312
100.459
102.44
102.109
102.361
102.842
102.718
101.8
102.312
103.752
101.215
102.24
102.324
106.454
102.463
100.646
103.012
102.101
104.121
100.169
100.297
124.094
95.752
97.808
98.056
97.575
101.384
101.786
102.992
101.88
103.383
101.97
102.32
106.575
102.616
101.895
101.256
101.143
102.842
102.646
102.185
99.778
99.207
99.823
100.346
100.109
96.575
101.601
102.17
93.376
97.447
98.665
98.666
100.116
98.106
99.624
93.349
98.004
98.023
97.718
98.763
97.902
97.56
97.951
97.895
98.835
99.176
99.895
102.816
101.793
102.207
102.353
103.113
101.222
102.639
102.786
102.815
105.967
102.161
101.199
100.816
103.354
103.943
99.527
101.323
103.109
101.624
102.714
102.737
101.808
101.839
103.334
103.474
101.015
103.049
102.056
102.072
102.718
106.353
101.936
100.914
101.943
103.207
102.474
100.654
100.985
103.158
103.135
101.105
101.688
102.936
103.305
101.639
102.857
102.072
102.744
101.992
102.44
105.801
103.087
103.466
99.519
101.703
99.402
99.492
99.572
100.327
95.526
96.696
106.665
89.32
98.454
97.786
98.696
97.552
98.241
97.767
97.722
97.83
97.816
97.463
98.041
98.421
97.947
98.824
96.962
100.109
99.801
98.545
100.327
99.774
100.267
96.846
100.914
102.605
95.075
99.854
99.834
99.684
100.004
99.951
100.015
99.688
100.226
124.079
97.098
97.74
96.876
123.59
96.128
98.263
98.327
97.873
97.225
97.632
101.887
96.128
97.906
97.312
97.488
98.407
97.77
97.406
113.433
96.27
97.538
97.943
98.038
97.793
98.275
96.936
101.951
103.184
96.981
98.7
96.052
99.921
104.632
94.139
99.861
99.56
99.665
99.034
99.831
100.12
100.286
99.643
100.654
101.816
99.391
99.729
100.914
99.646
99.959
99.417
98.865
100.793
101.094
99
101.417
100.542
98.752
98.267
101.214
99.703
95.425
99.992
99.214
104.17
100.624
119.161
96.222
97.346
97.974
99.507
101.677
101.692
103.071
98.008
99.079
95.12
101.071
94.042
98.853
98.759
99.985
95.233
99.256
98.59
99.369
99.94
97.774
94.695
97.73
98.383
97.681
97.703
98.488
97.903
97.894
98.666
101.282
101.887
102.553
122.879
96.207
99.041
98.504
99.391
103.433
104.391
98.695
100.793
102.399
104.225
99.688
102.064
101.376
101.895
97.921
98.662
95.36
102.132
95.925
99.154
100.297
99.165
99.256
99.835
100.086
100.079
99.929
99.759
100.248
96.587
98.958
98.809
99.503
99.128
93.737
97.575
98.162
97.24
98.406
98.767
99
102.459
102.101
102.553
101.929
101.913
103.613
98.929
102.353
96.278
94.56
102.632
94.154
96.801
98.357
97.955
97.932
97.778
98.591
97.627
97.997
98.131
98.03
98.56
97.688
98.121
98.718
99.402
96.342
98.459
101.928
101.38
103.139
101.064
103.192
99.8
98.677
99.921
98.827
98.91
99.906
100.831
97.113
99.639
100.312
99.861
99.379
100.327
100.031
99.601
100.064
99.718
100.778
96
98.654
99.587
99.567
97.865
95.297
97.109
98.297
97.786
98.278
97.327
99.545
101.496
101.809
102.519
102.552
102.673
102.624
106.384
100.823
102.481
100.902
102.418
97.985
99.27
99.944
100.192
96.176
103.233
94.489
98.399
94.815
97.944
98.312
97.681
98.353
98.177
97.612
98.128
98.188
97.733
97.752
98.143
101.808
95.568
98.432
96.97
100.673
101.974
98.105
98.654
95.827
100.151
101.879
96.327
99.121
96.312
98.801
99.278
99.77
98.32
95.079
97.56
98.282
98.214
97.305
98
97.951
97.944
98.007
98.218
98.489
97.864
101.47
103.256
102.29
102.488
102.824
104.037
100.338
102.433
99.101
98.959
99.147
95.048
102.824
93.278
97.511
98.004
97.996
98.008
98.259
97.951
98.32
98.161
97.925
98.034
98.391
100.056
95.177
99.681
98.661
99.936
98.282
100.519
101.835
102.654
100.259
101.263
98.222
103.872
98.087
99.297
96.24
101.279
101.721
92.937
95.312
97.68
98.583
97.977
97.726
98.12
97.914
97.545
97.15
97.959
98.218
97.737
98.312
98.488
97.264
99.8
99.406
98.489
100.03
98.609
101.978
96.052
95.835
102.368
100.064
96.696
98.439
99.282
100.128
97.876
94.891
98.681
97.639
97.966
97.65
97.418
98.349
98.282
97.902
98.064
98.339
97.684
101.522
101.982
102.849
101.823
102.256
102.771
102.872
98.335
98.214
98.601
96.113
97.425
98.03
97.744
97.831
98.192
98.32
97.849
98.32
97.849
97.951
100.064
95.282
99.5
98.666
98.951
99.38
98.172
95.474
97.369
101.966
102.282
105.887
101.88
100.902
102.97
101.646
104.106
99.44
102.071
102.241
101.545
102.293
103.395
101.518
103.609
101.47
102.376
102.388
116.278
101.334
98.297
98.944
99.966
105.658
92.85
98.676
91.778
97.241
98.023
98.225
97.966
97.545
97.865
97.993
98.455
97.936
97.921
98.135
97.568
98.424
97.888
98.473
100.136
99.943
95.794
98.797
101.007
101.842
102.384
97.902
99.609
99.944
100.12
95.451
95.797
109.263
91.53
94.504
97.966
97.835
98.143
97.545
98.24
97.745
97.815
97.23
98.624
97.489
98.109
97.954
99.098
97.271
99.511
101.511
102.914
101.688
102.286
102.488
102.944
102.041
102.88
98.714
98.455
99.023
95.346
102.646
92.418
98.639
98.135
97.553
98.184
97.921
100.056
100.59
99.384
99.842
99.925
94.522
99.67
98.402
98.992
99.654
98.143
95.083
99.222
97.864
101.354
103.158
102.184
101.985
105.447
100.609
102.128
99.177
99.583
100.334
99.275
96.218
96.06
1081.51
94.308
98.008
98.255
98.35
97.955
97.902
100.184
99.553
103.181
101.627
102.384
101.744
102.726
102.575
102.707
99.624
98.481
99.135
95.143
102.511
93.361
98.098
98.094
98.199
98.474
97.425
99.774
97.53
96.669
99.617
98.376
100.214
98.594
97.944
94.97
98.079
97.545
100.079
97.816
120.902
95.955
99.015
98.526
100.071
103.098
100.354
102.056
102.222
103.943
100.722
100.669
103.546
101.511
102.962
102.417
101.756
101.869
98.372
98.913
99.057
95.304
97.854
97.616
98.395
97.526
98.384
99.24
100.248
100.211
99.477
97.624
96.433
99.346
99.139
99.924
97.831
94.688
97.816
98.184
98.102
97.906
100.729
102.541
102.858
101.094
106.353
102.538
101.992
101.519
102.034
99.015
99.278
99.959
100.642
99.824
95.601
103.117
95.379
98.429
94.568
97.898
98.177
97.808
98.06
98.147
97.752
98.816
98.992
96.361
98.023
97.845
97.876
97.997
97.552
98.361
102.391
102.553
101.838
103.026
102.222
103.572
101.556
102.218
102
102.97
102.583
102.221
106.162
102.944
101.504
102.327
100.906
101.575
102.473
102.846
100.177
99.184
99.978
99.928
100.775
96.857
100.996
95.714
97.211
99.086
98.207
100.455
98.034
98.56
94.278
98.184
98.369
97.583
98.736
98.015
97.29
97.752
97.891
98.323
99.545
97.162
102.455
98.511
98.289
99.328
95.105
97.504
97.921
98.951
99.838
100.019
99.91
100
99.879
100.568
96.139
97.989
99.041
98.256
100.297
98.079
98.12
94.447
97.681
98.53
98.045
99.816
97.53
102.631
101.985
113.937
98.958
99.32
102.064
102.368
99.432
103.688
102.027
103.158
100.285
100.376
98.5
100.286
99.97
97.605
99.572
101.214
98.703
100.248
97.143
97.075
98.647
99.007
99.639
98.049
98.568
94.77
97.88
97.797
97.816
98.128
97.752
97.737
98.53
97.376
98.909
101.282
101.767
101.29
102.725
102.617
101.27
102.602
102.865
102.966
105.537
104.384
99.368
102.098
101.711
101.951
104.515
118.597
95.85
98.143
98.037
99.948
100.271
102.391
102.552
101.808
103.233
102.391
102.448
102.962
105.981
103.553
100.447
102.707
100.568
101.575
102.56
103.478
100.503
98.692
100.365
99.594
100.312
96.91
100.921
93.537
99.079
97.865
100.349
97.993
94.714
104.015
92.993
98.128
98.936
97.169
98.639
97.568
97.977
97.647
97.631
98.324
99.492
100.128
99.47
96.105
100.857
94.808
101.399
95.068
98.56
100.631
99.696
99.943
100.008
100.008
100.206
100.169
99.688
97.136
97.432
99.034
98.455
99.801
98.255
94.632
104.943
93.057
97.808
97.831
100.361
97.695
101.97
102.158
103.432
103.136
104.744
102.335
100.594
101.349
103.331
97.767
99.177
99.752
100.767
95.594
102.797
94.898
98.071
95.354
97.398
97.951
98.523
97.575
98.504
98
97.605
97.97
97.801
97.662
99.033
96.873
98.56
97.455
99.992
100.049
98.553
99.887
100.007
100.722
96.846
101.447
92.873
99.233
99.545
98.797
99.255
98.44
94.666
97.962
98.087
98.263
97.56
98.391
97.793
97.56
98.214
98.057
98.12
97.763
99.895
102.293
102.489
102.887
102.297
102.842
101.846
102.496
99.064
99.609
99.143
96.192
100.361
95.425
98.176
98.079
101.56
96.064
97.504
98.057
98.597
98.154
98.271
97.643
98.383
100.207
99.944
97.297
96.526
99.353
99.399
99.019
99.071
102.455
102.887
99.136
102.338
102.695
104.177
99.455
99.203
99.782
100.56
100.057
94.27
96.696
99.27
99.369
98.77
99.553
98.271
94.725
98.297
97.651
97.853
98.323
97.824
98.293
97.515
98.286
97.737
101.27
96.177
99.504
97.706
102.519
102.384
102.417
102.15
103.057
102.68
103.391
101.722
101.816
106.116
102.331
102.135
100.873
101.917
102.436
102.327
103.015
101.808
102.215
101.387
101.917
101.978
102.12
102.624
103
102.214
102.482
103.255
101.85
102.301
106.09
101.857
103.015
100.846
101.504
102.883
101.5
103.323
100.128
99.008
100.033
99.527
100.473
97.038
101.241
95.951
96.703
99.289
98.128
100.248
98.015
98.899
93.879
98.662
98.019
97.959
98.022
97.906
98.023
98.169
97.951
98.282
98.094
98.647
101.977
101.936
102.647
101.947
102.598
99.233
98.568
99.176
95.824
97.327
97.793
98.229
97.771
98.207
97.921
97.958
98.346
99.981
100.297
99.752
99.816
100.331
97.293
96.696
98.988
98.654
100.463
97.673
98.838
94.192
101.38
102.492
106.184
102.632
99.786
101.688
103.255
103.673
99.993
100.909
103.7
101.981
102.808
101.575
102.504
101.962
102.079
99.042
98.56
99.165
94.951
98.188
98.015
97.591
98.361
97.744
98.568
98.503
99.561
100.142
100
99.914
100.049
99.887
100.079
99.872
99.921
94.617
99.669
98.53
99.35
99.323
99.541
97.448
102.688
102.688
101.248
101.5
101.669
99.849
99.064
99.545
100.038
97.248
100.158
97.203
99.432
98.591
94.665
97.775
97.894
98.241
98.289
97.624
97.967
97.954
97.854
98.402
97.617
98.278
98.334
99.482
96.383
102.722
100.432
102.831
101.714
102.015
103.143
121.087
98.842
95.71
99.098
97.59
101.602
103.44
104.894
102.497
101.8
100.967
102.304
103.162
102.222
100.112
98.666
100.767
100
99.759
100.752
95.752
94.496
99.327
98.568
100.169
97.985
97.898
95.35
97.831
98.011
98.583
97.357
98.113
97.842
98.496
97.88
97.489
97.725
97.699
101.662
101.624
102.823
103.079
103.395
100.327
101.921
102.669
102.707
102.696
101.977
101.959
102.481
103.455
101.673
103.511
101.44
103.297
102.064
101.733
102.53
102.462
102.267
102.549
101.921
99.248
99.745
98.977
95.293
101.809
93.992
97.511
97.609
97.666
98.056
97.854
98.056
97.631
98.098
100.113
96.102
97.921
97.496
98.229
97.906
97.545
98.177
97.703
100.902
101.914
102.425
102.688
102.312
102.526
102.15
101.993
102.778
102.793
101.35
103.955
101.846
101.616
102.831
102.026
102.782
103.027
101.469
99.222
99.196
99.007
95.775
101.447
93.921
98.094
97.692
97.992
97.936
97.749
98.195
98.015
97.887
97.617
97.703
98.218
97.556
98.41
98.056
97.624
99.658
96.32
102.199
102.752
120.256
96.094
97.906
100.274
96.974
102.616
102.143
102.105
102.929
101.925
102.376
101.857
103.447
102.042
102.503
102.087
102.304
103.666
101.609
101.654
102.135
102.643
102.854
102.432
102.481
102.959
101.714
104.312
100.504
102.308
102.587
102.368
120.256
95.887
98.274
97.087
100.582
98.899

------------------------------------------------------------------------------------------------------------------------------------------------
max val(#9217) = 1081.51us
min val(#20) = 85.63us
peak-to-peak = 995.88us
mean +- RMS = 99.91 +- 10.26 us

packet size: 516
number of packets: 10000
RATE = 41317.39kbps, PPS = 10009.1
