Destination address set to 01:1B:19:00:00:00
Defaults: 01:1B:19:00:00:00 or 01:80:C2:00:00:0E
SIOCSHWTSTAMP: tx_type 1 requested, got 1; rx_filter 0 requested, got 0
setting ts_flags: 0x53
new ts_flags: 0x53


gap of hw tx time, us: packets 10000:
------------------------------------------------------------------------------------------------------------------------------------------------
0
783.597
695.034
345.895
205.511
1208.31
2122.06
22.112
344.482
59.887
101.928
94.782
104.963
99.541
108.169
95.929
105.334
99.482
105.353
99.022
106.61
100.334
103.034
102.15
105.391
97.057
108.665
96.312
104.632
102.455
103.368
101.688
102.169
100.158
106.658
98.831
104.567
100.929
104.071
103.369
102.327
101.722
101.988
102.474
102.985
99.575
105.666
101.447
102.143
100.131
104.775
99.094
105.169
99.835
105.567
100.03
105.143
102.2
101.672
101.433
103.759
103.184
100.707
103.519
103.974
98.913
103.455
100.617
105.68
98.519
104.346
100.511
103.639
104.44
101.673
103.872
101.049
101.304
104.549
103.572
100.5
103.161
100.609
101.846
103.508
99.628
104.522
174.639
33.763
97.35
104.744
99.576
107.601
97.342
106.568
98.545
104.417
100.29
104.669
100.162
105.071
99.015
104.361
101.071
104.538
101.477
105.658
97.384
110.15
95.034
106.936
97.688
104.993
100.184
104.135
102.079
106.049
97.233
104.703
100.519
103.928
99.88
105.808
103.767
100.538
103.44
101.022
103.809
101.327
99.635
105.974
98.225
106.906
103.846
100.462
103.452
102.951
97.797
104.338
103.681
102.368
98.741
104.928
100.504
103.481
103.154
105.463
97.278
107.026
97.286
104.786
103.511
102.402
98.455
105.368
101.85
105.492
98.884
103.895
101.503
102.057
100.951
103.695
100.711
104.977
100.888
104.297
99.785
106.726
97.519
105.379
99.613
104.602
103.71
103.256
99.849
104.61
98.808
104.293
99.857
107.594
97.876
104.801
100.643
103.413
109.241
102.41
107.127
96.73
102.207
101.015
101.823
99.834
104.057
101.237
98.432
105.105
106.32
101.552
96.598
104.887
100.628
104.542
99.473
105.816
104.15
98.425
103.951
103.162
99.85
105.928
103.324
101.225
102.666
100.687
101.064
104.549
103.643
101.199
98.88
108.978
96.022
105.489
103.831
100.496
103.184
103.823
97.452
106.022
99.049
109.304
95.519
105.192
102.376
101.688
101.015
104.263
103.617
102.609
98.68
106.064
98.049
104.974
100.503
105.162
99.462
104.44
99.53
106.151
98.906
105.44
99.71
109.376
94.929
105.15
101.504
104.259
103.128
101.398
99.448
105.609
99.567
104.602
101.654
103.248
104.106
101.349
102.963
100.496
105.278
100.481
98.895
104.466
101.47
105.481
98.136
109.24
95.519
104.992
103.042
103.312
99.086
369.241
43.545
102.271
103.785
100.613
103.722
102.049
98.759
104.425
103.861
101.53
102.383
101.226
102.632
103.774
100.199
104.545
98.737
107.703
97.057
105.759
99.624
104.737
99.462
106.504
103.117
102.357
98.169
105.03
99.744
106.873
97.736
106.102
101.665
101.816
100.113
105.481
99.669
105.267
103.662
100.575
103.906
100.511
102.32
103.241
101.007
105.466
97.56
106.831
98.166
105.09
104.049
101.759
98.489
104.319
102.072
103.342
100.417
104.207
100.139
106.207
100.03
103.274
104.263
100.647
101.44
103.402
99.846
104.944
100.353
105.09
98.76
106.425
103.654
99.673
101.872
104.27
102.121
104.041
96.944
108.455
96.8
109.583
95.207
104.808
101.154
105.128
98.271
105.511
102.019
102.966
103.951
99.857
101.553
103.489
101.744
103.511
102.384
104.958
96.809
105.409
102.718
101.215
102.605
102.846
100.816
105.398
99.602
103.718
100.146
107.384
96.887
109.609
95.47
103.786
100.673
104.951
101.473
105.47
99.008
104.872
98.568
104.752
100.503
104.162
101.782
105.489
98.127
105.553
99.44
107.568
96.823
104.395
103.379
101.034
103.226
103.985
100.285
103.583
99.97
107.214
96.587
108.447
96.391
104.211
104.582
101.064
101.568
103.361
100.774
103.888
101.146
104.384
100.921
102.774
101.399
103.721
102.279
102.432
102.955
102.808
99.015
104.718
100.489
104.624
103.579
101.575
103.816
101.12
104.925
99.992
103.88
100.049
102.929
103.503
99.632
103.752
101.928
102.816
102.895
101.402
100.575
104.463
99.913
105.418
102.526
101.616
102.775
102.297
101.778
105.35
97.658
109.221
94.873
108.815
98.305
104.071
103.128
100.963
104.413
103.459
97.815
105.711
98.673
104.575
99.135
106.745
103.346
102.128
97.406
107.657
101.015
102.042
102.222
101.736
102.207
104.651
98.815
104.76
99.015
106.139
99.316
107.026
97.504
105.233
101.079
103.398
100.41
103.782
100.545
104.335
104.977
102.339
97.5
105.5
100.214
106.88
97.063
103.538
105.056
101.854
99.977
104.042
99.797
105.135
102.034
103.842
102.917
100.474
102.744
104.072
101.83
103.177
156.658
48.684
97.564
106.038
98.639
104.808
99.519
106.538
98.03
105.097
103.696
102.015
102.188
102.733
100.808
103.433
100.432
104.526
101.034
105.688
97.526
104.256
101.169
104.034
101.526
105.169
99.425
103.861
100.154
106.429
98.083
104.575
103.631
100.85
102.271
104.105
98.406
104.658
123.233
88.774
96.282
105.045
102.655
102.635
101
105.207
97.432
104.823
102.196
102.541
100.993
104.83
100.865
104.391
98.162
104.816
100.439
107.32
97.207
108.936
96.77
102.775
105.992
100.794
103.838
100.737
103.248
100.767
103.545
103.688
98.857
103.872
101.854
104.921
97.447
121.865
87.759
100.744
104.17
103.59
97.767
103.879
99.594
105.136
101.985
103.943
99.433
105.864
97.974
104.316
103.037
103.568
100.737
104.767
97.744
107.211
97.44
104.045
105.169
101.24
100.478
106.41
97.481
104.44
101.857
107.124
96.098
121.056
87.759
100.177
104.511
100.937
99.928
104.944
101.992
102.169
102.136
106.022
96.594
105.696
100.973
105.561
100.338
104.229
98.098
105.086
101.128
102.745
103.537
102.605
100.531
103.161
103.775
102.214
100.88
104.473
100.538
103.613
100.458
102.985
100.245
104.594
103.191
101.85
102.008
104.161
98.989
191.816
23.191
96.921
102.249
100.391
100.759
106.233
97.015
104.921
103.714
101.583
101.135
103.775
103.504
101.218
99.774
104.376
102.169
102.794
101.71
104.177
103.049
100.815
100.786
105.222
101.504
104.161
98.342
105.185
100.537
103.015
102.305
103.364
104.027
101.703
98.304
105.703
99.312
106.241
99.334
106.346
97.519
104.793
101.568
106.008
97.056
104.737
104.639
101.729
98.271
105.474
102.857
102.165
100.902
104.177
98.914
109.59
95.552
107.008
97.594
106.064
101.192
104.015
100.112
102.042
103.958
118.76
88.417
100.767
99.534
103.786
104.823
101.169
98.823
104.948
101.526
105.929
98.71
104.526
99.395
104.575
103.546
104.206
97.079
104.579
100.681
122.398
86.673
100.263
101.038
103.962
98.887
104.978
101.477
104.643
99.199
104.831
100.553
103.496
99.97
104.782
102.944
102.079
101.962
103.917
98.451
105.711
104.966
102.049
97.184
105.169
104.639
100.73
101.214
103.639
103.256
100.259
103.741
103.537
99.087
103.97
101.511
103.113
101.519
103.161
101.914
104.222
98.142
109.121
131.161
67.809
104.661
104.602
101.759
101.696
98.864
106.098
100.312
104.278
99.327
105.079
99.012
105.176
100.888
104.424
102.256
102.782
101.425
120.466
87.774
100.696
100.271
104.154
103.391
100.312
104.049
103.917
96.801
105.176
99.76
105.304
100.711
103.176
101.027
104.725
103.2
100.77
104.545
100.365
100.071
104.929
102.12
104.29
99.105
103.365
103.56
102.312
101.282
103.966
99.026
121.591
88.391
99.248
102.665
104.369
99.454
104.17
100.454
104.324
103.086
103.504
97.511
105.121
101.744
103.143
101.511
105.049
98.041
104.519
103.752
102.083
99.124
105.113
103.8
100.752
101.711
104.289
97.906
109.549
96.049
105.951
98.835
107.669
96.707
107.327
99.609
103.654
100.192
104.721
101.966
103.072
99.515
106.447
97.497
109.048
95.568
105.481
103.677
100.737
104.616
103.561
96.391
105.766
103.609
101.816
98.496
105.147
102.293
103.47
100.162
104.207
101.067
103.718
102.023
102.169
101.902
105.034
99.121
103.872
99.391
104.691
100.245
108.744
95.959
105.537
100.929
104.985
97.789
106.072
99.304
104.842
100.376
105.087
100.113
104.439
101.192
103.929
99.128
105.872
101.143
104.439
106.14
96.135
101.03
105.643
99.669
104.65
104.008
101.086
103.512
100.135
104.842
102.541
99.373
104.661
98.136
109.033
96.406
107.147
97.03
105.872
101.128
103.12
101.576
104.8
97.952
108.635
96.101
105.658
100.023
104.079
101.519
105.282
97.545
105.639
103.312
102.646
98.17
105.943
104.214
100.771
103.801
103.541
96.696
103.09
101.327
105.823
99.801
104.425
99.297
104.887
102.376
105.12
98.944
103.526
99.978
103.992
102.703
103.384
100.567
104.147
99.47
105.289
100.305
104.59
103.504
101.225
99.406
106.824
99.331
103.894
101.079
104.162
100.504
104.376
103.432
100.985
103.782
100.718
104.609
101.338
98.399
106.985
99.71
104.184
98.482
105.624
103.425
102.056
103.109
101.474
103.545
98.879
104.944
101.846
101.267
104.654
98.056
105.76
99.977
103.703
103.97
100.47
103.842
101.271
100.007
109.233
95.993
105.116
110.914
94.147
100.229
104.944
100.409
102.865
101.432
104.617
102.804
102.027
101.244
104.827
97.944
104.928
102.278
103.384
99.801
103.879
100.639
103.809
104.707
102.439
98.087
105.289
101.933
105.282
98.985
102.703
100.966
105.274
98.617
105.349
102.154
103.249
100.233
104.376
98.958
105.681
100.616
103.816
99.895
105.951
98.564
105.173
101.146
104.03
98.985
105.775
101.594
103.094
102.624
101.481
103.079
101.906
103.733
100.617
101.601
105.647
97.831
104.289
101.665
104.91
100.466
104.624
102.831
101.2
104.552
100.511
98.673
105.767
101.418
102.646
104.346
100.278
103.763
101.989
101.049
105.361
98.789
104.835
99.462
105.034
100.921
103.023
101.071
103.809
100.048
104.726
104.192
99.458
104.215
102.274
100.199
105.824
97.537
105.944
99.733
103.481
104.256
104
97.624
105.15
101.771
102.406
101.823
104.771
98.049
106.917
99.368
105.162
100.241
103.733
98.763
106.109
100.639
104.778
98.632
105.511
100.793
103.903
101.571
104.263
98.102
105.594
99.774
105.921
99.545
103.489
100.038
104.955
104.406
101.488
98.414
105.489
99.879
104.545
102.282
102.974
100.992
106.264
96.894
106.113
99.929
106.297
97.361
105.165
102.778
102.199
101.489
103.087
99.586
106
103.737
101.756
98.161
109.263
96.012
104.684
106.083
100.887
97.718
106.248
99.353
105.248
98.192
105.703
100.312
103.433
103.398
102.692
100.214
103.496
102.121
103.447
101.496
103.354
104.503
101.207
102.538
101.477
100.553
105.233
100.368
104.816
98.297
104.775
102.601
102.173
104.064
103.154
100.816
102.086
101.609
103.568
100.823
103.936
102.027
117.789
86.985
102.816
98.759
104.936
102.275
101.567
105.294
101.928
98.376
104.523
100.966
103.632
100.394
104.568
103.519
101.718
104.312
101.289
98.767
105.602
100.447
105.944
97.65
105.605
103.482
100.646
104.865
100.631
100.73
103.15
105.011
100.647
99.286
109.364
95.636
105.304
101.857
119.463
86.338
101.353
101.959
104.44
99.902
103.809
101.327
103.417
101.383
102.455
104.97
100.966
98.914
105.12
103.026
101.91
100.993
107.064
96.458
107.35
98.823
105.56
98.192
105.816
101.703
103.019
100.037
104.82
98.902
108.88
96.24
105.504
98.775
104.793
102.872
103.143
100.97
104.327
98.624
104.857
103.383
102.463
100.537
104.704
102.703
104.518
95.632
107.819
97.647
104.857
99.647
108.263
95.887
105.275
100.992
105.526
98.162
121.432
86.343
101.176
103.617
102.248
103.504
99.936
103.285
102.681
101.248
106.429
96.947
104.628
103.293
101.816
101.586
103.463
105.015
102.049
97.718
104.169
103.816
101.12
104.729
100.993
98.894
105.155
101.567
104.008
100.541
103.594
103.602
101.079
101.575
105.086
98.162
104.816
100.646
103.636
100.932
105.744
100.064
106.53
96.767
105.12
101.745
105.801
96.342
105.616
100.632
106.688
96.895
104.642
102.286
102.696
101.985
104.785
102.887
100.858
103.759
100.617
99.327
105.248
100.567
106.696
96.962
106.628
99.011
104.647
100.68
106.128
99.136
104.184
101.022
104.835
98.726
106.458
97.376
106.966
98.504
104.38
99.902
103.951
103.271
102.552
104.106
101.552
99.109
105.147
104.071
100.538
100.263
103.831
105.064
102.128
97.898
105.891
100.963
109.297
96.511
102.041
100.478
106.823
97.105
109.376
95.297
105.376
101.808
104.978
97.684
121.861
89.951
99.556
100.14
104.879
97.981
105.666
101.601
103.32
101.319
104.376
104.234
100.022
98.568
104.376
103.778
102.981
99.808
103.899
100.334
105.609
101.718
103.459
98.944
104.285
101.177
103.745
101.285
104.196
98.567
105.73
104.06
100.793
99.489
105.808
101.41
104.966
99.429
104.699
97.943
105.406
101.162
106.673
97.173
105.211
99.857
103.349
100.481
106.591
98.849
104.271
101.88
105.361
97.68
105.993
98.248
105.424
100.929
104.045
100.575
104.41
98.951
105.226
101
104.128
101.319
103.602
101.086
105.523
97.511
105.071
103.816
100.944
100.297
105.398
100.32
103.425
101.973
104.316
98.335
109.349
94.985
106.41
99.015
104.97
101.91
105.729
98.094
105.899
97.909
106.211
98.853
105.376
114.184
91.192
100.632
104.921
102.481
102.015
98.064
107.865
96.71
104.602
103.447
104.459
97.165
107.511
97.203
105.335
102.632
102.218
103.654
100.616
103.921
103.549
98.32
106.473
97.489
105.177
103.654
101.489
99.406
104.225
101.271
105.019
98.725
105.609
102.737
101.632
102.665
101.511
103.745
102.207
100.815
104.745
99.609
104.158
100.8
102.88
103.29
101.447
101.662
104.665
98.489
104.744
104.959
101.985
98
106.97
98.334
104.271
102.24
105.44
97.666
105.477
99.312
104.76
100.218
103.894
102.816
103.105
99.44
105.617
101.609
103.872
99.271
105.56
98.616
105.049
102.406
102.406
103.985
100.891
103.887
100.463
105.759
100.275
98.56
105.312
99.248
105.342
101.519
104.985
110.838
94.489
97.929
104.906
100.312
104.477
101.049
106.327
97.064
105.68
101.572
102.503
100.534
106.128
98.192
104.575
104.233
100.639
102.275
103.237
100.353
104.496
101.387
104.756
97.383
105.226
103.759
101.249
101.537
104.598
98.131
104.952
102.977
104.462
98.072
105.214
99.978
104.774
100.744
103.602
104.086
100.632
98.921
105.094
100.898
105.711
99.992
103.858
100.056
105.256
100.59
102.865
104.36
100.023
102.305
103.304
101.594
103.959
99.774
104.353
101.455
103.639
103.546
101.09
99.229
106.771
99.774
106.583
96.699
105.598
100.951
103.729
100.624
102.895
105.011
101.301
98.707
104.383
104.482
101.312
100.876
103.785
104.113
100.241
100.086
105.151
99.958
105.756
101.086
105.008
97.41
104.334
102.199
107.41
95.402
106.185
98.973
104.583
120.128
84.162
102.112
104.079
101.042
103.654
101.737
105.894
96.985
107.106
97.639
103.255
104.726
102.819
100.128
104.929
97.831
110.518
95.504
105.417
98.944
105.056
102.143
102.985
100.888
104.304
98.816
123.383
79.372
107.831
103.023
102.007
102.327
101.361
103.282
102.233
100.677
102.808
101.106
105.109
98.939
105.249
102.03
102.327
104.417
100.391
103.192
101.545
101.071
106.327
97.132
106.301
103.8
100.632
98.951
106.508
98.864
105.012
99.387
104.222
103.759
102.154
99.015
108.448
96.635
104.808
102.59
101.767
102.448
105.327
97.552
104.267
102.094
102.835
101.511
107.072
96.887
104.334
104.305
100.256
99.766
106.617
99.553
102.97
100.823
106.342
98.519
108.714
95.865
106.282
99.485
107.297
96.902
105.304
101.97
102.786
100.188
104.722
100.425
107.511
96.519
105.785
98.527
104.921
105.207
100.71
98.85
120.879
86.139
103.046
99.338
105.301
99.594
106.631
98.049
105.278
101.47
104.429
99.887
104.617
99.503
103.279
105.439
101.376
99.722
104.696
99.007
104.786
102.278
102.872
99.504
109.376
95.94
106.379
99.85
105.072
97.766
104.444
102.947
102.643
100.32
105.53
102.319
102.249
100.951
104.864
97.696
105.109
100.12
104.745
102.12
102.12
104.545
102.094
98.481
105.406
103.027
101.034
102.518
102.775
99.575
107.289
98.617
107.327
96.481
104.421
104.252
101.316
103.692
100.71
102.064
106.583
96.556
104.365
102.786
101.263
103.334
101.978
103.966
100.511
103.73
102.729
99.857
105.526
98.696
104.553
102.575
103.752
100.319
103.906
98.617
124.601
79.718
106.406
100.793
117.474
87.797
106.218
96.496
105.343
100.815
104.497
98.657
105.166
100.41
106.015
98.09
109.094
95.752
104.752
101.8
104.015
99.737
106.482
97.669
105.458
103.681
101.286
101.21
103.624
100.053
105.176
100.057
104.026
100.861
104.579
100.59
103.545
100.696
104.624
101.383
102.624
104.342
100.14
103.406
101.481
103.263
101.53
101.305
104.214
103.44
101.12
100.184
104.241
101.425
103.319
101.861
103.587
101.24
102.951
101.606
103.657
100.339
105.101
98.553
105.319
102.779
102.094
100.609
105.376
97.845
108.651
96.462
106.271
99.921
104.312
98.816
105.007
101.763
104.252
99.609
104.241
101.489
104.214
101.891
102.752
101.079
104.774
97.808
107.576
97.21
108.079
96.463
124.176
79.914
107.44
99.086
104.432
103.906
102.455
100.143
104.369
98.703
105.154
99.722
105.109
101.774
103.267
100.256
104.154
102.349
103.263
102.914
100.992
100.568
105.745
100
102.853
102
102.346
104.015
102.552
99.008
104.598
102.428
102.718
101.327
103.944
104.064
100.282
100.865
104.488
99.918
103.977
103.846
101.474
101.917
103.94
100.549
103.409
104.015
100.993
98.786
108.469
96.519
108.809
96.041
107.312
97.737
104.838
100.609
105.154
98.448
104.725
102.632
103.65
99.41
106.199
102.613
99.801
100.169
106.376
99.928
103.895
103.88
100.12
100.083
108.286
96.417
105.917
101.042
103.432
104.504
100.24
101.057
106.511
98.519
104.567
100.786
104.248
97.895
105.263
100.602
104.086
101.041
107.185
96.703
104.759
100.97
104.639
103.079
101.778
100.29
107.142
96.399
108.538
96.421
104.921
100.064
107.586
96.32
106.68
101
103.199
101.425
104.56
98.158
104.673
104.654
101.553
98.553
105.048
104.312
100.632
103.601
102.016
100.477
104.759
100.26
104.808
97.684
105.948
100.887
102.725
101.835
103.966
104.305
100.575
101.113
104.68
100.696
103.992
98.113
109.327
96.376
104.267
100.789
107.241
96.552
104.632
100.831
104.515
101.526
104.263
99.745
103.879
104.425
101.666
97.924
106.816
100.403
103.687
100.576
104.849
99.767
103.767
100.113
107.192
98.47
105.082
100.143
104.963
100.221
103.816
99.12
104.73
103.165
101.936
101.56
104.32
98.271
107.21
99.297
104.519
98.898
104.497
101.71
104.215
99.552
103.688
101.417
104.666
100.943
104.087
104.199
100.432
99.568
104
100.959
104.489
100.763
106.981
96.992
105.44
100.985
102.666
102.413
103.872
135.192
59.383
111.452
102.037
100.44
105.128
103.624
100.413
102.516
105.319
97
106.402
103.707
100.372
98.903
105.041
99.631
105.824
99.985
104.447
103.729
101.606
98.579
106.533
99.113
104.602
101.413
104.617
98.793
108.526
95.715
106.909
99.899
103.327
99.872
104.335
103.808
101.985
100.207
104.631
103.512
103.259
98.981
105.921
102.448
100.68
100.489
103.135
101.887
1027.5
99.451
99.03
103.534
101.195
104.173
103.97
101.135
100.824
105.962
97.696
108.319
95.696
108.214
97.184
105.978
99.383
103.921
101.62
104.019
100.823
103.816
100.44
103.587
102.894
105.865
96.222
105.361
101.338
103.327
99.481
104.76
104.639
103.233
98.992
102.974
100.793
103.809
99.872
104.349
115.978
89.973
100.497
108.169
95.744
105.936
98.944
104.631
101.034
103.91
103.793
102.211
98.654
105.327
100.617
103.462
100.41
108.237
96.417
105.034
100.233
104.646
103.249
101.342
101.214
103.628
101.037
104.388
103.703
99.879
101.76
103.346
101.823
103.816
100.737
121.804
81.316
105.447
101.575
103.673
98.666
105.349
100.256
104.846
102.989
101.864
100.222
106.086
97.779
104.879
99.974
106.962
97.271
108.463
96.834
104.32
101.808
107.376
96.037
104.884
102.053
103.985
98.864
105.474
99.391
104.703
100.771
105.684
99.338
105
98.526
105.722
99.169
109.613
95.256
105.304
105.523
100.334
98.64
108.203
96.263
105.086
100.553
105.56
98.398
109.076
97.917
103.346
103.646
100.057
102.609
102.782
100.545
103.887
102.455
102.53
101.617
105.214
176.771
93.876
88.842
47.872
123.583
85.154
134.158
69.417
129.263
74.831
134.865
72.319
126.594
78.737
125.526
79.384
126.834
68.23
135.56
76.24
120.857
84.023
150.241
49.312
127.913
86.542
98.977
101.534
125.323
71.617
143.372
60.113
131.808
82.865
131.902
75.481
132.075
62.775
127.902
84.241
122.142
82.192
126.275
70.83
125.091
87.413
125.447
74.328
130.026
81.368
102.888
100.424
146.106
61.973
139.688
61.113
124.68
80.591
140.68
65.895
136.898
60.767
128.102
81.898
123.703
82.29
127.496
66.673
130.56
86.496
127.128
74.831
138.647
65.248
133.319
70.121
131.872
73.455
103.955
101.398
129.921
76.214
139.624
58.538
133.248
78.312
135.301
58.722
138.519
70.21
126.177
85.462
137.192
65.383
131.666
68.199
135.553
182.248
35.007
60.752
147.711
50.218
135.688
79.879
108.079
96.474
124.696
82.161
134.557
60.018
128.654
88.057
93.601
106.421
142.17
55.394
134.008
70.053
142.281
69.632
126.496
79.824
134.289
69.049
129.489
78.797
128.545
71.007
124.079
85.29
133.722
61.5
138.609
72.552
109.936
97.504
127.289
69.527
119.624
98.703
91.443
108.831
131.162
60.47
138.68
81.064
94.151
106.849
126.512
77.578
139.598
68.808
129.519
60.681
114.274
105.775
133.109
58.635
132.936
81.887
105.59
99.737
129.263
75.538
133.192
59.598
136.928
77.936
103.184
106.151
129.755
60.79
140.312
70.538
135.424
74.519
101.978
106.199
110.808
90.519
132.665
85
101.974
87.538
103.966
105.763
131.616
74.478
132.496
59.872
128.425
79.32
131.206
80.568
135.041
182.617
90.936
133.256
66.654
131.289
68.967
131.466
83.624
106.15
96.064
124.872
79.97
135.369
60.184
131.255
82.421
108.955
94.767
138.906
60.045
129.666
86.47
130.752
73.259
102.647
97.864
125.624
80.391
143.497
57.127
135.959
72.929
125.376
79.12
105.568
97.033
126.624
70.944
132.143
80.207
135.609
61.191
126.858
87.766
136.211
65.831
133.376
75.278
132.857
70.823
126.072
83.146
128.271
66.376
135.681
76.744
101.853
105.324
115.8
88.151
132.857
57.492
117.027
97.59
122.714
82.496
128.839
68.639
142.248
60.474
134.056
70.587
132.27
79.184
134.008
76.647
133.12
59.646
137.418
70.113
135.199
71.327
147.887
54.714
131.666
81.74
136.497
68.342
126.507
76.669
135.027
67.68
127.049
81.462
102.32
102.331
164.406
43.489
124.552
70.429
138.722
69.086
138.09
61.312
142.094
65.673
129.12
81.959
133.346
60.064
136.154
78.771
132.706
70.519
126.297
81.76
108.481
95.842
104.259
99.602
135.376
59.714
125.925
90.274
128.542
88.176
136.215
55.507
132.162
85.192
142.131
45.714
125.767
82.985
107.7
97.022
133.902
71.32
135.071
61.688
130.388
83.165
105.402
97.199
134.591
61.289
120.064
93.094
143.361
66.177
125.913
76.647
102.583
103.011
125.654
81.598
130.034
62.319
129.248
87.538
130.534
61.312
136.447
75.85
137.466
68.895
125.887
75.15
128.169
80.809
126.872
79.56
135.064
62.71
121.767
89.466
132.843
70.03
140.631
65.951
127.617
76.872
129.177
75.191
126.775
78.402
131.808
74.952
134.041
65.447
128.801
76.447
136.482
72.135
133.823
61.688
134.542
71.338
147.774
58.177
133.402
89.854
132.353
49.966
129.602
87.233
134.293
60.929
127.218
85.943
147.064
52.44
140.154
57.117
131.759
90.489
95.801
105.105
134.526
64.737
130.32
81.488
129.857
63.335
126.827
77.925
130.376
75.511
144.993
65.616
150.887
51.936
136.418
74.03
107.552
97.666
132.605
66.211
127.462
83.184
101.951
101.73
127.368
66.857
136.357
75.681
126.481
93.301
135.075
52.342
140.778
65.73
132.684
70.248
128.714
86.015
113.918
88.353
126.722
69.545
130.767
86.688
121.12
73.775
132.139
75.958
109.008
96.887
128.241
65.657
108.846
105.143
134.842
63.263
140.504
61.463
126.729
84.402
120.327
90.606
136.424
66.354
127.064
77.526
124.056
85.519
126.132
67.767
127.624
82.943
127.921
79.816
115.951
87.44
130.985
66.015
134.707
65.996
130.417
87.057
108.312
96.853
126.256
77.665
114.827
91.455
129.094
72.433
118.409
87.448
136.161
61.399
123.943
83.2
122.176
99.17
118.744
71.838
108.143
99.177
115.169
91.271
124.688
80.049
141.778
72.071
119.023
78.086
110.771
91.165
104.218
101.846
130.538
69.624
137.654
66.673
131.41
74.421
102.816
106.274
129.857
61.32
135.857
67.902
143.229
71.884
116.782
91.289
126.008
66.97
127.173
90.943
132.136
60.834
138.406
72.707
128.165
81.771
94.906
107.466
139.098
80.447
95.177
97.105
124.357
81.252
119.237
79.752
120.579
88.143
133.255
61.057
129.943
75.779
134.748
80.331
119.774
82.361
127.248
80.376
102.071
101.185
128.12
65.583
129.022
89.745
127.68
66.564
115.053
96.665
141.432
78.448
120
83.815
117.88
89.241
119.03
187.346
25.887
52.214
149.602
79.68
110.793
70.497
144.079
60.985
138.094
65.12
127.849
87.546
134.47
64.503
135.895
75.353
124.448
66.504
148.751
62.993
128.297
82.665
135.895
64.496
128.354
76.59
109.91
99.864
127.786
65.902
143.504
85.85
128.725
62.985
118.508
83.996
141.09
65.79
133.834
133.951
65.587
75.789
114.2
91.466
135.349
65.617
101.459
104.206
142.519
55.026
134.557
76.673
136.361
64.921
146.278
51.594
132.214
88.432
129.376
66.406
124.786
85.09
127.831
69.887
130.218
77.117
128.545
73.752
132.158
83.041
129.884
180.357
18.162
79.943
127.44
76.481
138.966
60.76
135.304
73.418
131.83
61.207
133.057
84.417
102.534
99.658
102.383
103.929
126.086
141.417
68.482
71.165
119.154
81.222
126.865
73.985
121.857
99.263
117.958
71.482
113.278
99.443
138.237
55.515
132.094
84.824
129.346
75.639
120.864
86.839
127.838
85.842
134.835
50.173
143.793
66.973
144.117
50.639
118.068
100.154
127.504
76.169
103.357
102.515
125.59
80.73
126.086
72.376
129.763
77.613
135.387
65.222
131
94.632
115.857
75.857
131.222
67.488
114.015
96.098
133.88
61.015
139.962
64.775
134.086
92.346
127.583
65.248
128.312
91.177
115.199
64.673
136.207
81.071
123.481
66.105
146.158
82.963
94.094
97.267
103.357
101.545
108.094
99.368
128.192
62.233
114.722
102.391
127.966
67.722
119.665
93.981
139.88
121.316
67.308
79.391
134.09
87.249
95.191
97.56
107.512
95.992
132.079
62.609
136.128
80.015
103.083
102.616
112.662
92.083
128.391
66.669
135.346
72.928
140.455
54.696
142.537
68.278
122.737
88.816
133.759
84.568
117.008
67.255
131.523
73.398
130.921
77.91
140.395
66.522
103.884
102.44
116.913
89.064
134.147
61.733
136.113
74.376
103.849
106.425
119.03
74.782
132.218
79.887
126.56
71.895
127.639
81.139
135.185
65.789
146.192
53.353
134.192
81.97
133.278
69.759
127.681
79.88
127.729
69.71
126.835
84.105
123.703
86.35
119.992
80.275
139.88
55.022
133.158
79.816
135.289
83.433
116.567
65.376
127.872
99.079
126.632
65.793
140.808
62.162
135.805
66.033
126.079
85.049
104.951
96.948
120.188
89.361
113.387
82.943
121.117
91.767
114.658
89.71
111.564
94.621
131.552
66.218
126.88
82.432
132.824
68.567
141.895
53.97
152.12
59.478
131.673
76.368
120.135
84.042
124.466
77.616
121.102
87.865
135.485
66.33
140.951
55.29
135.549
79.891
103
103.319
128.978
69.646
134.294
66.24
135.083
79.455
133.128
73.127
113.192
89.391
128.515
71.895
109.432
100.342
125.85
80.68
94.361
107.688
127.797
78.019
106.662
97.722
128.511
88.312
136.974
47.522
132.823
92.576
95.913
97.542
126.898
70.241
118.992
96.575
93.872
105.542
134.97
72.872
111.511
93.842
103.335
100.398
142.914
60.113
137.056
68.038
129.176
72.745
127.312
73.894
120.331
93.831
125.681
70.454
103.583
109.835
130.094
60.233
125.951
91.147
121.894
83.128
126.113
80.071
110.448
92.376
135.391
60.744
132.951
80.816
126.075
80.485
143.56
59.978
131.071
65.666
136.086
66.951
133.098
79.545
146.959
52.503
107.523
102.316
121.034
85.567
120.944
84.056
127.218
79.399
109.327
91.522
221.624
158.974
95.199
90.553
37.462
135.722
78.831
124.481
87.305
113.222
86.353
134.447
72.857
116.091
87.973
108.707
98.278
130.151
62.511
123.594
91.079
125.466
79.711
112.958
101.56
133.794
59.872
129.895
67.601
130.496
79.681
128.598
78.609
126.815
72.512
142.736
52.737
129.222
88.338
136.121
87.079
104.432
84.816
126.56
69.929
140.094
70.928
143.29
59.567
145.354
59.12
114.917
92.609
124.519
82.169
144.222
49.256
134.793
70.913
133.576
70.823
137.218
75.421
134.169
76.09
111.192
90.365
105.274
97.489
108.47
95.729
127.654
72.921
130.042
81.462
119.778
85.647
134.669
72.921
107.184
96.647
116.188
86.729
105.485
100.651
129.996
65.699
129.526
79.249
135.094
62.996
138.173
75.943
111.752
93.756
128.301
90.154
116.128
77.165
114.714
83.737
108.29
100.323
125.083
70.334
132.448
80.785
126.568
84
118.624
74.759
142.929
68.816
103.15
100.688
125.177
73.519
128.522
70.335
133.191
76.609
129.282
79.493
135.601
69.023
131.523
78.864
126.485
89.985
114.263
76.184
104.136
102.083
100.327
104.71
130.587
67.447
137.177
67.417
130.056
85.82
118.489
72.041
132.03
79.203
126.662
185.496
99.274
121.185
83.293
142.079
52.97
125.913
89.824
118.454
85.561
145.631
47.872
138.151
78.804
136.094
62.887
135.647
66.105
130.801
82.391
125.977
79.79
126.049
81.624
118.552
72.873
132.616
83.696
115.47
87.097
126.673
78.575
123.008
84.361
129.519
66.44
140.033
60.294
144.394
72.703
131.241
63.511
139.106
86.533
126.515
66.534
112.745
86.278
122.755
89.343
93.488
108.154
109.373
95.864
103
101.29
125.789
80.042
126.766
77.177
115.651
91.966
128.391
70.729
127.064
82.376
128.263
65.402
131.824
83.383
134.823
70.993
134.207
64.537
107.158
99.665
139.185
69.289
133.91
66.936
121.703
76.786
138.071
76.865
131.695
66.489
109.88
98.079
135.361
64.233
135.59
70.376
125.865
84.759
140.992
64.944
126.936
77.083
108.052
96.985
122.624
82.008
141.105
53.512
145.206
68.098
143.376
65.654
125.346
63.936
118.647
98.815
118.042
88.936
127.165
77.466
122.794
77.511
135.662
61.064
135.571
68.32
134.424
69.782
132.632
87.162
102.169
100.654
126.511
71.767
130.184
79.489
104.504
100.297
107.206
100.929
132.071
66.474
139.248
63.839
129.041
83.263
94.233
111.32
113.432
88.271
119.319
86.248
141.113
61.951
141.474
59.248
117.102
105.274
126.538
57.109
139.304
75.335
139.056
64.481
132.079
61.467
137.582
68.835
143.812
65.992
129
78.688
144.034
60.233
124.966
82.809
127.255
74.154
105.504
102.32
124.894
76.527
104.628
102.526
127.256
84.048
113.568
86.895
110.887
94.872
126.948
65.872
135.293
75.895
139.537
70.361
128.023
73.729
104.485
101.932
126.053
74.617
126.631
84.184
130.568
70.162
126.391
81.225
131.44
73.553
139.669
62.786
126.582
92.154
125.974
60.346
128.492
86.508
112.951
87.793
109.143
96.504
125.857
79.327
133.049
61.072
115.36
97.655
127.353
92.425
117.503
63.816
142.286
60.992
125.369
87.951
118.083
93.293
110.643
91.143
95.631
106.715
132.364
64.098
130.959
99.575
118.361
68.105
124.609
84.094
135.865
57.503
132.143
69.53
131.527
86.451
126.248
78.207
103.455
100.616
130.729
63.493
127.819
85.485
125.44
80.09
140.185
56.199
142.015
60.312
120.553
95.71
128.226
78.665
140.59
61.185
112.552
96.271
131.583
66.939
122.222
90.752
111.696
91.898
113.556
90.922
93.12
107.105
136.087
75.391
122.53
79.022
124.801
75.921
108.673
98.248
118.726
87.751
121.64
82.537
102.929
100.334
128.049
78.786
135.248
68.496
115.2
93.83
95.568
102.425
141.086
57.346
144.222
65.162
128.03
81.522
125.993
79.44
125.184
80.455
142.383
58.019
124.462
83.512
118.582
98.147
118.726
62.921
137.462
78.786
140.432
52.583
121.816
84.729
137.616
71.064
129.192
80.68
127.264
80.233
119.037
85.079
134.372
71.888
128.488
67.061
122.977
79.297
134.297
79.335
109.808
96.199
135.432
62.256
141.158
57.801
132.714
84.045
122.113
82.609
138.68
77.527
153.571
37.496
135.703
66.519
109.741
97.428
140.703
65.41
127.342
78.786
124.519
80.214
135.226
68.703
117.857
88.838
125.801
77.707
117.669
80.8
128.433
83.015
126.24
93.042
103.631
86.982
127.601
76.504
118.425
98.909
129.226
61.767
125.913
81.391
132.143
71.459
124.583
80.759
139.53
51.718
111.53
104.895
132.842
70.944
108.368
98.447
108.625
95.432
122.391
79.413
127.53
81.072
134.68
57.44
131.872
87.921
126.177
78.805
128.169
70.616
140.482
65.15
141.992
52.271
136.624
76.211
135.793
87.44
132.853
70.447
131.354
53.064
142.466
65.662
112.022
99.354
109.665
96.335
123.665
79.662
103.898
99.669
127.681
79.744
127.959
75.872
126.827
70.959
128.673
81.703
133.575
70.225
105.109
99.275
134.97
69.222
141.319
52.568
117.199
101.248
129.008
65.898
133.135
84.2
112.12
90.977
102.846
100.388
103.124
100.458
129.072
77.466
102.958
103.151
97.624
102.346
136.037
64.561
129.007
83.192
129.778
61.575
131.985
86.846
134.241
65.8
130.722
71.237
129.177
79.225
136.199
64.61
134.406
70.206
130.955
81.072
133.751
72.914
116.789
85.745
133.707
70.782
134.782
72.763
132.105
66.669
122.248
88.098
94.59
111.199
113.632
88.241
108.439
95.384
127.913
79.219
126.868
75.218
109.376
98.447
127.474
80.101
121.658
75.944
128.222
79.353
149.079
48.681
119.417
94.207
134.015
60.737
131.112
79.519
139.12
60.29
128.425
89.413
124.978
86.289
127.808
65.542
102.808
101.327
135.617
64.255
137.083
60.15
120.538
97.109
103.609
103.88
110.488
94.403
131.285
66.361
121.143
83.752
121.455
86.12
101.481
105.121
133.417
61.207
130.519
80.297
142.199
55.128
136.639
70.962
136.072
76.887
133.12
69.474
126.992
79.414
115.857
95.921
119.496
79.448
102.751
99.47
106.737
99.267
129.245
76.447
141.131
54.422
142.199
62.049
134.736
72.162
123.797
89.673
119.034
87.207
132.064
65.255
126.872
83.696
127.801
88.007
132.113
53.59
117.666
94.751
149.418
45.022
137.391
72.233
132.624
79.29
102.286
99.327
136.537
65.617
134.225
79.805
106.481
93.399
126.721
78.297
129.215
63.774
138.677
77.308
132.793
69.594
115.342
92.32
124.598
80.819
127.936
63.263
120.922
107.669
119.233
73.767
133.417
73.177
134.785
65.365
102.88
101.458
109.158
97.985
128.688
92.335
98.977
89.395
128.094
76.695
125.087
82.616
101.955
98.797
126.801
80.463
117.77
82.045
122.139
84.673
122.271
78.79
130.992
78.098
119.857
89.398
101.264
101.127
137.324
59.244
131.714
79.279
109.176
98.327
126.497
93.496
93.816
95.665
117.695
86.591
131.744
87.184
125.944
66.53
127.41
74.376
129.725
76.696
130.225
66.215
131.026
83.718
116.432
87.207
132.12
66.481
125.249
86.951
131.53
66.782
140.128
63.954
144.967
65.526
117.722
84.218
113.364
96.219
132.624
62.071
127.342
87.353
127.185
65.143
127.985
87.992
132.03
65.808
109.737
100.09
99.312
106.094
127.64
76.785
123.215
83.338
133.575
69.087
142.913
64.609
123.759
79.952
126.744
75.88
120.056
79.541
123.068
79.079
135.008
80.992
128.008
76.785
105.429
100.019
123.312
80.774
125.015
79.88
139.714
51.775
126.778
94.759
123.775
77.992
127.993
66.142
131.914
84.831
130.567
65.162
127.921
82.79
136.112
72.858
113.774
88.703
100.496
100.425
102.211
101.725
103.801
105.207
115.793
89.91
131.233
69.447
135.594
72.222
132.162
66.624
140.518
62.937
130.402
69.349
141.545
64.474
129.861
87.936
129.745
66.169
140.263
65.383
135.169
71.425
109.143
99.842
131.312
64.869
133.353
80.233
101.936
102.448
109.199
96.744
110.56
88.226
134.177
71.052
133.643
63.485
128.248
99.346
134.759
47.76
132.135
72.425
130.575
86.816
130.56
61.169
124.993
94.71
97.057
104.417
119.199
85.651
135.109
84.353
93.711
96.199
134.368
70.53
102.982
99.763
131.725
65.827
113.207
98.801
120.214
87.519
133.88
60.8
133.256
79.876
121.669
85.594
109.493
96.259
103.974
101.936
131.643
66.142
126.752
79.335
103.083
103.455
105.233
102.391
96.887
102.263
149.079
52.898
145.192
53.553
120.575
95.113
133.342
62.331
129.74
86.162
111.034
94.372
123.857
79.978
127.646
65.417
127.937
90.063
126.016
77.278
109.673
95.432
113.823
91.233
124.681
77.27
127.264
72.154
124.801
94.853
106.361
91.489
134.304
68.391
125.105
81.158
128.511
79.579
113.632
84.256
145.432
64.823
138.2
51.112
136.2
81.473
136.455
60.384
124.969
88.128
125.384
83.496
131.414
67.424
142.715
62.064
120.526
97.943
134.561
52.007
129.936
84.594
129.951
65.831
127.617
83.936
142.267
73.925
145.12
62.248
123.959
65.842
119.293
87.793
105.305
98.631
125.985
77.29
105.646
98.673
127.752
72.229
126.906
77.32
127.857
79.936
134.376
73.087
133.097
65.478
114.105
97.241
141.752
53.8
144.681
63.12
128.902
77.711
128.21
85.703
113.211
86.782
111.767
97.88
112.274
87.921
105.605
97.824
128.481
76.391
138.248
71.921
115.703
97.177
118.432
61.722
126.022
96.376
120.008
90.447
124.233
70.718
144.418
52.518
127.858
79.83
136.132
69.116
124.643
88.094
95.087
103.744
135.617
72.203
133.135
66.767
118.951
88.602
124.718
81.033
134.734
60.808
143.056
61.072
123.954
91.128
125.072
76.034
127.18
79.226
147.481
60.481
116.117
100.056
126.511
55.504
134.226
83.654
130.962
65.665
138.703
66.294
129.706
81.873
131.703
180.631
14.034
92.143
96.353
95.688
127.143
91.064
128.808
61.527
148.007
57.948
116.853
90.857
131.327
61.354
127.312
90
129.605
61.985
125.015
93.737
130.154
67.079
137.214
66.105
126.895
84.929
102.594
97.894
138.169
65.489
128.519
79.03
124.666
79.368
133.695
72.696
103.763
103.605
93.568
107.895
126.417
79.079
135.744
71.354
125.022
70.192
126.737
89.631
126.267
73.309
127.09
80.192
128.424
76.737
113.158
86.647
134.481
70.192
105.312
104.729
128.305
65.015
138.511
77.793
126.485
88.361
134.545
114.019
74.831
71.361
110.541
96.568
120.259
76.812
133.12
80.049
129.425
65.477
132.467
75.721
121.166
87.192
134.928
66.609
143.526
64.256
130.26
76.206
133.617
63.015
129.609
83.974
134.161
69.696
141.113
65.759
125.951
91.143
139.368
42.241
133.263
73.275
125.552
90.932
114.557
90.568
126.887
69.222
131.24
92.32
148.071
43.327
128.41
88.865
136.488
43.903
131.048
86.504
109.681
95.24
126.857
76.816
127.654
79.673
141.737
49.782
131.489
96.688
123.207
63.473
128.895
80.361
126.368
80.654
102.737
101.121
127.424
84.696
109.857
88.88
121.59
70.992
131.433
86.567
110.843
96.236
114.241
87.312
107.688
98.199
113.354
101.496
119.816
69.169
123.56
78.32
135.733
65.146
134.136
78.894
118.008
94.586
123.504
65.831
135.801
80.199
125.658
89.872
144.944
47.454
122.271
84.978
111.255
92.929
135.079
65.522
127.903
81.255
140.226
51.846
119.481
96.511
136.793
59.542
145.218
67.255
127.47
70.771
137.861
91.507
108.865
80.327
104.384
102.567
119.064
85.56
129.824
61.127
128.681
83.432
130.594
78.151
130.041
73.03
123.519
84.113
127.808
73.583
108.642
96.839
109.007
97.361
126.519
69.056
141
70.44
128.417
69.313
137.766
76.737
107.602
98.695
127.951
90.624
107.895
81.808
131.29
73.944
127.609
64.293
140.695
75.929
130.849
66.959
130.369
80.624
126.473
79.959
127.944
76.545
110.022
90.418
126.496
82.511
125.993
76.086
122.128
86.594
94.673
111.887
98.312
99.97
130.244
69.73
136.639
76.759
103.402
98.733
102.617
102.09
119.767
87.936
102.545
99.865
125.312
78.598
125.376
80.034
133.815
69.489
142.726
60.353
143.199
60.56
130.391
72.936
128.361
84.583
139.372
177.245
92.97
125.56
78.872
128.782
76.304
126.553
77.44
123.849
77.252
109.425
98.978
122.609
82.432
135.725
57.824
133.252
82.526
127.654
76.714
136.504
85.286
119.56
66.353
138.688
66.185
135.985
66.83
128.842
79.88
127.109
79.801
93.85
107.071
119.278
90.643
126.541
71.354
110.594
97.143
125.368
80.384
126.518
78.632
125.263
80.985
131.737
70.462
126.316
72.165
126.594
84.47
134.903
65.808
138.898
66.673
132.564
77.809
126.473
96.184
101.782
76.418
134.184
65.248
131.105
84.809
110.879
99.496
119.978
76.15
129.361
72.737
121.575
94.44
95.959
101.665
150.526
50.057
142.481
67.158
136.722
61.165
125.97
77.534
129.801
87.169
110.722
92.669
123.176
85.489
111.673
91.143
130.992
60.658
126.124
89.482
135.376
58.447
131.248
75.278
128.572
85.481
133.695
58.718
137.327
83.072
92.522
105.094
147.489
52.154
145.256
62.184
139.057
63.812
134.451
72.605
130.82
79.109
135.248
68.199
126.801
76.071
134.699
76.286
126.338
74.549
134.154
69.767
122.647
84.12
117.41
84.15
138.29
65.24
125.237
84.624
131.545
74.715
127.744
75.861
127.226
75.12
143.169
60.158
124.56
83.008
118.21
88.632
128.233
74.101
141.951
55.282
114.534
96.139
126.023
81.248
129.929
71.808
129.413
80.937
132
61.755
111.256
102.071
130.681
73
124.853
80.346
124.109
84.955
94.342
105.56
123.489
82.737
126.661
81.297
129.256
61.346
146.917
60.466
127.59
84.681
110.459
95.951
132.022
65.406
125.29
85.496
121.688
84.432
102.519
99.643
124.767
82
175.248
134.015
28.729
85.391
117.696
69.673
137.338
73.62
97.324
102.894
122.087
88
127.928
73.752
124.248
81.192
133.752
75.714
103.639
95.64
118.391
84.951
132.394
71.482
127.045
70.312
134.65
80.79
135.736
65.305
132.023
69.454
122.809
76.643
131.439
87.177
124.15
79.346
127.974
78.353
103.2
100.03
125.586
71.673
123.248
91.233
127.839
65.455
129.071
87.688
124.665
81.936
111.425
88.775
121
84.846
112.251
92.365
134.327
66.921
139.681
65.928
124.978
71.094
132.755
83.839
132.725
61.312
123.827
91.463
118.511
85.688
135.496
82.624
94.297
97.414
126.12
68.658
144.135
60.361
135.105
77.053
135.489
76.282
118.68
74.485
140.09
67.264
127.368
73.688
133.774
80.921
134.88
71.128
128.688
69.616
142.192
55.681
161.646
49.94
110.838
94.831
107.44
97.899
125.173
80.515
123.797
83.376
134.176
61.56
130.824
80.936
127.583
80.492
130.372
60.098
133.71
82.395
145.485
58.996
118.294
86.255
130.639
70.978
112.958
94.643
127.824
80.872
116.184
83.248
125.854
80.857
131.537
72.534
131.226
63.928
128.918
84.665
128.064
79.519
117.857
87.413
115.752
83.861
122.135
85.718
128.241
76.293
103.857
99.297
120.794
86.462
125.978
78.278
125.353
78.384
131.797
75.097
136.809
57.951
140.522
72.496
138.294
66.139
121.376
83.895
132.977
74.271
119.815
84.106
133.887
59.744
137.158
68.602
135.424
75.895
128.466
67.248
136.775
70.906
323.47
95.722
129.022
75.801
124.534
83.124
93.436
107.838
135.26
71.094
117.112
87
122.64
81.473
176.801
42.256
136.447
48.32
139.263
76.327
114.849
85.207
112.602
89.128
142.751
57.143
134.121
75.646
126.41
80.169
122.312
78.263
129.121
81.992
132.865
61.278
134.289
78.497
139.988
61.128
127.786
83.21
104.782
99.015
133.906
69.369
126.989
77.906
120.454
84.418
131.376
73.376
102.71
102.41
126.816
76.966
137.801
59.011
142.286
61.65
128.853
83.312
127.079
80.929
148.575
50.553
147.192
56.056
143.319
70.418
132.376
60.831
140.255
65.692
139.541
64.658
144.775
65.15
128.169
80.703
126.771
80.973
134.361
61.121
127.752
85.526
132.688
60.105
148.128
60.417
125.951
85.015
142.297
56.279
121.586
90.207
103.177
98.27
135.312
61.481
132.113
83.519
118.872
85.12
126.952
68.928
138.504
75.808
110.241
95.902
135.978
60.481
142.718
67.176
129.594
74.32
102.071
107.015
133.658
58.809
136.917
78.297
135.496
68.921
132.741
73.812
109.124
92.992
126.128
79.587
126.342
77.176
135.73
69.191
126.294
81.537
134.391
60
138.643
75.951
110.448
92.913
129.542
70.383
127.226
80.36
127.617
81.936
133.887
61.064
131.767
79.985
131.44
74.327
128.271
77.891
125.447
77.056
133.335
75.297
132.256
58.992
139.568
76.361
107.049
96.142
127.839
81.169
119.831
81
134.041
61.511
124.504
87.993
125.503
81.034
140.399
66.105
127.696
70.432
134.631
76.632
116.902
84.786
122.639
84.466
134.613
75.481
113.226
84.737
145.748
50.883
140.854
69.127
124.106
87.639
128.567
71.579
134.613
75.489
93.744
105.151
128.387
75.895
127.462
78.346
134.278
73.707
106.286
214.161
26.609
53.173
136.034
69.575
125.85
84.616
118.294
89.218
128.007
71.816
143.718
60.85
128.744
80.214
142.267
65.534
129.71
72.737
120.192
82.312
131.019
71.981
132
68.29
127.169
85.541
132.331
67.135
125.951
86.2
134.097
58.455
133.936
83.2
134.27
61.068
137.56
75.797
134.572
60.503
128.215
86.857
101.27
99.865
129.399
76.184
134.695
71.993
133.511
69.977
132.745
70.432
113.079
96.056
131.038
73.338
129.361
68.606
129.932
82.244
131.226
70.135
128.553
79.68
125.805
78.692
111.334
91.899
128.342
75.526
141.88
57.481
139.658
66.304
133.335
69.214
129.113
81.872
142.594
56.797
108.105
99.249
134.567
75.32
136.376
71.473
110.463
87.894
117.388
93.413
129.579
66.286
127.263
82.447
134.388
71.846
117.161
76.722
136.35
75.112
105.549
99.756
102.928
102.358
110.503
97.963
135.357
58.504
133.312
82.898
133.696
59.056
133.312
74.098
136.237
70.955
126.485
83.759
128.361
76.304
133.433
61.248
144.128
66.24
124.711
81.801
146.488
50.632
115.015
97.737
125.879
79.098
131.489
74.357
133.88
72.24
106.121
96.045
124.522
79.177
144.59
51.369
117.161
99.079
123.842
86.613
118.756
81.91
107.297
96.612
133.403
70.894
130.203
74.357
101.914
105.936
131.32
78.398
122.793
73.32
132.338
74.173
105.034
96.902
136.715
75.015
132.703
60.368
132.511
82.32
127.466
75.816
133.879
65.328
128.68
81.891
132.752
61.477
133.057
79.47
103.424
101.794
134.77
65.703
127.711
83.086
130.339
77.406
129.225
60.59
142.73
66.312
142.537
60.23
163.793
52.752
125.56
66.023
128.864
89.233
121.944
82.447
135.463
65.722
115.496
91.255
131.583
72.688
124.444
83.597
134.32
65.793
137.042
65.221
134.241
74.545
139.895
60.071
133.824
67.383
147.658
54.526
136.609
70.297
131.647
83.872
126.056
78.008
134.85
69.376
141.176
65.406
129.801
64.15
130.451
82.508
125.722
79.827
145.789
62.482
103.086
99.162
126.518
79
128.553
64.474
110.834
107.707
121.072
84.105
117.496
85.504
123.838
79.993
117.041
88.184
130.406
66.29
131.327
75.729
126.199
83.286
133.267
62.353
142.286
65.823
132.921
77.211
107.654
97.902
128.403
77.184
129.27
62.519
145.602
64.936
120.511
83.015
128.737
72.331
141.229
75.335
107.898
97.406
139.827
76.591
126.36
77.384
155.44
39.071
142.184
49.809
156.383
56.064
130.199
78.346
134.669
65.666
113.793
99.049
125.056
64.44
137.838
83.143
120.985
75.418
103.06
105.473
128.891
75.91
134.681
61.112
132.113
70.966
126.737
76.057
130.936
88.376
123.924
90.376
119.339
70.304
122.745
85.454
132.448
76.056
93.098
107.03
134.402
72.512
138.59
425
43.312
122.767
87.267
103.936
99.477
139.057
62.026
115.767
96.233
133.116
61.241
138.587
75.447
106.703
96.68
126.857
67.967
139.473
69.576
131.992
79.575
137.778
59.805
126.808
84.369
128.53
69.015
128.455
83.823
127.338
68.455
133.801
81.462
96.921
103.929
102.214
107.778
129.158
67.842
141.008
60.631
132.88
79.545
142.519
60.425
126.665
79.489
133.399
74.639
124.225
76.91
118.263
91.316
114.774
87.121
161.413
48.688
128.88
60.564
129.052
86.361
129.512
71.943
123.083
80.917
138.624
65.936
133.891
72.613
127.395
79.368
129.173
77.97
125.932
78.316
127.207
78.12
134.921
59.2
136.503
73.88
127.654
78.778
134.177
69.632
126.624
79.936
140.12
64.534
127.601
77.865
110.696
95.872
131.199
66.688
133.632
77.665
109.462
101.937
118.451
78.037
137.594
59.045
134
78.842
126.854
70.034
133.985
78.695
125.639
79.433
127.375
75.335
128.771
80.902
94.872
109.729
129.527
73.225
103.305
100.278
121.714
82.967
136.849
58.045
133.786
82.598
120.65
79.696
138.721
71.989
96.041
105.76
134.977
72.936
119.384
85.767
131.504
70.281
120.448
80.568
128.319
79.384
105.864
100.632
117.793
86.263
121.241
84.552
133.733
70.282
134.185
149
79.624
47.639
124.113
80.688
134.567
60.425
136.143
71.737
133.248
70.071
119.831
92.132
130.406
71.759
117.53
89.549
124.97
79.177
137.143
68.503
108.888
96.793
133.135
65.793
129.718
79.267
103.248
101.775
122.767
81.44
135.056
70.263
134.425
70.353
127.534
68.786
139.425
76.071
101.76
100.191
127.978
78.143
136.03
61.097
137.688
64.418
157.688
47.921
128.455
87.951
128.586
64.436
135.553
79.707
125.973
72.023
132.124
76.173
125.192
78.409
133.767
69.831
127.568
80.737
133.383
75.29
119.221
81.561
146.714
54.406
133.034
78.59
126.628
77.398
108.158
96.474
132.703
62.297
140.41
75.063
104.35
96.831
127.323
76.654
135.327
73.779
118.973
85.632
140.872
55.786
132.049
78.909
136.091
68.079
145.631
50.993
129.744
202.105
23.342
64.185
134.928
68.823
143.858
56.229
135.793
69.914
133.128
74.624
147.639
49.368
127.135
87.632
127.895
70.552
142.643
57.173
123.583
90.297
125.947
79.433
123.612
81.034
123.023
81.511
128.034
76.169
122.008
86.83
131.711
66.131
126.782
84.234
119.902
82.049
124.263
82.519
130.417
74.327
131.041
63.448
126.466
86.744
135.384
66.59
137.331
60.94
113.785
104.865
104.752
97.425
122.849
82.621
125.312
77.891
102.342
101.646
125.497
79.439
131.963
74.688
133.383
61.568
134.545
76.556
126.064
80.489
127.993
81.071
96.977
103.087
139.346
69.086
134.346
60.944
126.334
85.56
103.128
101.617
125.992
81.448
131.297
65.161
127.286
84.128
96.567
106.312
109.482
96.56
126.71
77.41
105.632
99.071
101.587
99.797
126.936
78.297
127.128
81.496
140.24
61.951
124.512
80.97
118.037
87.425
121.778
78.478
136.368
74.12
116.064
89.241
138.44
65.767
129.778
75.094
126.729
79.534
134.064
72.538
97.766
101.673
139.376
60.233
132.767
75.752
134.921
75.895
130.489
69.8
126.008
81.12
136.327
69.624
127.696
76.744
102.56
99.207
125.376
81.372
109.944
93.214
127.872
76.527
133.368
72.583
133.936
61.011
127.023
86.248
126.105
85.542
112.744
100.59
134.184
60.643
101.662
97.522
136.256
69.064
146.297
51.135
137.809
66.631
138.624
74.575
124.418
79.079
141.319
69.135
92.835
107.192
136.68
68.478
134.361
70.992
130.737
73.278
100.451
105.436
121.369
83.624
102.071
100.391
129.756
77.91
120.879
83.004
141.989
62.451
102.613
102.338
139.094
69.966
159.177
43.417
110.944
94.056
133.064
61.177
125.545
91.951
102.575
102.688
130.418
59.541
125.793
91.639
125.752
79.609
110.696
104.77
116.478
78.838
118.842
85.737
135.887
61.057
143.654
64.44
127.011
85.278
113.985
85.624
102.271
102.77
126.448
69.12
116.726
94.721
131.824
90.801
133.533
49.489
131.09
84.35
112.094
93.041
113.177
79.921
128.624
79.752
136.936
73.744
129.215
60.567
132.241
78.56
130.342
85.26
112.913
83.643
101.763
106.015
121.575
74.064
112.963
103.214
127.857
87.425
120.455
71.68
133.903
67.139
148.278
54.458
128.854
83.872
130.214
62.82
138.455
78.158
135.176
71.873
123
82.105
98.007
102.959
105.85
97.447
129.207
75.703
138.515
66.007
132.335
74.616
133.459
60.917
121.35
93.331
112.192
94.567
123.098
77.383
137.609
61.132
156.556
58.166
117.248
88.56
124.823
65.955
130.677
98.744
117.696
65.928
129.17
84.327
128.729
64.165
146.572
66.413
136.722
65.504
145.192
51.15
130.289
88.185
120.887
72.225
122.376
93.775
127.616
78.384
119.545
85.992
124.391
85.226
107.59
92.523
124.951
79.669
102.169
101.263
127.012
91.567
115.895
64.658
127
76.733
129.737
85.455
102.346
106.688
110.823
85.91
131.274
67.335
132.992
78.895
137.38
69.485
106.624
100.522
121.767
86.008
129.049
67.447
128.297
84.086
130.545
61.662
133.474
71.007
132.681
71.346
134.285
83.305
127.959
64.695
132.331
80.541
135.083
66.18
138.602
66.248
140.985
65.944
121.086
84.241
131.65
76.128
110.782
91.722
122.398
86.105
127.527
70.763
142.413
66.786
125.293
74.042
143.688
64.688
131.68
75.034
108.846
98.808
130.654
67.079
130.237
79.774
128.527
74.015
125.09
77.071
105.918
105.673
131.345
66
128.561
85.127
131.335
64.827
145.357
52.786
120.752
97.816
106.526
96.891
117.541
88.369
127.462
90.602
112.015
77.12
108.316
99.12
122.045
81.41
138.222
65.346
134.063
73.662
96.203
105.023
128.056
67.462
125.346
90.703
139.256
53.831
137.722
69.752
133.214
69.586
126.433
90.782
127.12
87.455
127.097
52.313
140.007
66.609
108.808
107.015
106.128
98.433
135.097
72.613
131.218
70.455
116.88
83.857
134.064
74.872
140.098
59.654
127.774
75.162
145.135
68.121
141.338
57.101
137.282
66.094
128.064
83.455
125.553
80.894
138.572
64.583
126.815
65.32
129.921
88.624
122.816
189.928
34.32
51.154
132.102
82.391
129.481
77.654
104.304
102.249
130.33
66.03
127.865
79.207
123.631
72.906
128.617
87.951
139.808
49.952
146.688
59.665
127.925
90.064
131.834
61.47
126.049
91.049
126.496
88.823
122.433
63.902
129.274
70.719
133.77
83.087
120.191
81.2
126.977
73.087
127.56
76.575
132.12
80.41
139.68
79.015
110.64
76.992
125.744
73.73
133.816
82.045
134.616
65.929
129.297
88.879
134.177
130.192
75.575
49.929
144.334
68.872
125.192
76.496
108.73
100.24
107.936
98.752
128.335
66.68
130.887
79.508
102.534
101.902
103.169
103.369
102.793
99.15
147.147
51.229
141.527
60.714
132.97
80.759
137.151
63.65
126.18
85.376
131.211
64.631
130.617
72.199
123.335
104.064
126.361
60.729
136.917
70.339
130.255
64.718
139.666
163.992
29.44
88.966
101.978
102.673
137.391
67.424
131.271
71.921
127.462
72.17
123.567
91.361
128.222
74.523
125.349
78.899
139.624
52.759
137.072
82.71
123.993
65.857
134.646
83.154
109.256
92.286
129.898
71.591
128.545
82.616
143.271
54.744
140.448
59.368
131.207
85.432
109.12
92.177
113.823
93.305
130.624
64.177
128.368
90.192
132.064
73.03
97.564
101.398
133.493
65.97
129.075
86.925
115.609
75.977
133.869
76.729
126.842
81.959
110.759
96.936
125.143
91.376
127.801
49.985
139.357
76.94
132.462
77.312
112.105
81.632
130.083
72.939
128.955
84.91
135.353
66.072
133
72.368
136.696
72.368
126.632
76.15
127.057
79.706
102.26
106.5
123.413
71.267
129.662
80.466
125.853
81.579
128.47
67.959
126.474
82.83
126.673
96.072
109.064
78.191
133.128
73.771
133.605
66.218
124.233
72.312
126.391
91.207
133.105
74.361
118.448
75.902
138.128
75.071
130.857
73.113
125.831
76.857
138.241
68.526
127.601
65.696
131.906
83.613
122.019
83.627
102.545
98.858
137.872
72.703
112.77
89.32
126.015
78.162
135.037
56.73
136.015
82.312
132.191
72.839
129.481
87.474
125.68
59.681
129.958
76.136
124.297
86.109
109.026
107.391
131.391
60.594
136.135
61.466
154.222
58.767
115.474
88.353
126.485
89.312
120.162
76.056
113.602
84.695
110.549
98.034
121.214
86.643
125.726
74.594
142.59
52.169
139.752
70.022
129.985
80.497
118.15
86.756
111.244
95.985
103.319
98.88
108.395
97.184
125.192
80.598
132.353
66.233
129.605
79.624
141.538
61.759
124.624
71.666
145.406
65.135
122.064
90.489
108.297
92.801
128.383
80.008
127.966
70.473
135.463
64.552
133.688
86.297
105.673
93.264
106.533
100.218
115.2
88.545
127.199
70.835
136.116
64.496
134.147
80.132
128.146
91.993
97.921
90.158
125.259
82.647
104.462
97.447
108.888
97.274
126.41
66.504
134.079
84.605
102.338
98.32
122
84.721
137.782
57.696
140.135
67.128
122.842
95.647
120.319
77.042
139.849
79.534
116.177
69.207
128.673
84.714
105.135
108.136
103.225
90.726
117.304
87.481
108.038
97.079
126.474
78.184
142.135
52.226
137.872
66.526
141.793
61.023
132.887
79.324
133.413
74.553
148.928
47.162
133.372
76.44
135.673
65.24
133.937
75.033
109.606
100.921
116.665
87.854
131.063
66.73
107.361
106.263
112.774
90.042
145.83
49.17
125.83
90.459
130.541
63.072
118.609
95.808
126
73.29
133.447
67.575
126.583
90.459
114.112
76.91
130.816
79.786
148.056
52.695
153.455
60.696
121.425
80.951
141.161
62.782
109.482
96.169
123.158
83.289
119.808
95.546
132.958
61.47
129.211
67.59
131.071
81.978
133.143
83.056
113.823
66.226
140.105
89.278
139.433
45.582
142.034
71.03
105.73
97.511
109.233
99.519
98.473
101.222
143.218
65.072
117.913
85.718
108.263
97.14
132.36
68.94
106.688
100.673
125.128
84.609
114.071
84.561
133.432
73.632
126.281
65.959
125.44
91.85
133.248
72.485
114.327
89.616
131.553
72.083
127.767
89.037
116.564
68.135
139.831
63.53
141.008
63.436
128.481
87.192
125.383
77.226
139.823
65.263
102.44
107.113
95.865
104.793
148.774
49.305
110.192
101.406
134.379
66.703
137.151
66.458
128.861
84.226
129.184
66.568
114.511
97.898
98.876
102.914
139.522
54.192
139.981
66.064
128.121
88.616
126.376
140.12
66.128
78.489
100.902
101.354
126.154
80.094
111.376
86.646
120.793
90.192
119.376
85.312
124.786
79.88
135.688
56.646
128.744
88.888
131.609
65.064
113.887
97.056
133.241
73.496
95.782
109.85
129.312
63.654
127.594
88.801
127.101
81.602
94.191
105.406
138.523
61.496
127.327
83.545
132.478
72.259
117.752
97.368
117.181
71.376
142.368
81.891
109.293
80.895
126.23
79.443
130.466
75.2
125.789
79.211
127.823
75.44
118.233
86.176
131.782
73.29
117.462
88.572
111.725
92.136
128.834
76.839
125.673
70.221
128.305
78.458
137.425
74.372
129.474
173.568
34.113
77.548
116.106
95.312
120.898
61.621
136.985
83.127
108.027
89.15
136.895
72.443
129.534
65.707
128.274
85.339
130.913
72.087
128.346
78.902
113.658
101.094
116.154
63.981
131.338
80.121
126.052
74.594
130.042
86.158
130.383
61.259
139.903
71.665
126.455
77.327
126.944
83.97
138.624
64.951
115.199
85.872
139.128
66.707
128.88
83.439
112.44
85.568
134.981
64.947
129.824
69.958
132.519
79.609
145.696
51.12
135.071
80.29
136.526
57.963
131.725
85.673
109.857
95.602
129.613
75.248
129.631
62.666
127.094
90.154
125.992
79.079
98.248
103.335
134.801
74.417
130.688
66.226
129.116
74.368
108.083
99.812
137.105
182.034
28.775
63.785
119.166
91.282
117.801
74.424
139.35
73.241
109.199
108.481
125.767
66.609
126.406
70.474
132.21
81.271
138.816
61.853
124.538
95.176
127.88
55.519
149.816
62.041
124.575
80.496
134.952
74.56
128.327
73.913
134.497
66.68
135.305
67.943
128.895
75.759
137.963
66.774
138.072
75.488
131.207
71.079
126.41
78.545
141.297
60.789
136.339
71.477
114.899
89.909
132.042
59.816
134.255
82.305
141.045
62.466
124.992
69.049
131.959
85.857
139.838
59.752
132.745
76.56
110.41
95.364
126.121
79.248
127.361
64.808
137.782
75.643
130.695
75.136
108.319
97.538
129.079
75.041
115.496
90.151
143.793
52.496
120.703
86.553
125.263
98.154
117.605
63.673
134.801
76.368
140.767
70.534
135.425
62.154
137.271
67.007
139.891
65.831
136.842
74.478
124.206
80.057
134.191
65.673
133.944
87.113
125.646
62.162
144.12
60.143
122.609
85.959
134.432
66.218
122.294
94.473
119
76.087
133.594
89.15
95.282
96.383
136.264
63.184
127.729
78.823
133.696
71.977
134.335
69.617
125.39
80.448
135.552
87.17
107.383
80.639
147.354
52.767
140.327
61.864
129.914
85.951
116.304
87.617
111.56
91.936
129.91
66.816
126.53
84.605
125.282
69.831
132.068
82.428
135.432
66.17
131.68
69.008
130.398
74.936
131.361
72.673
104.305
107.575
135.541
65.729
127.88
79.921
124.838
70.177
131.714
85.756
102.06
100.741
123.011
81.775
101.616
105.744
112.839
88.609
127.552
69.177
135.406
70.184
125.703
87.587
124.207
84.567
105.97
97.816
130.774
61.41
121.865
95.398
111.632
90.278
139.835
64.349
103.106
98.56
135.541
66.218
124.177
87.665
124.448
80.477
109.248
105.459
133.695
55.888
102.15
104.594
128.831
65.128
131.466
87.71
133.034
72.184
97.936
103.606
104.203
100.917
134.831
66.722
109.304
103.241
114.191
83.666
130.62
78.402
123.937
72.781
129.771
73.015
135.745
73
138.853
66.162
139.725
65.82
135.759
66.447
113.497
102.729
113.534
87.481
115.15
85.361
135.583
71.474
132.071
67.312
140.711
65.691
139.038
66.241
104.312
102.887
122.872
85.015
125.192
80.004
132.221
65.895
125.963
86.59
130.312
66.545
134.47
90.88
109.657
81.32
125.936
71.034
128.703
82.413
142.594
61.632
139.835
65.142
132.192
75.286
113.65
90.399
127.319
76.73
134.872
64.177
139.582
60.88
128.707
97.27
126.824
81.304
112.752
77.023
135.579
57.932
131.568
81.537
141.169
81.038
109.827
86.128
112.056
87.748
123.091
71.545
132.943
81.921
138.527
58.255
133.617
77.177
139.221
65.034
123.696
83.071
139.425
57.462
120.872
87.85
125.97
86.677
115.695
97.835
121.27
66.658
126.421
72.906
140.17
64.357
121.026
96.045
124.339
71.654
127.191
80.858
146.248
52.432
120.568
97.71
114.651
85.533
132.978
84.782
115.537
71.895
129.929
72.064
127.24
84.602
139.199
83.489
110
81.789
111.369
90.176
119.489
77.199
127.688
79.745
135.672
70.497
131.327
75.594
125.958
182.91
26.064
63.233
137.44
80.056
125.681
79.895
139.582
52.346
128.263
85.128
128.887
78.997
131.037
63.639
120.88
96.553
127.263
67.146
130.343
80.169
142.255
58.827
136.358
74.063
127.816
74.481
124
80.064
134.858
85.364
137.105
140.673
35.617
72.086
141.752
69.628
123.444
74.815
137.512
82.891
117.661
85.155
126.12
82.797
114.395
86.83
130.504
66.113
132.432
65.857
131.925
98.09
118.696
73.462
117.282
88.399
140.68
62.624
126.106
75.736
128.087
76.936
142.959
53.635
131.895
76.391
128.992
85.41
100.534
100.91
128.266
82.455
99.681
98.631
131.064
68.872
136.944
75.474
119.349
84.418
132.47
85.481
112.135
77.594
118.425
90.823
131.094
71.816
117.09
83.647
105.064
100.695
103.515
105.357
130.425
178.857
18.008
81.289
106.143
99.079
133.391
71.722
114.105
85.696
132.03
71.752
138.417
62.59
132
79.771
135.064
68.703
135.27
75.395
110.519
96.361
112.015
87.632
138.015
59.176
115.673
96.406
105.034
99.902
107.331
109.256
134.229
165.673
29.519
65.466
132.823
71.226
128.143
164.744
30.361
101.583
127.21
55.583
142.015
63.425
127.158
86.376
140.424
62.128
118.042
88.172
133.865
65.666
127.233
85.037
142.361
50.162
130.489
87.052
115.481
102.696
136.169
41.959
136.601
76.335
128.203
80.255
132.959
74.722
131.286
66.015
138.225
67.03
136.425
66.568
130.233
80.902
137.737
58.801
123.586
91.887
129.602
61.507
140.346
74.801
134.711
61.022
136.098
71.071
128.369
84.985
125.782
77.21
132.44
66.071
133.978
71.022
119.895
92.823
127.282
79.44
127.79
85.097
140.895
52.579
109.902
96.203
133.606
65.785
129.982
72.36
127.098
88.485
129.56
66.275
111.222
100.075
104.59
98.346
137.989
57.913
131.511
83.624
134.681
66.086
125.376
84.121
129.985
63.624
138.135
77.808
149.376
55.978
132.432
73.895
92.582
113.023
119.733
81.335
136.109
66.244
138.429
54.409
145.286
65.38
130.684
83.955
127.534
76.639
108.297
107.609
136.447
54.339
137.469
62.218
140.444
68.963
142.041
61.823
136.293
66.786
127.88
80.631
133.609
73.64
97.266
102.741
135.481
73.466
129.824
66.567
142.072
66.496
132.064
64.759
131.185
83.913
120.414
79.304
127.256
80.331
118.917
91.921
128.665
64.655
120.966
96.331
112.943
85.853
138.053
66.181
131.24
76.218
131.169
66.061
134.304
75.85
135.184
86.398
127.297
57.079
126.128
101.312
108.331
85.019
109.947
92.079
126.275
64.774
108.177
107.064
128.037
67.474
126.022
91.703
104.812
98.023
118.951
76.801
119.831
105.928
129.015
74.218
118.177
89.805
114.154
76.992
101.241
104.88
130.199
70.27
124.331
80.662
143.289
54.433
127.838
86.978
123.221
81.44
135.312
69.538
125.752
92.304
112.831
78.97
136.094
67.049
126.785
80.704
126.894
76.73
133.135
68.857
116.801
91.981
102.09
100.974
128.504
69.609
136.921
65.199
136.944
66.646
133.128
80.53
123.094
72.154
142.504
61.135
126.745
92.169
123.349
72.696
135.331
88.022
117.215
88.721
125.625
66.082
127.26
179.665
24.154
78.966
135.545
69.121
125.718
79.049
126.616
91.76
126.27
53.865
135.041
81.406
127.73
74.481
127.079
83.071
92.376
111.865
94.462
110.857
118.936
81.873
108.545
98.357
127.65
76.951
132.155
65.774
109.44
99.27
136.824
55.977
137.865
92.086
93.609
103.354
128.135
66.865
109.519
101.823
110.395
95.037
124.481
79.561
116.022
84.361
125.782
83.474
123.567
80.527
126.346
151.469
68.354
82.177
122.751
66.44
129.85
88.767
119.786
182.101
24.383
69.508
123.774
66.207
135.722
93.989
115.601
77.199
125.632
80.105
137.857
65.625
126.575
92.688
113.274
77.869
130.375
62.561
135.714
84.229
113.658
92.831
113.658
85.519
111.297
92.473
129.173
76.609
137.639
58.895
113.963
98.56
127.368
80.278
111.993
90.894
138.828
56.071
130.143
77.673
136.887
67.929
126.575
73.913
138.399
77.225
133.805
84.289
111.576
75.233
126.552
82.034
127.173
91.767
126.771
62.767
149.406
46.026
132.977
82.512
119.071
98.489
126.816
65.214
129.665
129.207
67.226
83.781
133.922
73.297
112.785
90.76
125.846
71.12
126.992
84.929
149.342
42.425
136.936
76.24
126.598
82.602
140.03
65.921
125.801
65.447
127.169
88.376
156.072
36.233
130.391
89.041
130.158
66.225
117.399
96.85
112.255
92.335
127.488
73.824
133.24
75.049
138.263
60.688
121.944
87.601
107.249
95.432
106.214
99.215
129.109
75.03
127.142
82.993
113.289
87.982
133.616
69.143
141.282
78.639
109.823
78.297
103.906
106.839
119.887
81.481
107.793
99.925
128.993
67.191
129.44
75.042
127.327
72.537
138.094
65.771
132.703
80.59
146.241
50.545
135.056
83.136
106.488
107.448
142.135
65.639
108.929
71.154
132.598
83.473
143.094
62.899
143.853
53.53
153.102
70.071
123.041
65.73
118.034
94.293
125.064
71.951
106.545
101.639
132.786
66.496
128.376
80.143
125.432
82.327
142.609
52.553
120.184
92.711
129.176
76.015
112.384
87.304
127.132
95.534
118.53
74.244
106.97
96.654
123.346
93.752
107.959
74.488
152.128
75.211
146.173
36.112
110.696
106.368
130.767
67.192
121.12
89.786
130.29
75.424
129.966
66.136
111.12
99.966
133.233
66.53
138.422
66.409
139.575
67.703
103.128
106.297
130.624
60.339
128.214
92.32
113.68
87.368
107.952
98.823
126.225
69.936
129.617
82.711
128.327
76.985
132.838
74.538
129.545
64.229
123.323
89.527
134.59
83.94
93.879
96.598
119.41
96
123.15
88.44
109.722
69.598
130.609
80.503
136.297
58.591
132.763
72.62
124.827
92.369
128.263
90.695
108.887
69.354
135.022
79.978
126.895
76.063
138.448
61.214
133.417
78.049
135.263
131.17
69.15
64.083
125.575
92.654
113.587
86.406
137.375
65.696
108.417
99.177
101.177
105.293
133.553
71.992
128.32
71.447
129.906
69.162
135.845
81.703
125.865
73.184
124.771
82.455
125.951
79.526
127.681
65.458
129.478
86.816
135.906
61.511
128.895
79.785
134.76
68.575
128.094
76.812
121.03
87.609
143.425
60.917
146.56
60.936
127.346
64.177
131.105
85.128
118.165
88.809
140.624
49.368
130.293
84.068
146.301
51.105
131.402
86.015
130.053
67.075
130.113
78.023
136.8
69.113
118.598
88.383
124.703
79.068
124.496
81.102
132.361
72.082
105.004
100.169
134.015
66.474
136.248
66.342
123.128
87.696
128.09
64.327
142.256
68.097
125.406
98.418
113.68
66.256
131.695
89.496
117.73
81.278
134.97
85.447
117.666
64.872
126.165
77.128
128.624
84.041
124.343
84.815
126.042
91.526
115.496
67.312
125.072
89.274
134.102
62.067
110.639
100.895
109.568
95.537
127.271
87.711
122.545
59.353
136.88
76.143
140.643
66.781
125.113
81.2
108.83
92.936
127.504
76.346
135.632
74.706
110.399
91.616
135.64
70.172
127.106
77.353
141.857
61.087
128.673
78.263
138.049
61.165
153.778
44.079
131.831
84.233
133.673
75.241
93.616
107.158
106.417
98.711
130.838
62.147
141.782
64.361
130.631
82.681
128.263
66.417
137.042
76.902
130.022
76.843
137.718
61.188
127.526
83.831
133.913
73.921
111.726
90.489
122.063
84.73
129.74
73.858
131.409
74.602
110.398
96.591
111.687
89.064
131.489
66.831
139.474
66.112
124.801
73.237
126.707
95.857
116.519
84.327
133.488
74.264
112.368
88.504
135.958
69.335
129.899
86.041
115.233
65.357
126.729
90.88
126.669
82.56
118.801
73.963
139.767
74.391
129.672
61.583
129.354
86.928
154.135
43.057
130.334
77.008
134.053
88.109
119.391
70.579
131.342
66.161
123.094
85.711
122.616
89.034
128.617
66.229
129.835
95.846
125.778
63.56
124.455
83.669
114.97
90.887
126.44
91.034
116.255
66.339
111.045
100.68
102.489
106.248
99.545
101.087
105.951
103.977
117.857
79.5
136.162
72.305
129.191
68.809
128.673
80.248
143.605
60.819
102.414
105.402
120.23
73.048
124.489
94.207
93.778
106.959
135.289
65.726
127.928
79.929
143.616
60.064
135.64
156.631
29.496
89.929
125.744
81.59
108.993
97.263
128.026
73.369
113.583
86.383
124.455
97.834
118.463
62.402
137.271
70.568
140.609
62.03
130.714
83.413
134.049
85.459
93.748
97.331
129.094
69.271
127.052
85.59
124.185
80.921
124.924
73.091
125.857
81.365
123.68
84.744
123.263
73.098
129.087
83.338
127.534
78.913
141.794
74.221
132.538
52.06
128.651
79.503
141.177
54.654
138.369
68.736
119.113
96.158
116.587
84.567
128.248
76.974
131.169
73.455
127.207
77.861
136.15
60.76
144.165
83.147
126.808
65.274
127.436
78.034
141.703
56.511
132.816
68.857
141.737
86.951
126.305
62.086
139.091
81.056
108.365
79.721
141.658
67.309
141.849
57.959
127.466
86.192
114.887
87.289
111.44
92.617
126.759
82.128
110.214
89.944
134.921
66.703
108.97
100.801
138.718
59.346
149.447
56
125.233
85.173
108.139
96.951
126.335
88.658
120.278
71.297
107.977
96.733
129.012
69.567
144.463
54.928
136.113
81.414
142.473
53.639
141.369
64.943
129.914
70.143
132.056
98.673
118.384
75.191
125.985
78.549
102.474
100.846
139.665
51.639
128.361
89.391
119.432
85.29
136.823
60.418
129.191
95.354
112.094
93.398
115.105
69.455
106.474
105.902
146.835
53.158
150.887
49.395
130.71
82.722
130.135
64.151
126.864
89.952
132.928
64.959
138.248
66.763
120.696
90.751
126.624
77.658
135.237
62.433
141.695
69.361
144.071
55.091
127.398
82.023
126.823
91.665
128.162
65.831
145.744
51.455
147.233
58.214
126.162
84.624
141.504
51.225
134.343
80.793
108.094
96.034
102.56
103.504
122.56
86.902
123.312
65.872
131
85.496
132.267
63.342
128.504
87.752
94.056
106.718
134.865
61.59
141.53
61.673
144.782
84.891
127.903
61.913
102.662
103.898
129.861
65.884
121.797
92.458
118.887
73.064
142.406
63.29
138.816
76.233
126.207
83.09
113.684
88.177
140.864
61.673
131.824
75.793
98.113
102.229
135.88
73.921
95.289
110.511
130.752
72.624
118.256
86.511
128.696
75.823
100.297
100.801
106.432
100.072
139.063
65.831
115.538
92.169
109.087
96.39
129.17
64.936
132.09
77.079
124.477
96.233
118.256
75.575
108.857
95.993
132.654
66.643
136.741
66.552
137.624
64.312
146.267
59.293
136.489
66.425
125.992
86.602
107.789
99.632
127.553
74.511
125.327
84.459
114.048
89.023
94.128
112
129.97
67.052
110.042
98.823
118.767
91.218
113.327
77.459
131.285
83.015
136
65.955
132.933
64.609
126.729
87.414
144.353
49.184
133.793
71.718
137.929
89.432
119.354
74.229
126.489
82.458
114.079
87.609
134.399
64.759
142.587
64.782
128.759
90.778
118.271
74.376
109.402
97.214
94.448
108.943
109.591
95.139
134.169
64.613
127.921
80.113
142.966
61.447
123.602
84.112
117.654
98.32
117.545
66.169
130.681
80.278
137.68
64.993
128.887
69.256
137.353
66.56
144.88
61.703
132.872
80.305
133.214
75.812
128.286
66.646
132.369
82.015
99.56
103.226
110.481
95.191
132.583
66.673
138.966
61.842
143.974
65.346
123.086
79.346
138.143
76.327
120.666
80.766
133.091
84.406
127.233
65.361
128.158
65.466
127.135
86.575
128.474
90.838
154.241
36.872
134.015
66.226
124.879
82.752
122.88
87.974
130.763
65.214
141.327
64.632
112.575
98.338
128.737
64.865
127.639
90.086
126.978
87.816
115.985
74.815
132.384
61.27
120.978
95.992
130.967
73.793
133.658
63.244
132.504
71.842
135.654
74.425
127.699
81.278
135.967
65.699
132.406
81.113
120.462
63.955
132.165
99.184
136.44
45.106
118.774
97.402
129.278
76.711
102.729
101.632
129.665
62.865
124.808
92.342
127.192
77.594
103.064
98.583
141.567
66.538
146.432
46.542
133.112
84.44
129.008
67.259
128.406
77.286
127.395
80.47
119.759
77.744
130.312
94.121
135.928
69.688
157.617
30.473
150.534
60.609
130.527
69.898
129.414
75.695
118.515
89.951
104.606
99.409
132.376
66.936
134.978
65.774
124.553
89.624
127.447
92.057
127.808
48.992
132.711
97
121.113
66.097
131.549
72.057
128.567
84.282
103.639
102.97
113.038
84.432
122.85
88.511
126.143
91.064
112.763
79.748
126.666
65.887
133.85
84.353
96.613
102.071
136.523
179.383
29.752
63.256
130.879
78.504
134.297
58.59
133.978
74.737
125.064
85.142
120.305
86.782
139.643
50.481
143.947
74.188
111.902
92.29
128.15
75.207
143.425
60.233
130.064
75.838
134.433
72.21
129.463
75
111.063
91.97
142.008
56.639
133.135
80.215
123.323
80.838
125.681
69.575
134.631
78.985
101.651
103.263
142.301
62.346
109.639
95.898
130.079
75.015
109.624
92.113
102.47
102.53
143.575
51.553
114.545
100.887
136.545
57.316
131.947
85.433
122.74
84.203
113.079
92.154
115.185
86.838
103.113
101.24
129.053
72.256
142.928
69.914
113.376
88.079
102.082
99.726
126.639
80.323
132.094
73.76
105.65
96.143
125.583
84.353
112.105
89.342
128.136
80.552
133.057
65.007
128.305
78.661
140.73
53.673
130.184
85.902
124
79.714
137.782
67.906
108.433
94.368
127.263
76.418
135.142
67.079
131.944
69.098
134.718
70.793
182.087
25.21
141.549
63.474
130.872
78.59
128.94
65.286
135.823
70.767
136.891
72.917
124.011
89.606
124.545
75.68
125.575
70.609
130.44
86.023
141.631
58.474
108.568
97.703
135.394
60.91
127.865
84.654
134.872
63.433
141.432
63.41
139.112
76.038
127.466
87.989
130.338
59.91
131.921
66.369
131.248
73.353
137
77.15
133.335
60.594
132.816
94.808
118.087
63.402
130.703
81.921
122.831
85.83
132.937
70.338
120.631
86.256
117.831
83.695
131.448
75.812
123.462
72.335
125.53
88.91
113.105
96.023
109.368
91.079
117.865
73.515
136.902
78.511
102.466
101.824
125.206
75.963
138
73.278
125.462
66.936
125.937
91.77
135.342
123.263
67.602
93.85
133.052
53.211
137.173
75.65
130.32
66.977
109.342
104.143
104.09
98.023
124.128
72.319
126.312
91.019
128.951
66.639
133.865
69.214
136.594
66.327
133.391
82.139
102.865
99.741
144.097
56.094
102.752
107.248
134.737
69.887
134.147
65.455
135.128
71.718
125.383
83.395
141.658
49.974
133.319
80.008
141.304
59.921
131.752
92.086
119.809
66.233
108.695
101.737
128.534
91.402
111.696
72.41
127.24
86.342
105.136
95.894
134.275
72.661
131.76
64.041
140.985
62.023
135.503
81.064
128.106
64.71
138.602
66.097
128.703
84.256
103.15
106.482
115.345
88.151
132.319
65.545
145.177
65.808
105.673
98.072
127.861
80.511
118.444
80.045
129.977
66.598
129.921
87.481
133.846
65.218
126.846
84.921
135.192
64.943
101.609
107.207
128.673
76.256
126.721
77.666
117.932
88.579
91.519
110.865
126.184
93.263
128.03
56.906
121.29
88.767
130.845
61.771
133.263
79.839
144.537
51.538
114.676
101.858
127.383
79.737
112.312
91.079
135.154
59.804
127.651
84.319
124.143
83.075
126.102
77.282
126.729
79.621
127.353
65.831
127
91.361
132.127
66.651
109.101
100.624
125.617
76.44
137.022
65.425
138.76
61.105
134.857
81.086
125.534
66.763
126.591
76.402
124.767
95.91
113.259
88.327
115.782
80.417
119.888
89.297
122.248
93.616
116.463
82.601
105.406
96.744
121.346
84.801
118.342
97.681
118.455
66.778
115.199
100.177
108.661
89.707
134.384
70.718
134.248
73.936
107.752
96.849
126.376
82.696
93.447
105.681
123.522
83.79
138.255
67.32
134.928
68.696
128.143
71.417
140.53
71.838
126.647
76.977
120.079
79.609
140.361
55.241
132.301
86.112
141.922
73.815
141.56
47.745
127.455
81.985
136.447
65.263
103.369
102.721
137.745
64.646
107.85
100.496
132.448
72.688
116.383
91.914
106.564
96.481
126.552
88.474
125.286
168.943
24.297
79.083
129.91
74.831
124.714
69.789
118.339
96.661
127.241
76.29
142.582
61.767
140.666
58.454
120.858
86.184
136.567
61.425
138.816
76.553
133.086
72.76
131.8
70.831
127.275
69.462
119.192
95.417
110.782
97.004
129.909
62.256
121.594
104.256
119.646
65.091
129.823
78.951
127.993
77.676
138.169
68.921
126.745
70.673
145.285
61.906
127.192
85.816
108.417
100.647
97.71
99.538
115.808
93.831
130.056
60.76
129.184
77.857
125.248
89.015
125.185
82.454
93.61
104.913
127.229
75.696
135.962
66.865
139.782
60.936
134.936
80.447
104.587
101.752
127.91
72.12
128.936
68.962
119.993
92.661
106.617
98.59
130.508
75.47
107.951
96.368
127.312
76.872
129.561
65.353
109.045
105.26
127.567
162.662
33.462
90.019
102.718
99.835
128.533
68.016
143.507
67.207
134.838
67.474
129.857
72.101
127.617
85.338
134.88
64.925
132.353
65.384
124.44
92.954
135.109
65.786
138.433
69.199
132.207
60.969
125.711
90.504
131.049
73.439
101.185
102.44
127.297
72.157
128.673
87.312
111.914
87.861
134.714
74.639
117.312
83.594
142.184
56.974
122.681
88.808
134.342
65.226
130.703
80.105
125.582
73.993
146.207
52.665
133.568
80.759
126.339
82.774
123.489
71.985
126.815
82.561
114.447
91.936
123.384
81.759
127.256
77.473
127.106
63.86
138.162
76.425
137.383
61.042
124.022
91.797
134.793
61.673
158.312
55.121
111.222
93.097
125.681
78.774
135.184
68.73
103.161
102.271
125.064
79.594
108.748
105.97
133.143
46.056
145.32
64.639
131.192
80.691
105.895
99.361
126.617
78.492
126.586
78.719
132.857
68.567
131.297
70.192
147.711
62.097
141.241
66.44
127.872
67.447
122.35
89.579
125.541
80.88
135.444
65.744
133.35
71.391
127.097
92.497
120.349
73.154
133.794
66.199
131.816
72.157
126.609
86.583
132.553
70.631
125.771
78.181
102.804
101.861
127.865
185.255
33.346
54.184
145.512
57.845
137.264
76.97
142.105
61.759
101.839
106.729
94.368
107.88
127.951
65.985
131.474
80.812
138.019
65.864
140.173
83.354
134.744
54.447
148.903
44.778
132.752
84.567
125.44
83.455
97.402
101.654
144.369
64.808
121.432
81.305
134.545
72.192
109.064
96.383
132.887
61.121
122
92.368
102.673
102.857
127.011
67.884
123.985
91.662
93.36
108.222
141.899
63.631
126.327
78.023
142.353
73.752
137.568
49.071
122.906
90.354
129.654
62.334
126.474
204.177
90.037
128.561
76.842
103.086
99.673
122.887
68.887
141.497
69.906
122.575
90.184
128.229
65.241
137.587
72.304
139.703
72.853
127.899
89.793
110.703
79.357
131.778
62.865
127.087
89.248
102.56
100.643
127.342
78.44
123.68
80.681
133.8
72.23
110.511
84.887
130.297
86.29
116.658
86.646
126.921
65.696
123.541
90.929
126.203
80.718
130.8
61.008
141.304
63.015
129.519
86.512
134.552
83.523
128.278
64.44
101.722
100.673
103.981
100.579
101.421
108.233
111.402
92.455
128.744
63.087
136.466
66.605
132.737
79.222
150.771
50.078
124.177
85.775
109.127
96.681
126.936
69.658
129.823
83.56
127.136
72.064
129.007
81.696
123.041
82.335
142.338
58.128
123.222
85.665
108.504
97.47
136.627
64.23
125.759
80.666
142.375
64.73
101.718
99.319
105.106
99.8
104.711
99.451
103.278
103.959
131.12
73.384
128.361
73.815
147.865
52.192
126.327
87.511
117.699
86.485
119.403
85.567
124.184
80.925
127.636
77.112
130.685
74.736
138.369
59.256
128.176
81.369
134.041
70.816
117.222
88.657
137.839
60.402
127.853
85.064
131.346
69.29
128.782
81.481
128.759
62.662
129.601
85.831
104.346
99.602
126.868
80.395
133.988
61.459
126.346
90.989
97.714
99.504
139.391
60.511
149.214
57.914
121.233
87.838
123.128
82.857
106.455
98.609
128.835
75.646
105.489
100.462
132.177
75.354
113.526
86.59
123.936
80.504
138.68
68.632
134.53
61.47
133.162
79.808
135.455
71.737
132.838
58.5
134.214
81.406
109.433
97.289
117.455
81.673
121.808
86.128
133.519
73.432
130.432
64.718
138.083
75.959
106.631
95.666
126.289
80.76
134.534
67.473
123.414
83.297
128.857
74.816
129.838
74.602
101.984
101.91
123.203
80.042
128.597
79.102
130.387
75.583
131.334
70.2
137.394
61.215
112.064
100.808
131.327
74.474
101.864
104.767
117.448
84.169
102.112
105.023
105.342
100.748
133.79
60.09
135.327
90.44

------------------------------------------------------------------------------------------------------------------------------------------------
max val(#6) = 2122.00us
min val(#4579) = 14.00us
peak-to-peak = 2108.00us
mean +- RMS = 103.10 +- 36.54 us

packet size: 516
number of packets: 10000
RATE = 40039.35kbps, PPS = 9699.5
