Destination address set to 01:1B:19:00:00:00
Defaults: 01:1B:19:00:00:00 or 01:80:C2:00:00:0E
SIOCSHWTSTAMP: tx_type 1 requested, got 1; rx_filter 0 requested, got 0
setting ts_flags: 0x53
new ts_flags: 0x53


hw tx time, us: packets 10000:
relative abs time 1517960476793403568 ns
first packet abs time 1517960476841302895 ns
------------------------------------------------------------------------------------------------------------------------------------------------
47899.3
47981.6
48083.3
48188.8
48288
48390
48494.6
48594.1
48702.8
48799.2
48901.1
49007.4
49106.1
49209.4
49310.7
49417.6
49515.5
49619.2
49719.9
49825.8
49925
50028.3
50130.8
50235
50335
50437.6
50544.3
50643
50745.5
50847.3
50953.7
51054.4
51244.7
51359.3
51463.6
51566.3
51671.7
51934.8
51972.4
52080.2
52180.2
52279.6
52533.9
52586.3
52691
52791.4
52897.2
52997
53097.2
53201
53301.4
53404.1
53510.3
55648.8
55693.8
55755.6
55869.4
55967
56069.3
56171.8
56280.8
56378.7
56478.7
56580.8
56685.6
56785.9
56888
56991.3
57094.1
57197.6
57297.1
57400.6
57502.3
57605.8
57712.4
57811
57915.5
58014.4
58121.8
58222.7
58322.3
58427.4
58526.5
58629.8
58731.9
58834.2
58978.8
59048
59163.2
59252.9
59353.8
59448
59559
59659.4
59762.2
59873.8
59966.5
60070.3
60169.1
60274
60376.7
60482.5
60580.6
60684.7
60790.9
60888.1
60990.9
61095.2
61247.3
61293.2
61400.9
61505.6
61605.8
61712.1
61810.9
61914.2
62018
62118.8
62221.5
62325.4
62424.1
62527.4
62634.6
62731.8
62834.3
62937.8
63039.3
63140.5
63245.3
63347.2
63450
63552.1
63653.7
63757.8
63857.9
63958.9
64062.7
64168.7
64267.2
64370.5
64474.1
64575.5
64679.7
64779
64882.5
64983.5
65087.3
65193.8
65291.6
65393.4
65498.9
65598
65704.5
65804.2
65905.6
66008
66114.6
66213
66316.1
66418.8
66521.8
66622.4
66725.3
66828.6
66934.4
67036.1
67135.7
67239.6
67338.8
67446.8
67544
67647.4
67748.8
67854.2
67953.8
68056.9
68160
68262.5
68364.1
68470.1
68568.5
68671.4
68775.3
68877.6
68981.9
69079.6
69182
69286
69390.2
69489.7
69596.7
69694.9
69796.8
69898.7
70003.7
70105
70205.6
70311.1
70411.2
70516.6
70617.1
70716.1
70823
70924.6
71025.5
71144.8
71233.6
71332.3
71435.7
71539
71643.6
71742.9
71846.4
71947.1
72053.6
72152.1
72255.5
72358.9
72457.8
72562.1
72668.6
72766.5
72869.2
72971.8
73076.2
73175.5
73279.3
73380.6
73482.9
73589.5
73688.6
73792.6
73894.3
73998.6
74097
74203
74303.6
74405.1
74508.2
74610.1
74714.8
74815.7
74919.9
75019
75124
75224.1
75329.6
75429.4
75533
75633.3
75737.2
75837.9
75944.2
76043.5
76148.2
76249.5
76355.7
76454
76557
76659.5
76760
76861.5
76965.5
77067.6
77171
77272.2
77372.8
77479.1
77579.1
77682.3
77786.6
77886.4
77989.3
78092.7
78193.7
78298.4
78396
78501.2
78604.5
78705
78812.5
78910.2
79013
79117.1
79217.1
79323.2
79417.5
79524.5
79626.4
79727
79850.2
79956.9
80033.7
80141.6
80230
80344.2
80536.3
80645
80746.2
80852.9
80953.1
81053.2
81176
81259.9
81364.6
81465.7
81566.1
81668.5
81770.7
81879.4
81975.9
82078.4
82181.1
82282.3
82385.1
82492.1
82590.2
82692.8
82798.6
82897.8
83001
83102.1
83204.3
83306.7
83415.2
83513.2
83613.5
83719
83818.1
83922.6
84022.8
84130.2
84228.6
84330.5
84433.6
84534.8
84639.8
84745.5
84842.9
84945.3
85051.3
85149.9
85252.1
85354.8
85456.1
85558.9
85666.6
85764.7
85869.8
85968.6
86070.9
86174
86276.3
86379.9
86479.3
86584.6
86686.7
86789.1
86892.3
86993.3
87094.6
87202.8
87300.9
87402.3
87505.2
87606.1
87710.8
87811
87914.5
88019.4
88119.3
88221.1
88329.2
88426.7
88528.9
88631.3
88733.4
88837.5
88937.9
89040.5
89144.6
89244.6
89347.3
89449.5
89557.8
89655.4
89756.8
89862.8
89962.6
90064.8
90166.8
90268.7
90372.3
90472.6
90576.2
90679.6
90781.8
90885.3
90986.1
91090
91193.8
91294.3
91397.1
91498.7
91601.2
91703.5
91806
91907.1
92012.8
92112.2
92213.9
92317.3
92419.4
92523.1
92625.5
92727.2
92828.8
92932.6
93036.6
93137.1
93238.9
93341.7
93444.7
93549.2
93648.4
93753.5
93853.8
93955.7
94058
94162.1
94263.5
94366.1
94471.5
94570.5
94672
94777.8
94877
94979.7
95087.3
95184.8
95287
95391.9
95490.4
95595.1
95697.3
95803
95901.1
96006
96106.1
96210.2
96310.6
96413.4
96518.3
96617.6
96721.1
96823.4
96930.2
97027.7
97132.7
97231.8
97334
97441.1
97540.5
97643.5
97743.6
97853.2
97950.5
98052.7
98154.2
98256.9
98362.1
98461.2
98566.3
98667.1
98768.8
98873.8
98973.2
99077.7
99177.2
99282.1
99387.1
99485.4
99587.8
99689.3
99795.9
99895.1
99998
100100
100202
100305
100406
100511
100611
100715
100817
100919
101021
101124
101235
101332
101435
101536
101640
101741
101845
101949
102049
102151
102255
102357
102460
102559
102663
102768
102867
102969
103074
103176
103277
103381
103485
103585
103688
103789
103893
103995
104096
104198
104301
104405
104508
104608
104712
104813
104915
105019
105119
105228
105326
105426
105532
105634
105734
105837
105937
106041
106144
106247
106350
106453
106554
106658
106759
106863
106963
107068
107169
107271
107375
107475
107577
107681
107786
107885
107988
108090
108196
108295
108396
108499
108602
108704
108812
108910
109011
109115
109215
109318
109422
109523
109626
109728
109831
109937
110035
110137
110240
110343
110445
110547
110649
110756
110854
110958
111059
111160
111268
111370
111474
111574
111674
111776
111878
111983
112087
112185
112287
112395
112493
112595
112702
112799
112905
113006
113109
113210
113312
113414
113517
113619
113725
113824
113926
114029
114135
114234
114337
114439
114541
114645
114748
114847
114950
115053
115161
115259
115359
115463
115564
115670
115770
115871
115975
116077
116180
116281
116385
116486
116588
116696
116794
116896
116999
117102
117209
117306
117408
117511
117613
117720
117817
117922
118022
118188
118230
118330
118432
118534
118636
118744
118842
118943
119045
119148
119254
119353
119455
119556
119661
119763
119865
119971
120070
120172
120275
120382
120479
120584
120685
120789
120888
120991
121093
121198
121301
121402
121503
121607
121709
121817
121914
122015
122117
122221
122326
122425
122528
122630
122734
122835
122939
123040
123143
123246
123347
123449
123552
123653
123756
123857
123963
124063
124165
124269
124371
124476
124575
124679
124780
124883
124987
125087
125188
125292
125396
125497
125600
125702
125803
125907
126009
126113
126213
126316
126418
126521
126624
126727
126828
126931
127032
127135
127238
127340
127441
127545
127648
127750
127851
127954
128057
128162
128260
128363
128468
128569
128673
128774
128876
128977
129078
129183
129286
129387
129494
129592
129697
129798
129904
130003
130105
130208
130308
130415
130513
130615
130722
130820
130923
131026
131147
131236
131333
131436
131543
131640
131743
131847
131951
132050
132152
132257
132359
132460
132561
132667
132767
132871
132972
133075
133176
133278
133383
133485
133586
133690
133791
133896
134001
134098
134199
134303
134405
134508
134610
134711
134816
134920
135020
135123
135226
135328
135430
135532
135635
135736
135838
135940
136044
136147
136248
136350
136456
136556
136658
136764
136864
136966
137067
137171
137272
137377
137477
137579
137680
137787
137887
137990
138092
138194
138296
138401
138501
138604
138705
138811
138911
139015
139117
139218
139320
139425
139525
139630
139730
139832
139935
140037
140140
140243
140344
140446
140552
140651
140755
140858
140966
141062
141163
141267
141368
141471
141573
141675
141782
141880
141982
142087
142186
142290
142393
142495
142598
142701
142802
142904
143007
143111
143211
143318
143416
143518
143625
143724
143826
143929
144030
144136
144235
144338
144440
144543
144644
144750
144850
144959
145055
145162
145260
145362
145464
145569
145668
145773
145874
145977
146078
146182
146287
146386
146488
146591
146692
146799
146897
147002
147102
147205
147306
147411
147513
147619
147716
147820
147922
148025
148126
148231
148330
148433
148545
148641
148741
148844
148948
149049
149152
149252
149355
149458
149559
149663
149767
149866
149971
150072
150176
150276
150380
150481
150586
150686
150790
150892
150992
151100
151201
151303
151404
151508
151607
151714
151817
151916
152023
152120
152221
152328
152427
152528
152633
152734
152841
152939
153041
153148
153246
153350
153451
153553
153658
153757
153862
153963
154065
154167
154273
154372
154483
154578
154679
154782
154885
154989
155090
155192
155294
155402
155499
155601
155706
155805
155911
156012
156119
156216
156317
156424
156522
156626
156729
156830
156933
157035
157142
157240
157342
157444
157550
157649
157752
157855
157957
158059
158161
158266
158365
158469
158576
158673
158776
158885
158982
159082
159190
159288
159389
159496
159595
159702
159799
159901
160004
160108
160214
160311
160413
160520
160619
160721
160824
160929
161029
161149
161235
161336
161442
161541
161642
161743
161850
161951
162053
162154
162259
162360
162462
162564
162670
162769
162872
162974
163078
163178
163283
163383
163485
163587
163693
163793
163898
164001
164103
164204
164308
164407
164515
164612
164715
164820
164920
165022
165123
165229
165331
165433
165533
165636
165740
165841
165944
166048
166146
166251
166352
166456
166558
166659
166763
166867
166968
167070
167178
167272
167378
167481
167582
167685
167791
167888
167992
168094
168196
168303
168401
168507
168607
168709
168810
168913
169016
169117
169220
169322
169425
169529
169631
169732
169838
169937
170039
170141
170249
170347
170448
170552
170653
170756
170857
170962
171063
171170
171269
171369
171473
171575
171679
171780
171884
171983
172089
172190
172295
172394
172498
172599
172702
172804
172907
173009
173112
173218
173316
173417
173524
173623
173728
173829
173931
174033
174135
174242
174341
174440
174545
174647
174752
174852
174954
175055
175160
175260
175364
175466
175572
175672
175780
175877
175981
176080
176187
176286
176390
176490
176592
176699
176796
176899
177006
177105
177207
177309
177415
177512
177618
177718
177822
177927
178030
178130
178230
178333
178438
178541
178640
178743
178847
178951
179050
179152
179258
179356
179461
179564
179665
179767
179871
179972
180075
180178
180279
180385
180484
180589
180688
180791
180895
180995
181102
181202
181303
181405
181510
181610
181719
181815
181917
182021
182123
182230
182327
182429
182535
182634
182737
182839
182941
183043
183145
183252
183351
183453
183558
183657
183761
183865
183965
184067
184169
184276
184374
184477
184584
184681
184785
184887
184994
185091
185194
185299
185399
185503
185603
185708
185809
185911
186013
186116
186217
186322
186424
186526
186630
186729
186832
186937
187038
187139
187242
187346
187450
187549
187653
187752
187864
187961
188062
188164
188266
188370
188471
188573
188674
188780
188880
188982
189089
189187
189290
189394
189494
189598
189703
189801
189904
190010
190109
190211
190314
190423
190519
190620
190727
190826
190935
191031
191145
191236
191336
191439
191546
191646
191747
191850
191951
192059
192158
192261
192362
192464
192566
192670
192771
192874
192977
193078
193183
193283
193386
193487
193592
193692
193795
193897
194001
194102
194206
194307
194410
194512
194615
194718
194819
194921
195024
195126
195227
195332
195436
195536
195644
195742
195842
195946
196054
196150
196256
196355
196456
196560
196662
196769
196867
196969
197076
197174
197276
197384
197481
197584
197686
197788
197892
197993
198098
198198
198301
198402
198509
198608
198712
198812
198916
199019
199120
199222
199324
199428
199529
199631
199733
199842
199941
200044
200145
200246
200348
200451
200557
200655
200758
200861
200962
201066
201174
201278
201375
201476
201577
201680
201784
201885
201986
202090
202192
202295
202397
202499
202601
202704
202806
202909
203011
203119
203215
203317
203421
203525
203625
203729
203830
203932
204040
204153
204232
204348
204443
204547
204648
204755
204853
204958
205059
205165
205264
205365
205470
205570
205673
205777
205877
205980
206083
206190
206288
206389
206497
206595
206697
206800
206903
207007
207107
207209
207312
207413
207520
207618
207731
207822
207925
208028
208135
208233
208337
208438
208541
208645
208745
208847
208948
209054
209155
209259
209360
209462
209566
209666
209769
209870
209977
210076
210181
210280
210384
210486
210589
210689
210793
210895
211001
211100
211202
211305
211407
211512
211612
211714
211817
211921
212021
212125
212225
212332
212431
212537
212636
212738
212841
212948
213049
213149
213249
213353
213456
213559
213662
213762
213863
213974
214070
214171
214273
214376
214479
214583
214684
214787
214889
214992
215094
215199
215298
215402
215503
215605
215709
215809
215916
216015
216117
216218
216324
216425
216527
216628
216734
216835
216942
217039
217142
217249
217347
217448
217558
217654
217758
217859
217964
218063
218170
218268
218370
218474
218575
218677
218779
218882
218987
219086
219189
219291
219396
219496
219599
219701
219806
219906
220009
220113
220213
220317
220416
220521
220622
220734
220827
220931
221032
221153
221241
221340
221442
221547
221647
221750
221853
221958
222057
222164
222265
222364
222466
222568
222671
222773
222877
222978
223080
223184
223287
223388
223489
223593
223695
223798
223899
224002
224106
224209
224310
224412
224514
224615
224722
224821
224928
225025
225128
225231
225335
225435
225539
225639
225747
225846
225947
226051
226155
226255
226356
226461
226562
226667
226768
226872
226974
227073
227181
227278
227382
227483
227586
227689
227791
227895
227996
228098
228199
228304
228406
228508
228611
228712
228817
228917
229021
229121
229225
229326
229430
229531
229635
229737
229841
229941
230041
230147
230248
230354
230453
230556
230658
230763
230866
230965
231068
231173
231272
231373
231479
231581
231684
231784
231887
231989
232097
232194
232296
232398
232500
232605
232705
232808
232910
233017
233115
233220
233320
233421
233525
233627
233730
233832
233935
234037
234139
234243
234344
234448
234551
234653
234755
234856
234959
235060
235163
235269
235368
235475
235572
235675
235780
235879
235984
236085
236188
236292
236393
236497
236598
236700
236801
236903
237006
237109
237211
237312
237416
237518
237620
237727
237826
237929
238031
238133
238238
238339
238446
238545
238644
238756
238851
238952
239054
239156
239263
239361
239466
239567
239668
239771
239873
239977
240079
240181
240283
240387
240490
240590
240692
240799
240897
240999
241101
241202
241312
241411
241512
241616
241718
241818
241922
242023
242127
242229
242334
242433
242538
242639
242739
242843
242950
243048
243150
243251
243355
243457
243559
243666
243764
243867
243974
244072
244176
244276
244378
244482
244583
244689
244788
244893
244992
245097
245197
245303
245402
245507
245608
245709
245815
245915
246016
246120
246221
246329
246427
246529
246636
246733
246835
246941
247041
247145
247245
247348
247449
247552
247655
247759
247861
247962
248066
248169
248270
248372
248474
248577
248680
248781
248889
248986
249087
249192
249294
249396
249497
249602
249704
249808
249908
250010
250112
250214
250319
250420
250524
250629
250730
250830
250931
251039
251151
251243
251343
251446
251546
251648
251752
251852
251956
252058
252164
252264
252369
252467
252573
252672
252778
252877
252982
253083
253185
253290
253391
253492
253594
253696
253799
253902
254004
254107
254211
254312
254415
254516
254617
254724
254823
254931
255028
255130
255233
255337
255437
255545
255642
255745
255848
255950
256052
256154
256258
256360
256461
256567
256667
256769
256873
256974
257078
257179
257282
257383
257486
257588
257691
257798
257895
258000
258100
258202
258303
258407
258512
258612
258714
258815
258923
259021
259124
259226
259335
259432
259533
259635
259741
259842
259942
260049
260148
260250
260354
260454
260561
260660
260766
260864
260967
261069
261176
261275
261376
261480
261585
261684
261788
261889
261991
262092
262200
262298
262400
262504
262605
262708
262809
262916
263016
263119
263219
263324
263423
263531
263629
263732
263835
263937
264039
264142
264243
264350
264449
264552
264653
264756
264857
264963
265062
265166
265267
265375
265472
265574
265678
265779
265884
265984
266089
266189
266294
266396
266496
266599
266706
266804
266905
267008
267111
267214
267316
267418
267519
267625
267725
267828
267931
268032
268139
268241
268343
268442
268550
268646
268748
268854
268954
269057
269160
269262
269363
269471
269569
269671
269773
269875
269978
270084
270184
270285
270392
270489
270592
270696
270797
270901
271002
271105
271210
271309
271411
271513
271617
271717
271822
271927
272026
272134
272231
272332
272438
272537
272640
272743
272845
272947
273058
273151
273258
273357
273459
273563
273664
273769
273870
273972
274073
274180
274280
274383
274483
274587
274688
274790
274892
274996
275096
275200
275304
275405
275507
275609
275715
275813
275916
276023
276122
276224
276326
276431
276531
276633
276737
276837
276945
277044
277145
277251
277350
277458
277556
277657
277761
277863
277964
278066
278169
278272
278374
278476
278581
278683
278783
278886
278990
279090
279198
279295
279398
279506
279602
279710
279808
279915
280012
280114
280221
280320
280422
280524
280629
280729
280831
280933
281040
281153
281244
281344
281445
281550
281651
281754
281855
281962
282061
282164
282265
282367
282472
282572
282674
282779
282880
282982
283084
283186
283293
283393
283495
283596
283700
283801
283905
284005
284112
284211
284320
284416
284517
284629
284722
284825
284928
285029
285132
285239
285337
285448
285543
285644
285751
285848
285951
286057
286157
286263
286359
286463
286568
286668
286772
286878
286977
287084
287185
287283
287385
287491
287590
287693
287795
287907
287999
288104
288204
288306
288409
288510
288616
288715
288819
288921
289025
289126
289227
289330
289433
289536
289637
289744
289843
289945
290047
290152
290252
290353
290457
290560
290662
290763
290867
290971
291073
291176
291276
291381
291482
291584
291685
291788
291893
291994
292097
292202
292300
292401
292508
292607
292710
292812
292916
293017
293119
293223
293325
293429
293529
293634
293732
293837
293938
294041
294142
294248
294348
294450
294556
294656
294757
294859
294964
295064
295167
295270
295374
295477
295576
295679
295787
295884
295986
296088
296191
296294
296397
296505
296602
296703
296805
296909
297009
297112
297215
297321
297420
297525
297625
297730
297829
297932
298033
298137
298238
298341
298447
298547
298651
298752
298853
298955
299060
299160
299263
299366
299469
299572
299672
299776
299876
299984
300082
300185
300286
300393
300492
300598
300699
300799
300902
301003
301114
301207
301312
301413
301520
301619
301720
301823
301925
302028
302131
302232
302339
302437
302539
302646
302750
302851
302950
303052
303155
303256
303361
303460
303565
303666
303770
303871
303973
304075
304179
304279
304383
304489
304588
304691
304795
304898
304997
305100
305200
305305
305406
305509
305610
305713
305816
305942
306019
306126
306226
306329
306430
306536
306634
306737
306841
306944
307046
307149
307250
307352
307460
307557
307659
307764
307864
307967
308069
308172
308273
308379
308478
308581
308683
308786
308887
308992
309092
309202
309303
309401
309502
309604
309709
309809
309913
310014
310122
310219
310322
310424
310524
310631
310731
310833
310946
311035
311156
311246
311346
311450
311551
311655
311757
311858
311959
312063
312165
312266
312370
312473
312586
312675
312786
312883
312984
313087
313190
313291
313393
313495
313600
313703
313803
313906
314007
314111
314231
314318
314420
314521
314621
314725
314826
314931
315034
315134
315238
315341
315441
315544
315646
315751
315850
315958
316056
316165
316262
316363
316467
316566
316673
316773
316876
316977
317084
317182
317289
317388
317495
317612
317699
317799
317899
318002
318103
318205
318309
318411
318514
318615
318719
318820
318924
319025
319128
319236
319336
319435
319538
319639
319745
319844
319948
320049
320157
320254
320358
320459
320562
320663
320787
320859
320972
321075
321176
321280
321380
321483
321586
321688
321790
321892
321998
322097
322201
322304
322409
322511
322612
322711
322818
322916
323018
323124
323222
323326
323428
323530
323633
323736
323837
323949
324045
324145
324247
324349
324455
324554
324657
324761
324864
324965
325066
325172
325271
325375
325476
325582
325692
325786
325887
325989
326089
326196
326295
326399
326501
326606
326705
326809
326910
327012
327113
327219
327341
327420
327524
327627
327728
327835
327934
328036
328138
328240
328346
328445
328548
328652
328752
328856
328966
329065
329163
329266
329367
329470
329572
329678
329776
329884
329982
330084
330190
330289
330391
330494
330596
330701
330801
330903
331008
331109
331202
331315
331414
331520
331620
331725
331824
331928
332030
332152
332239
332340
332439
332547
332644
332746
332849
332951
333054
333155
333262
333361
333465
333565
333670
333773
333876
333976
334078
334180
334284
334385
334486
334588
334692
334793
334898
335002
335102
335205
335306
335414
335513
335614
335716
335818
335925
336023
336125
336229
336330
336433
336535
336641
336739
336847
336944
337056
337150
337253
337355
337456
337557
337663
337763
337866
337969
338073
338173
338276
338377
338481
338582
338702
338792
338890
338994
339094
339200
339301
339404
339505
339606
339712
339810
339919
340017
340119
340221
340345
340431
340530
340631
340733
340835
340938
341039
341159
341243
341349
341447
341550
341652
341754
341862
341958
342083
342167
342265
342370
342471
342574
342676
342782
342880
342982
343090
343187
343290
343393
343494
343598
343709
343809
343905
344007
344114
344211
344312
344417
344519
344621
344724
344825
344929
345037
345133
345236
345347
345442
345543
345647
345749
345850
345952
346056
346158
346260
346362
346464
346567
346668
346774
346884
346980
347080
347181
347283
347387
347491
347590
347694
347798
347898
348001
348102
348205
348307
348410
348518
348616
348717
348819
348923
349029
349126
349229
349334
349438
349536
349641
349740
349843
349946
350055
350153
350253
350356
350458
350559
350665
350765
350869
350969
351071
352308
352408
352512
352612
352713
352816
352917
353046
353123
353229
353328
353432
353531
353636
353736
353839
353943
354044
354147
354251
354351
354454
354555
354658
354776
354866
354974
355069
355171
355275
355374
355477
355581
355682
355786
355890
355989
356097
356195
356296
356407
356504
356606
356707
356808
356910
357013
357115
357222
357321
357424
357528
357627
357732
357833
357936
358037
358146
358244
358345
358450
358551
358660
358755
358856
358963
359062
359165
359266
359369
359471
359574
359675
359787
359885
359983
360085
360188
360292
360392
360496
360598
360701
360801
360907
361007
361110
361211
361316
361435
361521
361620
361728
361827
361928
362030
362137
362235
362337
362443
362543
362648
362747
362850
362951
363066
363164
363261
363362
363464
363566
363673
363772
363875
363978
364080
364181
364287
364386
364491
364592
364699
364796
364898
365005
365103
365204
365310
365410
365513
365616
365718
365821
365922
366025
366126
366232
366354
366432
366536
366639
366740
366848
366946
367049
367154
367254
367356
367461
367560
367667
367765
367879
367974
368074
368175
368277
368379
368483
368585
368686
368789
368891
368992
369099
369198
369304
369404
369519
369612
369717
369831
369918
370019
370120
370223
370325
370427
370529
370632
370738
370836
370947
371062
371152
371248
371348
371451
371558
371656
371758
371865
371963
372070
372169
372270
372375
372476
372577
372679
372788
372886
372990
373088
373197
373294
373396
373503
373602
373704
373806
373912
374013
374116
374220
374318
374447
374530
374627
374728
374831
374933
375039
375138
375240
375343
375445
375546
375652
375751
375855
375959
376063
376166
376264
376365
376473
376572
376675
376776
376878
376985
377084
377187
377288
377391
377493
377596
377703
377803
377902
378009
378107
378214
378312
378414
378518
378619
378721
378824
378928
379028
379131
379251
379338
379445
379540
379643
379750
379849
379953
380056
380155
380257
380359
380462
380565
380667
380769
380871
380980
381076
381181
381283
381384
381486
381591
381690
381795
381895
382000
382101
382203
382304
382408
382510
382617
382717
382817
382920
383022
383127
383227
383331
383433
383537
383636
383738
383840
383944
384045
384150
384257
384354
384456
384558
384662
384763
384866
384967
385070
385172
385276
385377
385480
385582
385685
385786
385902
385993
386100
386196
386298
386403
386504
386606
386707
386816
386913
387014
387120
387220
387323
387424
387533
387633
387732
387837
387937
388042
388141
388246
388347
388449
388551
388655
388755
388863
388961
389073
389168
389268
389372
389474
389575
389678
389781
389883
389986
390089
390189
390292
390394
390501
390612
390704
390804
390906
391012
391112
391213
391321
391419
391520
391625
391726
391830
391937
392033
392148
392242
392341
392444
392545
392649
392750
392852
392955
393057
393161
393261
393363
393468
393569
393672
393786
393881
393979
394080
394187
394286
394393
394490
394593
394696
394800
394899
395003
395104
395210
395310
395412
395526
395619
395719
395822
395924
396029
396128
396230
396338
396437
396538
396641
396745
396845
396948
397056
397154
397257
397357
397460
397563
397665
397767
397870
397975
398075
398178
398278
398382
398483
398586
398693
398793
398894
398997
399097
399203
399303
399405
399508
399615
399712
399815
399919
400019
400124
400249
400325
400432
400532
400634
400739
400839
400942
401043
401149
401250
401351
401454
401555
401658
401759
401863
401979
402074
402171
402272
402379
402477
402580
402682
402783
402890
402989
403096
403194
403295
403403
403502
403610
403717
403809
403918
404014
404115
404219
404320
404425
404526
404627
404734
404833
404935
405042
405139
405249
405364
405460
405551
405654
405754
405858
405958
406062
406164
406267
406369
406473
406573
406676
406777
406880
406983
407090
407189
407290
407391
407495
407597
407701
407802
407907
408007
408109
408213
408313
408417
408538
408616
408728
408826
408928
409030
409133
409238
409338
409440
409543
409646
409752
409850
409954
410054
410157
410269
410362
410464
410567
410671
410773
410875
410975
411081
411183
411283
411387
411489
411591
411694
411818
411905
412002
412102
412207
412307
412411
412511
412614
412717
412819
412922
413023
413127
413228
413340
413439
413537
413638
413745
413846
413950
414048
414149
414255
414355
414459
414559
414663
414766
414867
414971
415071
415180
415281
415379
415481
415584
415688
415789
415890
415994
416096
416197
416305
416403
416508
416607
416710
416814
417117
417229
417326
417427
417533
417634
417734
417837
417939
418044
418145
418252
418349
418464
418560
418658
418759
418860
418965
419067
419171
419271
419375
419475
419580
419683
419783
419886
419987
420090
420196
420303
420398
420499
420606
420705
420807
420910
421012
421113
421218
421320
421421
421524
421627
421750
421828
421933
422040
422137
422242
422349
422446
422547
422652
422753
422855
422957
423062
423162
423264
423389
423468
423571
423674
423779
423879
423981
424085
424185
424290
424391
424493
424594
424700
424800
424904
425032
425101
425212
425313
425415
425515
425621
425722
425826
425927
426029
426132
426233
426339
426440
426541
426643
426763
426851
426955
427054
427157
427258
427360
427462
427569
427669
427770
427871
427977
428076
428179
428283
428385
428487
428591
428692
428796
428896
428998
429099
429206
429306
429409
429511
429614
429717
429817
429920
430022
430131
430229
430332
430432
430534
430636
430738
430842
430946
431047
431149
431252
431358
431456
431558
431664
431789
431867
431969
432070
432176
432274
432380
432480
432582
432686
432787
432890
432992
433096
433197
433300
433409
433508
433605
433708
433812
433914
434016
434119
434225
434324
434425
434532
434633
434733
434837
434937
435045
435144
435248
435347
435449
435552
435654
435758
435860
435961
436068
436166
436267
436375
436473
436589
436684
436781
436882
436989
437088
437195
437293
437399
437498
437600
437702
437804
437909
438009
438118
438215
438316
438420
438521
438623
438725
438830
438931
439035
439135
439238
439340
439442
439548
439649
439751
439852
439955
440058
440165
440262
440364
440471
440570
440671
440774
440881
440979
441080
441210
441281
441393
441491
441594
441697
441800
441900
442002
442104
442210
442309
442415
442514
442617
442740
442830
442927
443027
443131
443231
443334
443436
443542
443641
443745
443846
443953
444050
444152
444259
444358
444467
444563
444664
444767
444868
444976
445075
445179
445279
445381
445484
445584
445692
445792
445895
446004
446101
446201
446303
446407
446508
446609
446716
446816
446923
447020
447121
447227
447327
447429
447531
447640
447737
447838
447945
448043
448148
448249
448354
448455
448558
448659
448761
448862
448968
449068
449188
449275
449377
449481
449580
449685
449783
449891
449989
450092
450195
450296
450403
450502
450604
450706
450808
450917
451014
451115
451219
451321
451423
451525
451632
451730
451831
451937
452038
452143
452242
452346
452447
452571
452645
452757
452858
452959
453064
453163
453267
453368
453470
453575
453676
453779
453880
453983
454085
454197
454293
454392
454494
454605
454701
454802
454905
455006
455110
455212
455313
455420
455519
455622
455723
455832
455932
456035
456133
456234
456339
456441
456547
456645
456747
456854
456953
457053
457160
457261
457362
457469
457569
457670
457773
457874
457977
458079
458182
458284
458386
458492
458591
458693
458797
458898
459020
459097
459206
459308
459411
459512
459616
459720
459820
459919
460025
460133
460230
460331
460434
460537
460651
460743
460845
460946
461050
461152
461255
461354
461461
461561
461663
461768
461867
461971
462086
462177
462282
462380
462483
462583
462689
462789
462893
462994
463096
463199
463302
463407
463506
463610
463720
463821
463917
464018
464120
464221
464328
464427
464531
464632
464736
464837
464940
465041
465147
465247
465370
465452
465555
465656
465763
465861
465964
466066
466168
466274
466374
466475
466579
466682
466782
466903
466990
467090
467192
467295
467397
467500
467602
467703
467807
467910
468013
468114
468216
468318
468444
468521
468628
468727
468832
468933
469037
469138
469240
469343
469444
469551
469649
469754
469858
469957
470068
470167
470267
470367
470472
470573
470675
470776
470880
470981
471083
471187
471288
471393
471492
471596
471704
471801
471903
472006
472107
472212
472312
472414
472518
472619
472722
472823
472925
473031
473132
473242
473338
473440
473540
473643
473745
473847
473953
474053
474158
474258
474358
474463
474567
474668
474773
474882
474976
475080
475179
475281
475383
475486
475593
475691
475795
475895
476000
476101
476203
476310
476407
476514
476616
476715
476817
476919
477021
477123
477230
477328
477431
477539
477636
477739
477843
477943
478070
478146
478254
478352
478455
478559
478663
478762
478868
478968
479072
479173
479275
479376
479481
479582
479700
479789
479891
479992
480094
480197
480302
480401
480502
480606
480707
480814
480913
481021
481117
481240
481327
481433
481529
481630
481732
481835
481938
482040
482142
482245
482346
482451
482552
482655
482760
482863
482961
483064
483167
483271
483374
483473
483575
483682
483780
483883
483985
484086
484193
484292
484395
484502
484600
484701
484805
484906
485010
485112
485213
485317
485419
485521
485623
485730
485830
485931
486047
486137
486242
486340
486444
486545
486647
486751
486852
486955
487057
487160
487267
487364
487466
487572
487676
487774
487875
487979
488086
488183
488288
488388
488493
488593
488696
488798
488901
489004
489118
489211
489310
489412
489514
489616
489720
489823
489925
490026
490132
490232
490334
490437
490538
490645
490751
490851
490948
491050
491154
491256
491359
491462
491565
491665
491767
491873
491972
492075
492176
492280
492387
492500
492590
492689
492793
492893
492996
493098
493202
493306
493406
493508
493611
493714
493817
493932
494023
494123
494225
494329
494431
494532
494634
494738
494839
494943
495044
495146
495249
495350
495458
495557
495658
495760
495865
495965
496069
496169
496276
496376
496477
496579
496685
496784
496888
496999
497095
497195
497298
497399
497501
497605
497707
497808
497914
498014
498116
498220
498321
498425
498525
498633
498731
498834
498934
499037
499139
499245
499344
499448
499548
499655
499753
499856
499962
500061
500166
500268
500370
500472
500574
500678
500779
500884
500983
501084
501192
501291
501395
501495
501597
501698
501805
501904
502017
502111
502214
502314
502415
502522
502621
502728
502826
502928
503031
503133
503236
503337
503443
503563
503652
503748
503850
503952
504056
504157
504264
504362
504466
504567
504670
504773
504874
504977
505084
505208
505284
505391
505488
505593
505693
505796
505898
506001
506105
506205
506308
506408
506512
506615
506718
506827
506922
507025
507131
507229
507333
507437
507536
507638
507741
507843
507947
508048
508154
508253
508364
508462
508561
508665
508765
508869
508971
509072
509176
509278
509380
509484
509584
509688
509789
509908
509995
510098
510198
510305
510403
510507
510608
510711
510814
510914
511017
511122
511226
511326
511444
511532
511636
511734
511836
511940
512043
512143
512248
512349
512452
512556
512655
512759
512860
512963
513078
513171
513270
513376
513477
513580
513679
513783
513885
513987
514089
514195
514293
514399
514501
514602
514714
514809
514910
515013
515114
515216
515322
515420
515524
515625
515728
515830
515932
516037
516136
516243
516341
516450
516549
516650
516751
516857
516956
517060
517161
517268
517366
517469
517570
517676
517775
517879
517981
518089
518188
518288
518390
518493
518595
518699
518801
518905
519004
519108
519209
519313
519417
519517
519640
519729
519825
519926
520030
520130
520233
520336
520438
520540
520648
520746
520849
520952
521056
521154
521270
521361
521464
521563
521667
521770
521875
521974
522076
522178
522280
522383
522486
522590
522690
522812
522909
523000
523104
523202
523305
523412
523511
523612
523714
523816
523921
524022
524127
524226
524330
524431
524554
524641
524742
524841
524943
525048
525150
525254
525353
525461
525558
525660
525765
525865
525968
526069
526176
526278
526377
526479
526586
526685
526789
526889
526992
527096
527196
527299
527400
527505
527605
527709
527811
527920
528018
528117
528218
528330
528426
528527
528630
528732
528836
528936
529039
529145
529244
529352
529449
529556
529656
529756
529860
529960
530064
530165
530268
530369
530474
530575
530682
530780
530884
530985
531089
531194
531302
531396
531500
531600
531704
531805
531906
532008
532111
532213
532317
532424
532521
532623
532729
532829
532950
533037
533135
533236
533343
533444
533545
533648
533750
533853
533953
534056
534164
534264
534364
534466
534571
534674
534777
534876
534979
535081
535185
535285
535389
535491
535596
535695
535798
535900
536003
536104
536224
536312
536416
536514
536617
536721
536821
536924
537028
537128
537235
537333
537436
537539
537641
537742
537866
537953
538055
538153
538254
538359
538460
538563
538664
538771
538870
538971
539075
539177
539279
539380
539502
539589
539692
539792
539895
539996
540098
540201
540302
540408
540507
540611
540713
540815
540918
541020
541153
541219
541327
541431
541531
541635
541735
541842
541941
542044
542146
542250
542351
542454
542558
542678
542767
542865
542965
543067
543171
543275
543375
543479
543579
543682
543786
543888
543990
544096
544193
544295
544406
544502
544603
544709
544809
544913
545016
545115
545219
545320
545424
545525
545628
545730
545834
545935
546046
546144
546243
546343
546448
546548
546654
546754
546856
546958
547063
547163
547265
547370
547471
547572
547693
547781
547881
547982
548084
548191
548292
548393
548495
548602
548700
548804
548904
549007
549111
549212
549327
549423
549520
549623
549725
549825
549929
550031
550133
550235
550341
550440
550544
550644
550749
550849
550970
551056
551159
551259
551359
551462
551564
551667
551767
551872
551975
552075
552178
552282
552405
552491
552588
552689
552793
552893
553000
553099
553202
553307
553406
553510
553612
553713
553824
553919
554021
554128
554231
554328
554433
554532
554636
554738
554841
554943
555044
555150
555248
555351
555457
555556
555671
555765
555865
555967
556069
556172
556274
556377
556479
556581
556687
556786
556890
556991
557094
557195
557310
557403
557505
557605
557709
557809
557916
558014
558118
558220
558325
558424
558531
558629
558732
558834
558935
559049
559150
559245
559346
559449
559550
559655
559756
559857
559963
560062
560164
560268
560370
560471
560576
560698
560779
560885
560983
561086
561193
561296
561396
561501
561599
561708
561805
561908
562012
562114
562216
562323
562423
562523
562626
562727
562830
562931
563036
563136
563239
563345
563444
563547
563650
563751
563871
563960
564061
564161
564264
564368
564468
564571
564679
564776
564877
564981
565083
565187
565288
565392
565491
565599
565697
565799
565907
566004
566106
566209
566312
566413
566520
566619
566719
566824
566925
567027
567131
567250
567337
567439
567539
567642
567748
567848
567950
568057
568154
568256
568358
568462
568562
568666
568769
568879
568973
569076
569177
569285
569383
569490
569588
569689
569796
569895
569997
570100
570201
570308
570406
570527
570612
570717
570817
570919
571020
571125
571227
571331
571431
571533
571638
571737
571842
571944
572045
572153
572250
572352
572459
572557
572659
572762
572865
572966
573073
573172
573276
573376
573478
573584
573684
573795
573888
573992
574093
574196
574301
574400
574507
574605
574707
574809
574912
575019
575117
575220
575353
575415
575528
575629
575736
575833
575935
576042
576141
576244
576347
576452
576550
576657
576755
576862
576961
577067
577165
577268
577369
577474
577576
577679
577780
577882
577984
578086
578187
578294
578394
578496
578610
578705
578804
578904
579009
579111
579213
579314
579419
579522
579627
579725
579827
579933
580032
580134
580242
580339
580440
580549
580646
580748
580855
580953
581055
581159
581262
581363
581467
581569
581671
581772
581915
581969
582081
582184
582284
582386
582489
582592
582696
582797
582898
583001
583107
583206
583309
583436
583513
583619
583720
583822
583925
584024
584127
584230
584336
584436
584540
584641
584745
584846
584948
585050
585156
585255
585359
585458
585567
585663
585765
585869
585970
586080
586176
586278
586381
586486
586588
586687
586802
586899
586998
587097
587199
587301
587409
587507
587608
587713
587814
587919
588020
588120
588223
588327
588438
588537
588634
588736
588838
588941
589042
589150
589248
589349
589454
589555
589663
589760
589862
589964
590086
590164
590273
590375
590477
590579
590682
590784
590889
590988
591092
591196
591297
591401
591500
591607
591706
591833
591909
592016
592117
592218
592320
592424
592524
592628
592733
592832
592936
593036
593141
593240
593348
593447
593554
593655
593754
593855
593958
594060
594162
594269
594368
594475
594572
594673
594782
594880
594984
595085
595187
595302
595394
595495
595599
595698
595802
595904
596005
596108
596211
596333
596418
596518
596627
596728
596825
596926
597032
597134
597236
597338
597446
597542
597643
597747
597849
597957
598053
598156
598263
598361
598463
598565
598669
598774
598874
598975
599079
599180
599281
599388
599487
599589
599690
599794
599897
599998
600106
600231
600306
600413
600514
600614
600719
600818
600926
601023
601124
601233
601331
601432
601541
601639
601740
601843
601950
602047
602149
602253
602354
602457
602560
602662
602764
602868
602969
603070
603175
603275
603378
603480
603601
603689
603788
603889
603996
604096
604198
604300
604402
604507
604608
604711
604812
604915
605016
605119
605235
605331
605427
605529
605635
605734
605836
605938
606039
606146
606246
606348
606450
606551
606657
606757
606873
606965
607066
607167
607271
607372
607475
607576
607678
607785
607884
607987
608088
608195
608293
608395
608512
608601
608706
608807
608908
609011
609112
609215
609318
609420
609522
609625
609731
609830
609934
610054
610141
610241
610341
610446
610545
610649
610753
610853
610957
611061
611163
611265
611364
611469
611568
611677
611781
611883
611979
612081
612187
612286
612389
612491
612591
612695
612799
612901
613002
613106
613208
613322
613418
613516
613617
613720
613821
613927
614026
614132
614237
614336
614436
614539
614641
614744
614849
614969
615058
615154
615256
615362
615460
615562
615667
615768
615906
615966
616079
616178
616280
616382
616489
616594
616691
616792
616894
616998
617099
617205
617306
617408
617509
617613
617715
617816
617922
618021
618126
618248
618334
618431
618533
618637
618738
618840
618941
619047
619147
619249
619351
619457
619558
619662
619762
619883
619972
620068
620172
620276
620377
620479
620580
620683
620787
620887
620993
621092
621198
621298
621401
621512
621608
621707
621810
621911
622015
622118
622225
622322
622425
622532
622629
622730
622835
622935
623045
623143
623244
623345
623450
623551
623653
623756
623858
623963
624062
624163
624268
624369
624489
624579
624677
624778
624881
624984
625088
625189
625292
625396
625496
625599
625707
625803
625905
626011
626110
626222
626318
626417
626520
626625
626727
626833
626930
627031
627138
627237
627340
627440
627546
627646
627751
627861
627956
628062
628159
628263
628363
628466
628569
628670
628774
628875
628978
629086
629183
629285
629386
629496
629594
629694
629798
629900
630002
630108
630207
630310
630411
630513
630616
630718
630821
630927
631026
631153
631220
631337
631435
631541
631639
631743
631844
631949
632051
632151
632255
632356
632460
632560
632664
632771
632870
632970
633077
633176
633280
633381
633483
633584
633691
633791
633892
633998
634098
634201
634302
634409
634512
634610
634711
634817
634915
635020
635121
635228
635326
635430
635531
635634
635735
635839
635939
636062
636148
636250
636354
636453
636556
636658
636760
636862
636967
637067
637173
637271
637375
637477
637581
637694
637785
637886
637989
638096
638194
638296
638399
638503
638603
638707
638807
638909
639013
639120
639217
639324
639425
639525
639627
639729
639831
639935
640036
640139
640241
640345
640445
640552
640650
640755
640879
640956
641062
641163
641265
641370
641470
641574
641676
641780
641880
641984
642086
642186
642294
642391
642517
642593
642701
642801
642906
643006
643110
643210
643314
643416
643521
643620
643724
643825
643929
644030
644149
644238
644338
644440
644547
644644
644746
644851
644952
645055
645156
645258
645363
645463
645567
645668
645774
645873
645982
646078
646179
646286
646385
646488
646590
646697
646794
646904
646999
647100
647207
647307
647426
647513
647615
647720
647818
647923
648023
648130
648228
648332
648433
648535
648639
648743
648842
648946
649047
649154
649260
649356
649462
649558
649661
649767
649867
649968
650076
650174
650276
650380
650481
650586
650686
650789
650903
650999
651096
651202
651304
651402
651504
651606
651708
651817
651915
652019
652118
652224
652324
652427
652535
652633
652733
652834
652940
653041
653145
653246
653348
653450
653556
653655
653758
653860
653964
654066
654175
654275
654373
654475
654578
654678
654782
654884
654987
655089
655194
655293
655396
655498
655601
655702
655810
655909
656011
656113
656214
656318
656422
656521
656626
656729
656830
656931
657034
657143
657239
657365
657442
657548
657648
657751
657852
657960
658058
658162
658263
658365
658469
658569
658672
658775
658879
658978
659091
659186
659289
659394
659492
659593
659696
659799
659900
660004
660108
660211
660311
660412
660515
660622
660723
660822
660927
661027
661140
661233
661334
661439
661539
661644
661743
661848
661949
662055
662155
662262
662362
662463
662562
662668
662769
662871
662973
663077
663178
663280
663383
663488
663587
663695
663793
663896
663997
664100
664204
664303
664409
664510
664611
664713
664816
664918
665022
665124
665231
665330
665432
665533
665635
665739
665844
665943
666044
666148
666250
666353
666460
666558
666662
666761
666870
666968
667070
667170
667278
667377
667482
667581
667685
667786
667891
667991
668093
668194
668301
668400
668516
668607
668708
668810
668912
669018
669118
669220
669323
669423
669529
669628
669736
669834
669938
670039
670159
670244
670349
670448
670551
670653
670758
670858
670961
671062
671166
671266
671371
671472
671574
671676
671779
671885
671985
672086
672190
672291
672394
672495
672597
672700
672803
672908
673006
673112
673214
673332
673420
673521
673622
673728
673827
673932
674032
674135
674237
674340
674442
674544
674646
674749
674861
674959
675058
675162
675260
675362
675468
675567
675671
675772
675876
675978
676081
676188
676285
676391
676492
676594
676694
676801
676899
677003
677104
677206
677309
677413
677513
677618
677718
677820
677944
678032
678131
678231
678333
678434
678538
678639
678742
678847
678946
679051
679150
679254
679361
679459
679565
679665
679769
679869
679972
680077
680179
680279
680381
680483
680586
680687
680790
680893
680995
681108
681205
681311
681406
681508
681611
681712
681815
681917
682019
682120
682227
682328
682428
682531
682638
682762
682838
682944
683042
683144
683247
683353
683452
683557
683656
683759
683866
683964
684068
684169
684274
684375
684483
684583
684687
684785
684886
684988
685090
685194
685295
685397
685501
685602
685709
685807
685908
686017
686116
686221
686319
686422
686525
686628
686730
686832
686934
687035
687139
687241
687364
687454
687551
687654
687753
687856
687958
688066
688163
688265
688369
688469
688578
688676
688779
688880
688991
689087
689187
689289
689392
689496
689596
689700
689801
689903
690005
690113
690210
690314
690415
690522
690647
690716
690827
690928
691030
691145
691238
691340
691439
691543
691644
691747
691849
691953
692053
692156
692282
692358
692466
692566
692671
692772
692873
692979
693077
693184
693283
693385
693488
693589
693692
693795
693909
694004
694103
694201
694306
694410
694511
694615
694716
694819
694922
695022
695126
695228
695331
695455
695529
695640
695741
695842
695949
696048
696150
696251
696358
696456
696561
696661
696766
696866
696973
697071
697182
697277
697379
697485
697582
697684
697790
697890
697992
698097
698196
698303
698403
698504
698608
698709
698828
698919
699017
699120
699221
699324
699425
699530
699630
699734
699836
699939
700040
700144
700247
700348
700455
700554
700658
700756
700860
700962
701065
701171
701270
701372
701474
701577
701679
701789
701885
701986
702094
702193
702294
702396
702498
702604
702703
702812
702908
703009
703115
703215
703318
703419
703522
703625
703744
703831
703930
704034
704136
704243
704341
704443
704553
704650
704751
704853
704956
705056
705163
705283
705372
705468
705571
705674
705774
705877
705979
706086
706184
706286
706390
706491
706597
706696
706799
706901
707009
707108
707208
707310
707413
707516
707625
707721
707821
707925
708029
708130
708232
708336
708437
708552
708650
708745
708846
708949
709051
709155
709256
709359
709460
709567
709666
709768
709873
709973
710075
710190
710285
710383
710485
710596
710691
710792
710894
710996
711102
711204
711304
711406
711508
711612
711712
711835
711923
712021
712444
712529
712639
712736
712837
712944
713042
713144
713247
713349
713472
713558
713660
713761
713861
713965
714066
714168
714270
714373
714475
714579
714680
714788
714885
714988
715094
715194
715295
715397
715499
715605
715705
715807
715908
716015
716114
716216
716318
716420
716527
716626
716737
716835
716933
717035
717141
717239
717344
717444
717548
717649
717757
717854
717958
718062
718161
718268
718368
718468
718571
718673
718780
718878
718987
719084
719184
719290
719390
719498
719597
719699
719814
719904
720005
720107
720209
720312
720414
720521
720620
720720
720826
720927
721028
721152
721225
721339
721442
721543
721645
721744
721848
721952
722054
722156
722258
722361
722462
722566
722667
722768
722873
722974
723083
723182
723286
723383
723489
723588
723692
723794
723895
723999
724102
724203
724303
724408
724517
724631
724718
724818
724922
725021
725126
725227
725330
725430
725536
725637
725742
725845
725943
726046
726149
726251
726353
726462
726558
726659
726762
726868
726967
727072
727171
727275
727380
727482
727583
727684
727788
727913
727993
728094
728197
728299
728402
728504
728605
728708
728814
728914
729017
729118
729223
729323
729429
729528
729632
729733
729833
729936
730039
730143
730244
730347
730449
730555
730654
730756
730864
730961
731065
731168
731268
731371
731473
731579
731682
731780
731883
731989
732088
732190
732295
732401
732498
732603
732703
732806
732907
733010
733111
733218
733316
733421
733521
733624
733726
733832
733930
734033
734149
734240
734341
734443
734546
734648
734751
734851
734954
735057
735163
735262
735365
735472
735570
735677
735780
735877
735979
736081
736184
736286
736392
736491
736598
736696
736800
736900
737007
737104
737208
737311
737420
737515
737618
737720
737825
737924
738027
738128
738236
738334
738436
738539
738640
738748
738846
738947
739056
739153
739257
739357
739461
739563
739669
739767
739870
739974
740075
740176
740282
740381
740485
740586
740708
740795
740896
740997
741103
741202
741303
741405
741508
741613
741712
741815
741917
742019
742124
742225
742328
742434
742533
742634
742738
742842
742942
743046
743145
743249
743351
743453
743556
743658
743764
743862
743967
744073
744173
744272
744375
744482
744580
744682
744784
744886
744992
745096
745195
745299
745398
745502
745604
745726
745810
745912
746012
746116
746218
746321
746423
746526
746628
746732
746831
746938
747037
747140
747247
747346
747447
747550
747652
747754
747857
747959
748061
748168
748266
748368
748470
748577
748675
748782
748882
748982
749092
749189
749290
749395
749499
749598
749702
749802
749905
750007
750108
750217
750314
750424
750524
750622
750723
750829
750928
751031
751149
751240
751342
751443
751548
751652
751751
751853
751960
752059
752161
752262
752365
752469
752570
752673
752775
752876
752979
753081
753188
753287
753393
753495
753596
753697
753798
753901
754005
754106
754208
754311
754413
754515
754622
754720
754823
754940
755030
755130
755232
755335
755439
755538
755641
755749
755847
755950
756051
756156
756256
756361
756471
756566
756671
756769
756870
756973
757075
757178
757280
757386
757486
757587
757690
757797
757894
758018
758104
758203
758308
758406
758510
758611
758718
758819
758918
759023
759123
759226
759334
759431
759532
759658
759735
759842
759943
760045
760147
760254
760352
760453
760557
760660
760760
760866
760967
761070
761174
761275
761377
761481
761581
761684
761785
761891
761993
762094
762195
762298
762399
762503
762609
762707
762823
762915
763018
763118
763222
763321
763426
763525
763631
763731
763834
763940
764039
764144
764243
764346
764458
764549
764654
764757
764857
764961
765066
765165
765266
765369
765471
765577
765676
765778
765883
765983
766095
766193
766291
766393
766496
766598
766700
766803
766909
767007
767108
767216
767314
767418
767522
767621
767729
767828
767928
768033
768132
768239
768339
768443
768545
768648
768749
768850
768954
769056
769157
769280
769367
769466
769568
769670
769777
769875
769978
770079
770183
770286
770388
770489
770592
770694
770817
770894
771002
771105
771207
771309
771414
771513
771616
771718
771819
771924
772029
772128
772237
772332
772456
772537
772641
772742
772844
772950
773049
773152
773254
773362
773458
773560
773667
773765
773868
773970
774083
774179
774279
774382
774486
774586
774688
774790
774893
774994
775101
775200
775302
775405
775507
775620
775714
775817
775916
776018
776124
776224
776327
776427
776531
776632
776738
776838
776942
777043
777157
777254
777351
777452
777554
777658
777760
777861
777963
778067
778168
778272
778373
778476
778578
778690
778789
778886
778987
779090
779193
779296
779398
779500
779603
779704
779809
779910
780011
780123
780221
780319
780422
780530
780626
780728
780832
780933
781037
781158
781241
781343
781447
781567
781654
781753
781856
781959
782060
782164
782266
782367
782470
782570
782674
782778
782880
782984
783092
783193
783289
783391
783494
783595
783700
783801
783903
784010
784108
784209
784312
784414
784516
784623
784734
784827
784929
785029
785131
785236
785336
785439
785541
785643
785746
785849
785949
786053
786166
786259
786360
786464
786565
786668
786770
786878
786975
787076
787182
787282
787385
787487
787655
787695
787796
787898
788000
788102
788205
788306
788410
788511
788614
788715
788819
788921
789046
789132
789231
789330
789433
789537
789636
789741
789842
789946
790046
790152
790254
790354
790459
790560
790670
790768
790869
790969
791070
791175
791277
791375
791477
791579
791682
791785
791886
791989
792091
792204
792298
792400
792501
792605
792706
792811
792911
793015
793116
793219
793324
793426
793527
793628
793733
793853
793935
794039
794141
794242
794346
794446
794550
794651
794755
794856
794959
795061
795163
795265
795367
795477
795574
795676
795777
795883
795982
796086
796187
796290
796397
796495
796598
796700
796801
796926
797009
797108
797211
797318
797416
797518
797626
797723
797826
797927
798033
798132
798237
798358
798444
798544
798646
798746
798850
798952
799055
799157
799260
799362
799466
799567
799668
799772
799894
799981
800083
800181
800283
800386
800488
800590
800698
800795
800898
801001
801105
801203
801302
801417
801516
801635
801723
801826
801925
802027
802128
802232
802336
802437
802540
802641
802745
802849
802949
803053
803153
803266
803362
803465
803563
803667
803772
803871
803973
804081
804178
804279
804383
804485
804587
804690
804803
804899
804997
805099
805203
805307
805406
805508
805613
805714
805815
805922
806022
806124
806225
806337
806430
806535
806635
806737
806843
806942
807044
807150
807251
807352
807455
807559
807658
807773
807871
807968
808068
808169
808273
808375
808477
808581
808683
808786
808888
808989
809094
809212
809299
809400
809503
809604
809707
809812
809912
810017
810117
810221
810324
810425
810525
810636
810733
810835
810935
811039
811155
811243
811344
811449
811549
811652
811756
811857
811960
812062
812172
812266
812370
812472
812576
812676
812780
812880
812985
813086
813188
813291
813398
813496
813597
813701
813806
813907
814006
814112
814212
814315
814419
814520
814628
814726
814827
814931
815031
815134
815237
815352
815445
815548
815647
815748
815852
815952
816057
816157
816260
816368
816465
816566
816670
816772
816876
816983
817084
817182
817285
817386
817490
817592
817693
817797
817900
818001
818102
818206
818308
818410
818514
818627
818720
818826
818923
819025
819130
819229
819333
819435
819536
819643
819742
819846
819951
820049
820151
820259
820361
820458
820560
820665
820766
820868
820970
821073
821176
821281
821380
821482
821585
821687
821813
821890
821998
822097
822198
822302
822404
822506
822608
822715
822813
822916
823018
823121
823222
823346
823434
823534
823632
823738
823840
823941
824043
824145
824246
824354
824453
824555
824656
824760
824867
824965
825072
825170
825272
825373
825478
825579
825683
825783
825886
825987
826094
826192
826294
826400
826499
826604
826706
826809
826910
827011
827115
827217
827319
827420
827526
827627
827728
827831
827933
828038
828144
828246
828343
828446
828548
828649
828759
828857
828957
829064
829162
829265
829367
829469
829572
829673
829782
829880
829981
830082
830187
830289
830391
830493
830595
830702
830800
830902
831007
831107
831214
831316
831429
831520
831622
831722
831824
831928
832032
832131
832236
832336
832437
832543
832644
832745
832850
832971
833061
833156
833258
833361
833462
833567
833667
833768
833875
833975
834078
834179
834287
834385
834489
834611
834691
834795
834900
834999
835101
835204
835306
835411
835510
835613
835718
835818
835921
836023
836145
836222
836330
836434
836536
836638
836738
836842
836943
837049
837147
837250
837354
837456
837559
837674
837766
837868
837968
838073
838173
838275
838377
838480
838582
838685
838786
838890
838991
839100
839217
839306
839403
839503
839608
839708
839813
839915
840020
840119
840221
840324
840426
840528
840635
840732
840835
840939
841040
841158
841240
841348
841451
841552
841656
841757
841859
841960
842064
842169
842271
842371
842494
842579
842679
842781
842884
842985
843089
843191
843299
843396
843498
843602
843701
843807
843908
844019
844116
844215
844323
844420
844521
844624
844726
844830
844933
845034
845135
845239
845340
845443
845547
845657
845755
845855
845959
846057
846161
846262
846365
846467
846570
846674
846774
846878
846979
847081
847182
847308
847386
847492
847594
847696
847798
847899
848006
848105
848208
848312
848413
848515
848619
848719
848821
848946
849017
849131
849232
849335
849437
849538
849641
849743
849846
849948
850056
850156
850256
850358
850461
850563
850668
850768
850871
850974
851074
851174
851277
851379
851480
851586
851686
851789
851891
851999
852096
852198
852303
852402
852507
852608
852710
852813
852914
853022
853119
853224
853327
853431
853529
853631
853734
853842
853939
854042
854143
854250
854349
854452
854555
854656
854759
854864
854969
855066
855167
855271
855377
855475
855576
855683
855781
855886
855990
856089
856193
856293
856398
856507
856604
856705
856805
856908
857010
857113
857216
857319
857423
857521
857625
857727
857830
857934
858034
858153
858242
858342
858447
858546
858648
858756
858855
858957
859059
859165
859263
859366
859473
859571
859672
859780
859883
859981
860083
860190
860287
860389
860493
860595
860702
860800
860903
861004
861106
862293
862337
862440
862547
862647
862752
862851
862959
863057
863156
863260
863361
863469
863567
863669
863776
863874
863977
864078
864181
864285
864386
864498
864595
864695
864794
864901
865000
865103
865207
865308
865410
865512
865619
865717
865823
865930
866026
866126
866230
866331
866434
866536
866639
866741
866845
866947
867048
867155
867254
867366
867461
867561
867665
867766
867867
867969
868072
868175
868277
868380
868484
868585
868686
868789
868898
868995
869097
869198
869306
869404
869506
869609
869711
869813
869916
870018
870121
870223
870325
870443
870530
870633
870737
870837
870941
871043
871161
871244
871347
871448
871552
871653
871756
871868
871961
872065
872167
872271
872370
872478
872576
872679
872781
872885
872984
873087
873190
873292
873396
873501
873599
873701
873803
873906
874009
874113
874213
874318
874419
874524
874623
874724
874828
874930
875037
875138
875242
875340
875442
875544
875651
875749
875852
875953
876056
876159
876262
876365
876470
876576
876673
876773
876877
876978
877081
877188
877285
877388
877491
877595
877694
877797
877900
878021
878105
878206
878311
878412
878513
878621
878719
878820
878924
879028
879128
879230
879333
879435
879543
879643
879746
879845
879947
880050
880152
880255
880360
880461
880562
880664
880767
880869
880970
881094
881177
881283
881390
881488
881589
881692
881793
881898
882001
882103
882203
882306
882408
882510
882612
882715
882824
882920
883023
883125
883227
883329
883435
883535
883636
883742
883842
883946
884046
884149
884258
884358
884456
884559
884681
884767
884866
884968
885075
885173
885275
885381
885481
885585
885685
885787
885906
885994
886095
886198
886300
886400
886504
886606
886710
886812
886915
887016
887120
887220
887323
887424
887542
887635
887733
887835
887942
888040
888141
888248
888347
888451
888552
888654
888756
888860
888962
889083
889161
889269
889372
889474
889577
889678
889781
889882
889985
890087
890194
890293
890395
890498
890599
890709
890807
890907
891008
891113
891215
891317
891418
891522
891623
891728
891829
891931
892032
892137
892237
892346
892444
892545
892647
892754
892852
892955
893059
893166
893263
893364
893467
893568
893672
893774
893882
893980
894084
894183
894286
894391
894490
894594
894696
894798
894902
895003
895106
895230
895307
895420
895516
895620
895720
895821
895927
896026
896129
896231
896333
896440
896539
896651
896748
896847
896949
897050
897154
897257
897356
897462
897563
897666
897768
897870
897977
898075
898187
898283
898383
898488
898587
898688
898791
898893
898997
899099
899201
899308
899406
899508
899615
899719
899816
899922
900019
900125
900226
900327
900430
900531
900635
900737
900839
900943
901044
901180
901243
901351
901456
901557
901657
901765
901863
901965
902068
902169
902274
902375
902479
902580
902700
902788
902892
902990
903092
903195
903300
903398
903502
903604
903706
903810
903913
904014
904118
904239
904323
904424
904530
904628
904730
904832
904936
905039
905140
905243
905345
905448
905550
905672
905757
905858
905959
906062
906164
906266
906370
906471
906574
906677
906779
906880
906984
907086
907188
907309
907400
907496
907598
907704
907802
907907
908006
908109
908212
908313
908416
908518
908623
908739
908829
908930
909031
909135
909235
909339
909440
909546
909645
909749
909851
909952
910057
910157
910277
910364
910464
910568
910670
910772
910876
910982
911078
911183
911284
911387
911488
911591
911693
911804
911902
912001
912102
912205
912307
912409
912513
912615
912717
912824
912922
913027
913127
913231
913331
913441
913535
913640
913742
913843
913947
914049
914152
914252
914355
914459
914559
914663
914765
914885
914976
915074
915175
915277
915379
915484
915585
915689
915790
915892
915994
916098
916200
916301
916417
916509
916609
916710
916813
916916
917020
917121
917224
917329
917428
917529
917632
917735
917841
917939
918047
918147
918247
918349
918451
918554
918654
918758
918861
918965
919065
919167
919274
919373
919486
919579
919685
919782
919884
919991
920090
920192
920297
920397
920501
920602
920705
920806
920909
921012
921116
921217
921319
921423
921524
921625
921733
921831
921932
922033
922138
922240
922345
922454
922553
922652
922751
922856
922957
923060
923162
923263
923367
923470
923572
923674
923777
923878
923990
924087
924185
924287
924390
924493
924594
924702
924800
924901
925005
925107
925209
925311
925423
925518
925620
925725
925824
925927
926029
926130
926234
926336
926438
926540
926644
926746
926855
926951
927053
927154
927257
927362
927461
927565
927669
927771
927874
927975
928078
928179
928282
928392
928486
928590
928692
928795
928899
928998
929101
929206
929305
929406
929511
929611
929715
929825
929922
930021
930124
930226
930334
930432
930533
930636
930743
930841
930943
931048
931151
931277
931353
931456
931557
931662
931763
931865
931967
932072
932172
932275
932377
932481
932582
932685
932786
932907
932995
933094
933197
933301
933401
933504
933606
933709
933810
933914
934015
934117
934221
934326
934429
934527
934629
934732
934834
934937
935038
935142
935244
935347
935448
935551
935653
935778
935864
935961
936063
936169
936268
936372
936477
936576
936683
936780
936881
936986
937090
937194
937293
937394
937510
937606
937705
937809
937907
938008
938115
938214
938321
938419
938520
938623
938729
938828
938931
939032
939155
939242
939345
939442
939546
939651
939750
939852
939955
940058
940162
940261
940366
940467
940569
940675
940776
940881
940978
941079
941186
941290
941388
941490
941594
941695
941798
941900
942002
942109
942208
942314
942413
942515
942619
942719
942822
942925
943026
943129
943233
943333
943437
943541
943640
943745
943855
943953
944050
944152
944259
944358
944461
944562
944665
944769
944871
944972
945074
945176
945282
945382
945507
945588
945695
945791
945892
945999
946098
946202
946303
946410
946508
946613
946713
946816
946917
947020
947140
947228
947328
947428
947534
947635
947737
947839
947941
948044
948145
948252
948351
948454
948575
948663
948761
948863
948967
949068
949171
949273
949374
949481
949579
949684
949785
949889
949990
950091
950215
950305
950400
950503
950602
950708
950814
950911
951014
951117
951220
951319
951427
951527
951627
951729
951850
951925
952039
952144
952242
952343
952451
952549
952651
952756
952856
952959
953063
953164
953266
953368
953478
953575
953676
953779
953882
953984
954088
954188
954289
954392
954496
954598
954699
954802
954909
955017
955113
955212
955314
955421
955519
955621
955726
955825
955930
956031
956135
956235
956340
956440
956541
956653
956751
956852
956952
957055
957157
957261
957362
957464
957569
957669
957771
957874
957977
958089
958183
958285
958386
958489
958590
958693
958795
958898
958999
959106
959205
959307
959410
959514
959621
959718
959820
959926
960024
960127
960232
960331
960434
960536
960637
960745
960843
960945
961052
961150
961267
961353
961457
961561
961663
961764
961870
961970
962078
962175
962276
962378
962481
962585
962698
962794
962893
962997
963096
963198
963304
963403
963506
963608
963711
963813
963915
964018
964124
964223
964338
964428
964531
964633
964736
964837
964942
965042
965145
965247
965351
965456
965555
965658
965758
965863
965970
966066
966167
966274
966373
966476
966577
966679
966785
966884
966987
967089
967192
967293
967397
967502
967602
967705
967807
967908
968011
968114
968216
968324
968422
968524
968626
968729
968833
968941
969038
969138
969241
969342
969446
969548
969652
969752
969854
969957
970060
970161
970265
970365
970476
970574
970675
970779
970878
970981
971082
971188
971288
971390
971493
971596
971698
971805
971902
972004
972112
972215
972312
972415
972517
972621
972722
972824
972925
973030
973130
973234
973337
973437
973540
973641
973749
973849
973950
974054
974155
974257
974359
974465
974565
974669
974769
974873
974975
975079
975180
975283
975387
975486
975590
975693
975794
975897
975997
976100
976203
976304
976412
976510
976614
976715
976834
976915
977023
977127
977230
977329
977430
977535
977636
977739
977843
977944
978047
978149
978250
978369
978459
978559
978662
978763
978865
978966
979070
979174
979275
979379
979479
979582
979686
979786
979889
980003
980098
980203
980298
980400
980502
980609
980709
980810
980912
981016
981118
981226
981323
981426
981526
981646
981733
981835
981936
982041
982142
982244
982348
982449
982552
982656
982756
982857
982965
983063
983176
983274
983372
983472
983575
983679
983779
983883
983985
984086
984188
984295
984394
984497
984601
984702
984821
984910
985009
985112
985220
985318
985418
985520
985625
985725
985830
985929
986034
986135
986239
986339
986440
986549
986648
986752
986853
986955
987056
987160
987261
987363
987466
987571
987671
987774
987884
987978
988082
988182
988284
988389
988494
988591
988695
988797
988899
989003
989104
989207
989310
989416
989518
989617
989719
989822
989924
990027
990129
990233
990333
990435
990537
990644
990743
990847
990948
991059
991153
991255
991356
991459
991562
991665
991769
991874
991972
992073
992175
992280
992381
992500
992589
992689
992791
992895
992995
993098
993201
993304
993408
993508
993610
993715
993815
993939
994017
994125
994225
994327
994429
994533
994635
994737
994839
994942
995043
995147
995247
995353
995454
995560
995659
995763
995863
995965
996066
996171
996273
996374
996477
996579
996683
996783
996888
996998
997092
997197
997297
997398
997500
997604
997705
997809
997912
998015
998116
998219
998320
998438
998530
998628
998729
998833
998936
999037
999141
999241
999343
999447
999550
999653
999754
999857
999963
1.00006e+06
1.00016e+06
1.00027e+06
1.00037e+06
1.00047e+06
1.00057e+06
1.00068e+06
1.00078e+06
1.00088e+06
1.00098e+06
1.00109e+06
1.00119e+06
1.00129e+06
1.00141e+06
1.00149e+06
1.0016e+06
1.0017e+06
1.0018e+06
1.0019e+06
1.00201e+06
1.00211e+06
1.00221e+06
1.00231e+06
1.00242e+06
1.00252e+06
1.00262e+06
1.00272e+06
1.00283e+06
1.00293e+06
1.00303e+06
1.00313e+06
1.00323e+06
1.00334e+06
1.00344e+06
1.00354e+06
1.00365e+06
1.00375e+06
1.00385e+06
1.00395e+06
1.00405e+06
1.00416e+06
1.00426e+06
1.00436e+06
1.00449e+06
1.00457e+06
1.00467e+06
1.00477e+06
1.00487e+06
1.00498e+06
1.00508e+06
1.00518e+06
1.00528e+06
1.00539e+06
1.00549e+06
1.00559e+06
1.00569e+06
1.0058e+06
1.0059e+06
1.00602e+06
1.00611e+06
1.00621e+06
1.00631e+06
1.00642e+06
1.00651e+06
1.00661e+06
1.00672e+06
1.00682e+06
1.00692e+06
1.00702e+06
1.00713e+06
1.00723e+06
1.00733e+06
1.00744e+06
1.00754e+06
1.00766e+06
1.00774e+06
1.00785e+06
1.00794e+06
1.00805e+06
1.00815e+06
1.00825e+06
1.00836e+06
1.00846e+06
1.00856e+06
1.00866e+06
1.00876e+06
1.00887e+06
1.00897e+06
1.00907e+06
1.00918e+06
1.00928e+06
1.00939e+06
1.00948e+06
1.00958e+06
1.00969e+06
1.00979e+06
1.00989e+06
1.01e+06
1.0101e+06
1.0102e+06
1.0103e+06
1.0104e+06
1.01051e+06
1.01061e+06
1.01071e+06
1.01081e+06
1.01092e+06
1.01102e+06
1.01112e+06
1.01122e+06
1.01133e+06
1.01143e+06
1.01153e+06
1.01163e+06
1.01173e+06
1.01184e+06
1.01194e+06
1.01204e+06
1.01214e+06
1.01225e+06
1.01235e+06
1.01246e+06
1.01255e+06
1.01266e+06
1.01276e+06
1.01286e+06
1.01296e+06
1.01307e+06
1.01317e+06
1.01327e+06
1.01337e+06
1.01348e+06
1.01358e+06
1.01368e+06
1.01379e+06
1.01389e+06
1.01399e+06
1.01411e+06
1.01419e+06
1.01429e+06
1.0144e+06
1.0145e+06
1.0146e+06
1.0147e+06
1.01481e+06
1.01491e+06
1.01501e+06
1.01511e+06
1.01522e+06
1.01532e+06
1.01542e+06
1.01552e+06
1.01563e+06
1.01574e+06
1.01583e+06
1.01593e+06
1.01604e+06
1.01614e+06
1.01624e+06
1.01634e+06
1.01644e+06
1.01655e+06
1.01665e+06
1.01675e+06
1.01686e+06
1.01696e+06
1.01706e+06
1.01716e+06
1.01727e+06
1.01737e+06
1.01747e+06
1.01757e+06
1.01767e+06
1.01777e+06
1.01788e+06
1.01798e+06
1.01808e+06
1.01819e+06
1.01829e+06
1.01839e+06
1.01849e+06
1.0186e+06
1.0187e+06
1.0188e+06
1.0189e+06
1.01902e+06
1.01911e+06
1.01921e+06
1.01931e+06
1.01941e+06
1.01952e+06
1.01962e+06
1.01972e+06
1.01982e+06
1.01993e+06
1.02003e+06
1.02013e+06
1.02024e+06
1.02034e+06
1.02044e+06
1.02054e+06
1.02064e+06
1.02075e+06
1.02085e+06
1.02095e+06
1.02106e+06
1.02115e+06
1.02126e+06
1.02136e+06
1.02146e+06
1.02157e+06
1.02167e+06
1.02177e+06
1.02187e+06
1.02197e+06
1.02208e+06
1.02218e+06
1.02228e+06
1.02238e+06
1.02249e+06
1.02259e+06
1.02269e+06
1.02279e+06
1.0229e+06
1.023e+06
1.0231e+06
1.0232e+06
1.02331e+06
1.02341e+06
1.02351e+06
1.02361e+06
1.02371e+06
1.02382e+06
1.02392e+06
1.02403e+06
1.02413e+06
1.02423e+06
1.02433e+06
1.02443e+06
1.02453e+06
1.02464e+06
1.02474e+06
1.02484e+06
1.02494e+06
1.02504e+06
1.02515e+06
1.02525e+06
1.02535e+06
1.02546e+06
1.02556e+06
1.02567e+06
1.02577e+06
1.02587e+06
1.02597e+06
1.02607e+06
1.02618e+06
1.02627e+06
1.02638e+06
1.02648e+06
1.02658e+06
1.02668e+06
1.02679e+06
1.02689e+06
1.02699e+06
1.0271e+06
1.02721e+06
1.0273e+06
1.0274e+06
1.0275e+06
1.0276e+06
1.02771e+06
1.02781e+06
1.02791e+06
1.02802e+06
1.02812e+06
1.02822e+06
1.02833e+06
1.02842e+06
1.02853e+06
1.02863e+06
1.02873e+06
1.02885e+06
1.02893e+06
1.02904e+06
1.02914e+06
1.02924e+06
1.02935e+06
1.02945e+06
1.02955e+06
1.02965e+06
1.02976e+06
1.02986e+06
1.02996e+06
1.03007e+06
1.03017e+06
1.03027e+06
1.03037e+06
1.03047e+06
1.03059e+06
1.03068e+06
1.03079e+06
1.03088e+06
1.03098e+06
1.03109e+06
1.03119e+06
1.03129e+06
1.03139e+06
1.0315e+06
1.0316e+06
1.0317e+06
1.0318e+06
1.0319e+06
1.03201e+06
1.03211e+06
1.03221e+06
1.03232e+06
1.03242e+06
1.03252e+06
1.03262e+06
1.03272e+06
1.03283e+06
1.03293e+06
1.03303e+06
1.03313e+06
1.03323e+06
1.03334e+06
1.03344e+06
1.03354e+06
1.03364e+06
1.03375e+06
1.03385e+06
1.03397e+06
1.03405e+06
1.03416e+06
1.03426e+06
1.03437e+06
1.03446e+06
1.03457e+06
1.03467e+06
1.03477e+06
1.03487e+06
1.03497e+06
1.03508e+06
1.03518e+06
1.03528e+06
1.03538e+06
1.03549e+06
1.0356e+06
1.03569e+06
1.03579e+06
1.0359e+06
1.036e+06
1.0361e+06
1.0362e+06
1.03631e+06
1.03641e+06
1.03651e+06
1.03661e+06
1.03672e+06
1.03682e+06
1.03694e+06
1.03702e+06
1.03713e+06
1.03723e+06
1.03733e+06
1.03744e+06
1.03753e+06
1.03764e+06
1.03774e+06
1.03785e+06
1.03794e+06
1.03805e+06
1.03815e+06
1.03825e+06
1.03835e+06
1.03846e+06
1.03856e+06
1.03867e+06
1.03877e+06
1.03887e+06
1.03897e+06
1.03907e+06
1.03917e+06
1.03928e+06
1.03938e+06
1.03948e+06
1.03958e+06
1.03968e+06
1.03979e+06
1.03989e+06
1.03999e+06
1.04009e+06
1.0402e+06
1.04031e+06
1.04041e+06
1.0405e+06
1.04061e+06
1.04071e+06
1.04081e+06
1.04092e+06
1.04102e+06
1.04112e+06
1.04122e+06
1.04133e+06
1.04143e+06
1.04153e+06
1.04163e+06
1.04174e+06
1.04186e+06
1.04194e+06
1.04204e+06
1.04215e+06
1.04225e+06
1.04235e+06
1.04246e+06
1.04256e+06
1.04266e+06
1.04276e+06
1.04286e+06
1.04296e+06
1.04307e+06
1.04317e+06
1.04328e+06
1.04337e+06
1.04348e+06
1.04359e+06
1.04368e+06
1.04379e+06
1.04389e+06
1.04399e+06
1.04409e+06
1.0442e+06
1.04429e+06
1.0444e+06
1.0445e+06
1.0446e+06
1.0447e+06
1.04481e+06
1.04491e+06
1.04501e+06
1.04512e+06
1.04522e+06
1.04532e+06
1.04542e+06
1.04553e+06
1.04563e+06
1.04573e+06
1.04583e+06
1.04594e+06
1.04604e+06
1.04614e+06
1.04624e+06
1.04634e+06
1.04645e+06
1.04655e+06
1.04665e+06
1.04677e+06
1.04685e+06
1.04696e+06
1.04706e+06
1.04716e+06
1.04727e+06
1.04737e+06
1.04747e+06
1.04757e+06
1.04767e+06
1.04778e+06
1.04788e+06
1.04798e+06
1.04809e+06
1.04819e+06
1.04829e+06
1.0484e+06
1.0485e+06
1.0486e+06
1.0487e+06
1.0488e+06
1.0489e+06
1.04901e+06
1.04911e+06
1.04921e+06
1.04931e+06
1.04942e+06
1.04952e+06
1.04962e+06
1.04973e+06
1.04983e+06
1.04995e+06
1.05003e+06
1.05013e+06
1.05024e+06
1.05034e+06
1.05044e+06
1.05054e+06
1.05065e+06
1.05075e+06
1.05085e+06
1.05095e+06
1.05105e+06
1.05116e+06
1.05126e+06
1.05136e+06
1.05147e+06
1.05157e+06
1.05167e+06
1.05178e+06
1.05187e+06
1.05198e+06
1.05208e+06
1.05218e+06
1.05228e+06
1.05239e+06
1.05249e+06
1.05259e+06
1.05269e+06
1.05279e+06
1.0529e+06
1.053e+06
1.0531e+06
1.0532e+06
1.05331e+06
1.05341e+06
1.05351e+06
1.05361e+06
1.05372e+06
1.05382e+06
1.05392e+06
1.05403e+06
1.05413e+06
1.05423e+06
1.05433e+06
1.05444e+06
1.05454e+06
1.05464e+06
1.05474e+06
1.05484e+06
1.05495e+06
1.05505e+06
1.05515e+06
1.05525e+06
1.05536e+06
1.05546e+06
1.05556e+06
1.05566e+06
1.05577e+06
1.05587e+06
1.05598e+06
1.05607e+06
1.05618e+06
1.05628e+06
1.05638e+06
1.05648e+06
1.05658e+06
1.05669e+06
1.05679e+06
1.05689e+06
1.05699e+06
1.0571e+06
1.0572e+06
1.0573e+06
1.05741e+06
1.0575e+06
1.05761e+06
1.05771e+06
1.05782e+06
1.05792e+06
1.05802e+06
1.05812e+06
1.05822e+06
1.05833e+06
1.05843e+06
1.05853e+06
1.05863e+06
1.05874e+06
1.05884e+06
1.05894e+06
1.05904e+06
1.05914e+06
1.05926e+06
1.05935e+06
1.05945e+06
1.05956e+06
1.05965e+06
1.05976e+06
1.05986e+06
1.05996e+06
1.06007e+06
1.06017e+06
1.06027e+06
1.06037e+06
1.06048e+06
1.06058e+06
1.06068e+06
1.06079e+06
1.06089e+06
1.06099e+06
1.06109e+06
1.06119e+06
1.0613e+06
1.0614e+06
1.0615e+06
1.0616e+06
1.0617e+06
1.06181e+06
1.06191e+06
1.06201e+06
1.06212e+06
1.06223e+06
1.06232e+06
1.06242e+06
1.06252e+06
1.06263e+06
1.06273e+06
1.06283e+06
1.06293e+06
1.06304e+06
1.06314e+06
1.06324e+06
1.06334e+06
1.06344e+06
1.06355e+06
1.06365e+06
1.06375e+06
1.06387e+06
1.06396e+06
1.06406e+06
1.06416e+06
1.06427e+06
1.06436e+06
1.06447e+06
1.06457e+06
1.06467e+06
1.06477e+06
1.06488e+06
1.06498e+06
1.06508e+06
1.06518e+06
1.06529e+06
1.06539e+06
1.06549e+06
1.06559e+06
1.0657e+06
1.0658e+06
1.0659e+06
1.06601e+06
1.06611e+06
1.06621e+06
1.06631e+06
1.06641e+06
1.06652e+06
1.06662e+06
1.06672e+06
1.06682e+06
1.06692e+06
1.06704e+06
1.06714e+06
1.06723e+06
1.06734e+06
1.06744e+06
1.06754e+06
1.06765e+06
1.06774e+06
1.06785e+06
1.06795e+06
1.06805e+06
1.06816e+06
1.06826e+06
1.06836e+06
1.06846e+06
1.06857e+06
1.06868e+06
1.06878e+06
1.06887e+06
1.06898e+06
1.06908e+06
1.06918e+06
1.06928e+06
1.06939e+06
1.06949e+06
1.06959e+06
1.0697e+06
1.06979e+06
1.06989e+06
1.07e+06
1.07012e+06
1.0702e+06
1.07031e+06
1.07041e+06
1.07051e+06
1.07061e+06
1.07072e+06
1.07082e+06
1.07092e+06
1.07102e+06
1.07112e+06
1.07123e+06
1.07133e+06
1.07143e+06
1.07153e+06
1.07164e+06
1.07174e+06
1.07185e+06
1.07195e+06
1.07205e+06
1.07215e+06
1.07225e+06
1.07235e+06
1.07246e+06
1.07256e+06
1.07266e+06
1.07276e+06
1.07286e+06
1.07297e+06
1.07307e+06
1.07317e+06
1.07328e+06
1.07338e+06
1.07348e+06
1.07358e+06
1.07368e+06
1.07379e+06
1.07389e+06
1.074e+06
1.07409e+06
1.0742e+06
1.0743e+06
1.0744e+06
1.0745e+06
1.07461e+06
1.07471e+06
1.07482e+06
1.07492e+06
1.07502e+06
1.07512e+06
1.07522e+06
1.07532e+06
1.07542e+06
1.07553e+06
1.07563e+06
1.07573e+06
1.07583e+06
1.07594e+06
1.07604e+06
1.07614e+06
1.07625e+06
1.07635e+06
1.07645e+06
1.07656e+06
1.07665e+06
1.07676e+06

------------------------------------------------------------------------------------------------------------------------------------------------

packet size: 516
number of packets: 10000
RATE = 40117.99kbps, PPS = 9718.5
