Destination address set to 01:1B:19:00:00:00
Defaults: 01:1B:19:00:00:00 or 01:80:C2:00:00:0E
SIOCSHWTSTAMP: tx_type 1 requested, got 1; rx_filter 0 requested, got 0
setting ts_flags: 0x53
new ts_flags: 0x53


gap of hw tx time, us: packets 10000:
------------------------------------------------------------------------------------------------------------------------------------------------
0
1512
216
129.602
216
216
216
216
259.198
216
216
216
216
216
216
216
216
216
216
216
216
216
216
216
216
216
216
216
216
216
129.599
216.004
216
215.996
216.004
259.198
216
216
216
216
216
216
216
216
216
216
216
216
216
216
216
216
216
216
216
216
216
129.599
216.004
216
215.996
216
259.202
216
172.802
259.198
216
216
216
216
216
216
216
215.996
216.004
216
216
216
215.996
216
216.004
216
216
216
129.599
216
216
216
216
259.198
216
216
216
216
216
216
216
216
216
216
216.004
215.996
216
216.004
215.996
216
216
216
216
216
216.004
129.598
216
216
216
216
259.199
216
216
216
216
216
216
216
216
216
216
216
216
216
216
216
216
216
216
216
216
216
129.602
216
216
216
216
259.198
216
216
216
216
216
216
216
216
216
216
216
216
216
216
216
216
216
216
216
216
216
129.603
216
216
215.996
216.004
259.198
216
216
216
216
216
216
216
216
216
216
216
216
216
216
216
216
216
216
216
216
216
129.603
215.996
216
216
216
259.198
216.004
216
216
216
216
216
216
216
216
215.996
216
216.004
216
216
215.996
216.004
215.996
216.004
216
215.996
216.004
129.599
216
216
216
216
259.198
216
216
216
216
216
216.004
215.997
215.999
216.004
215.996
216
216
216
216
216
216
216
216
216
216
216
216
129.602
216
216
216
259.199
216
216
216
216
216
216
216
216
216
216
216
216
216
216
216
216
216
216
216
216
216
129.602
216
216
216
216
259.198
216
216
216
216
216
216
216
216
216
216
216
216
216
216
216
216
216
216
216
216
216
129.603
215.996
216.004
216
215.996
259.202
216
216
216
216
216
216
216
216
216
216
216
216
216
216
216
216
216
216
216
216
216
216
216
129.599
216.004
215.996
259.202
216
215.996
216.004
216
216
216
216
216
215.996
216.004
216
216
216
216
216
215.996
216.004
216
216
216
216
129.599
216
216
216
216
259.198
216
216
216.004
215.996
216
216
216
216
216
216
216
216.004
215.996
216.004
216
216
215.996
216
216
216
216
129.602
216
216
216
216
259.199
216
216
216
216
216
216
216
216
216
216
216
216
216
216
216
216
216
216
216
216
216
216
129.602
216
216
216
259.198
216
216
216
216
216
216
216
216
216
216
216
216
216
216
216
216
216
216
216
216
216
129.599
216.004
215.996
216.004
216
259.198
216
216
216
216
216
216
216
216
216
216
216
216
216
216
216
216
216
216
216
216
216
129.603
216
215.996
216
216
259.202
216
216
215.996
216.004
216
216
216
216
216
216
216
215.996
216.004
216
216
216
216
215.996
216.004
216
215.996
216.004
216
129.599
216
216
259.202
215.996
216
216.004
215.996
216
216
216
216.004
215.996
216.004
216
215.996
216
216.004
215.996
216
216
216.004
215.996
216
216.004
129.598
216
216
216
216
259.199
216
216
216.003
215.997
216
216
216
216
216
216
216
216
216
216
216
216
216
216
216
216
216
129.602
216
216
216
216
216
259.198
216
216
216
216
216
216
216
216
216
216
216
216
216
216
216
216
216
216
216
216
129.599
302.401
129.603
216
216
216
259.198
216
216
216
216
216
216
216
216
216
216
216
216
216
216
216
216
216
216
216
216
129.599
216.004
215.996
216
216
259.202
216
216
216
216
215.996
216.004
216
216
216
216
216
216
216
215.996
216.004
216
216
216
216
216
216
129.599
216
216
216
216.003
259.195
216
216
216.004
215.996
216
216.004
216
215.996
216.004
215.996
216
216
216.004
215.996
216
216
216
216.004
215.996
216.004
215.996
216.004
129.598
302.402
129.598
216
259.199
216
216
216
216
216
216
216
216
216
216
216
216
216
216
216
216
216
216
216
216
216
129.602
216
216
216
216
259.198
216
216
216
216
216
216
216
216
216
216
216
216
216
216
216
216
216
216
216
216
216
129.599
216.004
215.996
216.004
215.996
259.203
215.999
216
216
216
216
216
216
216
216
215.996
216.004
216
216
216
216
216
216
216
216
216
216
216
129.603
215.996
216
216.004
259.198
216
215.996
216.004
216
215.996
216
216.004
215.996
216.004
216
216
216
215.996
216
216
216
216.004
216
215.996
216
216.004
129.599
216
216
216
216
259.198
216.001
215.999
216
216
216
216
216
216
216.004
216
215.996
216.004
215.996
216
216
216
216
216
216
216
216
129.602
216
216
216
216
216
259.199
216
216
216
216
216
216
216
216
216.003
215.997
216
216
216
216
216
216
216
216
216
216
216
216
129.602
216
216
259.199
215.999
216
216
216
216
216
216
216
216
216
216
216
216
216
216
216
216
216
216
216
216
129.603
216
216
216
215.996
259.202
216
216
216
216
216
216
216
216
216
216
216
216
216
216
216
216
216
216
216
216
216
129.599
216
216
216
216.004
215.996
259.202
216
216
215.996
216.004
216
216
216
216
216
215.996
216.004
216
216
216
216
216
216
216
216
216
129.599
302.401
129.599
216
216
216
259.203
215.995
216
216
216
216
216
216
216
216
216
216
216
216
216.004
215.996
216
216
216
216
216
129.602
216
216
216
216
259.199
216
216
216
216
216
216
216
216
216
216
216
216
216
216
216
216
216
216
216
216
216
129.602
216
216
216
216
259.198
216
216
216
216
216
216
216
216
216
216
216
216
216
216
216
216
216
216
216
216
216
129.599
216.004
302.397
129.603
216
215.996
259.202
216
216
216
216
216
216
216
216
216
216
216
216
216
216
216
216
216
216
216
216
129.599
216
216.004
215.996
216
259.202
216
216
216
216
215.996
216.004
215.996
216
216
216.004
216
216
215.996
216
216
216.004
216
216
216
215.996
216.004
129.599
216
216
216
216
216
259.202
215.996
216.004
215.996
216
216
216
216
216
216
216.004
215.996
216
216
216
216.004
215.996
216
216
216
216.004
129.598
216
216
216
216
259.199
172.801
259.199
216
216
216
216
216
216
216
216.003
215.997
216
216
216
216.003
215.997
216
216
216
216
216
129.602
216
216
216
216
259.198
216
216
216
216
216
216
216
216
216
216
216
216
216
216
216
216
216
216
216
216
216
129.603
216
215.996
216.004
216
216
259.198
216
216
216
216
216
216
216
216
216
216
216
216
216
216
215.996
216.004
216
216
216
216
129.599
216.004
215.996
216
216
216.004
215.996
259.198
216.004
216
215.996
216.004
216
215.996
216.004
216
215.996
216.004
216
215.996
216.004
216
216
216
215.996
216.004
216
129.599
216
216
216
216
259.198
216
216
216
216
216
216
216.004
215.996
216.004
215.996
216
216
216.004
215.996
216.004
215.996
216
216
216.004
216
215.996
129.602
216
216
216
216
259.199
172.801
259.199
216
216
216
216
216
216
216
216
216
216
216
216
216
216
216
216
216
216
216
129.602
216
216
216
216
216
259.198
172.802
259.198
216
216
216
216
216
216
216
216
216
216
216
216
216
216
216
216
216
216
129.599
216.004
216
216
215.996
259.202
216
216
216
216
216
216
216
216
216
216
216
216
216
216
216
216
216
216
216
216
216
129.599
216.004
216
215.996
216
259.202
216
216
215.996
216.004
216
216
216
215.996
216.004
216
216
216
216
216
216
216
216
216
216
216
216
129.599
216
216
216
216
216
259.202
215.996
216
216
216
216
216
216
216.004
215.996
216
216
216
216
216
216
216.004
215.996
216
216
216.004
129.598
216
216
216
216
259.199
216
216
216
216
216
216
216
216
216
216
216.003
215.997
216
216
216
216
216
216
216
216
216
129.602
216
216
216
216
259.198
216
216
216
216
216
216
216
216
216
216
216
216
216
216
216
216
216
216
216
216
216
129.598
216.005
216
216
216
216
259.198
216
216
216
216
215.996
216.004
216
216
216
216
216
216
216
216
216
216
216
216
216
216
129.599
216
216
216
216
259.202
216
215.996
216
216.004
216
216
216
216
216
216
215.996
216
216
216
216.004
216
216
216
216
215.996
216
129.603
216
216
216
216
259.199
215.999
216
216.004
215.996
216
216.004
216
215.996
216
216
216
216
216.004
215.996
216
216
216
216
216
216
216.004
129.598
216
216
216
216
216
259.202
215.997
216
216
216
216
216
216
216
216
216
216
216
216
216
216
216
216
216
216
216
129.602
216
216
216
216
259.198
216
216
216
216
216
216
216
216
216
216
216
216
216
216
216
216
216
216
216
216
216
129.603
215.996
216.004
216
216
259.198
216
216
216
216
216
216
216
216
216
216
216
216
216
216
216
215.996
216.004
216
216
216
216
129.599
216
216
216
216
259.198
216.004
216
216
216
216
216
216
216
216
216
215.996
216.004
216
216
216
216
216
216
216
215.996
216.004
129.599
216
216
216
216
259.198
216
216
216
216.004
215.996
216
216.004
215.996
216
216.004
215.996
216.004
215.996
216
216
216
216.004
215.996
216
216.004
215.996
129.602
216
216
216
216
259.199
216
216
216
216
216
216
216
216
216
216
216
216
216
216
216
216
216
216
216
216
216
129.602
216
216
216
216
216
259.198
216
216
216
216
216
216
216
216
216
216
216
216
216
216
216
216
216
216
216
216
129.603
216
216
216
216
259.198
216
216
216
216
216
216
216
216
216
216
216
216
216
216
216
216
216
216
216
216
216
129.599
216
216
216
216
259.202
216
216
216
215.996
216
216.004
216
216
216
215.996
216.004
216
216
216
215.996
216.004
215.996
216.004
215.996
216.004
216
129.599
216
216
216
216
259.198
216
216
216
216.004
216
215.996
216
216
216
216
216
216
216
216
216.004
215.996
216.004
215.996
216
216
216.004
129.598
216
216
216
216
259.199
216
216
216
216
216
216
216
216
216
216
216
216
216
216
216
216
216
216
216
216
216
129.602
216
216
216
216
259.198
216
216
216
216
216
216
216
216
216
216
216
216
216
216
216
216
216
216
216
216
216
129.603
216
215.996
216.004
215.996
259.202
216
172.798
259.202
216
216
216
215.996
216.004
216
216
216
216
216
216
216
216
216
216
216
216
216
129.603
215.996
216
216
216
259.198
216.005
215.995
216
216
216.004
215.996
216.004
216
215.996
216.004
216
215.996
216.004
216
216
216
215.996
216.004
216
216
216
129.602
215.997
216
216
216
259.198
216
216.004
215.996
216
216
216
216.004
216
216
215.996
216
216.004
215.996
216.004
215.996
216
216.004
215.996
216
216
216
129.602
216
216
216
216
259.199
216
216
216
216
216
216
216
216
216
216
216
216
216
216
216
216
216
216
216
216
216
129.602
216
216
216
216
259.198
216
216
216
216
216
216
216
216
216
216
216
216
216
216
216
216
216
216
216
216
216
129.603
216
216
215.996
216.004
259.198
216
216
216
216
216
216
216
216
216
216
216
216
216
216
216
216
216
216
216
216
216
129.599
216.004
215.996
216
216.004
259.198
216
215.996
216.004
216
216
216
215.996
216.004
216
215.996
216.004
215.996
216.004
216
216
216
216
216
216
216
215.996
216.004
129.599
216
216
216
259.202
215.996
216
216
216
216
216
216
216
216
216
216
216
216
216
216
216.004
215.996
216
216.004
215.996
216
129.602
216
216
216
216
259.199
216
216
216
216
216
216
216
216
216
216
216
216
216
216
216
216
216
216
216
216
216
129.602
216
216
216
216
259.198
216
216
216
216
216
216
216
216
216
216
216
216
216
216
216
216
216
216
216
216
216
216
216
129.599
216.004
215.996
259.202
216
216
216
216
216
216.001
215.999
216
216
216
216
216
216
216
216
215.996
216.004
216
216
216
216
129.599
216
216.004
215.996
216
259.202
216
216
215.996
216.004
215.996
216
216.004
216
216
215.996
216.004
216
216
215.996
216
216.004
216
216
215.996
216.004
216
129.599
216
216
216
216
259.198
216.004
215.996
216
216
216.004
215.996
216
216
216
216
216
216
216
216
216.004
215.996
216.004
216
215.996
216.004
215.996
216
129.602
216
216
216
259.199
216
216
216
216
216
216
216
216
216
216
216
216
216
216
216
216
216
216
216
216
216
129.602
216
216
216
216
259.199
215.999
216
216
216
216
216
216
216
216
216
216
216
216
216
216
216
216
216
216
216
216
129.603
216
216
216
215.996
259.198
216.004
216
216
216
216
216
216
216
215.996
216.004
216
216
216
216
215.996
216.004
216
216
216
216
216
216
216
129.599
216
216
259.202
215.996
216
216.004
215.996
216.004
215.996
216.004
216
216
216
215.996
216.004
216
216
216
215.996
216.004
216
216
215.996
216.004
129.599
216
216
216
216
259.202
215.996
216
216
216
216
216
216
216
216
216
216.004
215.996
216
216
216
216
216
216
216.004
215.996
216
129.602
216
216
216
216
216
259.199
216
216
216
216
216
216
216
216
216
216
216
216
216
216
216
216
216
216
216
216
129.602
302.398
129.602
216
216
216
259.198
216
216
216
216
216
216
216
216
216
216
216
216
216
216
216
216
216
216
216
216
129.603
216
216
216
216
259.198
216
216
216
216
216
216
216
216
216
216
216
216
216
216
216
216
216
216
216
216
216
129.599
216
216.004
215.996
216
259.198
216.004
216
216
216
215.996
216.004
216
215.996
216.004
216
216
216
216
216
215.996
216.004
216
215.996
216.004
215.996
216
216.004
129.599
302.402
129.598
216
259.198
216
216
216
216
216
216
216.004
215.996
216
216
216.004
216
215.996
216
216
216
216
216.004
216
215.996
216
129.602
216
216
216
216
259.199
216
216
216
216
216
216
216
216
216
216
216
216
216
216
216
216
216
216
216
216
216
129.602
216
216
216
216
259.198
216
216
216
216
216
216
216
216
216
216
216
216
216
216
216
216
216
216
216
216
216
216
129.603
216
216
216
259.198
216
216
216
216
216
216
216
216
216
216
216
216
216
216
216
216
216
216
216
216
216
129.599
216
216.004
215.996
216
259.202
216
216
216
216
216
216
216
216
215.996
216
216.004
216
216
216
215.996
216
216.004
216
216
216
215.996
129.603
216
216
216
216
216
259.198
216
216
216
216.004
216
215.996
216
216
216
216
216
216
216
216
216
216.004
215.996
216
216.004
215.996
216
216
129.602
216
216
259.199
216
216
216
216
216
216
216
216
216
216
216
216
216
216
216
216
216
216
216
216
216
129.602
216
216
216
216
259.198
216
216
216
216
216
216.001
215.999
216
216
216
216
216
216
216
216
216
216
216
216
216
216
129.599
216.004
216
215.996
216.004
259.198
172.802
259.198
216
216
216
216
216
216
216
216
216
216
216
216
216
216
216
216
216
216
216
129.599
302.401
129.599
216
216.004
215.996
259.202
216
216
216
216
216
216
216
215.996
216.004
216
216
215.996
216
216.004
215.996
216.004
216
216
215.996
216.004
129.599
216
216
216
216
259.198
216.004
215.996
216
216.004
215.996
216
216
216.004
215.996
216
216.004
215.996
216.004
215.996
216
216
216
216
216
216.004
215.996
129.602
216
216
216
216
259.199
216
216
216
216
216
216
216
216
216
216
216
216
216
216
216
216
216
216
216
216
216
129.602
216
302.398
129.602
216
216
259.198
216
216
216
216
216
216
216
216
216
216.001
215.999
216
216
216
216
216
216
216
216
216
129.603
216
215.996
216
216
259.198
216.004
216
216
216
216
216
216
216
216
216
216
216
216
216
216
215.996
216.004
216
216
216
216
129.599
216
216
216
216
216
259.198
216.004
216.001
215.999
216
215.996
216.004
216
216
216
216
216
216
216
216
216
216
216
216
216
216
129.599
216
216
216
216
259.198
172.802
259.198
216.004
216
215.996
216
216
216
216
216
216
216.004
215.996
216
216
216.004
216
215.996
216
216
216
129.603
216
216
216
216
259.198
216
216
216
216
216
216
216
216
216
216
216
216
216
216
216
216
216
216
216
216
216
129.602
216
216
216
216
216
259.199
216
216
216
216
216
216
216
216
216
216
216
216
216
216
216
216
216
216
216
216
129.598
216.004
216
216
216
216
216
259.198
216
216
216
216
216
216
216
216
216
216
216
216
216
216
216
216
216
216
216
129.599
216.004
215.996
216.004
215.996
259.202
215.996
216.004
216
216
216
215.996
216
216.004
216
216
216
216
216
216
215.996
216.004
215.996
216.004
216
215.996
216.004
129.599
216
216
216
216
259.198
172.802
259.198
216
216
216.004
215.996
216
216
216
216
216
216.004
216
216
215.996
216.004
215.996
216
216
216.004
215.996
129.603
216
216
216
216
215.999
259.199
216
216
216
216
216
216
216
216
216
216
216
216
216
216
216
216
216
216
216
216.004
129.598
216
216
216
216
259.199
216
216
216
216
216
216
216
216
216
216
216
216
216
216
216
216
216
216
216
216
216
129.602
216
216
216
216
259.198
216
216
216
216
216
216
216
216
216
216
216
216
216
216
216
216
216
216
216
216
216
129.599
216
216
216
216
216
259.202
216
216
216
215.996
216
216
216.004
215.996
216
216.004
216
215.996
216.004
216
215.996
216.004
216
216
215.996
216.004
129.599
216
216
216
216
259.198
216
216
216
216.004
215.996
216
216
216
216.004
216
215.996
216
216
216
216
216
216.004
215.996
216.004
215.996
216
129.603
216
216
216
216
259.198
216
216
216
216
216
216
216
216
216
216
216
216
216
216
216
216
216
216
216
216
216
129.602
216
216
216
216
216
259.199
216
216
216
216
216
216
216
216
216
216
216
216
216
216
216
216
216
216
216
216
129.602
216
216
215.996
216.004
259.198
216
216
216
216
216
216
216
216
216
216
216
216
216
216
216
216
216
216
216
215.997
216.003
129.599
216
216.004
215.996
216.004
259.198
216
215.996
216.004
215.996
216.004
216
215.996
216.004
216
215.996
216
216
216
216.004
216
216
216
216
216
216
216
129.599
216
216
216
216
216
259.198
216
216
216
216
216
216
216
216
216
216
216
216
216.004
215.996
216
216.004
216
215.996
216
216
129.603
216
216
216
216
259.198
216
216
216
216
216
216
216
216
216
216
216.001
215.999
216
216
216
216
216
216
216
216
216
129.602
216
216
216
216
259.199
216
216
216
216
216
216
216
216
216
216
216
216
216
216
216
216
216
216
216
216
216
129.598
216.003
216.001
216
216
259.198
216
216
216
216
216
216
216
216
216
216
216
216
216
216
216
216
216
216
216
216
216
129.599
216.004
216
215.996
216
259.198
216
216.004
216
216
215.996
216.004
215.996
216.004
216
215.996
216.004
216
216
216
216
216
216
216
216
215.996
216.004
129.599
216
216
216
216
259.198
216
216
216
216
216
216.004
216
215.996
216
216.004
215.996
216
216
216
216
216
216
216
216
216
216
129.603
216
216
216
216
216
259.198
216
216
216
216
216
216
216
216
216
216
216
216
216
216
216
216
216
216
216
216
129.602
216
216
216
216
259.199
216
216
216
216
216
216
216
216
216
216
216
216
216
216
216
216
216
216
216
216
216
129.602
216
216
216
216
259.198
215.997
216.003
216
216
216
216
216
216
216
216
216
216
216
216
216
216
216
216
216
216
216
129.599
216
216.004
215.996
216
259.202
216
216
216
215.996
216
216.004
216
216
216
215.996
216.004
216
216
216
215.996
216.004
216
216
215.996
216.004
216
129.599
216
216
216
216
259.198
216.004
216
216
215.996
216
216.004
216
216
215.996
216
216
216.004
215.996
216.004
215.996
216
216
216
216
216
216
129.603
216
216
216
216
259.198
216
216
216
216
216
216
216
216
216
216
216
216
216
216
216
216
216
216
216.004
215.996
216
129.602
216
216
216
216
259.199
216
172.801
259.199
216
216
216
216
216
216
216
216
216
216
216
216
216
216
216
216
216
216
129.602
216
216
216
216
259.198
216
216
216
216
216
216
216
216
216
216
216
216
216
216
216
216
216
216
216
216
216
129.603
215.996
216.004
215.996
216.004
259.198
216
216
215.996
216
216
216
216.004
216
216
215.996
216
216
216.004
215.996
216
216.004
216
216
215.996
216.004
216
129.599
216
216
216
216
259.198
216.004
216
215.996
216
216
216.004
215.996
216
216
216
216
216
216
216.004
215.996
216.004
215.996
216.004
215.996
216
216
129.603
216
216
216
216
259.198
216
216
216
216
216
216
216
216
216
216
216
216
216
216
216
216
216
216
216
216
216
129.602
216
216
216
216
259.199
216
216
216
216
216
216
216
216
216
216
216
216
216
216
216
216
216
216
216
216
216
129.598
216
216.004
216
216
259.198
216
216
216
216
216
216
216
216
216
216
216
216
216
216
216
216
216
216
216
216
216
216
129.599
216
216.004
215.996
259.202
216
216
216
215.996
216
216.004
216
215.996
216.004
216
216
216
216
215.996
216.004
216
216
216
216
216
216
129.599
216
216
216
216
259.198
216
216
216
216.001
215.999
216
216
216
216.004
215.996
216.001
215.999
216
216
216
216
216
216
216
216
216.004
129.599
216
216
216
216
259.198
216
216
216
216
216
216
216
216
216
216
216
216
216
216
216
216
216
216
216
216
216
216
216
129.602
216
216
259.199
216
216
216
216
216
216
216
216
216
216
216
216
216
216
216
216
216
216
216
216
216
129.602
216
215.996
216.004
216
259.198
216
216
216
216
216
216
216
216
216
216
216
216
216
216
216
216
216
216
216
216
216
129.599
216
216
216.004
215.996
259.203
215.999
216
216
216
215.996
216.004
216
216
216
216
216
216
216
215.996
216.004
215.996
216.004
216
216
216
216
216
129.599
216
216
216
259.198
216.004
215.996
216
216
216.004
215.996
216
216
216.004
215.996
216.004
215.996
216
216
216
216
216.004
215.996
216
216
216
129.603
216
216
216
216
259.198
216
216
216
216
216
216
216
216
216
216
216
216
216
216
216
216
216
216
216
216
216
129.602
216
216
216
216
259.199
216
216
216
216
216
216
216
216
216
216
216
216
216
216
216
216
216
216
216
216
216
216
216
129.602
216
216
259.198
216
216
216
216
216
216
216
216
216
216
216
216
216
216
216
216
216
216
216
216
216
129.599
216.004
215.996
216
216.004
259.194
216.004
215.996
216.004
216
216
216
215.996
216.004
216
216
215.996
216.004
216
216
216
216
215.996
216
216.004
215.996
216.004
129.599
216
216
216
216
216
259.198
216
216
216.004
215.996
216
216
216
216.004
215.996
216
216
216
216
216
216.004
215.996
216.004
215.996
216
216
129.603
302.397
129.603
216
216
216
259.198
216
216
216
216
216
216
216
216
216
216
216
216
216
216
216
216
216
216
216
216
129.602
216
216
216
216
259.199
216
216
216
216
216
216
216
216
216
216
216
216
216
216
216
216
216
216
216
216
216
129.602
215.996
216.004
216
216
259.198
216
216
216
216
216
216
216
216
216
216
216
216
216
216
216
216
216
216
216
216
216
216
129.599
302.401
129.599
216
259.202
215.996
216.004
216
216
216
215.996
216.004
216
216
215.996
216
216.004
216
215.996
216.004
216
216
216
216
216
216
129.599
216
216
216
216
259.198
216
216
216.004
216
215.996
216
216
216.004
215.996
216
216
216
216
216
216
216
216.004
216
215.996
216
216
129.603
216
216
216
216
259.198
216
216.001
215.999
216
216
216
216
216
216
216
216
216
216
216
216
216
216
216
216
216
216
216
129.602
216
216
216
259.199
216
216
216
216
216
216
216
216
216
216
216
216
216
216
216
216
216
216
216
216
216
129.598
216.004
216
216
216
259.198
216
216
216
216
216
216
216
216
216
216
216
216
216
216
216
216
216
216
216
216
216
129.603
216
215.996
216
216
216
259.202
216
216
216
216
216
215.996
216.004
216
215.996
216.004
216
216
216
216
216
215.996
216.004
216
216
216
216
215.996
129.603
216
216
216
259.202
215.996
216.004
215.996
216
216
216
216
216
216
216
216
216
216
216.004
215.996
216.004
215.996
216
216.004
215.996
129.603
216
216
216
216
259.198
216.004
215.996
216
216
216
216
216
216.004
215.996
216
216
216
216
216
216
216
216
216
216
216
216
129.602
216
216
216
216
259.199
216
216
216
216
216
216
216
216
216
216
216
216
216
216
216
216
216
216
216
216
216
129.602
302.398
129.598
216.004
216
216
259.198
216
216
216
216
216
216
216
216
216
216
216
216
216
216
216
216
216
216
216
216
129.599
216.004
215.996
216
216
259.198
216.004
215.996
216
216.004
216
215.996
216.004
216
216
216
216
216
216
216
216
216
215.996
216.004
215.996
216.004
216
129.599
216
216
216
216
259.198
216
216
216
216
216
216
216
216
216
216
216
216
216
216
216
216
216.004
215.996
216
216
216
129.603
216
302.397
129.603
216
216
259.198
216
216
216
216
216
216
216
216
216
216
216
216
216
216
216
216
216
216
216
216
129.602
216
216
216
216
259.199
216
216
216
216
216
216
216
216
216
216
216
216
216
216
216
216
216
216
216
216
216
129.598
216.004
216
216
216
216
259.198
216
216
216
216
216
216
216
216
216
216
216
216
216
216
216
216
216
216
216
216
129.599
216.004
215.996
216
216.004
259.198
172.802
259.194
216.004
216
216
216
216
216
216
215.996
216.004
216
215.996
216.004
216
216
216
216
216
216
216
129.599
216
216
216
216
259.198
216.004
215.996
216
216
216
216.004
215.996
216
216.004
215.996
216.004
215.996
216
216
216
216
216
216.004
215.996
216.004
215.996
129.603
216
216
216
216
216
259.198
216
216
216
216
216
216
216
216
216
216
216
216
216
216
216
216
216
216
216
216
129.602
216
216
216
216
216
216
259.199
216
216
216
216
216
216
216
216
216
216
216
216
216
216
216
216
216
216
216
129.602
216
215.996
216
216.004
259.198
216
216
216
216
216
216
216
216
216
216
216
216
216
216
216
216
216
216
216
216
216
129.599
216
216
216
216
259.202
172.798
259.202
216
215.996
216.004
216
216
216
216
216
216
215.996
216.004
215.996
216
216
216.004
216
216
216
216
129.599
216
216
216
216
216
259.202
172.798
259.202
215.996
216
216
216.004
215.996
216
216
216
216
216
216
216
216
216
216
216
216
216
129.603
216
216
216
216
259.198
216
216
216
216
216
216
216
216
216
216
216
216
216
216
216
216
216
216
216
216
216
129.602
216
216
216
216
259.199
216
216
216
216
216
216
216
216
216
216
216
216
216
216
216
216
216
216
216
216
216
129.602
216
216
215.996
216.004
216
259.198
216
216
216
216
216
216
216
216
216
216
216
216
216
216
216
216
216
216
216
216
129.599
216
216
216
216
259.202
216
216
215.996
216.004
216
216
216
216
216
215.996
216.004
215.996
216.004
216
216
215.996
216.004
216
216
215.996
216.004
129.599
216
216
216
216
259.198
216
216
216
216
216.004
215.996
216
216.004
215.996
216
216
216
216
216.004
215.996
216.004
215.996
216
216.004
216
215.996
129.603
216
216
216
216
216
259.198
216
216
216
216
216
216
216
216
216
216
216
216
216
216
216
216
216
216
216
216
129.602
216
216
216
216
259.199
216
216
216
216
216
216
216
216
216
216
216
216
216
216
216
216
216
216
216
216
216
129.602
216
216
216
215.996
259.202
216
216
216
216
216
216
216
216
216
216
216
216
216
216
216
216
216
216
216
216
216
129.599
216
216
216
216
216
259.202
215.996
216.005
216
215.999
215.996
216.004
216
172.802
215.995
216
216.005
215.995
216.004
215.996
216
216
216.004
215.996
216
216.004
172.798
216
216
216
216
216
216
216
216
216
216
216
216
216
216
216
216
215.999
216.001
215.999
216
216
216
216
216
216
216
172.802
216
216
216
216
216
216
216
216
216
216
216
216
216
215.999
216.001
216
216
216
215.999
216
216
216
216
216
216
216
172.801
216
216
216
216
216
216
216
216
216
216
216
216
216
215.999
216
216
216
216
216
216
216
216
216
216
216
216
172.802
216
216
216
215.996
216.004
215.996
216.004
216
215.996
216.004
215.996
216
216.004
215.999
216
216
216
215.996
216.004
216
216
216
216
215.996
216.004
216
172.798
216.004
215.996
216
216.004
215.996
216
216.004
215.996
216
216
216
216
216.003
215.997
216.003
215.996
216.001
215.999
216
216
216
216
216
216
216
216
172.802
216
216
216
216
216
216
216
216
216
216
216
216
216
215.999
216.001
215.999
216
216.001
215.999
216
216
216
216
216
216
216
172.802
216
216
216
216
216
216
216
216
216
216
216
215.999
216
216
216
216
216
216
216
216
216
216
216
216
216
216
172.801
216
216
216
216
216
215.999
216.001
216
216
216
216
216
216
215.999
216
216
216
216
216
216
216
216
216
216
216
216
172.802
216
216
216
216
216
216
215.996
216.004
215.996
216.004
216
216
216
215.999
216
216
216
215.996
216.004
215.996
216.004
216
215.996
216.004
216
216
172.798
216.004
216
215.996
216
216
216
216
216
216.004
215.996
216
216.004
215.996
216
216.003
215.996
216.004
216
215.996
216
216
216.004
215.996
216
216
216
172.801
216
216.001
216
216
216
216
216
216
216
216
216
216
216
226.401
215.996
216.004
216
216
216
216
172.798
216
216.004
215.996
216
216.004
215.996
216
216
216
216
228.638
180.084
231.921
236.078
176.242
235.439
234.8
176.881
235.278
188.56
223.121
235.04
184.96
226.56
234.957
181.765
229.996
235.679
177.524
234.398
234.958
176.482
235.842
190.32
221.676
234.804
186.719
225.44
235.036
182.723
228.56
235.199
179.44
232.561
235.36
176.801
234.959
234.879
177.042
243.92
179.677
214.402
250.639
178.163
227.357
235.119
180.723
230.959
235.438
177.441
233.842
194.32
218.32
234.721
190.158
221.921
237.68
183.52
225.68
234.958
182.644
230.958
197.839
216
236.24
190.963
227.037
235.04
217.76
177.76
234
235.281
177.441
234.236
191.042
220.801
235.679
186.72
224.642
235.439
183.122
228.398
235.758
179.043
232.56
234.476
186.084
227.519
191.278
227.444
235.036
180.802
224.241
235.119
183.839
228.162
234.717
186.963
231.676
190.482
216
234.079
234.8
183.524
235.198
182.802
222.236
235.282
185.681
233.278
235.841
174.08
230
235.597
183.042
235.837
187.524
217.12
235.042
191.037
227.842
237.199
178.159
223.921
235.119
184.163
227.838
235.439
179.839
231.681
235.6
176.242
236.079
234.559
179.042
233.356
189.043
222.079
235.04
185.76
225.76
235.758
181.682
229.842
236.796
176.565
233.838
235.439
176.32
237.281
189.039
220.481
235.92
186.881
224.639
234.958
183.602
228.718
235.202
179.279
232.162
235.277
176.644
235.116
235.522
176.482
235.439
188.719
222.158
236.082
184.719
226.564
235.837
180.881
230.477
235.841
176.881
234.56
235.518
178.163
233.517
190.242
220.56
235.838
186.801
225.519
234.642
183.039
228.962
234.717
179.441
232.643
236.397
177.84
233.28
235.042
176.159
234.721
189.2
223.44
235.758
184.001
227.361
237.92
177.918
230.963
235.036
177.204
235.357
234.958
177.204
234.559
189.919
221.921
235.198
186.001
225.921
235.518
181.843
229.519
234.957
178.723
233.361
235.439
175.918
235.523
191.759
220.399
235.04
187.76
223.842
235.439
183.919
228.879
234.24
180.084
232.078
235.36
176.238
234.962
235.676
176.404
234.961
189.52
222.639
234.961
185.599
226.801
235.036
181.362
230.32
234.961
177.919
224.8
216
220.481
200
247.681
215.999
216
174.242
231.676
235.68
176.083
235.358
234.559
177.042
235.519
189.361
222.639
235.04
185.441
230.241
237.679
175.279
232.801
238.48
173.761
235.12
191.759
219.681
237.598
186.003
224.399
233.999
184.797
230.561
232.882
179.761
232.237
234.16
177.362
234.639
235.199
176.482
235.519
189.601
221.838
235.759
185.602
229.76
230.72
182.719
230.561
233.999
178.64
232.722
235.92
176.08
235.68
191.598
220.722
234.8
187.681
227.917
231.602
183.679
228.881
234.157
180.162
229.282
234.559
179.599
232.56
235.199
176.963
235.278
234.8
176.561
235.278
188.32
223.361
235.119
184.723
227.199
235.837
180.163
230.88
235.439
176.88
234.639
235.759
177.204
234.24
190.158
221.76
235.841
185.599
225.921
235.281
191.279
228.958
212
234.962
178.399
216
216
221.121
235.04
177.839
234.161
194.64
217.602
235.356
190.241
220.403
235.999
186.719
224.879
237.518
180.802
228.643
235.837
178.802
234.718
233.198
176.644
235.758
191.682
219.759
235.277
188.163
223.68
234.958
184.561
226.88
236.082
180.238
230.962
235.037
177.121
234.639
235.281
176.561
235.518
190.084
221.518
235.518
186.321
225.921
235.518
181.602
229.838
234.8
178.561
232.959
235.6
176.723
235.277
191.441
220.079
235.202
187.919
224
235.202
183.918
228.319
235.281
179.682
231.278
235.36
176.561
235.36
235.838
176.001
238.078
186.723
222.399
234.878
185.922
225.921
235.199
182.08
229.842
235.517
177.761
233.361
235.518
176.963
235.597
190.561
221.041
234.958
187.283
224.319
235.041
183.839
228.319
200.482
226
202.878
252.32
205.039
215.521
184.64
226.481
235.199
181.52
229.438
203.922
216
228
235.278
176.004
234.797
191.681
220.402
235.12
187.76
224.319
235.12
183.76
228.801
234.078
180.32
231.602
235.518
177.042
234.158
235.92
176.64
234.722
189.597
227.44
230.402
185.358
225.921
235.999
181.283
230
235.356
177.843
234.241
234.957
177.043
234.639
191.12
221.199
235.361
186.639
225.042
237.438
180.72
228.718
235.363
179.039
234.801
233.758
176.242
235.12
235.036
178.802
233.203
188.316
223.041
235.681
184.722
227.518
235.12
180.32
230.56
235.36
177.362
235.598
234.721
176.719
234.481
190.399
221.68
235.601
185.922
226.157
235.199
181.843
229.12
235.198
178.881
233.44
235.999
175.599
235.439
191.523
220
234.959
188.24
224
239.2
180.078
236.643
192.079
214.403
224.875
236.883
181.441
229.12
235.356
178.723
232.162
235.517
176.881
234.88
235.36
176.561
235.356
188.482
223.602
235.04
184.561
227.038
235.198
180.881
231.282
234.8
177.2
234.639
235.198
177.761
234.16
190.242
221.759
234.8
186.64
225.602
235.277
182.241
229.038
235.36
178.881
233.281
236.879
174.561
235.68
191.602
219.677
237.281
186.159
224
235.521
183.76
237.68
228.399
177.121
234.399
234.878
177.362
234.161
191.2
220.722
235.916
186.561
225.44
234.638
183.122
229.041
235.198
178.885
233.116
234.638
176.723
234.958
235.361
176.561
235.439
188.481
224.241
234.236
184.723
226.639
235.119
181.441
230.801
235.518
176.884
235.117
234.161
176.88
235.277
190.562
221.842
235.036
186.242
225.68
234.721
191.2
221.2
233.758
179.922
233.44
235.04
176.4
235.277
234.962
177.122
234.799
188.558
223.12
235.68
184.001
227.601
235.119
180.4
231.44
235.119
176.723
235.598
235.119
176.32
235.601
189.362
222.56
234.796
185.843
226
235.277
181.922
229.681
235.281
178.399
233.598
235.202
176.242
235.198
191.599
220.402
235.518
187.2
224.319
235.842
183.121
229.199
234.638
179.362
230.399
236.878
176.242
235.281
235.917
176.644
234.717
189.121
222.722
235.597
184.881
226.24
235.518
181.445
229.917
235.999
177.283
234.797
234.642
177.279
234.721
190.561
220.801
235.438
186.96
225.278
235.199
182.722
228.963
234.476
179.682
232.718
235.521
176.4
236.48
233.68
176.562
235.359
188.479
225.041
233.518
184.723
226.801
238.156
178.242
230.959
235.04
177.2
234.639
235.522
176.242
234.638
190.959
221.2
236.48
185.441
225.041
236.078
182.08
228.962
235.518
178.881
232.958
235.202
176.719
234.879
235.199
176.881
234.883
188.399
223.838
235.202
184.159
227.681
234.878
180.641
231.522
235.198
176.64
235.041
235.278
176.802
234.878
189.761
222.402
235.119
185.761
226
235.356
181.843
229.519
235.6
178.08
232.079
236.402
176.079
235.838
234.722
177.519
234.323
188.238
223.601
235.518
184.001
227.759
235.601
179.839
231.282
235.518
176.561
235.119
235.602
178.719
232.559
189.922
222.162
235.198
185.839
226.241
235.277
181.603
229.518
237.36
176.723
233.519
235.277
176.885
236.078
189.922
220.56
235.198
187.441
225.917
233.92
183.362
227.837
208.163
216
221.519
235.6
177.359
234
235.92
175.922
234.72
191.28
220.721
235.278
187.279
224.643
235.119
183.358
228.884
234.796
179.602
231.838
235.439
176.723
234.879
235.598
176.643
235.439
188.64
223.042
235.356
184.802
227.282
234.878
180.96
230.643
235.277
177.362
234.639
235.277
176.403
234.717
191.043
220.958
235.522
186.64
225.12
238.319
179.76
228.801
235.439
178.96
233.12
235.202
176.798
234.642
235.199
176.64
235.68
187.839
223.601
235.999
183.682
227.44
234.878
180.881
231.199
235.281
176.96
234.56
235.518
176.482
235.198
190.001
222.56
234.879
185.761
225.68
234.958
182.482
229.601
237.199
176.403
233.838
234.879
176.719
235.119
191.524
220.24
235.68
187.279
224.162
235.198
183.839
227.921
235.597
179.682
232
235.281
175.921
214.398
214.399
214.323
214.477
214.399
214.403
232.801
238.237
207.203
179.361
216.958
234.959
191.199
220.083
234.639
188.56
224.237
234.563
184.399
227.602
236.078
179.681
231.602
235.596
176.001
237.76
231.999
177.602
234.88
189.602
224.639
232.878
185.682
225.759
235.518
184.08
228.083
234.48
178.478
233.519
235.68
176.001
235.921
190.879
220.56
235.279
189.364
222.876
235.202
183.118
228.402
235.439
179.362
232.477
235.12
176.241
235.042
235.198
177.602
234.399
189.12
222.88
234.962
185.357
226.722
235.198
181.28
231.041
234.879
177.283
234.556
235.281
176.32
235.361
190.478
222.083
233.921
187.199
225.12
235.681
182.398
229.361
234.157
179.681
233.042
234.796
176.801
234.64
235.762
177.121
241.037
182.001
223.12
239.762
180.316
231.204
235.597
176.403
234.56
236.319
172.319
239.278
190.802
213.361
235.598
235.281
175.839
234.8
190.241
221.2
234.878
187.122
225.522
237.198
180.479
228.801
235.92
178.482
234.718
233.6
176.719
235.92
191.043
220.158
234.559
188.482
223.681
235.04
184.478
227.681
234.878
180.641
230.883
235.597
177.121
234.638
235.76
176.162
235.198
189.844
219.597
235.12
188.482
223.44
235.277
184.482
226.801
235.36
181.038
230.88
235.198
177.043
234.397
235.763
176.159
235.759
190.001
222.082
235.199
185.922
225.199
238.879
179.121
229.199
235.277
178.723
233.361
235.597
175.602
235.92
191.437
219.764
235.359
188.159
223.681
235.679
183.843
227.839
234.878
180.4
231.921
234.958
177.042
234.559
235.361
176.399
236.319
188.64
224.801
235.999
182.482
228.801
235.198
179.2
232.56
234.958
177.125
235.676
234.639
176.561
234.962
188.719
224
234.799
184.321
227.44
236.878
178.885
230.959
235.837
176.482
235.041
235.518
176.4
235.119
189.922
222.162
235.036
186.001
225.842
234.796
182.562
229.36
235.199
178.561
233.12
235.759
176.403
234.717
192.001
223.199
232.401
187.682
224.079
234.717
184.403
227.759
235.842
179.598
231.681
235.04
177.118
235.119
234.883
177.122
235.115
189.122
222.56
234.878
185.682
228.079
233.679
181.441
230.004
235.115
178.881
233.12
235.519
176.402
235.36
190.881
220.718
235.202
187.279
224.162
235.679
183.359
228.161
235.36
179.599
232.402
234.879
177.2
234.958
235.522
176.64
234.638
189.441
222.639
232.639
187.523
226.718
235.202
181.279
230
235.601
177.52
233.921
235.356
176.561
235.92
190.321
221.12
234.879
187.2
225.124
234.958
183.121
228.639
238.078
176.482
232.481
234.958
176.96
235.763
234.957
175.922
235.436
188.963
222.88
235.758
184.324
227.117
235.281
180.719
230.56
236.078
176.644
234.801
235.036
176.881
235.119
190.08
221.44
236.161
185.681
225.681
234.957
182.482
228.88
235.439
178.96
233.041
235.198
175.922
235.597
235.041
176.96
237.36
186.163
223.439
235.278
184.403
229.12
233.518
180.719
230.883
235.996
176.722
234.56
235.199
176.561
235.679
189.441
221.842
235.037
186.321
225.12
235.758
182.325
230.079
234.156
178.964
233.12
235.518
176.881
234.957
191.524
222.958
232.962
187.279
221.76
237.517
183.922
225.681
235.439
182.08
229.282
235.999
177.839
233.601
235.278
176.403
235.597
191.204
220.236
235.202
187.761
222.639
216
236.56
215.999
180.802
236.797
216.643
189.759
221.838
234.963
186.398
225.121
235.439
182.64
228.962
236.078
178.08
233.12
236.24
176.001
235.44
234.397
181.121
231.361
187.602
224.158
234.559
184.482
228.399
234.48
180.32
233.839
233.123
176.238
235.601
234.721
177.358
234.722
189.598
222.721
235.199
185.279
226.481
235.439
181.283
229.759
235.92
177.52
234.158
235.522
176.001
235.838
190.481
220.801
235.439
186.959
224.963
235.119
183.118
228.721
234.078
180.404
231.676
235.762
176.562
235.755
234.323
177.279
235.041
188.801
222.56
235.837
184.802
226.481
236.398
180.32
230.162
235.199
183.278
228.722
235.199
176.722
235.038
190.883
220.959
235.518
186.723
227.917
232.318
182.964
228.398
236.078
178.723
232.88
234.8
177.519
234.399
217.282
222.24
219.999
213.922
216.24
204.158
184.96
220.082
235.037
188.001
224.319
235.36
183.603
228.158
235.04
180.001
231.76
235.596
175.843
235.92
235.358
176.162
235.198
189.362
222.963
234.8
185.437
227.282
234.48
181.358
230.722
234.799
177.682
234.237
235.6
176.479
235.6
190.08
221.12
235.601
186.561
225.361
235.119
182.719
229.361
234.398
179.441
232.879
235.041
176.241
235.681
235.036
176.802
235.119
188.321
223.282
235.356
184.561
227.44
234.804
181.038
230.959
235.521
176.719
234.801
235.119
176.4
235.679
190.001
221.681
235.92
185.599
225.921
235.04
182.159
229.921
234.958
178.403
237.597
231.282
176.64
235.277
191.121
222.481
232.962
187.756
223.921
235.443
183.918
228
235.439
179.761
231.759
235.601
208.801
214.56
194
224.801
206.88
232.398
215.999
216
177.603
233.357
234.638
177.125
240.559
186.321
219.44
235.68
188.079
223.44
235.679
184.08
228.399
234.161
180.64
231.041
235.119
177.039
234.801
236.72
176.96
233.602
189.921
222
235.596
185.603
226.56
235.198
181.441
230.079
235.601
177.519
233.76
234.878
177.923
234.402
191.037
220.801
235.12
187.279
225.041
235.198
182.96
229.361
233.999
179.842
232.96
234.799
176.242
235.44
235.277
176.723
234.639
189.12
223.041
235.199
184.959
226.639
235.281
181.28
231.12
234.642
177.441
234.236
237.522
189.039
226.72
184.479
227.68
233.12
182.402
229.279
234.721
184.881
227.278
234.721
176.399
235.12
192.801
219.76
235.199
188.24
223.282
234.88
185.038
227.842
234.476
183.043
228.078
233.121
179.841
239.52
189.282
237.676
215.999
227.282
176.64
234.079
235.439
176.802
235.119
190.561
221.681
234.717
186.802
225.759
235.36
182.084
229.199
235.439
178.561
233.037
232.962
180.798
233.36
234.643
176.719
235.36
188.32
223.842
234.958
184.399
227.361
235.277
180.483
231.199
234.961
177.358
234.481
236.24
175.362
235.838
189.76
221.842
235.837
185.52
225.444
235.679
182.159
229.76
235.438
178.001
233.523
235.115
176.325
235.356
191.602
220.399
235.04
187.84
224.323
235.277
183.52
227.759
235.601
179.839
231.763
236.078
176.163
234.718
234.638
176.881
235.841
189.2
222.399
234.878
185.922
226.079
235.12
181.922
232.398
233.041
177.839
233.443
235.68
176.399
235.36
191.122
221.199
235.277
186.723
225.199
234.24
183.76
229.278
234.24
179.681
232.162
235.518
176.399
234.8
235.523
176.561
235.277
188.96
223.124
235.194
184.802
226.801
235.277
181.125
231.838
234.24
177.2
234.399
233.438
179.682
233.198
191.204
220.718
235.36
187.2
224.639
234.879
183.603
228.639
235.119
179.52
231.921
236.24
175.76
235.518
234.722
177.2
234.878
188.881
223.124
235.356
184.802
226.56
235.759
181.121
230.477
234.962
177.52
234.323
235.037
176.88
234.8
190.963
221.598
235.522
185.997
225.282
235.198
182.802
228.718
236.161
178.319
248.718
218.643
175.838
235.2
234.481
177.279
235.679
189.362
222.241
234.717
186.242
225.759
235.202
182.159
229.842
234.717
178.723
233.12
235.597
176.723
234.957
191.52
220.402
235.278
187.602
223.76
235.04
184.399
227.839
235.202
180.159
231.759
234.882
176.798
234.88
193.68
239.121
189.68
246.403
219.037
177.76
216
231.199
235.683
176.479
235.281
234.875
176.885
235.677
187.522
223.681
235.837
183.681
227.361
236.24
179.599
232.082
234.319
176.881
234.718
236.401
175.681
236.079
189.042
221.518
235.358
186.323
226.88
234.235
182.084
230.162
234.476
178.561
233.44
235.841
176.719
235.042
190.958
220.561
234.879
187.76
224.402
235.277
183.52
228.24
235.439
179.524
232
235.356
178.561
233.282
235.759
175.2
236.319
188.722
222.56
235.278
185.361
226.482
235.438
181.28
230.082
235.116
182.241
230.722
235.199
176.722
234.399
190.718
221.12
235.12
186.963
224.797
235.522
182.88
228.963
235.435
178.801
232.722
234.879
177.117
235.042
234.8
177.042
235.278
188.32
223.361
234.72
185.118
227.203
235.439
180.561
231.68
197.12
214.399
223.921
232.801
210.556
190.32
253.04
176.881
234.961
234.797
176.964
235.119
188.96
222.8
235.36
185.122
226.158
235.758
181.283
230.319
235.36
177.52
234.241
234.796
176.644
235.596
190.723
221.199
235.199
186.801
225.681
234.078
183.362
228.879
235.199
179.121
232.643
235.439
176.237
237.68
233.041
176.321
235.439
188.482
225.44
233.356
184.403
227.278
235.202
180.798
231.44
234.879
176.802
235.199
235.119
176.561
244.24
180.884
221.677
235.281
186.238
225.763
234.8
182.64
229.199
235.92
178.08
233.361
235.037
176.32
235.439
234.722
176.881
235.841
187.677
223.764
235.438
183.84
228
234.878
180.404
231.357
235.999
176.32
234.561
235.762
176.399
235.277
189.524
222.158
235.277
185.764
225.76
235.679
195.279
200.884
219.917
229.519
232.082
215.999
183.359
235.442
184.479
228.721
234.398
180.001
231.523
234.796
176.963
234.88
235.517
178.242
233.921
189.44
222.477
234.403
186.319
225.602
235.837
181.76
229.2
235.762
178.238
233.759
235.119
176.802
234.88
191.44
220.161
235.44
187.602
224.158
237.04
182.001
227.838
235.68
179.681
232.158
235.04
177.122
235.037
234.642
176.723
235.117
189.36
222.399
235.443
185.358
226.481
234.801
182.24
234.32
234.318
178.08
233.2
191.68
220.88
234.319
188.083
226.88
233.036
183.282
229.441
234.24
179.519
232.241
235.36
176.399
235.2
234.559
178.241
235.042
188.158
223.041
235.041
185.121
229.597
232.481
181.12
231.042
234.638
179.52
232.963
234.555
177.681
234.241
190.481
221.76
234.476
187.042
227.042
201.759
225.12
218.801
242.398
184.162
234.958
216
179.362
226.319
235.439
181.441
230.079
235.281
178.001
233.838
235.439
175.682
235.759
191.12
220.722
235.68
186.801
224.876
235.12
183.2
228.244
234.796
180.163
232.56
237.198
174.4
235.202
235.357
176.321
235.438
188.723
223.038
235.281
184.88
226.963
234.875
181.362
230.8
235.281
177.122
237.517
232
176.641
235.517
190.325
222.079
234.717
186.324
228.556
234.56
180.162
231.12
235.597
176.723
235.518
235.041
176.561
234.481
190.158
222.241
235.601
185.358
226.56
234.642
182.001
229.357
235.679
178.163
235.598
233.6
176.159
235.36
191.283
222.241
233.596
187.362
224
235.36
183.839
228.162
235.356
179.603
232.398
235.12
176.324
235.598
234.638
177.042
235.356
188.723
222.241
235.758
185.283
226.801
235.119
181.279
229.921
235.356
177.922
233.282
235.838
176.561
235.36
190.959
220.801
234.958
187.441
225.12
234.8
183.2
228.643
234.879
179.76
232.237
234.642
176.959
235.601
235.361
176.159
235.198
189.042
223.042
235.119
184.959
226.88
235.36
180.96
230.879
235.199
177.2
234.323
235.92
175.84
236.078
189.843
221.759
234.797
186.642
235.519
222.398
185.445
226.958
234.879
181.2
230.403
235.277
177.843
234.316
235.841
176.482
234.478
190.56
221.522
235.277
186.321
225.842
237.277
180.163
229.278
234.879
179.042
235.278
232.481
177.283
235.119
234.556
178.403
233.759
188.32
223.843
235.119
184.238
227.203
235.356
180.64
231.12
235.041
177.2
237.679
232.162
177.2
235.439
189.283
222.556
235.281
185.358
225.922
235.123
182.237
229.042
236.078
191.042
201.44
214.398
234.482
194.319
230.162
215.996
230.161
181.283
231.037
235.12
177.2
234.56
234.721
176.482
235.838
190.241
222.56
234.241
186.639
224.879
234.796
183.283
228.801
235.518
178.881
233.361
234.878
176.321
240.639
186.722
219.759
235.681
187.842
223.838
234.8
184.561
227.44
235.597
180.162
231.921
234.559
176.719
247.838
180.963
220.32
234.56
188.319
223.44
233.76
186
226.8
235.602
186.477
225.602
234.162
178
232.078
237.922
176.639
234.481
190.639
221.12
236.237
185.842
225.12
235.121
182.958
229.2
234.882
179.118
232.56
234.961
176.238
235.361
234.961
176.558
235.361
189.203
222.718
235.758
184.723
226.718
235.762
180.719
230.801
235.518
176.88
234.403
236.638
175.52
235.041
190.398
221.44
235.36
186.403
225.358
234.721
183.121
214.398
214.319
232.482
196.398
247.92
180.881
229.839
235.438
178.964
232.797
235.521
176.242
235.36
191.038
220.963
235.036
187.201
224.24
235.759
183.2
228.801
234.961
179.441
232.237
235.281
176.959
234.642
235.199
176.881
235.198
188.802
222.963
235.356
184.88
226.801
235.439
180.959
233.759
234.722
176.241
235.601
191.678
225.282
230.559
187.279
223.921
234.8
184.561
227.917
235.522
180.08
230.722
235.837
176.399
235.522
234.959
176.959
235.12
189.361
222.482
235.198
185.52
226.161
235.199
181.76
230
235.439
177.76
234.241
234.721
176.64
235.36
191.121
221.038
234.878
187.283
224.56
235.838
182.801
228.162
235.119
180.08
232.482
238.559
172.798
232.24
235.12
177.922
234.638
191.283
220.319
237.037
185.76
224.004
235.758
183.52
242.24
221.278
179.681
231.519
235.68
178.241
233.519
234.961
176.479
235.439
189.523
222.718
234.8
185.524
226.477
237.601
179.121
230
235.356
177.843
233.921
235.518
176.719
234.638
191.204
221.12
235.439
186.64
224.561
235.758
182.881
228.564
235.194
179.362
237.679
232
176.719
235.684
189.997
221.203
235.36
186.64
225.12
235.199
182.88
229.042
234.878
179.279
233.2
234.721
176.64
235.202
192.237
220.083
235.037
188.08
223.763
234.796
184.64
226.962
235.68
180.561
230.477
236.402
176.32
235.042
200.879
216
231.277
188.798
222.564
234.717
185.922
226.162
235.198
181.761
230.56
235.119
177.52
234.56
233.999
176.723
235.999
190.798
223.282
233.119
186.802
224.639
236.398
182.162
228.399
235.36
179.44
232.959
220.402
227.597
216.004
189.918
207.602
247.999
172.8
231.039
234.961
177.118
234.56
235.119
176.644
235.677
190.004
220.879
235.358
186.962
240.56
219.676
182.962
228.561
235.601
179.038
232.561
235.198
176.723
235.199
235.439
177.441
234.962
187.677
228.402
227.038
187.762
227.437
234.563
181.199
233.279
232.24
177.681
233.839
236.16
177.84
233.36
190.801
222.079
234.481
186.639
225.279
235.119
182.801
230.001
234.081
179.118
232.643
235.999
176.32
234.241
192.797
221.921
233.041
188.241
223.921
235.117
184.161
228
234.559
180.639
231.52
234.883
176.877
234.879
235.123
177.28
234.56
190.079
221.443
235.436
186.32
224.801
236.559
181.842
229.681
234.958
178.561
233.519
235.119
177.524
234.319
191.519
219.519
235.12
188.56
222.963
235.518
184.719
222.639
222.481
198.082
242.158
186.639
218.644
223.278
235.119
180.561
231.278
235.763
176.241
234.796
235.44
177.283
234.8
189.598
222.079
235.199
185.922
225.759
235.281
182.08
230.32
235.438
177.441
233.842
195.041
228.159
223.838
234.322
176.001
235.277
188.802
224.241
233.518
185.44
226.403
235.596
181.201
230.323
235.198
177.599
234.162
235.036
176.723
235.277
190.802
221.763
234.954
186.565
224.797
235.522
182.88
229.121
235.198
178.88
232.88
235.439
176.321
235.119
235.361
176.482
235.277
188.321
223.601
234.8
184.719
226.643
235.916
180.644
231.038
235.277
176.963
234.801
235.119
179.599
232.319
190.162
221.76
234.957
186.482
225.361
235.439
182.4
229.282
235.277
179.042
232.801
235.198
176.482
235.439
191.599
220.402
235.199
187.681
223.278
235.36
184.56
235.44
233.441
177.759
233.44
191.921
221.681
235.037
186.481
225.922
234.638
182.64
228.879
235.041
179.279
232.402
235.041
177.598
235.681
191.278
220.083
239.036
184.084
223.838
235.439
207.043
216
223.517
180.561
231.361
234.8
177.279
235.042
234.878
176.96
235.361
189.519
221.44
235.438
186.325
225.996
235.36
181.843
229.038
236.16
178.001
233.76
234.957
176.802
234.962
191.519
220
235.681
187.518
224.162
235.277
183.761
227.759
235.202
180.238
231.12
235.36
176.723
235.759
234.481
177.44
235.117
189.203
224.56
233.037
185.602
226.399
235.92
180.88
230.079
235.202
177.918
234.319
235.602
176.482
234.959
190.639
220.24
236.079
186.884
224.319
235.999
182.881
228.477
235.36
179.362
232.079
235.518
176.884
234.797
234.962
177.358
234.962
188.639
214.402
238.317
190.48
214.402
242.398
186.4
223.842
235.68
183.602
228.635
235.123
179.52
232.079
235.36
176.159
235.762
234.801
176.399
236.078
188.561
222.801
235.198
185.204
226.64
235.036
181.52
230.083
235.596
177.524
233.68
235.999
176.159
235.68
190.399
223.602
233.518
186.162
224.32
235.439
183.44
228.722
235.199
179.2
232.722
235.356
176.001
235.679
235.361
176.719
235.119
188.242
223.602
234.878
184.802
226.797
235.92
180.482
233.199
232.639
177.361
234.64
235.119
178.802
233.999
189.44
221.44
236.161
185.599
225.361
235.438
182.4
229.523
235.517
178.08
233.602
235.04
176.479
235.04
191.922
219.759
235.439
188.001
223.602
235.518
184.079
227.602
235.198
180.4
232.481
233.999
177.042
234.639
235.759
176.399
235.36
189.52
222.082
243.2
190.079
202.239
242.404
201.996
221.68
234.56
177.121
242.559
180.482
222.959
235.6
184.64
227.282
235.199
180.719
234.879
235.36
176.001
235.121
190.639
222.24
234.722
186.237
225.842
234.078
183.282
228.719
235.601
178.88
233.361
235.277
176.321
234.481
192.56
219.839
235.522
187.838
223.602
235.758
183.84
228.319
234.559
180.321
231.282
235.439
177.52
233.921
193.759
218.083
235.357
190.24
221.523
235.677
185.601
228.241
233.44
181.517
229.844
235.999
177.358
234.161
232.319
183.76
230.399
191.361
219.763
236.158
187.282
224.639
235.277
183.282
228.08
235.198
179.922
231.519
235.522
185.918
226.083
234.717
177.362
235.199
189.12
222.32
235.278
185.361
226.56
235.36
181.282
230.399
235.277
183.922
227.76
235.36
176.561
234.56
191.361
214.398
243.121
225.282
191.278
197.921
214.398
221.361
235.199
186.64
228.161
232.481
182.478
228.402
235.12
179.76
232.237
235.119
176.324
235.278
235.439
176.483
235.596
188.723
223.598
234.642
184.959
226.64
235.281
181.279
230.481
235.439
177.283
234.398
234.8
176.478
235.12
191.121
221.041
235.36
186.881
224.959
235.281
182.959
229.278
234.962
178.959
232.722
235.12
177.038
234.963
234.796
177.121
235.04
188.4
223.44
235.198
184.565
227.278
238.318
177.524
230.556
234.8
177.922
234.481
234.796
178.084
233.597
191.042
221.199
235.439
186.561
225.121
234.878
183.122
228.801
235.596
178.881
232.564
235.676
176.482
235.04
235.038
176.561
235.518
188.801
223.042
235.679
184.001
229.839
232.563
180.797
230.722
235.597
178.802
233.277
234.883
177.122
234.878
189.919
221.921
235.837
185.362
225.759
203.12
214.403
228.88
233.679
180.64
231.598
235.281
176.321
235.842
235.036
176.561
235.041
189.598
222.324
235.198
185.599
226.24
234.879
182.084
229.676
235.68
177.843
233.68
235.518
176.802
234.476
191.603
220.241
236.156
186.723
224.481
235.037
183.682
228.8
234.638
179.761
231.842
236.397
175.922
235.042
235.277
176.321
235.04
189.52
222.639
238.401
182.001
226.801
235.115
181.283
230.56
234.958
177.682
234.481
235.198
176.881
234.638
190.802
221.041
235.999
186.08
225.199
235.198
182.885
228.718
235.198
179.283
232.718
237.281
174.321
235.277
235.12
176.881
236.642
186.959
223.598
235.281
184.321
228.8
233.281
181.118
231.601
235.041
176.798
234.8
235.36
176.561
235.439
189.602
214.398
255.681
195.038
221.041
196.162
216
242.319
174.561
219.598
234.962
188.639
223.278
234.962
184.96
226.8
235.36
181.043
231.278
234.318
177.599
234.241
235.281
176.719
235.203
190.556
221.763
234.959
186.481
224.718
236.559
181.922
229.278
235.12
179.121
232.56
235.439
176.802
234.88
192
219.36
236.158
187.681
223.361
234.799
185.039
227.124
235.277
180.802
230.797
235.36
177.042
235.76
234.638
173.203
214
214.398
214.399
214.402
215.279
225.76
234.559
182.005
229.597
235.759
177.839
234.162
234.559
177.042
235.357
190.88
220.56
235.522
187.121
225.12
234.717
183.362
228.241
235.356
179.603
232.56
234.878
176.08
236.241
234.8
176.241
236.162
188.158
224.083
234.397
184.798
227.12
234.402
181.681
230.718
235.281
177.2
234.399
194.401
214.478
215.361
222.162
240.8
179.117
216
219.361
234.721
187.52
224.481
235.198
183.52
229.282
234.559
179.441
232.56
238.398
173.519
236.883
233.116
177.122
234.638
188.963
225.042
233.517
184.641
226.958
235.522
180.719
230.962
234.879
177.279
234.56
235.439
176.561
235.202
190.238
221.282
236.078
185.922
224.801
235.999
182.399
229.121
235.517
178.562
232.481
235.679
180.001
231.597
192.242
220.078
235.041
188.08
222.962
236.157
184.08
226.88
236.799
179.524
231.598
235.04
176.561
234.959
235.518
176.723
234.878
189.922
222.162
234.796
186.242
225.522
235.518
182.159
229.522
235.518
178.163
233.676
235.12
176.561
235.439
191.2
220.722
234.721
187.76
226.639
232.638
183.843
228.079
235.12
180.08
232
235.04
176.238
235.442
233.279
179.042
234.717
189.441
222.722
235.198
185.283
226.477
235.597
181.042
230.805
236.074
176.403
233.839
235.198
177.362
236.559
189.042
221.2
234.799
187.201
226.8
233.601
182.798
229.12
234.879
179.121
232.643
235.356
176.242
235.119
235.838
176.005
235.597
188.482
223.44
234.879
184.88
227.523
235.036
180.641
231.278
234.882
177.039
235.12
234.721
176.719
235.518
189.843
222.398
234.481
186.32
225.523
234.878
182.881
229.361
235.356
178.482
232.801
235.277
176.723
235.999
191.2
219.519
235.999
187.682
224.161
234.477
184.561
227.763
235.518
179.918
231.684
235.037
176.561
235.598
234.642
176.561
235.679
189.441
222.56
235.119
185.52
225.602
236.236
181.602
229.76
235.198
177.922
234.319
234.638
176.562
235.36
233.12
178.241
235.12
187.839
223.519
235.841
183.922
228.079
238.48
176.64
231.44
236.721
175.039
234.958
236.161
176.241
235.278
189.602
221.921
235.037
186.001
226
235.92
181.362
229.838
235.439
177.843
233.278
235.36
176.802
235.837
190.723
221.038
234.72
187.441
224.32
235.36
183.52
228.402
235.036
179.761
232.082
235.12
176.959
235.12
235.278
176.561
233.522
190.64
221.921
235.916
185.283
226.718
234.559
181.922
231.598
234.161
177.441
233.601
234.8
178.64
234.318
190.641
220.8
235.36
187.043
225.357
234.401
183.437
228.402
235.439
179.362
232
235.837
176.723
234.8
234.959
179.598
232.642
188.64
222.88
235.198
185.122
226.958
235.36
180.881
230.801
235.28
177.118
234.801
234.961
177.039
210.801
214.56
220
234.638
188.403
223.677
234.882
184.561
227.038
235.841
180.4
231.041
197.758
222.32
206.482
231.677
222.161
189.361
216
226.88
235.92
178.802
232.639
234.638
177.279
235.681
234.401
176.96
235.842
187.759
223.68
235.357
184.162
227.519
235.281
180.4
231.518
234.481
177.2
234.481
235.841
175.52
235.759
190.399
221.759
234.722
186.718
225.282
236.161
181.76
229.519
237.758
175.922
232.801
235.999
176.4
241.518
185.2
219.684
235.996
187.602
223.36
235.439
184.4
227.44
235.281
180.478
231.602
235.521
176.479
235.36
234.879
176.163
235.598
189.601
222.241
235.517
185.441
226.88
234.721
181.599
229.522
235.837
177.844
233.917
235.36
177.038
235.121
190.56
220.722
235.68
186.797
224.643
234.958
183.838
240.083
223.278
179.602
232.158
235.281
176.64
234.963
235.277
176.482
235.361
189.038
233.921
194.879
216
252.559
199.28
215.999
216.001
217.36
183.602
227.519
235.281
180.399
231.76
234.878
176.562
235.518
234.8
176.723
235.758
189.279
222.241
234.401
186.483
225.278
235.999
182.159
229.68
234.879
178.403
233.278
235.841
175.84
235.837
191.204
220.56
234.958
187.681
224.718
236.402
182.08
228.319
235.36
179.52
232.161
234.958
177.121
234.88
235.601
176.801
235.278
188.399
222.481
235.601
185.121
226
236.398
180.88
230.481
235.36
177.28
234.319
235.36
176.64
235.119
190.562
221.041
235.518
186.64
225.203
235.277
182.719
229.199
235.522
178.482
232.56
235.597
176.561
235.041
234.958
176.881
235.6
188.001
226.079
232.559
184.562
226.879
235.439
180.881
231.522
234.958
176.64
234.801
235.36
176.64
235.758
189.52
222.004
206.797
214.401
237.682
191.119
236.238
192.56
259.202
174.557
240.082
183.76
223.042
235.439
184.719
226.879
235.041
181.279
230.801
235.119
177.283
234.56
234.717
177.52
235.759
189.444
221.278
236.083
185.838
225.681
234.796
182.722
229.038
234.563
179.599
233.12
235.92
176.399
234.959
191.602
219.68
235.921
187.598
223.759
235.439
184.005
228.079
235.597
179.523
231.361
235.116
177.204
234.879
235.356
176.565
234.959
189.921
222.158
235.44
185.44
226.24
235.838
181.125
230.157
235.041
177.997
234.241
235.6
176.242
234.639
191.282
220.718
235.361
187.12
224.241
237.356
181.602
228.801
234.879
179.52
249.758
221.12
176.561
235.358
189.203
223.12
234.48
185.599
226.639
234.642
181.917
230.005
235.198
183.2
228.158
235.999
175.764
235.44
191.44
221.038
244.481
191.921
216
234.477
186.241
239.92
216
179.52
224.722
234.878
183.603
228.56
235.119
179.52
232.32
235.517
177.122
233.841
235.598
176.801
235.279
188.721
223.042
234.878
185.52
226.56
235.597
180.802
230.962
235.597
176.561
234.56
235.68
176.482
235.04
190.238
221.681
234.799
186.798
226.004
234.477
182.722
229.121
235.438
178.641
233.282
235.675
175.603
238.16
189.28
219.759
235.439
188.001
224
235.36
183.922
227.44
234.799
180.881
231.519
234.8
176.88
235.92
192.798
218.162
234.879
190.241
222.241
237.277
183.682
225.601
235.277
182.321
229.842
234.958
178.403
233.037
234.958
176.482
235.199
192.324
219.598
235.198
188.403
224
235.36
183.76
227.2
235.999
180.08
232.079
234.799
176.404
235.277
234.722
177.2
234.878
189.761
222.722
234.717
185.843
225.838
235.518
181.843
229.838
235.278
178.083
233.519
235.762
176.317
235.281
191.121
222.482
233.115
187.603
225.12
234.717
183.685
227.917
234.721
180.479
231.522
235.277
176.242
234.879
235.68
176.163
235.676
189.523
221.921
235.116
186.162
226.162
235.277
181.761
229.282
235.999
177.918
233.921
234.8
176.801
234.801
191.677
220.24
235.361
187.519
224.162
236.318
182.802
227.759
235.838
179.602
232.32
235.198
176.163
235.439
235.838
176.084
234.638
189.441
223.278
235.281
184.719
226.88
234.72
181.603
214.477
223.44
216
221.76
235.442
175.997
235.36
235.361
176.881
235.198
188.482
223.279
235.438
184.483
226.721
235.037
181.441
231.12
235.36
176.881
237.04
232.399
177.121
235.198
190.001
221.361
235.119
186.802
225.038
234.878
183.283
235.361
193.44
214.399
248
180.8
223.921
234.157
185.122
229.601
232.398
181.2
230.962
235.037
177.204
234.556
234.642
176.482
236.718
189.602
221.357
235.041
186.801
225.038
235.36
182.801
229.279
234.878
179.043
232.24
235.92
176.001
235.519
235.198
176.881
234.883
188.557
223.842
234.241
185.116
227.602
235.281
180.32
231.44
234.318
177.682
234.158
235.04
176.964
235.518
190.079
221.921
235.278
186.08
225.281
235.439
182.4
229.361
235.198
178.64
232.88
235.281
177.2
234.32
193.921
218.481
235.759
187.361
224.639
234.8
183.76
227.681
236.397
179.122
231.921
235.36
176.719
234.721
235.838
175.843
235.838
188.959
222.643
235.119
185.441
226.158
235.119
181.922
230.481
235.037
177.681
234.079
194.722
217.838
235.2
190.161
221.279
207.521
247.2
181.601
258.158
185.602
226.319
216
216
216
216
181.121
229.361
234.958
178.88
234.482
233.995
177.685
234.236
191.602
220.718
235.281
187.201
224
235.438
183.682
227.68
235.597
180.005
232
235.439
176.399
235.439
234.639
176.964
234.796
189.523
222.399
235.841
184.959
226.801
234.319
182.159
229.68
235.841
178.159
233.519
235.04
176.723
235.198
190.96
220.643
235.837
186.723
224.639
235.356
183.204
228.718
234.879
179.602
232.639
196.079
218
235.443
189.839
221.921
235.439
185.84
225.759
235.36
182.08
228.883
235.759
178.478
233.519
235.119
176.325
235.517
234.639
177.122
235.36
187.681
223.838
235.199
184.162
227.921
234.879
180.561
231.278
235.842
176.88
234.638
234.801
176.64
235.601
189.358
222.722
234.559
185.918
226.801
234.48
181.839
229.523
235.518
178.241
233.44
235.119
177.441
232.801
193.199
220.718
234.8
187.682
225.36
234.56
183.279
228.56
234.958
179.685
232.56
235.518
176.399
235.041
235.12
176.561
235.36
188.64
222.801
234.957
185.441
227.038
235.36
180.802
232.161
233.68
177.279
235.12
235.119
177.761
233.36
190.719
220.88
235.841
186.399
225.523
235.036
182.64
229.282
234.879
179.279
232.722
234.879
176.801
235.601
191.839
219.681
235.36
188.08
223.12
236.318
183.844
227.597
237.68
177.918
230.481
236.082
176.557
235.042
235.281
176.557
235.762
189.441
221.76
235.119
186.32
226.241
235.277
181.682
229.759
234.559
178.881
233.203
235.995
176.084
235.198
191.52
220.24
235.199
187.76
224.241
234.961
184.001
228.88
233.92
180.399
231.519
235.198
176.964
235.198
235.598
176.005
239.438
185.28
222.639
234.799
185.761
226.481
235.439
181.283
229.917
235.601
177.76
234.162
235.036
176.802
234.879
191.042
220.959
235.36
186.801
224.32
237.676
181.283
228.721
235.199
179.279
234
233.679
177.283
234.559
235.038
179.441
232.879
188.241
223.921
234.078
185.283
226.959
235.679
180.561
230.639
235.921
176.64
234.642
235.199
177.2
234.559
190.4
219.361
237.359
186.483
225.436
235.281
182.478
229.681
234.799
178.723
233.44
234.959
176.398
235.282
191.921
219.76
235.837
187.602
223.76
235.281
184.159
227.921
235.439
179.839
231.522
235.199
176.482
235.036
235.76
177.042
234.477
189.685
221.996
236.161
184.963
226.079
235.439
181.76
229.279
235.438
178.483
233.199
235.679
177.043
234.796
191.283
220.642
235.116
187.441
221.522
235.439
186.242
225.598
237.92
179.681
229.76
235.198
178.241
232.718
235.92
176.881
234.638
191.843
219.76
235.597
187.843
224.161
235.92
183.039
228.319
234.879
180.001
232.481
234.638
176.163
235.759
235.041
177.117
234.642
189.441
222.158
234.958
186.083
226.399
235.521
181.28
230.161
234.958
178.001
233.601
235.676
176.723
234.961
191.118
214.401
243.921
185.279
224.561
234.638
183.602
228.959
234.642
179.598
232.079
235.92
176.4
234.481
236.078
176.561
234.721
188.96
224.721
233.439
185.039
227.522
234.56
181.121
230.639
235.277
177.283
234.478
235.04
176.802
235.277
190.403
221.278
235.36
186.802
225.44
234.318
183.201
229.12
235.198
178.881
232.88
234.961
177.121
235.68
234.477
176.802
234.559
204.64
224.079
209.684
215.997
202.481
216
216
224.161
190.88
221.12
235.117
186.962
224.718
235.36
183.122
228.161
235.838
179.2
232.24
236.161
175.362
235.44
235.198
182.159
229.523
189.116
222.801
235.119
185.283
226.959
235.119
181.121
230.561
235.679
176.96
234.481
235.036
177.283
234.88
190.32
221.439
235.121
186.639
226.162
234.318
182.719
228.884
235.837
178.482
232.959
235.198
177.042
234.718
192.083
220.32
234.878
188.001
223.839
237.36
182.001
228
234.078
181.121
230.962
236.319
176.159
234.643
235.438
177.039
234.481
190.162
222.477
235.12
185.602
225.76
235.438
182.001
229.519
235.759
177.922
233.842
235.198
176.96
234.8
191.2
220.24
235.68
187.279
224.398
235.281
183.524
227.598
236
196.319
216
235.281
176.159
234.88
192.961
214.4
224.319
214.402
204.561
237.119
191.52
219.759
235.281
188.242
223.199
235.679
184.321
227.278
235.68
180.158
231.121
235.281
177.2
234.801
235.198
176.482
235.597
189.602
221.839
235.92
185.441
226.082
234.958
182.159
229.842
234.958
178.403
233.357
235.522
176.478
235.439
191.121
220.643
235.198
187.441
223.519
236.48
183.2
228.079
235.601

------------------------------------------------------------------------------------------------------------------------------------------------
max val(#1) = 1512.00us
min val(#111) = 129.60us
peak-to-peak = 1382.40us
mean +- RMS = 214.52 +- 25.23 us

packet size: 516
number of packets: 10000
RATE = 19242.55kbps, PPS = 4661.5
