Destination address set to 01:1B:19:00:00:00
Defaults: 01:1B:19:00:00:00 or 01:80:C2:00:00:0E
SIOCSHWTSTAMP: tx_type 1 requested, got 1; rx_filter 0 requested, got 0
setting ts_flags: 0x53
new ts_flags: 0x53


gap of hw tx time, us: packets 10000:
------------------------------------------------------------------------------------------------------------------------------------------------
0
107.128
107.226
106.969
107.264
107.334
107.03
107.218
107.2
107.176
107.211
107.18
107.218
107.222
107.184
107.226
107.135
107.222
107.211
107.466
106.928
107.181
107.233
107.334
107.072
107.188
107.173
107.249
107.176
107.184
107.255
107.162
107.233
107.166
107.207
107.191
107.195
107.237
107.192
107.184
107.2
107.21
107.391
107
107.233
107.143
107.331
107.101
107.2
107.191
107.184
107.252
107.2
107.165
107.184
107.215
107.225
107.154
107.215
107.191
107.177
107.229
107.238
107.18
107.191
107.395
106.981
107.226
107.176
107.215
107.191
107.203
107.23
107.21
107.173
107.233
107.185
107.304
107.087
107.191
107.169
107.207
107.199
107.234
107.184
107.199
107.211
107.191
107.519
106.872
107.215
107.21
107.158
107.274
107.144
107.191
107.214
107.395
107.008
107.214
107.161
107.23
107.195
107.2
107.206
107.2
107.195
107.207
107.248
107.15
107.203
107.215
107.191
107.203
107.173
107.218
107.192
107.173
107.21
107.215
107.361
107.015
107.297
107.135
107.184
107.184
107.256
107.184
107.207
107.256
107.116
107.196
107.391
107.116
107.136
107.199
107.207
107.161
107.192
107.361
107.015
107.207
107.225
107.215
107.184
107.191
107.211
107.357
107.098
107.135
107.207
107.195
107.222
107.211
107.188
107.169
107.218
107.222
107.177
107.241
107.191
107.184
107.199
107.29
107.109
107.176
107.219
107.191
107.2
107.225
107.173
107.218
107.199
107.185
107.24
107.154
107.237
107.169
107.278
107.091
107.221
107.17
107.312
107.158
107.161
107.222
107.162
107.24
107.169
107.207
107.433
106.973
107.203
107.2
107.398
107.019
107.199
107.181
107.203
107.233
107.161
107.252
107.432
106.906
107.241
107.165
107.235
107.149
107.226
107.191
107.342
107.042
107.225
107.448
107.094
107.056
107.203
107.192
107.214
107.199
107.211
107.199
107.177
107.207
107.225
107.293
107.083
107.215
107.184
107.383
107.12
107.087
107.218
107.176
107.286
107.143
107.417
106.978
107.24
107.122
107.412
107.079
107.196
107.159
107.19
107.282
107.113
107.214
107.2
107.304
107.098
107.165
107.297
107.113
107.233
107.158
107.248
107.192
107.184
107.199
107.184
107.275
107.15
107.211
107.18
107.215
107.169
107.21
107.207
107.218
107.177
107.223
107.183
107.199
107.199
107.282
107.113
107.173
107.21
107.241
107.165
107.185
107.233
107.176
107.192
107.192
107.417
107.023
107.214
107.203
107.342
107.034
107.199
107.226
107.519
106.845
107.226
107.199
107.44
106.937
107.225
107.161
107.245
107.184
107.199
107.226
107.184
107.184
107.207
107.218
107.192
107.199
107.173
107.184
107.218
107.207
107.203
107.173
107.241
107.184
107.21
107.248
107.117
107.218
107.207
107.191
107.211
107.208
107.206
107.191
107.204
107.184
107.214
107.406
106.97
107.191
107.241
107.305
107.079
107.199
107.218
107.372
107.004
107.222
107.176
107.215
107.225
107.184
107.185
107.206
107.169
107.265
107.175
107.241
107.15
107.226
107.353
107.293
106.985
107.162
107.192
107.304
107.094
107.185
107.221
107.275
107.101
107.203
107.312
107.094
107.184
107.185
107.319
107.106
107.191
107.215
107.21
107.199
107.192
107.192
107.191
107.226
107.184
107.184
107.215
107.218
107.158
107.199
107.218
107.199
107.199
107.226
107.184
107.207
107.207
107.177
107.21
107.199
107.2
107.191
107.2
107.21
107.188
107.211
107.199
107.192
107.203
107.462
106.928
107.222
107.185
107.225
107.184
107.184
107.226
107.182
107.209
107.199
107.248
107.151
107.195
107.2
107.263
107.285
107.064
107.169
107.474
106.951
107.278
107.143
107.395
106.974
107.218
107.218
107.365
107.033
107.177
107.214
107.369
107.026
107.188
107.188
107.286
107.128
107.21
107.184
107.342
107.106
107.18
107.169
107.249
107.263
107.097
107.2
107.304
107.098
107.214
107.278
107.106
107.184
107.225
107.342
107.042
107.199
107.233
107.32
107.03
107.225
107.2
107.184
107.226
107.191
107.214
107.192
107.184
107.184
107.455
107.027
107.144
107.183
107.207
107.225
107.199
107.211
107.18
107.218
107.158
107.226
107.192
107.206
107.226
107.2
107.424
107.143
107.019
107.206
107.474
107.075
107.049
107.169
107.2
107.36
107.064
107.2
107.36
107.023
107.219
107.191
107.44
107.071
107.163
107.142
107.176
107.384
107.007
107.241
107.177
107.278
107.12
107.218
107.32
107.056
107.207
107.177
107.214
107.222
107.196
107.161
107.214
107.214
107.177
107.256
107.225
107.136
107.199
107.383
107.019
107.222
107.184
110.561
103.958
107.098
107.184
107.335
107.161
107.113
107.178
107.179
107.226
107.206
107.169
107.264
107.233
107.15
107.361
107.041
107.192
111.823
102.696
107.071
107.185
107.184
107.361
107.087
107.176
107.199
107.289
107.106
107.199
107.199
107.297
107.122
107.205
107.169
107.542
106.891
107.177
107.191
107.515
106.899
110.218
104.349
107.016
107.225
107.192
107.218
107.229
107.143
107.226
107.184
107.192
107.21
107.199
107.215
107.447
106.963
107.176
107.199
107.184
107.193
107.232
107.44
107.094
107.057
107.191
107.233
107.158
107.192
107.226
107.191
107.2
107.211
107.198
107.207
107.177
107.214
107.196
107.349
107.207
107.056
107.192
107.218
107.263
107.143
107.177
107.218
107.24
107.167
107.183
107.263
107.162
107.15
107.226
107.319
107.087
107.177
107.375
107.064
107.193
107.196
107.326
107.094
107.161
107.192
107.199
107.233
107.158
107.226
107.207
107.255
107.113
107.41
107.049
107.158
107.206
107.193
107.217
107.184
107.2
107.191
107.2
107.21
107.199
107.2
107.255
107.12
107.256
107.166
107.203
107.184
107.44
107.007
107.192
107.161
107.207
107.2
107.225
107.184
107.391
107.008
107.199
107.241
107.511
106.851
107.205
107.185
107.225
107.208
107.183
107.192
107.504
106.899
109.567
104.831
107.233
107.159
107.205
107.177
107.519
111.317
102.792
107.188
107.21
107.207
107.184
107.203
107.429
106.977
107.2
107.191
107.425
106.96
107.224
107.181
107.458
106.945
107.206
107.203
107.207
107.218
107.18
107.192
107.21
107.192
107.207
107.402
107.159
107.041
107.296
107.102
107.218
107.177
107.278
107.112
107.343
107.087
108.033
106.353
107.305
107.109
107.21
107.166
107.316
107.11
107.175
107.282
107.207
107.094
107.481
106.951
107.203
107.186
107.22
107.29
107.079
107.234
107.228
107.154
107.207
107.207
107.274
107.346
106.966
107.208
107.191
107.248
107.135
107.227
107.191
107.184
107.207
107.211
107.198
107.207
107.192
107.226
107.477
106.898
107.2
107.219
107.172
107.233
107.176
107.223
107.168
107.241
107.143
107.274
107.158
107.199
107.185
107.204
107.205
107.2
107.191
107.448
106.962
107.199
107.207
111.042
103.469
107.083
107.327
107.144
107.119
107.218
107.237
107.14
107.229
107.154
107.511
107.121
106.999
107.2
107.191
107.233
107.264
111.09
103.718
106.689
107.213
107.192
107.225
107.177
107.207
107.192
107.203
107.191
107.215
107.221
107.211
107.184
108.023
106.409
107.294
107.05
107.423
106.985
107.342
107.065
107.184
107.184
107.346
107.097
107.173
107.256
107.135
107.233
107.177
107.286
107.139
107.208
107.183
107.177
107.214
107.219
107.213
107.29
107.079
107.2
107.191
107.297
107.169
107.151
107.183
107.226
107.207
107.207
107.169
107.184
107.207
107.199
107.353
107.271
106.992
107.219
107.214
107.218
107.128
107.233
107.248
107.135
107.165
107.249
107.176
107.211
107.207
107.199
107.192
107.184
107.218
107.18
107.192
107.226
107.184
107.2
107.217
107.327
107.045
110.163
104.424
107.056
107.162
107.238
107.183
107.176
107.2
107.248
107.376
106.992
107.215
107.195
108.327
106.064
107.207
107.226
107.191
107.248
107.151
107.218
107.158
107.199
107.21
107.207
107.192
107.199
107.203
107.214
107.185
107.206
107.185
107.234
107.254
107.136
107.184
107.185
107.217
107.214
107.2
107.192
107.274
107.135
107.376
107.031
107.168
107.226
107.184
107.174
107.24
107.176
107.327
107.106
107.191
107.185
107.297
107.113
107.221
107.169
107.294
107.09
107.879
106.534
109.594
104.831
107.169
107.226
107.425
106.974
107.176
107.192
107.255
107.249
109.015
105.323
107.229
107.136
107.203
107.199
107.207
107.218
107.18
107.192
107.218
107.2
107.183
107.2
107.206
107.219
107.511
107.112
106.936
107.264
107.161
107.185
107.199
107.24
107.192
107.158
107.226
107.207
107.296
107.098
107.181
107.218
107.191
107.361
107.064
107.207
107.177
107.184
107.312
107.128
107.406
106.943
107.29
107.136
107.217
107.184
107.241
107.15
107.2
107.203
107.206
107.192
107.207
107.218
107.199
107.177
107.222
107.297
107.071
107.234
107.191
107.192
107.206
107.186
107.28
107.166
107.177
107.184
111.176
103.241
107.199
107.178
107.198
107.203
107.181
107.241
107.274
107.12
107.207
107.143
107.304
107.136
107.207
107.211
111.724
102.658
107.181
108.41
106.007
107.203
107.199
107.207
107.222
107.173
107.192
107.23
107.191
107.176
107.305
107.128
107.176
107.185
107.312
107.12
107.199
107.177
107.455
106.958
107.185
107.184
107.24
107.178
107.206
107.203
107.199
107.365
107.034
107.375
107.016
107.234
111.254
103.128
107.361
107.024
107.209
107.177
107.447
106.982
107.199
107.21
107.342
107.028
107.799
106.805
106.985
107.2
107.225
107.447
106.944
107.184
107.225
107.2
107.184
107.199
107.211
107.184
107.3
107.148
107.165
107.383
107.019
107.223
107.183
107.233
107.282
109.703
104.59
107.248
107.256
107.064
107.24
107.17
107.3
107.133
107.405
106.977
107.215
107.176
107.207
107.199
107.203
107.208
107.191
107.289
107.102
107.219
107.326
107.079
107.161
107.242
107.183
107.207
107.203
107.181
107.439
107
107.177
107.218
107.192
107.271
107.112
107.192
107.199
107.2
107.21
107.215
107.176
107.214
107.2
107.219
107.205
107.162
107.199
107.226
110.03
104.338
107.2
107.23
107.529
106.985
107.068
107.195
107.368
107.031
107.203
107.184
107.244
107.169
107.184
107.219
107.221
107.185
107.248
107.169
107.173
107.21
107.185
107.384
107.029
107.233
107.162
107.192
107.221
107.226
107.334
107.034
107.207
107.184
107.433
106.992
107.184
107.185
107.424
106.974
111.504
102.887
107.41
107.034
107.199
107.207
107.327
107.034
107.206
107.2
107.36
107.043
107.206
107.225
107.256
107.101
107.218
107.215
107.327
107.083
107.169
107.221
107.305
109.072
105.199
107.36
107.143
107.128
107.211
107.15
107.282
107.109
107.218
107.207
107.195
107.201
107.205
107.207
107.233
107.144
107.213
107.218
107.218
107.166
108.609
105.782
107.218
107.184
107.214
107.26
107.116
107.248
107.17
107.225
107.192
107.207
107.176
107.215
107.191
107.177
107.218
107.214
108.335
106.242
107.025
107.177
107.191
107.23
107.206
110.083
104.391
107.09
107.215
107.206
107.169
107.241
107.417
107.072
107.101
107.325
107.059
107.379
107.017
107.19
107.233
107.222
107.147
107.248
107.173
107.195
107.222
107.178
107.206
107.191
107.215
107.176
107.233
107.185
107.199
107.233
107.165
107.233
107.17
107.233
107.158
107.184
107.248
107.248
107.147
107.191
107.185
107.191
107.215
107.199
107.646
106.746
107.209
107.215
107.345
107.031
107.199
107.21
107.263
107.121
107.207
107.225
107.286
107.105
111
103.384
107.312
107.131
107.158
107.214
107.448
106.94
107.894
106.512
107.191
107.248
107.17
107.191
107.248
107.136
107.214
107.199
107.267
107.121
107.221
107.211
107.222
110.384
103.977
107.255
107.162
107.178
107.22
107.17
107.469
106.963
107.199
107.447
106.929
107.241
107.165
107.233
107.305
107.049
107.206
107.185
107.219
107.187
107.236
107.188
107.305
107.09
107.199
107.2
107.199
107.234
107.183
107.199
107.207
107.184
107.185
107.199
107.282
107.121
107.213
107.2
107.24
107.275
107.094
107.191
107.241
107.177
107.255
107.177
107.169
107.173
107.218
107.177
107.214
107.211
107.342
107.071
107.143
107.259
107.151
107.304
107.102
107.185
107.225
107.225
107.166
107.233
107.176
107.185
107.199
107.249
107.164
107.203
107.2
107.225
110.425
103.966
107.184
107.207
107.184
107.2
107.199
107.21
107.192
107.233
107.173
107.203
107.199
107.2
107.206
107.212
107.183
107.192
107.575
106.846
107.18
107.181
107.304
107.113
107.199
107.192
107.474
108.158
105.992
107.184
107.504
106.887
107.218
107.185
107.226
107.181
107.209
107.214
107.361
107.024
107.191
107.24
107.41
106.945
107.224
107.267
107.154
107.283
107.086
107.218
107.447
106.952
107.183
107.233
107.173
107.177
107.211
107.221
107.384
107.001
107.206
107.21
107.192
107.185
107.198
107.425
107
107.2
107.199
107.263
107.113
107.225
107.184
107.2
107.191
107.227
107.191
107.191
107.233
107.159
107.199
107.225
107.177
107.207
107.221
107.17
107.233
107.191
107.203
107.173
107.226
107.159
107.224
107.2
107.199
107.208
107.303
107.09
107.192
107.226
107.176
107.188
107.218
107.207
107.184
107.185
107.255
107.144
107.225
107.184
107.192
107.199
107.24
107.185
107.206
107.186
107.217
107.199
107.184
107.223
107.183
107.233
107.169
107.216
107.175
107.207
107.211
107.215
107.176
107.206
107.185
107.199
107.225
107.185
107.191
107.227
107.176
107.308
107.24
107.065
107.184
107.21
107.2
107.241
107.183
107.181
107.225
107.385
106.976
107.214
107.395
106.994
107.22
107.185
107.376
107.143
107.097
107.207
107.425
106.952
107.191
107.203
107.334
107.079
107.192
107.203
107.391
107.016
107.191
107.206
107.192
107.219
107.183
107.185
107.375
107.031
107.21
107.214
107.158
107.325
107.093
107.203
107.357
107.065
107.19
107.29
107.233
107.095
107.176
107.334
107.17
107.106
107.19
107.215
111.041
103.361
107.199
107.158
107.218
107.215
107.184
107.473
106.981
107.156
107.19
107.29
107.158
107.135
107.233
107.425
106.985
107.192
107.206
107.256
107.128
107.185
107.225
107.191
107.207
107.178
107.232
107.207
107.161
107.238
107.232
107.162
107.319
107.05
107.206
107.233
109.718
104.667
107.205
107.17
107.199
107.208
107.198
107.184
107.242
107.21
107.172
107.177
107.203
107.238
107.175
107.2
107.199
107.226
107.184
107.225
107.173
107.388
107.014
107.279
107.135
107.185
107.296
107.128
107.184
107.199
107.185
107.266
107.158
107.186
107.205
107.185
107.199
107.204
107.269
107.143
107.233
107.163
107.183
107.2
107.248
107.136
107.232
107.177
107.47
106.944
107.206
107.203
107.215
107.162
107.221
107.184
107.218
107.234
107.172
107.199
107.32
107.106
107.168
107.2
107.248
107.184
107.184
107.192
107.199
107.207
107.203
107.165
107.192
107.242
107.175
107.233
107.234
107.142
107.2
107.191
107.282
107.118
107.209
107.185
107.222
107.17
107.254
107.248
107.147
107.188
107.177
107.225
107.177
107.2
107.198
107.241
107.184
107.193
107.176
107.199
107.233
107.208
107.175
107.222
107.185
107.177
107.345
107.071
107.192
107.208
107.217
107.173
107.192
107.211
107.213
107.185
107.319
107.072
107.21
107.207
107.185
107.207
107.431
107.162
107.071
107.263
107.29
107.079
107.169
107.199
107.143
107.233
107.169
107.223
107.168
107.2
107.199
107.204
107.206
107.199
107.177
107.249
107.175
107.256
107.135
107.227
107.179
107.237
107.151
107.23
107.176
107.21
107.199
107.186
107.205
107.2
107.21
107.215
107.21
107.165
107.219
107.192
107.213
107.17
107.199
107.226
107.206
107.184
107.448
106.952
107.198
107.233
110.936
103.448
107.199
107.177
107.184
107.219
107.206
107.214
107.21
107.23
107.154
107.192
107.199
107.204
107.187
107.188
107.263
107.159
107.217
107.199
110.128
104.256
107.199
107.177
107.496
106.944
107.184
107.345
107.237
107.02
107.198
107.2
107.36
107.032
107.209
107.192
107.207
107.199
107.233
107.162
107.214
107.193
107.209
107.44
107.071
107.079
107.2
107.36
107.222
106.993
107.248
107.177
107.199
107.256
107.135
107.21
107.271
107.136
107.259
107.237
107.097
107.216
107.183
107.192
107.225
107.2
107.184
107.199
107.304
107.099
107.213
107.256
107.162
107.184
107.35
107.033
108.463
105.929
107.199
107.199
107.225
107.208
107.183
107.275
107.128
107.207
107.184
107.184
107.207
107.226
107.183
107.2
107.199
107.226
107.184
107.199
107.192
107.2
107.191
107.24
107.184
107.212
107.164
107.226
107.199
107.169
107.215
107.21
107.181
107.177
107.24
107.192
107.21
107.174
107.232
107.207
107.376
106.993
107.199
107.21
107.384
107.023
107.198
107.17
107.225
107.174
107.225
107.199
111.447
102.979
107.183
107.184
107.248
107.184
107.177
107.207
107.177
107.207
107.199
107.199
107.203
107.238
108.841
105.526
107.425
107.008
107.161
107.192
107.413
107.004
107.199
107.2
107.206
107.186
107.224
107.192
107.297
107.102
107.184
107.191
107.297
107.114
107.232
107.199
107.271
107.091
107.214
107.184
107.207
107.219
107.19
107.2
107.338
107.046
107.232
107.354
107.052
107.17
107.232
107.17
107.199
107.208
107.205
107.185
107.225
107.167
107.217
107.206
107.248
107.137
107.217
107.169
107.214
107.233
107.17
107.214
107.192
107.219
107.175
107.222
107.169
107.208
107.198
107.185
107.199
107.241
107.191
107.192
107.192
107.192
107.225
107.177
107.248
107.174
107.209
107.184
107.2
107.206
107.211
107.421
106.936
107.289
107.143
107.192
107.211
107.192
107.206
107.184
107.218
107.207
107.361
107.008
107.206
107.227
107.172
107.225
107.185
107.185
107.213
107.192
107.21
107.193
107.217
107.188
107.196
107.18
107.226
107.263
107.12
107.227
107.22
107.17
107.289
107.129
107.176
107.229
107.233
107.321
107.014
107.203
107.432
106.981
107.184
107.185
107.488
106.951
107.185
107.199
107.376
107.001
107.232
107.177
107.368
107.071
107.207
107.177
107.263
107.135
107.188
107.237
107.29
107.102
107.183
107.177
107.312
107.147
107.165
107.199
107.196
107.204
107.194
107.2
107.439
106.945
107.217
107.214
107.264
107.113
107.199
107.233
107.154
107.208
107.22
107.185
107.225
107.215
107.169
107.184
107.207
107.241
107.191
107.162
107.221
107.211
107.177
107.221
107.433
106.944
107.225
107.158
107.218
107.208
107.284
107.132
107.173
107.241
107.259
107.116
107.17
107.219
107.205
107.2
107.184
107.208
107.198
107.21
107.215
107.185
107.209
107.192
109.511
104.889
107.19
107.2
107.199
107.219
107.213
107.162
107.214
107.234
107.281
107.087
107.191
107.193
107.206
107.21
107.185
107.226
107.341
107.158
107.105
107.193
107.183
107.248
107.155
107.181
107.273
107.136
107.207
107.196
107.213
107.2
107.184
107.2
107.217
107.184
107.23
107.203
107.173
107.184
107.225
107.192
107.207
107.225
107.177
107.214
107.241
107.15
107.41
107.015
107.162
107.214
107.376
107.008
107.21
107.192
107.207
107.218
107.173
107.225
107.519
106.872
107.203
107.181
107.21
107.214
107.2
107.184
107.248
107.177
107.176
107.2
107.488
106.903
107.218
107.176
107.47
106.963
107.173
107.297
107.112
107.216
107.175
107.192
107.226
107.214
107.177
107.191
107.369
107.08
107.16
107.455
107.079
107.043
107.224
107.199
107.207
107.2
107.184
107.199
107.218
107.193
107.19
107.207
111.778
102.607
107.217
107.225
107.166
107.192
107.217
107.2
107.248
107.169
107.199
107.184
107.181
107.238
107.172
107.199
107.184
107.219
107.206
107.255
107.162
107.2
107.184
107.191
107.207
107.267
107.271
107.056
107.192
107.215
107.21
107.191
107.207
107.178
107.48
106.91
107.24
107.192
107.184
107.263
107.137
107.233
107.176
107.206
107.218
107.178
107.206
107.184
107.214
107.193
107.217
107.192
107.192
107.184
107.222
107.184
111.771
102.625
107.22
107.203
107.173
107.219
107.191
107.199
107.391
107.019
107.199
107.2
107.199
107.226
107.176
107.207
107.184
107.192
107.225
107.166
107.319
107.107
107.19
107.185
107.225
107.223
107.176
107.206
107.211
107.178
107.213
107.192
107.17
107.232
107.199
107.192
107.485
106.947
107.192
107.158
107.225
107.223
107.176
107.289
107.113
107.208
107.217
107.165
107.226
107.215
107.176
107.192
107.304
107.114
107.198
107.184
107.279
107.097
107.233
107.166
107.225
107.193
107.198
107.185
107.24
107.2
107.199
107.327
107.082
107.192
107.184
107.2
107.206
107.208
107.18
107.214
107.256
107.136
107.191
107.24
107.169
107.216
107.183
107.184
107.226
107.206
107.185
107.199
107.177
107.256
107.168
107.185
107.24
107.166
107.225
107.169
107.207
107.199
107.256
107.169
107.184
107.207
107.199
107.203
107.185
107.185
107.228
107.199
107.17
107.2
107.254
107.177
107.192
107.178
107.213
107.21
110.391
104.001
107.199
107.184
107.248
107.199
107.184
107.226
107.169
107.174
107.24
107.203
107.199
107.215
107.168
107.271
107.12
107.433
106.966
107.225
107.2
107.185
107.281
107.094
107.225
107.201
107.281
107.094
107.214
107.185
107.24
107.191
107.444
106.96
107.311
107.094
107.665
106.719
107.21
107.191
107.185
107.2
107.232
107.173
107.372
107.031
107.198
107.2
107.199
107.218
107.192
107.191
107.233
107.186
107.19
107.185
107.206
107.208
107.202
107.177
107.237
107.211
107.165
107.21
107.222
107.211
107.157
107.185
107.24
107.159
107.225
107.24
107.222
107.162
107.176
107.215
107.191
107.204
107.184
107.278
107.128
107.207
107.202
107.173
107.218
107.207
107.192
107.402
107.369
106.845
107.211
107.18
107.203
107.201
107.296
107.094
107.199
107.193
107.438
106.985
107.17
107.248
107.391
106.966
107.203
107.208
107.224
107.207
107.143
107.248
107.177
107.199
107.21
107.216
107.175
107.312
107.094
107.178
107.424
107.079
107.113
107.185
107.397
106.993
107.225
107.207
107.177
107.207
107.184
107.248
107.177
107.184
107.192
107.511
106.913
107.248
107.151
107.208
107.258
107.143
107.214
107.17
107.24
107.177
107.27
107.113
107.207
107.199
107.658
106.718
107.226
107.191
107.2
107.24
107.184
107.192
107.177
107.234
107.172
107.184
107.226
107.184
107.214
107.184
107.361
107.065
107.198
107.226
107.271
107.136
107.161
107.184
107.199
107.242
107.175
107.2
107.255
107.185
107.161
107.214
107.185
107.192
107.24
107.15
107.226
107.184
107.207
107.192
107.21
107.223
107.191
107.21
107.169
107.201
107.205
107.207
107.192
107.178
107.213
107.225
107.185
107.219
107.198
107.184
107.222
107.192
107.191
107.459
107.053
107.083
107.199
107.417
106.966
107.257
107.175
107.312
107.079
107.234
107.176
107.199
107.17
107.215
107.217
107.207
107.233
107.135
107.47
106.97
107.177
107.199
107.207
107.176
107.256
107.169
107.184
107.2
107.199
107.185
107.247
107.143
107.233
107.2
107.202
107.173
107.233
107.234
107.184
107.184
107.184
107.215
107.199
107.274
107.143
107.199
107.177
107.225
107.173
107.369
107.105
107.12
107.2
107.191
107.226
107.173
107.225
107.192
107.184
107.2
107.199
107.2
107.258
107.151
107.225
107.186
107.19
107.192
107.192
107.199
107.207
107.192
107.218
107.234
107.157
107.214
107.195
107.208
107.183
107.2
109.977
104.456
107.176
107.191
107.312
107.107
107.19
107.207
107.203
107.2
107.206
107.184
107.185
107.207
107.199
107.21
107.173
107.233
107.192
107.21
107.433
106.974
107.199
107.191
107.185
107.185
107.224
107.192
107.214
107.219
107.191
107.199
107.17
107.215
107.232
107.184
107.342
107.042
107.199
107.44
107.135
107.034
107.192
107.184
107.208
107.233
107.175
107.369
107.158
107.136
107.153
107.256
107.128
107.192
107.199
107.345
107.064
107.216
107.198
107.297
107.064
107.249
107.176
107.304
107.166
107.147
107.183
107.279
107.161
107.158
107.196
107.221
107.192
107.193
107.191
107.225
107.184
107.208
107.183
107.226
108.91
105.459
107.278
107.338
107
107.223
107.175
107.185
107.24
107.399
106.977
107.199
107.192
107.2
107.199
107.225
108.271
106.283
107.036
107.17
107.218
107.215
107.191
107.191
107.2
107.184
107.225
107.222
107.169
107.241
107.162
107.199
107.214
107.185
107.247
107.241
107.256
107.057
107.326
107.094
107.177
107.219
107.198
107.248
107.121
107.2
107.224
107.2
107.207
107.217
107.17
107.199
107.207
107.211
107.191
107.188
107.361
107.057
107.217
107.151
107.417
107.031
108.055
106.346
107.369
107.031
107.19
107.2
107.594
106.809
107.176
107.214
107.327
107.099
107.157
107.199
107.275
107.143
107.191
107.233
107.282
107.109
107.169
107.214
107.211
107.208
107.175
107.185
107.206
107.186
107.239
107.192
107.199
107.177
107.214
107.196
107.206
107.193
107.206
107.263
107.128
107.184
107.233
107.199
107.203
107.174
107.217
107.222
107.177
107.185
107.217
107.214
107.271
107.106
107.199
107.203
107.221
107.163
107.334
107.112
111.256
103.135
107.2
107.169
107.207
107.24
107.169
107.2
107.191
107.193
107.247
107.169
107.29
107.165
107.136
107.21
107.199
107.231
107.16
107.2
107.21
107.174
107.217
107.297
107.143
107.17
107.213
107.249
107.146
107.166
107.342
107.097
107.185
107.192
107.217
107.249
107.142
107.201
107.205
107.17
107.225
107.185
107.214
107.184
107.225
107.208
107.198
107.185
107.248
107.128
107.255
107.184
107.17
107.222
107.206
107.188
107.215
107.199
107.191
107.226
107.2
107.151
107.224
107.199
107.17
107.2
111.51
102.914
107.312
107.08
107.198
107.225
107.312
107.08
107.206
107.169
107.211
107.215
107.198
107.185
107.511
106.907
107.206
107.206
107.482
106.873
107.224
107.185
107.424
107.016
107.176
107.199
107.2
107.218
107.191
107.294
107.097
107.2
107.206
107.211
107.165
107.234
107.176
107.489
106.951
107.177
107.206
107.185
107.327
107.098
107.165
107.21
107.185
107.221
107.185
107.345
107.249
107.008
107.198
107.335
107.233
107.049
107.192
107.225
107.327
107.064
107.184
107.369
107.12
107.136
107.184
107.285
107.162
107.135
107.425
107
107.158
107.253
107.164
107.185
107.218
107.222
107.184
107.184
107.24
107.216
107.16
107.2
107.218
107.2
107.183
107.199
107.2
107.185
107.232
107.199
107.184
107.186
107.205
107.256
107.128
107.207
107.218
107.206
107.177
107.193
107.224
107.207
107.184
107.248
107.155
107.221
107.192
107.185
107.199
107.225
107.184
107.216
107.19
107.207
107.169
107.227
108.63
105.752
107.192
107.2
107.217
107.215
107.297
107.079
107.225
107.199
107.185
107.211
107.206
107.199
107.222
107.189
107.164
107.2
107.184
107.377
107.048
107.206
107.185
107.211
107.198
107.2
107.191
107.226
107.199
107.184
109.568
104.816
107.225
107.207
107.162
107.223
108.807
105.568
107.439
107
107.185
107.184
107.207
107.305
107.112
107.413
107.076
107.094
107.225
107.199
107.177
107.2
107.225
107.376
106.992
107.215
107.191
107.177
109.056
105.361
107.215
107.199
107.218
107.185
107.213
107.17
107.221
107.185
107.199
107.21
107.2
107.192
107.199
107.21
107.256
107.151
107.27
107.12
107.211
107.207
107.184
107.184
107.207
107.211
107.292
107.106
107.206
107.193
107.217
107.184
107.2
107.2
107.191
107.233
107.184
107.207
107.184
107.192
107.21
107.174
107.225
107.191
107.2
107.313
107.111
107.2
107.176
107.227
107.172
107.188
107.229
107.178
107.206
107.225
107.158
107.283
107.142
107.192
107.184
107.225
107.2
107.191
107.185
107.206
107.218
107.185
107.206
107.249
107.154
107.27
107.136
107.185
107.206
107.184
107.233
107.199
107.184
107.2
109.898
104.512
107.199
107.206
107.177
107.242
107.175
107.2
107.191
107.218
107.207
107.199
107.185
107.214
107.177
107.304
107.256
107.065
107.175
107.241
107.312
107.042
107.221
107.192
107.319
107.099
107.183
107.2
107.319
107.065
107.213
107.203
107.2
107.207
107.184
107.424
106.985
107.227
107.164
107.177
107.207
107.211
107.221
107.226
107.158
107.211
107.198
107.2
107.184
107.214
107.196
107.206
107.233
107.2
107.165
107.218
107.184
107.192
107.199
107.2
107.225
107.2
107.184
107.206
107.185
107.184
107.248
107.177
107.191
107.193
107.206
107.218
107.199
107.193
107.217
107.173
107.195
107.248
107.181
107.195
107.166
107.233
107.432
106.944
107.214
107.185
107.217
107.2
107.191
107.222
107.395
106.966
107.252
107.158
107.327
107.105
107.162
107.229
107.369
107.041
107.199
107.448
106.928
107.214
107.185
107.233
107.255
107.121
107.206
107.2
107.248
107.161
107.17
107.222
107.184
107.184
107.218
107.208
107.19
107.2
107.199
107.211
107.221
107.177
107.21
107.182
107.209
107.2
107.184
107.193
107.224
107.199
107.406
107.028
107.198
107.177
107.248
107.24
107.102
107.192
107.353
107.05
107.213
107.184
107.32
107.114
107.175
107.2
107.511
106.913
107.185
107.206
107.192
107.219
107.165
107.21
107.181
107.204
107.213
107.218
110.575
103.787
107.243
107.162
107.214
107.177
107.225
107.264
107.409
106.926
107.217
107.192
111.297
103.094
107.21
107.455
106.951
107.178
107.213
107.361
107.03
107.212
107.191
107.21
107.188
107.204
107.198
107.2
107.206
107.17
107.214
107.184
107.241
107.177
107.225
107.173
107.21
107.201
107.205
107.211
107.256
107.142
107.177
107.199
107.192
107.218
107.199
107.2
107.169
107.264
107.311
107.177
107.064
107.226
107.236
107.169
107.184
107.193
110.879
103.526
107.177
107.241
107.191
107.282
107.109
107.177
107.255
107.185
110.458
103.91
107.214
107.211
107.199
107.199
107.203
107.181
107.21
107.186
107.277
107.169
107.192
107.184
107.184
107.233
107.406
106.963
107.221
107.177
107.192
107.208
107.217
107.206
107.158
107.234
107.184
107.184
107.24
107.193
107.191
107.177
107.354
107.093
107.177
107.184
107.207
107.218
107.191
107.2
107.225
107.2
107.165
107.21
107.207
107.199
107.185
107.225
107.354
107.016
107.22
107.17
107.368
107.087
107.169
107.184
107.425
106.982
107.209
107.2
107.21
107.207
107.199
107.199
107.185
107.207
107.184
107.24
107.369
107.001
107.19
107.185
107.24
107.159
107.225
107.199
107.192
107.226
107.183
107.207
107.312
107.076
107.214
107.342
107.034
107.214
107.203
107.188
107.184
107.212
107.22
107.17
108.248
106.2
107.191
107.169
107.207
107.2
107.209
107.192
107.207
107.226
107.191
107.162
107.207
107.207
107.199
107.21
107.166
107.225
107.199
107.249
107.135
107.219
107.228
107.248
107.147
107.166
107.217
107.2
107.199
107.185
107.206
107.199
107.211
107.199
107.402
106.993
107.18
107.242
107.194
107.166
107.199
107.289
107.136
107.191
107.207
107.212
107.19
107.2
107.191
107.193
107.247
107.169
107.369
107.279
106.961
107.207
107.162
107.208
107.205
107.2
107.191
107.193
107.217
107.233
107.199
107.158
107.218
107.185
107.206
107.241
107.169
107.229
107.339
107.023
107.24
107.192
107.383
106.979
107.205
107.218
107.185
107.189
107.217
107.289
107.102
107.185
107.224
107.185
107.27
107.155
107.191
107.229
107.354
107.035
107.172
107.184
107.353
107.073
107.198
107.233
107.271
107.072
107.217
107.432
107.008
107.193
107.175
107.2
107.207
107.211
109.518
104.966
107.098
107.2
107.209
107.207
107.23
107.147
107.221
107.203
107.222
107.162
107.199
107.191
107.207
107.242
107.16
107.249
107.176
107.185
107.184
107.229
107.177
107.27
107.132
107.199
107.207
107.199
107.192
107.199
107.203
107.199
107.2
107.191
110.32
104.129
107.19
107.177
107.297
107.088
107.202
107.342
108.722
105.688
107.045
107.323
107.086
107.223
107.168
107.32
107.086
107.177
107.226
107.278
107.139
107.208
107.175
107.207
107.192
107.193
107.224
107.256
107.128
107.233
107.158
107.203
107.206
107.28
107.111
107.233
107.264
107.121
107.191
107.225
107.173
107.276
107.126
107.2
107.199
107.177
107.225
107.207
107.192
107.219
107.172
107.184
107.425
106.986
107.205
107.192
107.447
106.979
107.191
107.184
107.214
107.233
107.169
107.192
107.199
107.234
107.176
107.199
107.2
107.185
107.224
107.222
107.425
106.96
107.175
107.185
107.218
107.222
107.176
107.192
107.511
106.899
111.278
103.109
107.225
107.177
107.233
107.199
107.177
107.2
107.199
107.267
107.142
107.193
107.213
107.203
107.181
107.219
107.191
107.225
107.184
107.174
107.217
107.185
108.477
105.937
107.191
107.361
107.248
106.993
107.221
107.218
107.147
107.229
107.184
107.241
107.15
107.227
107.247
107.29
107.045
107.218
107.191
107.185
107.206
107.208
107.217
107.184
107.249
107.157
107.226
107.169
107.222
107.178
107.205
107.203
107.215
107.185
107.191
107.233
107.184
107.208
107.19
107.17
107.199
107.241
107.191
107.192
107.184
107.215
107.184
107.233
107.191
107.178
107.206
107.195
107.215
107.166
107.24
107.176
107.192
107.192
107.233
107.192
107.184
107.193
107.213
107.188
107.237
107.249
107.127
107.184
107.225
107.186
107.22
107.188
107.406
107.015
107.185
107.184
107.225
107.193
107.198
107.2
107.199
107.185
107.206
107.21
107.185
107.207
107.199
107.21
107.263
107.143
107.199
107.185
107.24
107.184
107.177
107.233
107.184
107.201
107.19
107.207
107.433
107.087
107.202
107.064
107.361
107.057
107.206
107.158
107.226
107.192
107.213
107.256
107.282
107.031
107.225
107.225
107.166
107.234
107.175
107.185
107.206
107.226
107.18
107.203
107.35
107.042
107.217
107.358
107.161
107.099
107.164
107.192
107.241
107.2
107.176
107.297
107.094
107.211
107.206
107.177
109.951
104.456
107.202
107.27
107.136
107.207
108.026
106.406
107.161
107.215
107.21
107.207
107.154
107.208
107.213
107.192
110.225
104.193
107.191
107.207
107.191
107.178
107.657
106.774
107.17
107.215
107.191
107.184
107.24
107.193
107.198
107.207
107.188
107.215
107.184
107.218
107.158
107.234
107.198
107.192
107.206
107.227
107.157
107.195
107.222
107.185
107.199
107.184
107.233
107.227
107.156
107.2
107.226
107.207
107.191
107.169
107.199
107.242
107.175
107.279
107.09
107.223
107.224
107.199
107.241
107.178
107.157
107.203
109.887
104.511
107.214
107.185
107.473
106.922
107.214
107.199
107.192
107.248
107.161
107.222
107.37
106.992
107.213
107.203
107.369
107.056
107.173
107.177
107.304
107.107
107.205
107.226
107.177
107.207
107.221
107.177
107.177
107.264
107.296
107.27
107.057
107.161
107.177
107.192
107.214
107.185
107.21
107.173
111.759
102.674
107.191
107.335
107.068
107.177
107.228
107.545
106.895
107.177
107.176
107.192
107.199
107.193
107.217
107.214
107.185
107.219
107.172
107.267
107.157
107.193
107.319
107.105
107.199
107.297
107.079
107.241
107.143
107.226
107.183
107.185
107.199
107.234
107.172
107.21
107.185
107.206
107.2
107.184
107.338
107.137
107.141
107.425
106.974
107.226
107.184
107.406
106.985
107.248
107.176
107.192
107.184
107.186
107.224
107.229
107.17
107.192
107.199
107.21
107.199
107.216
108.247
106.225
107.128
107.418
106.966
107.255
107.128
107.242
107.19
107.215
107.161
107.219
107.18
107.21
107.279
107.121
107.209
107.166
107.233
107.199
107.184
107.185
107.199
107.249
107.183
107.218
107.369
106.982
107.224
107.2
107.304
107.102
107.195
107.192
107.365
107.057
107.176
107.191
107.241
107.193
107.175
107.185
107.312
107.091
107.221
107.225
107.263
107.151
107.161
107.2
107.53
106.887
107.207
107.15
107.211
107.229
107.177
107.199
107.192
107.24
107.177
107.289
107.106
107.2
107.206
107.225
107.199
107.201
107.19
107.2
107.451
106.932
107.203
107.207
107.192
107.207
107.191
107.196
107.206
107.208
107.183
107.226
107.398
106.96
107.24
107.409
106.993
107.208
107.206
107.154
107.222
107.17
107.217
107.18
107.226
107.184
107.225
107.185
107.18
107.219
107.198
107.226
107.169
107.23
107.184
107.206
109.632
104.801
107.161
107.271
107.162
107.151
107.217
107.177
107.222
107.206
107.185
107.191
107.233
107.178
109.439
104.974
107.176
107.29
107.128
107.282
107.142
107.37
107.014
107.199
107.178
107.233
107.198
107.192
107.177
107.207
107.199
107.21
107.23
107.191
107.169
107.185
107.488
106.929
107.222
107.169
107.207
107.241
107.168
107.173
107.211
107.226
107.191
107.192
107.327
107.065
107.206
107.191
107.212
107.271
107.134
107.214
107.523
106.858
107.213
107.184
107.512
106.879
107.218
107.2
107.417
106.966
107.233
107.177
107.471
106.943
107.184
107.184
107.481
106.959
107.21
107.184
107.35
107.049
107.192
107.206
107.177
107.313
107.104
107.2
107.44
106.978
107.183
107.199
107.2
107.226
107.165
107.225
107.184
107.201
107.205
107.192
107.196
107.249
107.157
107.184
107.353
107.087
108.425
105.936
107.214
107.226
107.172
107.218
107.215
107.189
107.172
107.353
107.162
107.102
107.183
107.2
107.241
107.169
107.214
107.184
107.214
107.212
107.175
107.2
107.191
107.25
107.175
107.184
107.185
107.24
107.166
107.21
107.207
107.185
107.198
107.2
107.225
107.2
107.184
107.233
107.158
107.424
106.985
107.166
107.233
107.248
107.154
107.199
107.234
107.158
107.199
107.21
107.207
107.185
107.198
107.226
107.177
107.253
107.153
107.184
107.207
107.233
107.169
107.192
107.221
107.186
107.198
107.225
107.346
107.054
107.311
107.056
107.233
107.343
107.033
107.185
107.21
107.238
107.168
107.207
107.282
107.128
107.191
107.2
107.199
107.219
107.198
107.184
107.361
107.053
107.18
107.222
107.399
106.971
107.213
107.184
107.417
107.009
107.191
107.199
107.274
107.152
107.183
107.192
107.353
107.03
107.226
107.214
107.32
107.049
107.217
107.192
107.177
107.249
107.179
107.192
107.218
107.185
107.199
107.376
107.135
107.084
107.22
107.166
107.304
107.107
107.239
107.177
107.256
107.248
107.097
107.181
111.147
103.278
107.176
107.2
107.218
107.177
107.24
107.414
106.984
107.159
107.21
107.244
107.147
107.214
107.346
107.113
107.143
107.207
107.195
107.18
107.188
107.252
107.169
107.2
107.21
107.174
107.247
107.184
107.185
107.218
107.191
107.2
107.191
107.208
107.353
107.022
107.323
107.125
107.187
107.166
107.225
107.193
107.206
107.195
107.222
107.185
107.199
107.191
107.2
107.185
107.224
107.2
107.199
107.227
107.164
107.274
107.136
107.192
107.199
107.248
107.161
107.201
107.198
107.21
107.279
107.098
107.214
107.184
107.199
107.212
107.205
107.207
107.218
107.173
111.602
102.808
107.192
107.206
107.185
107.184
107.225
107.226
107.165
107.226
107.335
107.079
107.184
107.176
107.335
107.083
107.191
107.234
107.278
107.064
107.225
107.199
107.207
107.208
107.176
107.225
107.256
107.162
107.157
107.226
107.18
107.181
107.259
107.188
107.391
107.008
107.176
107.2
107.191
107.235
107.175
107.214
107.185
107.192
107.225
107.162
107.511
106.903
107.221
107.226
107.319
107.072
107.169
107.184
107.207
107.226
107.198
107.185
107.425
107.015
107.154
107.237
107.154
107.221
107.185
107.203
107.214
107.193
107.19
107.226
107.192
107.207
107.184
107.191
107.2
107.233
107.346
107.03
107.27
107.122
107.224
107.184
107.249
107.162
107.18
107.353
107.094
107.155
107.232
107.166
107.199
107.211
107.206
107.241
107.161
107.167
107.375
107.064
107.169
107.278
107.154
107.226
107.165
107.208
107.176
107.24
107.169
107.186
107.228
107.177
107.195
107.188
107.267
107.128
107.214
107.242
107.175
107.215
107.169
107.234
107.172
107.21
107.215
107.219
107.157
107.199
107.417
107.023
107.176
107.185
107.338
107.057
107.214
107.191
110.816
103.633
107.16
107.185
107.206
107.227
107.191
107.191
107.2
107.215
107.202
107.158
107.225
107.186
107.22
107.185
107.417
107.016
107.183
107.184
107.241
107.15
108.324
106.094
107.368
107.024
107.202
107.206
110.978
103.414
107.206
107.181
107.221
107.178
107.221
107.226
107.312
107.079
107.184
107.21
107.181
107.283
107.126
107.433
107.056
107.103
107.202
107.184
107.365
107.048
107.297
107.102
107.353
107.058
107.198
107.192
107.331
107.101
107.177
107.206
107.185
107.211
107.439
106.944
107.206
107.208
107.45
106.936
107.249
107.166
107.191
107.184
107.24
107.193
107.183
107.215
107.169
107.263
107.154
107.214
107.177
107.226
107.191
107.264
107.135
107.178
107.22
107.218
107.185
107.219
107.675
106.681
107.203
107.253
107.16
107.203
107.238
107.162
107.27
107.184
107.143
107.489
106.92
107.2
107.191
107.192
107.41
106.989
107.218
107.226
107.165
107.184
107.24
107.192
107.184
107.218
107.365
107.042
107.199
107.191
107.211
107.159
107.224
107.185
107.319
107.11
107.187
107.177
107.271
107.136
107.206
107.184
107.489
107.08
107.062
107.185
107.447
106.978
107.184
107.191
107.226
107.208
107.175
107.207
107.376
107.043
107.22
107.177
107.177
107.207
107.184
107.184
107.199
107.234
107.202
107.188
107.192
107.196
107.221
107.399
107.075
107.102
107.24
107.425
107.007
107.178
107.161
107.18
107.226
107.206
107.185
107.184
107.225
107.201
107.205
107.297
107.098
107.192
107.207
107.191
109.32
105.071
107.233
107.185
107.24
107.216
107.367
107.049
107.177
107.142
107.2
107.255
107.154
107.201
107.19
107.207
107.196
107.222
107.191
107.177
107.207
107.192
107.274
107.334
107.009
107.226
107.175
107.369
107.037
107.2
107.184
107.21
107.207
107.193
107.19
107.433
106.951
107.362
107.063
107.191
107.185
107.264
107.175
107.185
107.184
107.208
107.239
107.184
107.17
107.263
107.135
107.207
107.218
107.193
107.19
107.29
111.229
103.106
108.338
106.094
107.128
107.248
107.191
107.17
107.27
107.178
107.319
107.022
107.233
107.208
107.191
107.191
107.226
107.193
107.19
107.185
107.203
107.184
107.319
107.087
107.263
107.155
107.198
107.185
107.376
107.023
107.206
107.195
107.215
107.199
107.192
107.199
107.586
106.832
107.198
107.185
107.319
107.091
107.199
107.233
107.511
106.847
109.521
104.91
107.26
107.12
107.222
107.176
107.433
106.967
107.202
107.207
107.263
107.12
107.199
107.226
107.173
107.196
107.214
107.184
107.417
107
107.207
107.192
107.199
107.211
107.191
107.184
107.215
107.207
107.206
107.177
107.195
107.208
107.213
107.185
107.203
107.215
107.183
107.214
107.395
106.996
107.203
107.2
107.184
107.208
107.198
107.218
107.192
107.206
107.459
106.936
107.199
107.216
107.183
107.289
107.17
107.157
107.185
107.289
107.12
107.207
107.199
107.185
107.199
107.268
107.134
107.256
107.165
107.178
107.27
107.131
107.271
107.135
107.184
107.305
107.094
107.218
107.207
107.21
107.151
107.263
107.161
107.2
107.21
107.26
107.124
107.199
107.263
107.135
107.2
107.199
107.184
107.291
107.126
107.226
107.44
106.959
107.191
107.177
107.207
107.226
107.198
107.17
107.349
107.058
107.209
107.199
107.2
107.192
107.217
107.166
107.233
107.283
107.1
107.192
107.218
107.223
107.183
107.184
107.256
107.184
107.169
107.2
107.184
107.208
107.209
107.199
107.2
107.207
107.195
107.207
107.191
107.223
107.168
107.234
107.176
107.313
107.086
107.191
107.192
107.212
107.205
107.215
107.331
107.037
107.218
107.207
107.192
107.233
107.158
107.199
107.395
107
107.229
107.177
107.361
107.022
107.316
107.128
107.248
110.173
106.616
104.745
107.185
107.224
107.181
107.233
107.211
107.157
107.211
107.173
107.319
107.121
107.176
107.328
107.097
107.215
107.263
107.097
107.207
107.197
107.221
107.289
107.12
109.001
105.39
107.158
108.553
105.864
107.218
107.185
107.184
107.229
107.199
107.241
107.185
107.985
106.375
107.192
107.225
107.335
107.29
106.966
107.222
107.195
107.173
107.184
107.256
107.268
107.093
107.199
107.195
107.223
107.214
107.169
107.24
107.151
107.218
107.218
107.173
107.233
107.176
107.185
107.206
107.959
106.594
107.053
107.203
107.233
107.18
107.218
107.252
107.117
107.191
107.207
107.192
107.196
111.533
102.887
107.177
107.249
107.168
107.2
107.191
107.336
107.063
107.199
107.361
107.042
107.199
107.203
107.406
107.008
107.247
107.17
107.278
107.105
107.335
107.075
107.349
107.015
107.218
107.207
107.354
107.135
107.098
107.222
107.169
107.199
107.207
107.225
107.335
107.041
107.207
107.177
107.349
110.028
104.232
107.206
107.192
107.241
107.214
107.169
107.275
107.136
107.179
107.188
107.286
107.12
107.2
107.206
107.252
107.144
107.206
107.466
106.981
107.185
107.169
107.255
107.17
107.191
107.361
107.102
107.112
107.235
107.284
107.139
107.136
107.215
107.191
107.233
107.184
107.178
107.205
107.241
107.143
107.21
107.215
107.184
107.241
107.185
110.318
104.312
106.944
107.234
107.198
107.184
107.2
107.2
107.36
107.015
107.207
107.234
107.183
107.177
107.255
107.185
107.191
107.184
107.185
107.264
107.367
107.079
107.105
107.227
107.364
107.018
107.185
107.206
110.88
103.519
107.297
107.105
107.278
107.121
107.184
108.985
105.47
107.169
107.233
107.208
107.16
107.2
107.44
106.992
107.184
107.207
107.643
106.726
107.21
107.173
107.665
106.775
107.188
107.206
107.336
107.056
107.206
107.192
107.32
107.097
110.305
104.064
107.327
110.56
103.718
107.226
107.447
106.944
107.202
107.181
107.297
107.135
107.169
107.226
107.241
107.128
107.221
107.361
107.023
107.207
107.176
107.316
107.165
107.154
107.192
107.199
107.226
107.174
107.209
107.185
107.207
107.199
107.191
107.185
107.225
107.174
107.232
107.474
107.158
106.985
107.176
107.2
107.184
107.208
107.273
107.135
107.406
106.985
107.312
107.072
107.203
107.215
107.213
107.185
107.184
107.234
107.191
107.184
107.192
107.249
107.397
106.978
107.263
107.155
107.319
107.063
107.256
107.158
107.192
107.195
107.23
107.191
107.354
107
107.225
107.184
107.294
107.112
107.2
107.192
107.217
107.2
107.191
107.49
107.078
107.034
107.207
107.215
107.251
107.143
107.165
107.242
107.175
107.211
107.214
107.178
107.285
107.127
107.177
107.2
107.217
107.2
107.225
107.2
107.229
107.131
107.215
107.576
106.841
107.214
107.147
107.208
107.205
107.222
107.233
107.14
110.639
103.766
107.2
107.274
107.128
107.214
107.256
107.144
107.194
107.215
107.496
106.872
107.207
107.218
107.199
107.185
107.198
107.2
107.184
107.249
107.24
107.142
107.452
106.936
107.206
107.192
107.455
106.936
107.218
107.207
107.192
107.199
107.192
107.425
106.984
107.216
107.183
107.192
107.214
107.174
107.221
107.184
107.199
107.193
107.224
107.418
106.966
107.249
107.168
107.199
107.361
107.031
107.214
107.372
106.992
107.238
107.183
107.234
107.304
107.094
107.177
107.346
107.045
107.21
107.215
107.255
107.169
107.137
107.408
107.151
107.071
107.2
107.184
107.225
107.166
107.234
107.337
107.038
107.24
107.177
107.312
107.064
107.192
107.218
107.206
107.256
107.121
107.249
107.183
107.207
107.169
107.369
107.037
107.191
107.192
107.212
107.213
107.203
107.18
107.235
107.224
107.158
107.184
107.192
107.225
107.207
107.211
107.208
107.164
107.21
107.215
107.2
107.202
107.192
107.2
107.198
107.184
107.185
107.233
107.223
107.16
107.207
107.218
107.208
107.183
107.192
107.263
107.178
107.16
107.199
107.478
106.922
111.608
102.793
107.192
107.193
107.311
107.079
107.473
107.054
107.168
107.12
107.44
107.009
108.886
105.481
107.639
106.737
107.211
107.206
107.376
107.049
107.173
107.203
107.376
107.031
107.198
107.204
107.334
107.088
107.168
107.184
107.383
107.073
107.16
107.376
107.158
107.091
107.169
107.206
107.222
107.169
107.211
107.335
107.15
111.681
102.657
107.297
107.166
107.136
111.473
103
107.094
107.2
107.209
107.207
107.248
107.139
107.2
107.27
107.166
107.196
107.165
107.184
107.199
107.227
111.341
103.113
107.139
107.253
107.153
107.184
107.233
107.166
107.53
106.887
107.184
107.227
107.42
106.943
107.218
107.242
107.172
107.203
107.184
107.214
107.2
107.184
107.24
107.148
107.236
107.195
107.207
107.23
107.153
107.2
107.233
107.15
107.226
107.207
107.184
110
104.526
107.064
107.226
107.17
107.213
107.274
107.143
107.193
107.191
107.263
107.162
107.215
107.16
107.173
107.218
107.219
107.206
107.2
107.191
107.226
107.169
107.173
107.248
107.203
107.165
107.185
109.097
105.429
107.098
107.233
107.342
111.199
103.034
107.192
107.353
107.045
107.196
107.206
107.264
107.136
107.191
107.21
107.192
107.222
107.21
107.166
107.575
106.834
110.049
104.342
107.305
107.087
107.225
107.368
107.064
107.186
107.164
107.203
107.207
107.208
107.183
107.24
107.233
107.151
110.737
103.992
106.857
107.174
107.225
107.225
107.455
106.903
107.217
107.422
106.985
107.203
107.18
107.41
107.007
107.184
107.2
107.218
107.176
107.231
107.175
107.2
107.184
107.233
107.192
107.207
107.177
107.191
107.515
107.158
106.959
107.218
107.184
107.207
107.281
107.118
107.176
107.319
107.072
107.226
107.402
106.973
107.282
107.257
107.093
107.192
107.169
107.248
107.176
107.2
107.207
107.203
107.191
107.215
107.154
107.221
107.361
107.049
107.188
107.196
107.206
107.192
107.233
107.185
107.199
107.218
107.173
107.226
107.214
107.195
107.229
107.129
107.21
107.191
107.256
107.185
107.262
107.113
107.199
107.215
107.184
107.218
107.422
106.962
107.255
107.128
107.368
107.305
106.943
107.185
111.782
102.665
107.169
107.199
107.207
107.211
107.176
107.2
107.285
107.218
107.087
107.207
107.255
107.162
107.207
107.184
107.248
107.143
107.21
107.177
107.511
106.937
107.184
107.207
107.199
107.192
107.206
107.162
107.391
107.035
107.198
107.218
107.462
106.914
107.207
107.184
107.199
107.241
107.176
107.185
107.44
106.988
107.203
107.425
107.158
107
107.331
107.286
107.161
107.03
109.497
105.105
107.071
107.143
107.184
107.192
107.346
107.079
107.173
107.379
107.17
107.087
107.191
107.327
107.12
107.163
107.164
107.177
107.274
107.143
107.199
107.264
107.161
107.184
107.207
107.218
107.181
107.259
107.199
108.576
105.785
107.166
107.248
107.135
107.226
107.191
107.207
107.203
107.207
107.227
107.172
107.21
107.162
107.436
106.992
107.233
107.143
107.384
107.033
107.219
107.191
107.181
107.199
107.195
107.2
107.223
107.232
107.191
107.185
107.264
107.311
107.026
107.184
107.173
107.226
107.199
107.402
106.981
107.218
107.2
107.368
107.057
107.169
107.191
107.35
107.049
107.207
107.233
107.297
109.52
105.758
106.218
107.406
106.962
107.23
107.169
107.413
107.019
107.184
107.207
107.433
106.951
107.289
107.12
107.185
107.222
107.184
107.191
107.346
107.079
107.2
107.203
107.503
106.911
107.191
107.192
107.169
107.249
107.191
107.184
107.353
107.057
107.18
107.481
107.105
107.015
107.207
107.177
107.282
107.165
107.196
107.173
107.203
107.229
107.177
107.191
107.241
107.159
107.225
107.199
107.21
107.166
107.203
107.229
107.241
107.127
107.2
107.21
107.263
107.128
107.207
107.214
107.226
107.136
107.409
107.113
107.094
107.233
107.282
107.094
107.184
107.242
107.468
106.907
107.184
107.214
107.271
107.146
107.2
107.177
107.198
107.215
107.188
107.223
107.183
107.184
107.199
107.233
107.185
107.199
107.199
107.185
107.217
107.177
107.214
107.192
107.207
107.203
107.181
107.255
107.338
107.023
107.199
107.226
107.184
107.838
106.579
107.177
107.207
107.278
107.105
107.199
107.233
107.177
107.192
107.206
107.203
107.222
107.162
107.248
107.252
107.154
107.248
107.094
107.226
107.184
107.241
107.334
109.079
105.154
107.354
107.065
107.183
107.18
107.425
107.071
107.121
107.21
107.357
107.065
107.176
107.226
107.312
107.041
107.214
107.199
107.343
107.09
107.177
107.206
107.297
107.087
107.21
107.184
107.32
107.159
107.134
107.376
107.105
107.137
107.198
107.368
107.027
107.214
107.177
107.327
107.143
107.125
107.206
107.206
107.241
107.192
107.157
107.211
107.207
107.204
107.172
107.184
107.241
107.2
107.206
107.368
107
107.233
107.169
107.192
107.233
107.193
107.191
107.199
107.191
107.2
107.21
107.215
107.169
107.23
107.179
107.196
107.184
107.233
111.354
103.022
107.199
107.276
107.142
107.191
107.2
107.191
107.452
106.966
107.176
107.222
107.196
107.207
107.248
107.159
107.386
106.988
107.211
107.208
107.262
107.128
107.225
107.215
107.169
107.278
107.098
107.233
107.192
107.248
107.135
110.881
103.566
107.154
107.215
107.214
107.226
107.176
107.2
107.192
107.183
107.226
107.173
107.234
107.176
107.184
107.248
107.184
107.192
107.192
107.455
106.971
107.172
107.203
107.199
107.233
107.165
107.192
107.218
107.2
107.199
107.191
107.312
107.113
107.177
107.184
107.568
106.85
107.199
107.214
107.24
107.129
107.217
107.215
107.488
106.887
107.2
107.184
107.523
106.925
107.168
107.211
107.222
107.177
107.206
107.271
107.098
107.241
107.191
107.184
107.496
106.903
107.199
107.211
107.462
106.97
107.158
107.199
107.444
106.974
107.199
107.368
107.233
106.994
107.198
107.425
107.161
107.039
107.176
107.199
107.376
107.079
107.139
107.398
106.978
107.23
107.225
107.169
107.361
107.061
107.175
107.369
107.169
107.11
107.161
107.289
107.166
107.146
107.406
106.985
107.241
107.169
107.199
107.207
107.207
107.192
107.191
107.192
107.211
107.241
109.232
105.222
107.098
107.207
107.199
107.184
107.192
107.249
107.702
106.744
107.154
107.159
107.21
107.207
107.221
107.186
107.239
107.147
107.222
107.191
107.192
110.992
103.403
107.229
107.169
107.192
107.233
107.158
107.21
107.215
107.432
106.994
107.164
107.184
107.425
107.207
106.985
107.207
107.203
107.23
107.168
107.192
107.225
107.201
108.096
106.271
107.335
107.082
107.215
107.184
107.496
106.888
107.217
107.173
107.226
107.199
107.207
107.195
107.384
107.022
107.207
107.184
107.425
106.97
107.207
107.191
107.433
107.022
107.155
107.199
107.402
106.99
107.206
107.176
107.417
107.017
107.183
107.203
107.327
111.406
102.864
107.2
107.199
107.219
107.213
107.372
107.166
107.057
107.184
107.199
107.199
107.184
107.211
107.364
107.147
107.102
107.203
107.18
107.316
107.109
108.297
106.09
107.278
107.105
107.215
107.199
107.192
107.225
107.185
107.199
107.248
107.143
107.21
107.301
107.098
107.297
107.094
107.225
107.177
107.2
107.198
107.256
107.128
107.226
107.206
107.177
107.207
107.21
107.2
107.206
107.215
107.161
107.44
106.985
107.184
107.192
107.222
107.21
107.185
107.2
107.382
106.993
107.214
107.234
107.168
107.199
107.192
107.233
107.624
106.76
107.191
107.201
107.209
107.2
107.184
107.206
107.2
107.297
107.263
107.049
107.21
107.278
107.072
107.225
107.215
107.255
107.136
107.185
107.225
107.184
107.222
107.203
107.191
107.173
107.275
107.166
107.195
107.206
107.406
106.97
107.199
107.2
107.191
107.241
107.177
107.199
107.368
108.362
105.872
107.184
107.421
106.97
107.233
107.192
107.342
107.09
107.158
107.21
107.215
107.199
107.184
107.196
107.315
109.034
105.966
106.474
107.304
107.107
107.19
107.215
107.304
107.121
107.909
106.602
107.143
107.135
107.177
107.191
107.275
107.143
111.567
102.906
107.158
107.178
110.616
103.838
107.162
107.191
107.185
107.184
107.215
107.217
107.181
107.218
107.176
107.207
107.353
107.038
107.226
108.624
105.887
107.098
107.169
107.241
107.165
107.184
107.199
107.216
107.202
107.214
107.184
107.219
107.191
107.319
107.162
107.11
107.191
107.199
107.298
107.105
107.326
107.091
107.255
109.911
104.623
106.992
107.185
107.248
107.368
107.008
107.225
107.193
107.198
107.185
107.218
107.191
107.166
107.225
107.2
107.233
107.165
107.184
107.207
107.226
107.184
107.184
107.193
108.367
106.76
106.503
107.2
107.338
107.086
107.162
107.222
107.226
107.15
107.184
107.504
106.922
107.224
107.173
107.369
107.027
107.221
107.21
107.256
107.114
107.206
107.191
107.263
107.185
107.15
107.211
107.298
107.927
106.372
107.218
107.519
106.872
107.192
107.211
107.293
107.114
107.19
107.177
107.519
106.879
107.234
107.368
107.297
106.896
107.239
107.169
107.399
107.049
107.184
107.271
107.135
107.207
107.162
107.225
107.456
106.921
108.646
105.8
107.399
106.963
107.199
107.206
107.185
107.211
107.198
107.215
107.312
107.057
107.206
107.432
107.169
106.993
107.199
107.207
107.21
107.201
107.213
107.177
107.368
107.05
107.191
107.206
107.177
107.257
107.318
107.042
107.207
107.176
107.207
107.203
107.248
107.166
107.191
107.192
107.225
107.208
107.176
107.199
107.192
107.199
107.252
107.271
107.086
107.222
107.169
107.199
107.211
107.215
107.176
107.289
107.121
107.185
107.206
107.263
107.139
107.191
107.215
107.192
107.184
107.354
107.078
107.192
107.199
107.218
107.184
107.2
107.199
107.27
107.121
107.21
107.2
107.214
107.177
107.218
107.206
107.17
107.214
107.192
107.218
107.165
107.226
107.199
107.361
107.03
107.203
107.18
107.218
107.226
107.173
107.225
107.226
107.174
107.183
107.207
107.21
107.218
107.181
107.192
107.451
106.959
107.176
107.207
107.432
106.96
107.202
107.214
107.425
106.99
107.168
107.184
107.199
107.241
107.177
107.225
107.173
107.184
107.233
107.2
107.195
107.207
107.192
107.214
107.195
107.2
107.214
107.15
107.233
107.186
107.205
107.192
107.218
107.211
107.188
107.203
107.304
111.478
102.808
107.248
107.143
107.199
107.218
111.617
102.793
107.159
107.224
107.23
107.248
107.14
107.172
107.21
107.256
107.151
107.402
106.966
107.255
107.144
107.225
107.21
107.207
107.184
107.2
107.191
107.192
108.226
106.27
107.158
107.147
107.199
110.654
103.763
107.2
110.672
103.741
107.184
107.196
107.2
107.247
107.158
107.218
107.35
109.631
104.602
107.225
107.158
107.211
109.917
104.496
107.212
107.172
107.21
107.215
107.225
107.151
109.12
105.27
107.22
107.198
107.297
107.094
107.21
107.177
107.222
107.327
107.225
107.049
107.2
107.312
107.12
107.173
107.21
107.162
107.214
107.278
107.113
107.271
107.17
107.176
107.233
107.143
107.218
107.207
107.214
107.659
106.717
107.199
107.211
107.199
107.199
107.282
107.12
107.177
107.238
107.176
107.206
107.354
107.042
107.206
107.192
107.334
107.072
107.203
110.823
103.695
107.113
107.184
107.207
107.226
107.176
107.185
109.718
104.681
107.213
107.17
107.334
107.162
107.12
107.226
109.59
104.793
107.207
107.177
107.191
107.248
107.143
107.192
107.226
107.199
107.218
107.173
107.255
107.162
107.199
107.177
107.504
106.928
107.192
107.199
110.794
103.59
107.2
107.21
110.879
103.512
107.206
107.256
107.147
111.872
102.545
107.184
107.199
107.192
107.214
107.801
106.583
107.304
107.107
107.367
107.015
107.214
107.212
107.206
107.289
107.165
107.113
107.233
107.185
107.214
107.188
107.214
107.173
107.244
107.173
107.192
107.218
107.165
107.241
107.282
107.165
107.128
107.41
106.985
107.263
107.151
107.21
108.598
105.801
107.275
107.262
107.064
107.184
107.2
107.552
106.831
110.767
103.631
107.234
107.206
107.177
107.233
107.17
107.176
107.222
107.184
107.233
107.222
107.169
107.368
107.158
107.072
107.184
107.347
107.078
107.177
107.199
107.225
107.207
107.184
107.185
107.289
107.101
107.211
109.737
104.752
107.143
107.191
107.185
107.248
107.143
107.203
107.214
107.24
107.158
111.703
102.681
107.41
107.007
108.583
105.793
107.256
107.161
107.177
107.222
107.207
107.184
107.218
107.413
106.97
107.215
107.184
107.887
106.658
107.09
107.181
107.432
106.977
107.2
107.184
107.192
107.319
107.098
107.192
107.199
107.199
107.226
107.191
107.192
107.158
107.21
107.279
107.161
107.158
107.226
107.447
107.064
107.163
107.127
107.406
106.985
107.482
106.927
107.32
107.064
107.199
107.214
107.203
107.2
107.214
107.184
107.199
107.32
107.068
107.263
107.143
107.21
107.18
107.242
107.213
107.252
107.102
107.233
109.064
105.376
107.128
107.199
107.191
107.226
107.177
107.214
107.199
107.2
107.188
107.214
107.192
107.199
107.218
107.278
108.553
105.752
107.192
107.199
107.218
107.349
107.057
107.424
109.76
104.417
107.199
109.865
104.526
107.192
107.38
107.23
111.488
102.703
107.218
108.76
105.665
107.173
107.26
107.157
107.177
107.199
107.425
106.992
109.639
104.76
107.191
107.226
107.165
107.192
107.196
107.229
107.184
107.199
107.219
107.176
107.207
107.192
107.353
107.079
107.177
107.191
107.327
109.385
104.912
107.185
107.206
107.2
107.184
107.233
107.376
107.071
107.121
107.184
107.312
107.087
107.225
107.192
107.184
107.214
107.211
107.206
107.248
108.297
106.042
107.285
107.242
107.086
107.225
107.151
107.458
106.966
107.185
107.233
107.263
107.128
107.184
107.225
107.166
107.218
107.278
108.752
105.553
107.206
107.218
107.192
107.207
107.184
107.241
107.154
107.18
107.233
110.448
103.936
107.184
107.233
107.192
107.192
107.225
107.184
107.192
107.207
107.207
107.177
107.217
107.207
107.177
107.233
107.18
111.602
102.809
107.198
107.185
107.218
107.206
107.512
110.921
103.143
107.206
107.203
109.357
105.042
111.12
103.271
107.353
107.057
107.199
107.199
107.207
107.195
107.173
107.369
110.857
103.402
107.189
107.36
107.056
108.076
106.3
107.241
107.177
107.199
107.248
107.135
107.32
107.098
107.206
107.207
107.196
107.191
109.966
104.433
107.192
107.199
107.402
107.015
107.199
108.647
105.921
107.015
107.199
107.211
107.361
107.034
107.206
107.2
107.214
107.169
107.218
107.173
107.263
107.162
107.192
107.206
107.203
107.207
110.47
103.921
107.177
107.24
107.185
107.199
107.207
107.21
107.199
107.185
107.199
107.214
107.181
107.206
107.215
107.176
107.226
107.188
107.21
107.185
107.199
107.192
107.225
107.184
107.2
107.199
107.192
107.225
109.391
105.015
107.2
107.176
107.177
107.225
107.215
107.928
110.887
102.786
107.199
107.192
107.192
107.192
107.218
107.222
107.199
107.176
107.2
108.8
105.587
110.782
103.609
107.214
107.203
107.192
107.199
107.199
107.369
107.037
107.177
107.212
107.205
107.207
107.184
107.226
107.207
107.184
107.225
107.448
106.928
107.2
107.206
107.178
107.232
107.192
107.192
107.2
107.375
107.049
107.191
107.384
107
107.225
107.177
107.357
107.042
107.199
107.21
107.181
107.304
107.106
107.214
107.177
108.353
106.056
107.455
106.944
107.207
107.191
107.177
107.233
107.192
107.199
107.218
107.166
107.21
107.207
107.248
107.136
107.21
107.207
107.27
107.128
107.218
107.184
107.185
107.24
107.173
107.192
107.203
107.229
107.177
107.192
107.264
107.16
107.17
107.255
107.182
107.16
107.233
107.185
107.248
107.144
107.198
107.21
107.223
107.161
107.207
107.21
107.372
107
107.241
107.192
107.21
107.184
107.215
107.184
107.207
109.922
105.262
106.425
107.192
107.168
107.207
107.218
109.624
104.775
107.255
107.136
107.199
107.203
107.218
107.331
107.049
107.192
107.218
107.214
107.233
107.177
107.191
107.207
107.233
107.128
107.207
107.203
107.237
107.169
107.218
107.312
107.094
107.184
111.816
102.616
107.158
107.226
107.177
107.199
107.184
107.256
107.176
107.185
107.2
107.461
106.948
107.214
107.162
107.454
109.688
104.463
107.176
107.241
107.959
106.432
107.211
107.214
107.256
107.12
107.199
107.297
110.541
103.779
107.184
107.207
107.184
107.21
107.192
107.456
106.943
107.221
107.162
107.241
107.191
107.192
107.177
107.225
107.241
107.158
107.199
107.433
106.984
107.2
107.176
107.215
108
106.394
107.173
107.233
107.185
107.206
107.474
106.93
107.22
107.203
107.166
107.184
107.226
107.184
107.462
106.97
107.207
107.177
107.218
107.18
110.226
104.165
107.203
107.214
107.2
107.184
107.402
106.993
107.221
107.185
107.184
107.233
107.207
110.936
103.432
107.208
107.206
107.21
107.353
107.038
107.199
107.196
107.18
107.241
107.274
107.32
107.007
107.192
107.199
107.185
107.312
107.12
107.162
107.214
107.192
107.218
107.191
107.2
107.229
107.162
107.206
109.41
104.993
107.206
107.192
107.192
107.192
107.226
107.217
107.181
107.225
107.2
107.169
107.199
107.192
107.234
107.175
107.2
107.206
107.192
107.207
107.188
107.207
107.398
106.985
107.241
107.206
107.177
110.056
104.328
107.199
107.207
107.251
107.151
107.199
107.185
107.225
107.207
107.177
107.199
107.199
107.199
107.196
107.236
107.177
107.211
107.184
107.477
106.921
107.2
107.191
107.361
107.057
107.199
107.192
107.21
107.199
111.327
103.049
107.35
107.064
107.199
107.233
107.331
107.038
107.199
107.218
107.207
107.176
107.207
107.361
107.023
107.218
107.191
107.406
107.075
107.11
107.218
107.358
107.011
107.27
107.158
107.188
107.214
107.192
109.706
104.782
107.136
107.191
107.185
107.375
107.042
107.192
107.206
107.263
107.122
107.202
110.669
103.737
107.192
107.199
107.21
107.207
107.184
107.23
107.195
107.199
107.207
109.673
104.808
107.087
107.218
107.192
107.199
107.248
107.143
107.21
111.263
103.121
111.488
102.918
107.21
107.222
107.184
107.226
107.383
107
107.185
107.206
107.192
107.192
107.2
107.217
107.192
107.185
107.225
107.191
107.2
107.214
107.177
108.383
106.056
107.29
107.263
107.008
109.977
104.414
109.368
105.218
107.158
107.083
107.165
107.226
108.462
105.921
107.271
107.135
107.184
107.218
107.192
109.008
105.409
107.207
107.384
107
107.199
107.199
107.372
107.03
107.207
107.177
107.225
107.207
107.233
107.263
107.087
107.184
107.226
107.184
107.207
107.206
107.211
107.169
109.229
105.185
107.218
107.165
107.289
107.151
107.177
107.191
107.241
107.177
107.199
107.304
107.114
109.51
104.865
107.376
108.12
106.117
109.522
105.008
107.071
107.207
107.203
107.293
107.113
107.184
107.185
107.191
107.226
107.192
107.206
107.44
106.955
107.188
107.211
107.184
107.207
107.199
107.218
107.406
107
107.203
107.165
107.192
107.241
107.199
107.195
107.166
107.24
107.185
107.199
107.184
107.207
109.079
105.346
107.161
107.23
107.184
107.473
106.952
107.191
107.361
109.369
105.079
107.001
107.19
107.241
107.135
107.219
107.199
107.184
107.312
107.094
107.203
107.207
107.575
107.462
106.553
107.338
107.058
107.213
107.207
107.24
107.169
107.207
107.177
107.225
107.215
107.158
107.203
107.206
107.226
107.177
107.184
107.349
107.064
107.203
110.109
104.282
107.222
107.177
107.192
107.225
107.199
107.399
106.985
110.56
103.823
107.456
107.01
107.136
107.199
107.241
107.176
107.2
107.199
107.263
110.579
103.748
107.184
107.594
106.895
111.226
103.112
107.215
107.176
107.215
107.225
107.193
107.168
107.207
107.225
107.166
107.233
107.177
107.199
107.192
107.191
107.218
107.2
107.206
107.192
107.211
107.263
107.15
107.177
107.199
107.447
106.938
109.615
109.263
102.752
107.211
107.191
107.162
107.199
107.207
110.959
103.481
107.178
107.198
107.289
107.121
107.349
107.015
107.226
107.481
107.056
107.064
107.2
107.184
107.368
107.045
107.192
107.211
107.169
107.252
107.184
107.184
107.402
107.008
107.207
107.402
106.981
107.226
107.864
106.711
106.985
107.233
107.271
111.439
102.929
107.15
107.177
107.226
107.248
107.143
107.199
107.267
107.158
107.184
107.184
107.233
107.271
107.143
107.402
107.015
107.169
107.159
107.225
107.184
107.229
107.204
107.157
107.226
107.184
107.207
107.191
108.632
105.771
107.221
107.218
109.215
105.176
107.17
107.214
107.192
107.191
107.433
107.048
107.136
107.199
107.218
107.173
110.617
103.778
107.233
107.184
107.199
107.215
107.289
107.102
107.184
107.184
107.282
107.327
107.008
107.233
107.214
107.169
110.583
103.802
107.198
107.21
107.2
107.184
107.207
107.191
107.218
107.2
107.206
107.207
107.177
107.225
107.192
107.218
107.166
107.191
107.425
107.335
106.864
107.177
107.214
107.218
110.688
103.93
106.973
109.624
104.763
107.207
107.199
107.192
107.184
107.199
107.233
107.192
107.192
107.218
107.184
108.567
105.816
107.376
107.038
107.199
107.226
107.334
107.043
110.656
103.767
107.215
107.162
107.199
107.225
107.241
107.15
107.184
107.233
107.294
107.105
107.177
107.199
107.218
107.199
107.184
110.504
103.88
107.207
107.206
108.801
105.624
107.177
107.207
110.026
104.398
107.185
107.184
110.455
103.977
107.158
107.211
107.191
107.215
107.184
107.361
107.022
107.226
107.214
107.196
107.18
107.188
107.222
107.199
107.199
107.177
107.241
107.206
107.275
107.12
107.376
107.237
106.955
107.199
107.214
107.218
109.376
104.993
107.214
107.192
107.624
106.744
107.233
107.233
107.177
107.214
107.215
107.33
107.038
107.192
107.402
107.008
107.225
107.199
107.415
107.07
109.993
104.304
107.41
107
107.184
107.201
107.19
107.2
107.199
107.226
107.176
107.207
107.214
107.218
107.463
106.906
107.184
107.248
107.15
110.538
103.88
107.184
107.214
107.211
110.357
104.034
107.206
107.185
107.191
107.369
107.049
107.199
107.207
107.319
107.057
107.218
107.199
107.312
107.086
107.196
107.207
107.301
107.097
107.192
107.184
107.481
106.952
107.184
107.631
106.85
107.135
107.226
107.173
107.24
107.154
107.2
107.206
107.193
107.191
107.233
107.177
109.512
104.879
111.736
102.688
107.2
107.184
107.192
107.432
106.974
107.189
107.213
107.199
107.203
107.222
107.169
107.384
107.248
106.966
107.21
107.2
107.199
107.199
107.233
110.226
104.116
107.248
107.177
107.199
107.177
107.248
107.177
110.951
103.44
107.203
107.462
108.647
105.568
107.127
107.192
107.211
107.249
107.262
111.425
102.872
107.24
107.242
107.108
107.481
106.951
107.178
107.191
107.192
107.206
108.816
105.737
107.049
107.207
107.409
106.978
107.222
107.191
107.391
106.993
107.192
110.85
103.657
107.229
107.079
107.177
107.297
107.135
107.185
107.184
107.319
107.106
107.199
107.207
107.195
107.192
107.207
107.221
107.44
110.835
103.319
107.399
106.97
107.214
110.041
104.512
109.936
104.312
107.184
107.384
107.042
107.191
107.199
107.282
107.101
109.459
106.308
106.105
106.937
107.24
110.59
104.076
106.903
107.183
107.207
107.24
107.17
107.199
107.192
107.21
107.335
107.064
110.319
104.248
107.03
107.196
107.222
107.413
106.989
107.173
107.255
107.128
107.233
107.177
107.417
106.974
107.233
107.177
107.229
107.297
107.072
107.218
107.199
107.184
109.079
105.459
107.199
107.169
107.118
107.183
110.898
103.564
107.169
107.185
107.353
107.015
107.227
107.198
107.192
107.24
107.154
107.188
110.936
103.482
107.199
107.218
107.342
107.049
107.218
107.342
107.03
107.211
107.192
107.236
107.181
107.195
111.707
102.808
109.177
105.086
107.226
107.192
107.199
107.184
110.921
103.496
107.241
107.143
107.44
107.056
107.135
107.215
107.361
107.338
106.895
107.191
107.185
107.199
107.199
107.233
107.173
107.211
107.184
107.199
107.459
106.932
108.97
105.466
107.237
107.147
109.03
105.361
109.03
105.391
107.225
107.147
110.071
104.335
107.304
107.079
107.226
107.192
107.184
107.334
110.306
103.976
107.2
107.305
107.349
110.082
104.061
107.218
107.177
107.206
107.199
107.444
106.952
107.285
107.135
107.203
107.166
107.233
107.184
107.376
107.041
107.158
107.233
107.29
107.086
107.226
107.191
107.173
107.291
107.206
107.161
107.151
107.21
110.102
104.33
107.312
107.087
111.504
102.872
111.519
102.872
111.425
103.142
111.346
102.888
111.391
103.154
111.406
102.857
111.391
103.004
111.391
103.037
111.354
103.022
111.384
103.041
111.496
102.895
111.522
102.854
111.402
103.008
111.398
102.993
111.383
103.023
111.36
103.042
111.391
103.007
111.429
102.974
111.376
103.022
111.906
102.489
111.646
102.76
111.41
102.996
111.515
102.887
111.775
102.624
111.545
102.823
111.523
103.086
111.417
102.79
111.496
103.071
111.234
103.015
111.361
103.026
111.406
103.015
111.361
103.101
111.331
102.993
111.703
102.736
111.418
102.943
111.455
102.944
111.402
102.981
111.44
102.978
111.398
103
111.376
103.162
111.255
103.008
111.391
103
111.417
102.989
111.38
103.007
111.399
103.011
111.583
102.823
111.391
103.019
111.349
103.042
111.383
103.008
111.383
103.015
111.395
103
111.59
102.842
111.35
103.034
111.639
102.767
111.368
103.026
111.463
102.958
111.376
102.993
111.451
102.959
111.838
102.564
111.38
103.056
111.346
103.007
111.392
103.026
111.357
103.034
111.406
102.992
111.402
102.989
111.417
103.008
111.417
102.963
111.462
102.944
111.447
103.007
111.425
102.936
111.376
103.023
111.376
103.011
111.387
103.218
111.177
103.008
111.466
102.958
111.35
103.041
111.44
102.963
111.398
103.015
111.354
103.015
111.376
103.063
111.369
103
111.519
102.891
111.357
103.034
109.71
104.688
111.639
102.763
111.357
103.042
111.447
102.944
111.451
103.086
111.279
102.985
111.391
103.033
111.504
102.872
111.598
102.801
111.41
103.127
111.44
102.857
111.542
102.849
111.365
103.034
111.361
103.022
111.624
102.978
111.177
103.056
111.361
103.007
111.399
102.992
111.376
103.023
111.391
103.004
111.413
102.985
111.553
102.864
111.35
103.064
111.537
102.839
111.481
102.936
111.376
103.008
111.383
103.023
111.372
103.03
111.44
102.958
111.395
103.015
111.447
102.937
111.424
102.985
111.591
102.808
111.41
102.981
111.571
102.831
111.56
102.839
111.665
102.729
111.406
103.008
111.383
103
111.41
103.184
111.166
103.041
111.511
102.906
111.414
102.985
111.398
103
111.433
102.97
111.391
103
111.402
103.015
111.432
102.959
111.432
102.944
111.413
103.012
111.605
102.793
111.402
103
111.358
103.067
111.365
103.21
111.166
103.019
111.406
103.007
111.65
102.775
111.342
103.034
111.609
102.808
111.357
103.027
111.533
102.835
111.447
103.121
111.383
102.865
111.417
102.993
111.526
102.902
111.376
102.985
111.391
103.041
111.384
103.015
111.616
102.779
111.455
103.015
111.297
103.022
111.44
102.962
111.591
102.8
111.399
103.011
111.575
102.824
111.417
102.981
111.553
103
111.255
102.993
111.545
103.023
111.191
103.042
111.518
102.888
111.394
103.015
111.519
102.872
111.418
102.97
111.406
103.007
111.519
102.872
111.402
102.974
111.432
102.993
111.402
103.181
110.616
103.594
111.376
103.049
111.372
103.011
111.399
103.022
111.369
103.019
111.511
102.853
111.418
102.992
111.88
102.545
111.376
103.015
111.646
102.745
111.481
102.929
111.597
102.809
109.146
105.241
111.492
102.921
111.384
103.011
111.526
102.88
111.384
103
111.511
102.887
111.425
102.985
111.616
102.79
111.38
103.03
111.439
102.944
111.376
103.026
111.399
103
111.383
103.019
111.414
102.992
111.376
103.158
111.425
102.834
107.309
107.218
111.409
102.854
111.432
102.993
111.391
102.992
111.376
103.015
111.5
102.925
111.361
103.041
111.455
102.929
111.398
103
111.696
102.721
111.369
103.094
111.346
102.966
111.383
103.083
111.853
102.489
111.417
103
111.888
102.503
110.707
103.703
111.511
102.88
111.399
103
111.496
102.898
111.406
102.993
109.455
104.936
111.376
103.041
111.729
102.662
111.647
102.748
111.477
102.921
111.391
103.008
111.631
102.76
111.41
103.011
111.421
102.992
111.433
102.936
111.47
102.943
111.41
103.057
111.278
103.282
110.966
103.199
111.417
103.091
111.334
102.959
111.816
102.594
111.391
103.015
111.53
102.872
111.413
102.978
111.552
102.865
111.357
103.012
111.518
102.895
111.425
102.985
111.368
103.03
111.391
103
111.474
102.936
111.384
103
111.744
102.688
111.368
102.993
111.654
102.744
111.666
102.752
111.703
102.703
111.394
103
109.76
104.646
108.545
105.839
111.402
103.015
111.463
102.985
111.327
103.018
111.414
102.985
111.729
102.662
110.936
103.489
111.59
102.793
111.387
103.053
111.447
102.921
111.489
102.895
111.392
102.999
108.594
106.015
111.21
102.982
111.481
102.951
111.872
102.538
111.361
103.03
111.391
102.992
111.369
103.033
111.527
102.887
111.395
102.981
109.489
104.936
111.594
102.789
111.808
102.587
111.398
103.008
111.624
102.778
111.38
103.034
111.466
102.91
111.537
102.872
111.662
102.816
111.319
103.008
111.387
102.985
111.519
102.887
111.658
102.797
111.545
102.88
111.575
102.793
111.399
102.97
107.943
106.455
111.41
102.992
111.414
102.985
111.376
103.007
111.448
102.97
111.391
103
111.496
102.902
111.432
102.97
111.519
103.154
111.143
102.993
111.391
103.015
111.409
102.985
111.47
102.921
111.406
102.993
111.489
102.928
109.305
105.094
111.68
102.714
108.726
105.673
111.432
102.959
111.395
103.015
111.391
103.041
111.35
103.018
111.534
102.857
111.391
103.027
111.597
102.801
110.511
103.873
111.402
102.981
111.41
103.015
111.376
103
111.466
102.944
111.496
102.943
111.384
103.022
111.361
103.023
111.447
102.929
111.432
103
111.387
102.982
111.654
102.744
111.417
103.218
111.158
103.008
111.402
103.008
111.391
103.007
111.369
103.21
111.444
102.77
111.647
102.778
108.887
105.497
111.376
103.007
111.568
102.864
111.369
103.184
111.342
102.887
111.369
103.082
111.704
102.631
111.44
102.966
111.425
102.992
111.632
102.85
111.27
103.019
111.47
102.944
111.601
102.808
111.399
103.007
111.58
102.819
111.387
103.008
111.383
103.008
111.409
103
111.561
102.838
111.413
102.978
111.41
103
111.406
102.985
111.56
102.842
111.477
102.929
111.519
102.864
111.384
103.034
111.391
103.24
111.384
102.774
111.395
103.03
111.417
102.978
111.413
102.985
111.391
103
111.376
103
111.432
102.993
111.65
102.741
111.417
102.993
111.59
102.801
111.406
102.977
108.624
105.808
111.41
102.974
111.49
102.942
111.594
102.775
111.567
102.816
111.402
103.023
111.537
102.865
111.447
102.952
111.519
102.879
111.417
102.985
111.606
102.793
111.383
103.008
111.467
102.943
111.413
102.978
111.552
102.865
111.391
103
111.511
102.88
111.402
102.981
111.609
102.831
111.617
102.898
111.23
103.048
111.433
102.951
111.586
102.824
111.448
102.965
111.538
102.887
111.496
102.865
111.489
102.902
111.417
102.993
111.455
102.943
110.459
104.03
111.526
102.778
111.41
103
108.504
105.895
111.575
102.864
111.519
102.865
111.377
102.999
111.808
102.59
111.41
103.008
111.759
102.624
111.395
103
111.519
102.879
111.384
103
111.778
102.718
109.921
104.391
111.674
102.837
109.226
105.079
111.722
102.68
111.399
103
111.47
103.12
111.248
102.962
111.421
102.963
111.646
102.76
109.673
104.759
111.41
102.951
111.447
103.072
111.38
102.917
111.368
103.015
111.403
103.015
111.384
103.022
111.417
102.966
111.376
103.049
111.383
103.019
111.775
102.616
111.455
102.929
111.545
102.857
111.406
103.007
111.497
102.898
110.463
103.992
111.327
103.008
111.376
103.033
111.478
102.921
111.391
103
111.425
102.985
111.413
102.978
111.56
102.849
111.365
103.034
111.383
103.008
110.128
104.282
111.391
103
111.391
103.011
111.398
103.023
111.729
102.662
111.474
102.921
111.439
102.952
111.466
102.943
111.384
103.255
111.249
102.902
111.417
103.008
111.703
102.688
111.409
102.985
111.697
102.694
111.44
102.959
111.624
102.808
111.369
103
111.879
102.53
111.76
102.639
111.384
103.007
111.402
103
111.417
102.997
111.567
102.816
111.425
103.113
111.27
103.113
111.248
103.049
111.384
103
111.639
102.77
111.519
102.88
111.673
102.722
111.372
103.034
111.417
103.03
111.008
103.338
111.56
102.989
111.248
103
111.418
103.014
111.519
102.85
111.432
102.977
111.414
102.985
111.793
102.617
111.383
103.008
111.361
103.063
111.376
102.989
109.114
105.288
111.425
102.974
111.425
102.985
111.409
102.982
111.56
102.857
111.376
103.015
111.368
103.049
111.357
103.012
111.511
102.91
111.402
102.981
111.387
103.015
109.914
104.492
111.673
102.73
111.391
103
111.455
102.962
111.368
103.023
111.616
102.782
111.41
102.993
111.71
102.673
111.417
103.015
111.527
102.864
111.41
103.057
111.342
102.985
111.406
103.018
110.365
104.019
111.398
103
111.384
103.011
111.421
102.978
111.646
102.76
111.387
103.222
111.218
102.988
111.553
102.823
111.482
102.894
111.425
103.12
111.523
102.774
111.376
103.023
111.395
103
111.364
103.139
111.449
102.83
111.398
103.098
111.425
102.879
110.32
104.15
111.332
103.014
111.384
103
111.658
102.751
111.655
102.729
111.64
102.766
111.395
103.03
111.586
102.79
111.432
103.049
111.304
103.038
111.395
102.981
111.579
102.831
111.376
103.063
111.44
103.128
109.666
104.526
111.537
102.861
111.388
103
111.575
102.838
111.417
102.959
111.417
103.015
111.425
102.978
111.413
103
111.417
102.985
111.373
103.21
111.184
102.993
111.447
103
111.391
102.978
111.398
103
111.417
102.985
111.456
102.928
109.184
105.214
111.609
102.816
111.391
102.993
111.53
102.879
110.726
103.673
111.481
102.91
111.744
102.666
109.376
105.015
111.488
102.921
111.553
102.853
111.41
102.974
111.368
103.049
111.361
103.023
111.609
102.793
111.406
103.022
111.561
102.808
111.402
103.008
111.575
102.816
111.391
103.033
111.343
103.056
111.274
103.286
111.425
102.831
111.496
102.865
111.56
102.846
111.361
103.176
111.448
102.815
111.489
102.914
111.526
102.898
111.542
102.834
111.47
102.944
111.391
102.996
111.384
103.015
111.376
103.015
111.439
102.959
111.402
102.993
111.406
102.992
111.474
102.944
111.575
102.808
111.568
102.842
111.823
102.605
111.561
102.808
111.53
102.887
111.417
102.967
111.53
102.887
111.398
102.985
111.497
103.079
111.391
102.849
111.481
103.03
111.282
103
111.726
102.673
111.376
103.015
111.489
102.943
111.384
103.097
111.354
102.943
111.384
103.015
111.432
102.966
111.403
103.079
111.503
102.929
111.368
102.895
111.887
102.545
111.391
102.997
111.612
102.809
111.552
102.824
111.56
102.849
111.527
102.894
107.482
106.887
111.515
102.895
111.383
103.008
111.409
103
111.519
102.88
111.398
103.019
111.357
103.034
111.639
102.752
111.395
102.989
110.323
104.116
111.688
102.666
111.425
103.015
111.53
102.846
111.424
102.978
111.447
102.959
111.398
102.993
111.425
102.992
111.376
103.015
111.417
103.008
111.447
102.944
111.474
102.894
111.403
102.988
111.474
102.951
111.384
103.015
109.785
104.617
111.41
102.981
111.744
102.666
111.447
103.158
111.169
103.026
111.391
103.008
111.447
102.963
111.398
102.985
111.376
103.03
111.391
103.008
111.394
103.023
111.688
102.842
111.35
102.913
111.417
102.982
111.616
102.778
111.711
102.688
111.383
103.034
111.527
102.857
111.688
102.71
111.395
103.007
111.591
102.879
111.361
102.959
111.665
102.79
111.451
102.902
111.369
103.282
111.172
102.978
111.624
102.774
111.403
102.992
111.384
103.015
111.417
103.007
111.519
103.008
107.169
107.079
111.395
103.064
111.357
103
111.409
102.959
111.384
103.041
111.512
102.886
111.395
103.023
111.473
102.91
111.417
102.985
111.391
103.008
111.383
103.019
111.508
102.864
111.497
102.921
111.432
102.959
111.409
103.023
111.403
102.958
107.511
106.929
111.575
102.808
111.53
102.861
111.643
102.782
111.383
103.012
111.582
102.794
111.511
102.895
111.447
102.97
111.413
103.091
111.447
102.842
111.399
103.015
111.631
102.767
110.857
103.538
111.639
102.752
111.432
102.978
111.455
102.928
111.44
103.192
111.199
102.951
111.417
103.143
111.53
102.73
108.124
106.282
111.601
102.797
111.425
102.951
111.602
102.823
111.417
102.974
111.398
103.019
109.696
104.695
111.553
102.838
111.41
103
111.545
102.838
111.425
103.008
111.503
102.895
111.737
102.763
111.293
103
111.41
102.974
111.553
102.864
111.425
102.959
111.609
102.823
111.35
103.026
111.398
102.985
111.448
102.962
111.391
103.094
111.432
102.888
111.552
102.906
109.632
104.729
107.575
106.831
107.993
106.383
111.384
103.033
111.35
103.034
111.474
103.165
111.297
102.865
111.673
102.951
109.455
104.714
111.421
103.019
111.44
102.936
111.597
102.775
111.459
102.951
111.673
102.736
111.617
102.782
111.639
102.752
111.865
102.545
111.673
102.725

------------------------------------------------------------------------------------------------------------------------------------------------
max val(#8510) = 111.91us
min val(#8511) = 102.49us
peak-to-peak = 9.42us
mean +- RMS = 107.20 +- 1.76 us

packet size: 516
number of packets: 10000
RATE = 38507.47kbps, PPS = 9328.4
