Destination address set to 01:1B:19:00:00:00
Defaults: 01:1B:19:00:00:00 or 01:80:C2:00:00:0E
SIOCSHWTSTAMP: tx_type 1 requested, got 1; rx_filter 0 requested, got 0
setting ts_flags: 0x53
new ts_flags: 0x53


gap of hw tx time, us: packets 10000:
------------------------------------------------------------------------------------------------------------------------------------------------
0
107.106
148.432
115.015
107.169
198.391
175.696
107.206
107.192
107.199
107.203
107.2
108.191
106.185
107.233
107.184
107.184
107.199
107.2
107.342
107.041
107.192
107.199
107.383
107.147
107.162
107.124
107.169
107.248
107.177
107.214
107.211
107.936
106.455
107.383
107.143
107.169
107.12
107.433
107.056
107.087
107.184
107.233
107.297
107.079
107.225
107.391
107.008
107.176
107.241
107.166
107.259
107.143
107.214
110.538
103.823
107.226
107.18
107.241
107.169
107.248
107.158
107.24
107.192
107.177
107.199
107.196
107.206
107.192
107.214
107.211
107.177
107.199
107.349
107.042
107.176
107.76
106.673
107.222
107.161
107.248
107.166
107.218
107.154
107.263
107.199
107.2
107.15
107.233
107.177
107.191
107.215
107.203
107.214
107.184
107.218
107.188
107.177
107.233
107.184
107.2
107.203
107.184
107.188
107.481
106.951
107.211
107.184
107.207
107.176
107.226
107.188
107.184
107.226
107.184
107.225
107.192
107.207
109.887
104.496
107.376
107.042
107.255
107.113
107.357
108.696
108.729
104.041
107.192
107.214
107.203
107.2
107.199
107.218
107.158
107.225
107.294
107.161
107.121
107.349
109.729
104.531
107.199
107.823
106.541
107.218
107.234
107.278
107.105
107.214
107.203
107.237
107.162
107.192
107.184
107.24
107.192
107.192
107.192
107.184
107.207
107.203
107.406
107.022
107.177
107.176
107.215
107.259
107.166
107.161
107.278
107.147
107.184
107.2
107.206
107.226
107.165
107.211
107.477
106.936
110.106
104.255
107.241
107.169
107.214
107.218
110.805
105.056
105.737
107.177
107.184
107.241
109.526
104.97
107.286
107.018
107.181
107.218
107.184
107.214
107.185
107.195
109.357
105.057
107.184
107.222
107.188
107.221
107.17
107.413
106.993
107.304
107.09
107.188
107.211
107.248
107.158
107.195
107.327
107.094
107.177
107.207
107.21
107.215
108.601
105.793
107.192
107.199
107.185
107.342
107.169
107.098
107.187
107.219
107.191
107.218
107.181
107.21
107.185
107.206
107.192
107.207
107.195
107.215
107.375
107.049
107.177
107.455
107.056
107.109
107.17
107.21
107.256
107.15
107.177
107.24
107.17
107.187
107.211
107.222
107.169
107.192
107.218
107.192
107.206
107.177
107.944
106.496
107.184
107.177
107.225
107.192
107.207
107.214
107.184
107.2
107.203
107.214
107.177
107.236
107.17
107.225
107.169
107.181
107.218
107.199
107.207
107.218
108.496
105.88
107.248
107.169
107.18
107.226
107.241
107.154
107.188
107.21
107.185
107.206
107.203
107.196
107.195
107.181
107.218
107.191
107.215
107.218
107.184
107.177
107.206
107.219
107.191
107.222
107.32
107.041
107.226
107.221
107.17
107.221
107.177
107.226
107.184
107.192
107.199
107.184
107.226
107.199
107.214
107.199
108.448
105.921
107.207
107.225
107.177
107.24
107.166
107.331
107.079
107.319
107.072
107.281
107.121
107.199
107.192
107.24
107.17
107.184
107.214
107.214
107.185
107.225
107.192
107.177
107.24
107.184
107.185
107.236
107.196
107.18
107.177
107.207
107.192
107.195
107.214
107.218
107.192
107.199
107.192
107.177
107.222
107.21
107.184
107.222
107.184
107.184
107.215
107.188
107.207
107.368
107.319
106.929
107.184
107.215
107.184
107.225
107.181
107.192
107.203
107.221
107.185
107.203
107.199
107.184
108.071
106.343
107.203
107.184
107.207
107.191
107.406
107
107.2
107.417
107.135
107.057
107.199
107.203
107.199
107.214
107.185
107.184
107.207
107.233
107.184
107.218
107.192
107.184
107.233
107.15
107.226
107.192
107.398
107.008
107.184
107.207
107.203
107.188
107.203
107.225
107.196
107.188
107.191
107.181
107.353
107.087
107.188
107.206
107.2
107.191
107.2
107.176
107.233
107.248
107.136
107.191
107.215
107.21
107.192
107.214
107.185
107.191
111.85
102.744
107.015
107.177
107.222
107.192
110.492
103.91
107.184
107.226
107.206
107.207
107.199
107.233
107.17
107.191
107.192
107.218
107.181
107.206
107.185
107.218
107.206
107.192
107.211
107.206
107.185
107.206
110.899
103.511
107.199
107.2
107.21
107.372
106.993
107.233
107.192
107.203
107.191
107.173
107.2
107.203
107.199
107.222
107.184
107.188
107.207
107.18
111.571
102.858
107.312
107.094
107.375
107.016
107.21
107.207
107.192
107.191
107.192
107.211
107.349
107.049
107.214
107.162
107.226
107.18
107.218
107.218
107.327
107.03
110.042
104.376
107.221
107.162
107.233
107.165
107.234
107.191
107.2
107.21
107.184
107.237
107.162
107.225
107.185
107.214
107.184
107.214
107.188
107.173
107.218
107.181
107.21
107.207
107.211
107.214
107.192
107.169
107.214
107.199
107.203
107.215
107.191
107.218
107.185
107.221
107.17
107.221
107.185
107.184
107.207
107.218
107.184
107.24
107.17
107.206
107.2
107.169
107.222
107.218
107.176
107.173
107.233
107.192
107.211
107.214
107.177
107.199
107.199
107.211
107.206
107.2
107.191
107.184
109.647
104.786
107.192
107.206
107.177
107.233
107.169
107.448
106.951
107.24
107.17
107.191
107.2
107.319
107.087
107.184
107.207
107.24
107.177
107.161
107.234
107.165
107.226
107.191
107.335
107.071
107.203
107.335
107.169
107.105
107.2
107.214
107.177
107.221
107.418
107.097
107.158
107.09
107.215
107.229
107.173
107.214
107.215
107.203
107.191
107.181
107.195
107.215
107.184
107.218
107.27
107.106
107.207
107.447
106.951
107.211
107.191
107.215
107.191
107.218
107.181
107.176
107.219
107.225
109.455
104.91
107.21
107.215
107.199
107.161
107.271
107.151
107.21
107.207
107.195
107.2
107.191
107.192
107.207
107.191
107.219
107.206
107.185
107.191
107.215
107.439
106.97
107.177
107.229
107.177
107.218
107.199
107.305
107.101
107.185
107.176
107.305
107.135
107.177
107.184
107.222
107.218
107.184
107.184
107.23
107.191
107.188
107.222
107.184
107.177
107.248
107.169
107.2
107.199
107.207
107.195
107.35
107.033
107.222
107.218
107.185
107.221
107.177
107.177
107.222
107.184
107.207
107.248
109.12
105.256
107.176
107.226
107.177
107.214
107.21
107.342
107.031
107.21
107.192
107.225
107.181
107.24
107.162
107.199
107.2
107.21
107.184
107.192
107.207
107.184
107.241
107.165
107.218
107.192
107.207
107.522
106.925
107.162
107.184
107.282
107.143
107.191
107.35
107.056
107.185
107.203
107.278
107.097
107.222
107.192
107.211
107.18
107.199
107.248
107.188
107.185
107.214
107.376
107.007
107.215
107.188
107.18
107.218
107.184
107.207
107.207
107.199
107.18
107.222
107.177
107.226
107.191
110.312
104.109
107.203
107.192
107.181
107.218
107.199
107.192
107.203
107.172
107.219
107.184
107.222
107.176
107.218
107.2
107.214
107.169
107.226
107.184
107.214
107.218
107.181
107.203
107.191
107.192
107.207
107.184
107.226
107.191
107.2
107.184
107.222
107.176
107.233
107.2
107.424
106.982
107.188
107.221
107.17
107.199
107.207
107.206
107.203
107.169
107.23
107.207
107.282
107.176
107.128
107.218
107.184
107.192
107.199
107.23
107.169
107.255
107.143
107.211
107.199
107.192
107.214
107.196
108.973
105.41
107.229
107.192
107.196
107.221
107.192
107.263
107.113
107.226
107.173
107.218
107.184
107.297
107.12
107.181
107.21
107.214
107.177
107.241
107.161
107.241
107.173
107.225
107.166
107.176
107.219
107.206
107.2
107.218
107.18
107.417
106.985
107.2
107.281
107.136
107.184
107.199
107.2
107.191
107.203
107.23
111.203
103.206
107.185
107.15
107.241
107.176
107.222
107.312
107.259
107.016
107.199
107.192
107.368
107.056
107.279
107.112
107.218
107.166
107.21
107.215
107.191
107.218
107.741
106.643
107.192
107.184
107.248
107.192
107.312
107.045
107.225
107.369
107.034
107.263
107.135
107.233
107.181
107.188
107.191
107.207
107.199
107.218
107.185
107.214
107.177
107.184
107.255
107.158
107.2
107.187
107.215
107.21
107.196
107.225
107.177
107.271
107.169
107.158
107.353
107.042
107.206
107.185
107.218
107.184
108.733
105.714
107.222
107.12
107.248
107.154
107.256
107.158
107.211
107.214
107.177
107.221
107.192
107.218
107.184
107.2
107.225
107.312
107.057
107.165
107.233
107.214
108.609
105.752
107.218
107.2
107.206
107.218
107.192
107.293
107.091
107.214
107.192
107.199
107.203
107.207
107.191
107.177
107.222
107.203
107.192
107.199
107.207
107.169
107.24
107.207
107.192
107.225
107.166
107.372
107.023
107.236
107.17
107.338
107.053
107.203
107.206
107.177
107.222
107.218
107.432
106.959
107.192
107.199
111.695
102.684
107.294
107.131
107.222
107.15
107.219
107.199
107.402
107.008
107.199
107.222
107.248
107.154
107.192
107.206
107.185
107.176
107.215
107.21
107.278
107.106
108.097
106.309
107.218
107.184
107.214
107.162
107.24
107.192
107.181
107.387
107.015
107.199
107.207
107.218
107.184
107.177
107.225
107.181
107.21
107.215
107.199
107.161
107.249
107.199
107.184
107.177
107.222
107.169
107.233
107.192
107.206
107.215
107.188
107.421
106.97
107.206
107.312
107.064
107.226
107.214
107.184
107.177
108.184
106.248
107.2
107.225
107.181
107.191
107.418
106.985
107.184
107.21
107.38
107
107.211
107.221
107.346
107.042
107.191
107.181
107.225
107.218
107.181
107.225
107.185
107.184
107.24
107.192
107.184
107.166
107.225
107.218
107.181
107.21
107.185
107.375
107.031
107.169
107.222
107.233
107.169
107.169
107.237
107.218
111.218
103.15
107.226
107.173
107.21
107.188
107.233
107.275
107.113
107.191
107.207
107.199
107.2
107.225
107.177
107.192
107.206
107.192
107.199
107.196
107.207
107.206
110.023
104.387
107.199
107.177
107.229
107.154
107.23
107.195
107.207
107.214
107.177
107.218
107.192
107.222
107.191
107.17
107.206
107.181
107.255
107.166
107.545
106.861
107.21
107.192
107.218
107.214
107.17
107.229
107.177
107.206
107.185
107.289
107.12
107.17
107.229
107.44
107.146
107
107.222
107.169
107.207
107.226
111.661
102.737
107.169
107.192
107.222
107.233
107.304
107.057
107.278
107.132
107.214
107.199
107.177
107.207
107.304
107.105
107.215
107.21
107.166
107.169
107.24
107.2
108.142
106.234
107.225
107.192
107.207
107.199
107.184
107.226
107.173
107.218
107.376
107.007
107.211
107.199
107.278
107.128
107.184
107.192
107.207
107.169
107.233
107.199
107.199
107.192
107.226
107.21
107.181
107.251
107.143
107.376
107.023
107.233
107.177
107.221
107.211
107.165
107.2
107.263
107.139
107.233
107.158
107.192
107.206
107.226
107.177
107.191
107.215
107.206
107.196
107.455
106.943
107.2
107.203
107.199
107.192
107.199
107.353
107.049
107.199
107.215
107.184
107.192
107.214
107.218
107.793
106.583
107.207
107.218
107.199
107.177
107.199
107.24
107.207
107.151
107.203
107.199
107.391
107.007
107.203
107.215
107.191
107.185
107.214
107.188
107.214
107.229
107.17
107.184
107.21
107.181
107.218
107.24
107.166
107.225
107.177
107.447
106.944
107.241
107.161
107.215
107.191
107.177
107.241
107.176
107.207
107.214
110.914
103.481
107.181
107.225
107.218
107.199
107.222
107.139
107.2
107.206
107.215
107.191
107.192
107.211
107.191
107.215
107.188
107.206
107.192
107.169
107.23
107.21
107.493
106.913
107.282
107.117
107.195
107.177
107.214
107.233
107.166
107.21
107.312
107.087
107.214
107.154
107.226
107.173
107.218
107.221
107.425
106.985
107.177
107.222
107.169
107.207
107.21
107.199
107.2
107.206
107.185
107.218
107.176
107.2
107.199
107.225
107.185
107.191
107.2
107.462
106.944
107.176
107.218
107.241
107.165
107.211
107.192
107.18
107.211
107.199
107.214
107.369
107.026
107.177
107.221
107.218
107.185
107.191
107.215
107.345
107.046
107.169
107.24
107.2
107.184
107.192
109.654
104.778
107.165
107.203
107.233
107.192
107.207
107.184
107.199
107.218
107.177
107.214
107.301
107.181
107.109
107.21
107.271
107.128
107.184
107.192
107.214
107.21
107.177
107.184
107.305
107.116
107.2
107.21
107.263
107.169
107.17
107.319
107.072
107.191
107.207
107.218
107.233
107.117
107.24
107.185
107.233
107.199
107.192
107.225
107.143
107.222
107.21
107.233
107.158
107.218
107.2
107.206
107.177
107.214
107.185
107.203
107.191
107.215
107.184
107.207
107.203
107.206
107.185
107.191
109.617
104.797
107.203
107.222
107.184
107.184
107.466
106.936
107.207
107.184
107.215
107.21
107.184
107.215
107.191
107.211
107.192
107.199
107.192
107.221
107.192
107.203
107.177
107.18
107.248
107.162
107.222
107.338
107.064
107.192
107.199
107.211
107.199
107.184
107.214
107.2
107.203
107.376
107.142
107.072
107.207
107.195
107.222
107.158
107.218
107.199
107.226
107.191
107.222
107.29
107.086
107.196
107.191
107.301
107.105
107.215
107.188
107.191
107.237
107.147
107.214
107.207
107.195
107.181
109.24
105.177
107.218
107.199
107.207
107.199
107.177
107.218
107.192
107.207
107.184
107.225
107.185
107.214
107.184
107.184
107.207
107.184
107.226
107.173
107.225
107.2
107.21
107.173
107.218
107.214
107.2
107.176
107.44
106.978
107.184
107.312
107.098
107.184
107.207
107.221
107.185
107.199
107.195
107.192
107.214
107.218
110.44
103.959
107.184
107.226
107.173
107.409
107.008
107.199
107.192
107.184
107.207
107.218
107.177
107.236
107.188
107.192
107.181
107.203
107.199
107.229
107.181
107.206
109.064
105.305
107.199
107.222
107.192
107.21
107.384
107.135
107.079
107.21
107.192
107.192
107.207
107.225
107.177
107.184
107.214
107.185
107.206
107.185
107.225
107.199
107.2
107.266
107.143
107.226
107.158
107.27
107.14
107.18
107.218
107.256
107.143
107.368
107.023
107.188
107.229
107.21
107.2
107.176
107.2
107.221
107.211
107.173
107.192
107.21
107.192
107.225
107.181
107.274
107.121
107.184
107.222
107.466
106.936
107.192
107.214
107.184
107.207
107.195
107.215
107.206
107.185
107.191
108.681
105.729
107.192
107.229
107.196
107.199
107.184
107.199
107.2
107.203
107.191
107.207
107.199
107.17
107.233
107.206
107.192
107.214
107.188
107.196
107.195
107.185
107.221
107.185
107.225
107.173
107.211
107.206
107.376
107.042
107.184
107.432
107.143
107.023
107.199
107.21
107.342
107.027
107.222
107.21
107.184
107.207
109.297
105.087
107.191
107.207
107.233
107.184
107.297
107.106
107.199
107.199
107.192
107.225
107.185
107.214
107.177
107.206
107.2
107.218
107.176
107.2
107.206
107.218
107.88
106.526
107.185
107.225
107.184
107.2
107.199
107.199
107.177
107.233
107.192
107.191
107.185
107.184
107.222
107.184
107.21
107.185
107.221
107.185
107.218
107.199
107.199
107.184
107.215
107.184
107.21
107.192
107.207
107.192
107.488
106.951
107.177
107.312
107.087
107.218
107.173
107.21
107.199
107.17
107.229
107.203
111.383
103.034
107.158
107.248
107.184
107.215
107.191
107.403
106.985
107.188
107.203
107.199
107.207
107.206
107.196
107.207
107.191
107.203
107.188
107.226
107.177
107.221
108.004
106.399
107.191
107.158
107.248
107.177
107.207
107.195
107.2
107.221
107.185
107.206
107.188
107.215
107.184
107.169
107.237
107.21
107.185
107.176
107.335
107.094
107.218
107.192
107.184
107.225
107.192
107.432
106.952
107.248
107.158
107.21
107.192
107.207
107.184
107.233
107.248
107.12
107.215
107.184
107.199
107.233
110.711
103.688
107.154
107.199
107.222
107.188
107.229
107.177
107.199
107.207
107.195
107.192
107.229
107.459
106.929
107.206
107.192
107.177
107.214
107.211
107.191
107.23
107.263
107.098
107.424
106.993
107.237
107.154
107.199
107.184
107.215
107.21
107.192
107.199
107.226
107.184
107.192
107.199
107.199
107.226
107.176
107.23
107.184
107.184
107.417
106.993
107.192
107.214
107.199
107.196
107.191
107.222
107.177
107.184
107.226
107.214
107.177
107.221
107.185
107.184
107.24
107.17
107.199
107.218
110.47
103.943
107.151
107.218
107.222
107.188
107.188
107.609
106.8
107.215
107.18
107.214
107.264
107.161
107.181
107.195
107.184
107.207
107.199
107.185
107.214
107.225
107.218
107.128
107.237
107.196
107.191
107.23
107.206
107.177
107.196
107.18
107.211
107.24
107.158
107.207
107.203
107.199
107.32
107.064
107.214
107.218
107.184
107.184
107.233
107.173
107.203
107.185
107.236
107.2
107.21
107.199
107.177
107.199
107.192
107.211
107.191
107.35
107.049
107.177
107.233
107.206
107.185
107.191
111.072
103.334
107.192
107.192
107.255
107.155
107.424
106.985
107.342
107.264
107
107.21
107.184
107.399
107
107.177
107.225
107.207
107.192
107.206
107.2
107.225
107.654
106.7
107.248
107.15
107.226
107.206
107.406
106.985
107.2
107.184
107.21
107.181
107.323
107.128
107.173
107.177
107.233
107.184
107.406
106.977
111.384
103.041
107.207
107.225
107.158
107.211
107.207
107.263
107.128
107.225
107.177
107.207
107.184
107.192
107.319
107.113
107.184
107.199
107.218
107.151
107.225
107.2
107.669
106.748
107.192
107.206
107.2
107.176
107.215
107.338
107.056
107.23
107.176
107.233
107.17
107.191
107.2
107.481
106.917
107.207
107.195
107.222
107.192
107.225
107.17
107.221
107.185
107.176
107.215
107.225
107.169
107.2
107.199
107.184
107.226
107.206
107.192
107.214
107.185
107.203
107.244
107.162
107.184
107.207
111.026
103.383
107.2
107.206
107.177
107.199
107.203
107.305
107.094
107.225
107.181
107.21
107.185
107.184
107.222
107.255
107.139
107.222
107.184
107.211
107.192
107.18
107.459
106.951
107.207
107.218
107.199
107.169
107.207
107.207
107.199
107.203
107.192
107.221
107.177
107.199
107.211
107.207
107.184
107.192
107.206
107.226
107.192
107.191
107.177
107.207
107.21
107.192
107.207
107.199
107.399
107.026
107.177
107.206
107.399
107.049
107.143
107.188
107.244
107.162
107.214
107.225
107.305
107.064
107.24
107.166
107.218
107.192
107.184
107.233
107.199
107.192
107.177
107.24
107.158
107.226
107.184
107.192
107.214
107.21
107.181
107.184
107.241
107.146
107.23
107.21
109.703
104.688
107.207
107.21
107.173
107.233
107.17
107.184
107.214
107.226
107.176
107.173
107.226
107.222
107.18
107.214
107.192
107.207
107.184
107.207
107.195
107.215
107.184
107.218
107.188
107.177
107.233
107.161
107.237
107.211
107.199
107.177
107.206
107.218
107.185
107.206
107.192
107.169
107.23
107.176
107.218
107.185
110.631
103.79
107.199
107.203
107.192
107.221
107.218
107.2
107.158
107.203
107.199
107.24
107.158
107.177
107.233
107.406
106.993
107.199
107.192
107.218
107.191
107.192
107.199
107.192
107.218
107.166
107.236
107.166
107.263
107.177
107.184
107.255
107.155
107.199
107.192
107.221
107.177
107.211
107.199
107.18
107.211
107.177
107.233
107.18
107.226
107.221
107.177
107.177
107.233
107.165
107.372
107.046
107.199
107.184
107.248
107.184
107.177
107.207
107.192
107.191
107.211
107.177
107.229
107.21
110.226
104.15
107.23
107.372
107.022
107.17
107.421
107
107.203
107.214
107.184
107.233
107.166
107.21
107.192
107.229
107.162
107.184
107.222
107.203
107.207
107.176
109.681
104.759
107.199
107.185
107.191
107.192
107.207
107.368
107.027
107.225
107.184
107.192
107.207
107.173
107.218
107.353
107.053
107.184
107.211
107.173
107.259
107.158
107.218
107.199
107.222
107.192
107.188
107.312
107.135
107.158
107.192
107.282
107.109
107.218
107.184
107.177
107.233
107.191
107.2
107.24
107.169
107.2
107.214
107.15
107.226
107.192
107.218
107.214
107.192
107.398
107.275
106.921
107.191
107.376
107.023
107.214
107.196
107.221
107.177
107.158
107.241
107.191
107.2
107.225
108.963
105.439
107.192
107.214
107.192
107.169
107.215
107.176
107.218
107.222
107.177
107.207
107.203
107.199
107.192
107.206
107.327
107.049
107.215
107.184
107.218
107.184
107.384
107.022
107.226
107.176
107.226
107.184
107.455
106.951
107.199
107.211
107.18
107.233
107.177
107.233
107.166
107.191
107.203
107.215
107.191
107.2
111.721
102.681
107.173
107.218
107.24
107.185
107.199
107.297
107.079
107.225
107.173
107.233
107.177
107.233
107.169
107.252
107.139
107.44
106.981
107.17
107.214
107.188
108.207
106.206
107.2
107.225
107.184
107.215
107.199
107.274
107.106
107.221
107.17
107.214
107.184
107.184
107.215
107.251
107.158
107.215
107.184
107.195
107.207
107.214
107.185
107.161
107.248
107.192
107.192
107.214
107.211
107.176
107.2
107.199
107.199
107.218
107.184
107.23
107.176
107.185
107.218
107.18
107.218
107.233
111.425
102.944
107.184
107.195
107.466
106.952
107.218
107.176
107.399
107.022
107.177
107.218
107.184
107.192
107.207
107.207
107.203
107.18
107.218
107.192
107.199
107.177
108.338
106.079
107.207
107.24
107.17
107.18
107.361
107.034
107.225
107.215
107.184
107.207
107.184
107.192
107.214
107.184
107.218
107.184
107.207
107.211
107.199
107.199
107.214
107.185
107.21
107.173
107.218
107.218
107.173
107.218
107.181
107.218
107.391
106.992
107.211
107.18
107.211
107.199
107.207
107.199
107.21
107.2
110.759
103.65
107.256
107.109
107.218
107.214
107.177
107.233
107.169
107.215
107.184
107.184
107.222
107.225
107.177
107.248
107.143
107.184
107.263
107.177
107.184
107.2
107.962
106.406
107.241
107.206
107.185
107.218
107.176
107.222
107.192
107.225
107.17
107.199
107.398
107.008
107.207
107.195
107.192
107.207
107.184
107.24
107.166
107.225
107.185
107.391
107.018
107.151
107.225
107.406
107
107.215
107.203
107.165
107.211
107.199
107.199
107.214
107.185
107.203
107.199
107.192
107.214
107.192
107.225
107.218
107.166
107.21
107.192
107.173
107.304
107.169
107.155
107.221
107.177
107.214
107.177
107.233
107.184
107.185
107.199
107.207
107.203
107.173
107.225
107.192
107.737
106.661
107.2
107.191
107.211
107.225
107.185
107.18
107.218
107.192
107.225
107.166
107.225
107.17
107.221
107.233
107.17
107.184
107.214
107.199
107.192
107.199
107.211
107.207
107.206
107.177
107.211
107.191
107.2
107.199
107.199
107.192
107.218
107.192
107.199
107.225
107.192
107.207
107.177
107.221
107.177
107.199
110.44
103.985
107.184
107.218
107.181
107.169
107.466
107.158
107.008
107.203
107.188
107.218
107.191
107.215
107.188
107.206
107.2
107.184
107.199
107.207
107.203
107.214
107.609
106.76
107.221
107.211
107.177
107.184
107.255
107.376
106.993
107.222
107.176
107.233
107.185
107.263
107.109
107.346
107.056
107.218
107.207
107.165
107.226
107.225
107.2
107.191
107.185
107.184
107.225
107.301
107.075
107.222
107.192
107.177
107.218
107.18
107.211
107.169
107.229
107.211
107.188
107.233
107.176
107.2
110.345
104.049
107.192
107.214
107.2
107.203
107.191
107.222
107.184
107.192
107.207
107.192
107.203
107.221
107.177
107.184
107.222
107.188
107.207
107.207
107.199
107.218
107.496
106.906
107.199
107.185
107.191
107.181
107.218
107.207
107.203
107.214
107.184
107.192
107.207
107.206
107.185
107.203
107.199
107.225
107.181
107.225
107.2
107.218
107.191
107.185
107.199
107.15
107.226
107.207
107.203
107.214
107.177
107.18
107.226
107.195
107.207
107.214
107.177
107.207
107.199
107.218
107.184
107.184
110.327
104.098
107.184
107.185
107.236
107.2
107.338
107.169
107.072
107.225
107.181
107.184
107.21
107.222
107.177
107.207
107.199
107.203
107.192
107.191
107.222
107.177
107.199
107.192
107.24
107.2
107.203
107.184
107.207
107.199
107.192
107.21
107.192
107.199
107.192
107.214
107.196
107.221
107.177
107.169
107.23
107.184
107.218
107.225
107.173
107.192
107.218
107.196
107.21
107.241
107.161
107.177
107.199
107.256
107.15
107.215
107.308
107.101
107.177
107.192
107.342
107.064
107.192
107.218
110.526
103.898
107.143
107.233
107.192
107.207
107.184
107.211
107.221
107.162
107.214
107.177
107.425
107
107.199
107.199
107.2
107.21
107.181
107.203
107.206
107.177
107.553
106.838
107.41
107.037
107.203
107.188
107.188
107.215
107.191
107.41
106.996
107.211
107.192
107.191
107.2
107.218
107.176
107.188
107.218
107.17
107.255
107.158
107.241
107.203
107.191
107.188
107.203
107.233
107.158
107.218
107.181
107.225
107.17
107.255
107.151
107.203
107.188
107.195
107.214
107.185
107.214
107.184
110.508
103.924
107.185
107.259
107.15
107.185
107.206
107.241
107.162
107.191
107.245
107.161
107.2
107.21
107.192
107.207
107.191
107.2
107.225
107.177
107.199
107.177
107.199
107.218
107.196
107.233
107.21
107.143
107.222
107.203
107.192
107.225
107.173
107.218
107.207
107.184
107.192
107.192
107.218
107.221
107.177
107.169
107.245
107.188
107.184
107.214
107.199
107.248
107.17
107.391
106.992
107.199
107.192
107.184
107.226
107.214
107.233
107.151
107.199
107.225
107.185
107.191
107.207
107.162
107.222
107.203
107.229
107.195
107.192
107.342
107.042
107.293
107.105
107.218
107.278
107.113
107.192
107.222
107.184
107.218
107.177
107.191
107.207
107.218
107.214
107.177
107.214
107.185
107.195
107.188
107.218
107.35
107.049
107.203
107.188
107.338
107.064
107.184
107.241
107.285
107.091
107.199
107.199
107.211
107.214
107.207
110.218
104.169
107.188
107.218
107.177
107.221
107.203
107.181
107.199
107.196
107.206
107.218
107.185
107.165
107.241
107.206
107.312
107.072
107.195
107.215
107.21
107.199
108.816
105.549
107.241
107.169
107.207
107.169
107.496
106.944
107.191
107.2
107.424
106.985
107.185
107.206
107.399
107.011
107.184
107.215
107.199
107.207
107.195
107.158
107.248
107.199
107.188
107.166
107.225
107.207
107.214
107.185
107.203
107.199
107.199
107.214
107.339
107.03
107.21
107.207
107.192
107.192
107.214
107.169
110.511
103.936
107.185
107.21
107.184
107.271
107.154
107.32
107.052
107.226
107.184
107.214
107.188
107.196
107.195
107.192
107.207
107.218
107.18
107.218
107.2
107.176
107.248
107.185
107.176
107.207
107.207
107.263
107.147
107.184
107.357
107.026
107.215
107.225
107.233
107.184
107.151
107.184
107.226
107.165
107.226
107.199
107.225
107.192
107.192
107.158
107.24
107.218
107.188
107.331
107.072
107.21
107.181
107.203
107.206
107.2
107.199
107.214
107.211
107.176
107.192
107.177
107.222
107.184
109.274
105.173
107.162
107.199
107.207
107.21
107.2
107.199
107.192
107.21
107.181
107.218
107.184
107.218
107.192
107.206
107.241
107.128
107.222
107.199
107.203
107.184
107.192
107.207
107.229
107.154
107.256
107.161
107.406
107.034
107.169
107.215
107.424
106.985
107.185
107.191
107.369
107
107.237
107.184
107.21
107.215
107.199
107.199
107.203
107.177
107.214
107.199
107.2
107.274
107.143
107.169
107.207
107.199
107.207
107.338
107.143
107.12
107.2
107.191
107.203
107.215
107.191
107.185
109.688
104.736
107.192
107.214
107.196
107.199
107.199
107.249
107.142
107.2
107.203
107.206
107.192
107.218
107.173
107.256
107.146
107.207
107.327
107.049
107.226
107.214
107.959
106.432
107.21
107.185
107.206
107.185
107.206
107.211
107.263
107.135
107.207
107.199
107.177
107.211
107.199
107.207
107.191
107.185
107.214
107.21
107.192
107.207
107.225
107.151
107.225
107.177
107.222
107.192
107.387
107.022
107.185
107.221
107.185
107.191
107.207
107.211
107.184
107.199
107.207
107.188
107.207
107.24
110.752
103.632
107.169
107.308
107.105
107.207
107.184
107.275
107.135
107.214
107.177
107.199
107.203
107.32
107.086
107.192
107.226
107.199
107.177
107.221
107.185
107.21
107.865
106.534
107.191
107.215
107.195
107.196
107.308
107.101
107.185
107.199
107.353
107.072
107.191
107.218
107.215
107.154
107.199
107.184
107.215
107.184
107.21
107.215
107.206
107.203
107.192
107.166
107.218
107.221
107.185
107.21
107.192
107.207
107.184
107.225
107.181
107.195
107.207
107.233
107.158
107.184
107.233
107.2
111.406
102.962
107.399
106.992
107.226
107.225
107.207
107.462
106.906
107.192
107.214
107.177
107.226
107.199
107.199
107.184
107.207
107.211
107.199
107.158
107.24
107.192
107.354
107.071
107.199
107.184
107.218
107.173
107.207
107.226
107.176
107.218
107.181
107.18
107.391
107.064
107.166
107.199
107.195
107.192
107.207
107.222
107.203
107.191
107.222
107.162
107.24
107.158
107.218
107.215
107.312
107.09
107.169
107.376
107.023
107.206
107.192
107.218
107.271
107.113
107.214
107.225
107.17
107.191
110.711
103.71
107.203
107.173
107.2
107.21
107.248
107.151
107.191
107.203
107.207
107.214
107.177
107.218
107.184
107.222
107.184
107.215
107.188
107.199
107.192
107.24
107.711
106.65
107.229
107.17
107.225
107.166
107.248
107.176
107.185
107.221
107.267
107.121
107.191
107.185
107.221
107.218
107.181
107.195
107.2
107.206
107.218
107.151
107.225
107.23
107.169
107.225
107.185
107.214
107.184
107.177
107.222
107.21
107.184
107.271
107.128
107.214
107.196
107.421
106.977
107.192
107.207
107.218
110.688
103.703
107.184
107.192
107.214
107.169
107.241
107.391
107
107.199
107.195
107.207
107.192
107.192
107.218
107.188
107.203
107.184
107.222
107.184
107.225
107.2
107.184
107.184
107.226
107.214
107.177
107.199
107.207
107.21
107.199
107.185
107.199
107.207
107.368
107.015
107.211
107.24
107.485
106.88
107.21
107.2
107.255
107.128
107.226
107.188
107.195
107.222
107.169
107.395
107.079
107.15
107.184
107.346
107.045
107.2
107.203
107.24
107.166
107.225
107.184
107.2
107.191
107.207
110.425
103.955
107.214
107.184
107.241
107.18
107.196
107.199
107.199
107.215
107.188
107.206
107.185
107.233
107.173
107.21
107.184
107.181
107.233
107.21
107.181
107.177
107.225
107.158
107.914
106.56
107.199
107.162
107.221
107.17
107.218
107.229
107.184
107.192
107.184
107.207
107.451
106.936
107.207
107.225
107.335
107.049
107.192
107.221
107.185
107.218
107.199
107.214
107.177
107.346
107.049
107.221
107.177
107.184
107.215
107.424
106.967
107.218
107.191
107.343
107.056
107.165
107.237
107.192
110.113
104.289
107.207
107.184
107.229
107.155
107.24
107.312
107.079
107.192
107.207
107.263
107.161
107.158
107.211
107.24
107.17
107.221
107.177
107.199
107.2
107.203
107.191
107.181
107.24
107.17
107.218
107.184
107.207
107.214
107.184
107.211
107.191
107.222
107.271
107.131
107.181
107.203
107.192
107.199
107.225
107.192
107.181
107.21
107.214
107.2
107.409
106.967
107.233
107.191
107.177
107.214
107.188
107.23
107.169
107.214
107.211
107.206
107.17
107.191
107.215
107.21
107.207
107.184
109.241
105.176
107.158
107.248
107.192
107.214
107.162
107.207
107.203
107.372
107.019
107.225
107.173
107.192
107.218
107.177
107.225
107.181
107.218
107.207
107.199
107.177
107.218
107.173
107.225
107.177
107.237
107.176
107.218
107.203
107.188
107.226
107.173
107.233
107.192
107.263
107.113
107.206
107.196
107.18
107.226
107.218
107.177
107.206
107.177
107.207
107.225
107.166
107.256
107.187
107.173
107.207
107.192
107.203
107.192
107.199
107.207
107.199
107.199
107.188
107.207
107.184
107.241
107.199
108.786
105.59
107.207
107.203
107.206
107.177
107.214
107.218
107.181
107.21
107.185
107.688
106.718
107.199
107.203
107.207
107.184
107.225
107.192
107.173
107.226
107.176
107.192
107.233
107.207
107.192
107.199
107.184
107.218
107.199
107.192
107.218
107.181
107.21
107.184
107.215
107.191
107.185
107.376
107.026
107.214
107.192
107.286
107.131
107.271
107.143
107.169
107.225
107.188
107.211
107.312
107.086
107.185
107.203
107.191
107.185
107.236
107.218
107.166
107.225
107.185
107.176
107.233
107.173
107.2
107.443
107.057
107.127
107.173
107.233
107.241
107.135
107.203
107.173
107.218
107.215
107.184
107.218
107.192
107.173
107.218
107.206
107.196
107.173
107.237
107.18
107.192
107.214
107.218
107.166
107.218
107.176
107.301
107.098
107.225
107.222
107.177
107.195
107.211
107.21
107.192
107.218
107.181
107.184
107.466
106.91
107.248
107.361
107.022
107.211
107.207
107.169
107.237
107.21
107.184
107.17
107.221
107.211
107.192
107.27
107.121
107.199
107.207
107.203
107.398
106.985
107.214
107.2
108.872
105.5
107.244
107.214
107.162
107.233
107.177
107.647
106.751
107.2
107.203
107.206
107.185
107.285
107.124
107.181
107.218
107.192
107.206
107.17
107.221
107.226
107.169
107.192
107.222
107.21
107.184
107.2
107.206
107.2
107.191
107.203
107.215
107.21
107.184
107.196
107.195
107.207
107.192
107.199
107.211
107.18
109.827
104.624
107.166
107.218
107.255
107.087
107.233
107.192
107.214
107.195
107.2
107.184
107.222
107.225
107.192
107.192
107.184
107.199
107.211
107.199
107.207
107.206
107.177
107.192
107.233
107.15
107.226
107.233
107.177
107.221
107.17
107.199
107.207
107.191
107.2
107.451
106.966
107.192
107.199
107.184
107.241
107.169
107.218
107.214
107.184
107.2
107.184
107.192
107.206
107.218
107.448
106.936
107.21
107.222
107.166
107.225
107.177
107.199
107.203
107.181
107.338
107.056
107.485
106.914
109.44
104.981
107.203
107.192
107.214
107.21
107.343
107.048
107.2
107.203
107.195
107.162
107.24
107.177
107.226
107.206
107.215
107.184
107.21
107.166
107.225
107.173
107.211
107.207
107.195
107.173
107.241
107.21
107.215
107.27
107.087
107.188
107.221
107.282
107.136
107.176
107.207
107.271
107.131
107.166
107.229
107.218
107.184
107.215
107.184
107.169
107.233
107.192
107.222
107.248
107.146
107.185
107.206
107.207
107.192
107.21
107.192
107.214
107.177
107.233
107.169
107.207
107.199
107.218
111.583
102.782
107.203
107.222
107.195
107.196
107.218
107.184
107.199
107.211
107.184
107.222
107.173
107.225
107.185
107.214
107.177
107.21
107.192
107.184
107.222
107.225
108.482
105.936
107.173
107.169
107.21
107.166
107.24
107.218
107.177
107.214
107.185
107.184
107.24
107.166
107.361
107.079
107.176
107.215
107.184
107.195
107.2
107.199
107.229
107.199
107.188
107.32
107.184
107.121
107.191
107.184
107.185
107.199
107.207
107.21
107.192
107.184
107.222
107.169
107.214
107.203
107.2
107.191
109.264
105.15
107.21
107.17
107.24
107.429
107.034
107.112
107.2
107.221
107.188
107.215
107.176
107.215
107.184
107.241
107.157
107.226
107.184
107.184
107.207
107.233
107.158
108.297
106.135
107.162
107.233
107.199
107.192
107.214
107.177
107.218
107.181
107.229
107.173
107.225
107.185
107.44
106.958
107.177
107.222
107.199
107.203
107.207
107.184
107.184
107.233
107.192
107.263
107.15
107.185
107.225
107.169
107.207
107.199
107.211
107.18
107.192
107.211
107.184
107.237
107.154
107.225
107.181
109.064
105.376
107.203
107.199
107.177
107.221
107.275
107.128
107.173
107.233
107.169
107.207
107.199
107.192
107.203
107.225
107.181
107.195
107.207
107.184
107.207
107.199
107.207
107.184
107.323
107.079
107.233
107.151
107.24
107.185
107.206
107.297
107.102
107.218
107.184
107.207
107.184
107.211
107.191
107.185
107.214
107.199
107.226
107.169
107.222
107.218
107.173
107.176
107.226
107.207
107.297
107.143
107.15
107.21
107.185
107.191
107.215
107.199
107.203
107.192
107.214
107.184
107.282
107.143
107.21
107.151
107.222
107.184
107.24
107.2
107.176
107.218
107.185
107.184
107.214
107.177
107.222
107.191
107.203
107.207
107.199
107.177
107.222
107.184
107.226
107.199
107.643
106.733
107.225
107.2
107.225
107.166
107.203
107.413
106.978
107.225
107.181
107.21
107.181
107.195
107.207
107.376
107.03
107.169
107.29
107.157
107.188
107.207
107.181
107.233
107.21
107.143
107.214
107.361
107.049
107.207
107.432
106.951
107.218
107.226
107.165
107.2
107.203
107.191
107.2
107.176
107.23
107.195
110.316
104.098
107.184
107.222
107.191
107.218
107.192
107.425
106.959
107.218
107.184
107.225
107.166
107.222
107.188
107.214
107.184
107.23
107.172
107.2
107.199
107.158
107.218
107.199
107.263
107.169
107.185
107.221
107.185
107.267
107.127
107.192
107.207
107.214
107.196
107.214
107.184
107.214
107.203
107.185
107.191
107.185
107.229
107.192
107.218
107.176
107.2
107.225
107.181
107.218
107.263
107.143
107.176
107.203
107.215
107.184
107.192
107.214
107.21
107.166
107.207
107.233
107.218
107.15
110.154
104.271
107.425
106.973
107.211
107.192
107.353
107.004
107.218
107.222
107.176
107.185
107.218
107.199
107.207
107.169
107.233
107.199
107.199
107.2
107.203
107.199
107.192
107.18
107.218
107.184
107.327
107.17
107.127
107.218
107.181
107.21
107.185
107.199
107.199
107.233
107.169
107.294
107.105
107.225
107.185
107.221
107.185
107.225
107.166
107.199
107.195
107.192
107.229
107.26
107.116
107.211
107.192
107.214
107.192
107.21
107.184
107.215
107.184
107.241
107.169
107.199
107.199
107.192
109.71
104.666
107.233
107.207
107.184
107.241
107.176
107.369
107.255
106.944
107.214
107.218
107.184
107.185
107.221
107.192
107.211
107.191
107.2
107.184
107.222
107.195
107.199
107.166
107.248
107.203
107.199
107.177
107.214
107.214
107.185
107.191
107.203
107.185
107.214
107.207
107.203
107.199
107.192
107.199
107.199
107.207
107.195
107.173
107.233
107.215
107.191
107.211
107.211
107.15
107.44
106.981
107.195
107.207
107.433
106.966
107.297
107.105
107.199
107.233
107.166
107.218
107.199
107.184
109.481
104.888
107.233
107.27
107.136
107.169
107.312
107.169
107.135
107.192
107.222
107.226
107.191
107.241
107.128
107.229
107.177
107.218
107.184
107.214
107.184
107.192
107.211
107.165
107.263
107.169
107.192
107.199
107.211
107.207
107.184
107.207
107.191
107.211
107.207
107.206
107.185
107.206
107.185
107.203
107.199
107.207
107.176
107.241
107.184
107.184
107.222
107.192
107.226
107.432
106.943
107.234
107.184
107.18
107.196
107.225
107.278
107.113
107.181
107.21
107.199
107.215
107.184
107.218
107.169
107.192
107.222
107.218
107.184
107.222
107.195
107.278
107.121
107.169
107.207
107.206
107.2
107.21
107.192
107.192
107.199
107.222
107.184
107.195
107.376
107.03
107.2
107.176
107.233
107.207
107.203
107.166
107.218
107.191
107.2
107.206
107.2
107.199
107.199
107.188
107.207
107.192
107.21
107.222
107.241
107.127
107.207
107.192
107.218
107.192
107.221
107.185
107.248
107.135
107.354
107.078
107.188
107.207
107.181
107.21
107.214
107.203
107.181
107.195
107.207
107.158
107.241
107.184
109.015
105.387
107.241
107.15
107.233
107.207
107.466
106.917
107.2
107.225
107.418
106.958
107.192
107.233
107.421
106.955
107.192
107.169
107.237
107.199
107.195
107.207
107.233
107.151
107.214
107.192
107.203
107.24
107.166
107.184
107.225
107.207
107.177
107.184
107.226
107.165
107.233
107.214
107.177
107.211
107.199
107.214
111.775
102.643
107.169
107.18
107.226
107.199
107.192
107.376
107.018
107.222
107.177
107.184
107.222
107.218
107.425
106.985
107.165
107.192
107.21
107.2
107.199
107.225
108.749
105.609
107.24
107.184
107.215
107.203
107.191
107.2
107.27
107.136
107.188
107.214
107.177
107.199
107.207
107.21
107.184
107.23
107.191
107.203
107.188
107.203
107.185
107.191
107.218
107.166
107.248
107.271
107.105
107.207
107.203
107.263
107.143
107.206
107.185
107.199
107.21
107.177
107.207
107.184
107.222
107.162
111.582
102.876
107.158
107.218
107.214
107.2
107.225
107.143
107.214
107.203
107.207
107.192
107.297
107.113
107.199
107.158
107.255
107.17
107.218
107.206
107.192
107.214
108.538
105.857
107.207
107.192
107.206
107.2
107.387
107.007
107.192
107.214
107.346
107.023
107.225
107.2
107.191
107.234
107.184
107.184
107.192
107.221
107.185
107.199
107.226
107.176
107.207
107.169
107.241
107.285
107.098
107.207
107.304
107.113
107.166
107.184
107.225
107.249
107.154
107.18
107.218
107.184
107.215
107.21
107.199
107.207
107.169
107.218
107.207
107.184
107.207
107.29
107.101
107.214
107.185
107.195
107.214
107.2
107.361
107.056
107.177
107.206
107.218
107.166
107.21
107.173
108.504
105.947
107.2
107.191
107.207
107.199
107.192
107.395
106.992
107.222
107.184
107.218
107.185
107.199
107.192
107.214
107.192
107.184
107.21
107.222
107.199
107.177
107.211
107.165
107.241
107.184
107.207
107.297
107.105
107.18
107.211
107.207
107.199
107.192
107.21
107.199
107.376
107.008
107.225
107.222
107.162
107.222
108.65
105.729
107.185
107.236
107.177
107.184
107.222
107.211
107.191
107.354
107.045
107.195
107.207
107.184
107.207
107.203
107.207
107.207
107.184
107.222
107.184
107.21
107.192
107.23
107.169
107.176
107.218
107.192
107.605
106.824
107.184
107.184
107.218
107.214
107.185
107.218
107.176
107.215
107.191
107.215
107.184
107.21
107.2
107.184
107.226
107.191
107.215
107.21
107.248
107.143
107.177
107.206
107.185
107.214
107.192
107.225
107.184
107.192
107.192
107.214
107.211
107.207
107.176
107.192
108.808
105.59
107.203
107.207
107.192
107.226
107.18
107.21
107.192
107.214
107.185
107.432
106.977
107.185
107.199
107.199
107.207
107.195
107.207
107.177
107.214
107.218
107.966
106.384
107.259
107.173
107.207
107.203
107.192
107.214
107.383
107.008
107.203
107.207
107.361
107.022
107.207
107.195
107.207
107.184
107.215
107.199
107.192
107.225
107.192
107.177
107.225
107.177
107.222
107.44
106.943
107.226
107.176
107.384
107.015
107.226
107.191
107.215
107.184
107.169
107.222
107.218
107.176
107.166
111.083
103.372
107.188
107.173
107.233
107.184
107.214
107.184
107.203
107.23
107.176
107.215
107.184
107.21
107.185
107.206
107.369
107.049
107.176
107.222
107.177
107.192
107.785
106.598
107.226
107.206
107.234
107.15
107.267
107.143
107.206
107.219
107.18
107.218
107.177
107.214
107.44
106.936
107.207
107.184
107.233
107.211
111.469
102.921
107.166
107.188
107.248
107.18
107.218
107.207
107.184
107.219
107.184
107.229
107.177
107.225
107.369
106.988
107.2
107.233
107.169
107.222
107.203
107.173
108.203
106.199
107.214
107.226
107.192
107.281
107.094
107.376
107.027
107.206
107.185
107.361
107.045
107.21
107.199
107.185
107.206
107.177
107.222
107.192
107.21
107.199
107.219
107.184
107.206
107.177
107.207
107.319
107.087
107.195
107.406
106.978
107.214
107.184
107.312
107.121
107.218
107.173
107.199
107.192
107.203
107.199
111.368
103.045
107.196
107.207
107.184
107.226
107.191
107.583
106.808
107.199
107.2
107.184
107.21
107.215
107.191
107.192
107.211
107.18
107.218
107.199
107.2
107.184
107.955
106.421
107.256
107.199
107.21
107.158
107.211
107.206
107.2
107.21
107.184
107.222
107.177
107.207
107.218
107.165
107.211
107.214
107.192
107.203
107.191
107.207
107.199
107.185
107.214
107.226
107.199
107.192
107.417
106.97
107.199
107.173
107.225
107.185
107.218
107.214
107.368
107.008
107.199
107.226
107.364
107.019
107.207
107.192
107.199
107.203
107.192
107.222
107.203
107.293
107.082
107.463
106.951
107.192
107.203
107.184
107.207
107.199
107.199
107.207
107.21
107.192
107.207
107.226
110.917
103.474
107.169
107.199
107.207
107.218
107.191
107.294
107.097
107.219
107.184
107.191
107.2
107.24
107.158
107.218
107.199
107.207
107.579
106.775
107.24
107.184
107.222
107.169
107.222
107.184
107.211
107.241
107.15
107.207
107.203
107.206
107.192
107.177
107.248
107.192
107.173
107.188
107.221
107.185
107.218
107.214
110.872
103.527
107.203
107.206
107.184
107.17
107.237
107.5
106.883
107.192
107.203
107.24
107.158
107.192
107.21
107.207
107.218
107.181
107.199
107.21
107.207
107.2
107.864
106.504
107.21
107.23
107.184
107.177
107.218
107.206
107.2
107.199
107.192
107.206
107.185
107.368
107.162
107.071
107.233
107.136
107.24
107.184
107.234
107.191
107.184
107.234
107.165
107.192
107.304
107.105
107.632
106.793
107.181
107.191
107.41
107.008
107.191
107.234
107.263
107.071
107.226
107.222
107.184
107.191
109.948
104.462
107.184
107.215
107.203
107.206
107.286
107.162
107.135
107.384
107.018
107.185
107.214
107.402
107.004
107.188
107.207
107.184
107.229
107.177
107.21
107.23
107.192
107.176
107.207
107.21
107.2
107.207
107.191
107.53
106.861
107.211
107.199
107.226
107.184
107.176
107.192
107.455
106.959
107.176
107.215
107.195
107.214
107.207
107.184
107.211
107.207
107.191
107.192
107.436
106.989
107.184
107.248
107.151
107.199
107.192
107.203
107.225
107.181
107.191
107.203
107.207
107.199
107.162
107.222
107.225
107.177
107.207
107.199
107.192
107.21
107.245
107.154
107.184
107.233
107.455
106.929
107.206
107.219
107.199
107.191
107.207
107.184
107.207
107.192
107.192
108.876
105.533
107.2
107.203
107.214
107.184
107.192
107.207
107.203
107.214
107.184
107.215
107.184
107.24
107.154
107.222
107.177
107.241
107.169
107.206
107.369
107.022
107.234
107.157
107.32
107.068
107.237
107.184
107.282
107.165
107.169
107.177
107.342
107.098
107.165
107.211
107.184
107.199
107.207
107.195
107.463
106.959
107.199
107.21
107.192
107.162
107.214
107.192
107.214
107.203
107.199
107.312
107.087
107.184
107.218
107.184
107.207
107.199
107.211
107.184
107.207
107.184
107.222
107.203
108.902
105.504
107.184
107.214
107.218
107.207
107.184
107.376
107.008
107.203
107.191
107.399
107.026
107.2
107.172
107.196
107.207
107.24
107.185
107.184
107.188
107.21
107.215
107.187
107.222
107.177
107.214
107.335
107.049
107.21
107.2
107.184
107.214
107.226
107.376
106.951
107.233
107.199
107.207
107.176
107.218
107.166
107.282
107.143
107.199
107.184
107.233
107.169
107.249
107.428
106.947
107.222
107.177
107.346
107.064
107.199
107.199
107.215
107.184
107.191
107.211
107.207
107.184
107.207
108.481
105.929
107.206
107.226
107.15
107.233
107.192
107.177
107.199
107.233
107.173
107.195
107.2
107.222
107.184
107.203
107.364
107.049
107.184
107.177
107.226
107.222
107.184
107.207
107.184
107.21
107.2
107.218
107.172
107.215
107.188
107.222
107.218
107.135
107.222
107.21
107.184
107.215
107.184
107.184
107.402
107.004
111.459
102.974
107.161
107.214
107.219
107.157
107.418
107
107.218
107.222
107.206
107.203
107.166
107.21
107.184
107.192
107.207
107.222
107.188
107.214
107.177
107.214
108.432
105.944
107.21
107.192
107.214
107.267
107.143
107.327
107.057
107.214
107.192
107.21
107.184
107.23
107.169
107.207
107.203
107.173
107.225
107.184
107.215
107.169
107.233
107.222
107.199
107.211
107.191
107.248
107.128
107.199
107.215
107.195
107.2
107.199
107.191
107.226
107.177
107.173
107.233
107.184
107.199
107.199
110.515
103.895
107.177
107.241
107.191
107.207
107.177
107.364
107.034
107.218
107.184
107.215
107.184
107.177
107.233
107.214
107.177
107.169
107.237
107.218
107.176
107.207
107.624
106.778
107.215
107.199
107.184
107.192
107.207
107.199
107.195
107.181
107.218
107.226
107.184
107.199
107.207
107.225
107.158
107.218
111.158
103.241
107.248
107.15
107.196
107.199
107.207
107.161
107.245
107.188
107.199
107.207
107.184
107.226
107.184
107.173
107.225
107.192
107.21
107.207
107.2
107.176
107.207
107.177
111.214
103.21
107.215
107.263
107.128
107.191
107.312
107.147
107.143
107.199
107.207
107.203
107.207
107.191
107.192
107.218
107.207
107.169
107.271
107.135
107.207
107.184
108.132
106.259
107.218
107.192
107.207
107.24
107.388
106.981
107.199
107.184
107.211
107.255
107.17
107.157
107.218
107.173
107.226
107.184
107.226
107.191
107.207
107.215
107.161
107.199
107.234
107.176
107.207
107.256
107.142
107.219
107.191
107.177
107.241
107.199
107.24
107.143
107.192
107.184
107.433
106.973
107.226
107.214
110.756
103.654
107.161
107.23
107.176
107.226
107.192
107.192
107.199
107.207
107.184
107.24
107.158
107.218
107.177
107.226
107.176
107.173
107.226
107.191
107.207
107.196
107.714
106.707
107.184
107.192
107.214
107.188
107.32
107.071
107.214
107.327
107.072
107.21
107.199
107.219
107.18
107.211
107.184
107.199
107.207
107.21
111.639
102.737
107.207
107.241
107.357
107.06
107.195
107.147
107.327
107.064
107.218
107.207
107.199
107.192
107.199
107.203
107.263
107.151
107.184
107.203
107.222
107.191
108.064
106.346
107.173
107.188
107.229
107.218
107.207
107.177
107.184
107.207
107.184
107.248
107.162
107.207
107.191
107.184
107.215
107.203
107.199
107.192
107.214
107.199
107.192
107.162
107.233
107.191
107.215
107.191
107.203
107.222
107.184
107.185
107.206
107.41
106.993
107.334
107.072
107.218
107.184
107.158
107.233
107.207
111.466
102.944
107.191
107.215
107.191
107.162
107.282
107.334
107.008
107.207
107.218
107.199
107.184
107.215
107.176
107.226
107.176
107.222
107.177
107.222
107.188
107.222
108.353
105.992
107.279
107.176
107.185
107.27
107.128
107.218
107.177
107.214
107.184
107.369
107.03
107.21
107.192
107.222
107.169
107.233
107.169
107.173
107.226
107.222
107.199
107.203
107.237
107.161
107.192
107.177
107.248
107.184
107.192
107.191
107.2
107.21
107.181
107.218
107.184
107.207
107.203
107.184
107.207
107.24
107.158
107.184
107.218
107.185
107.229
107.211
107.191
107.207
107.305
107.071
107.241
107.165
107.218
107.199
107.196
107.222
107.15
107.233
107.199
107.143
107.241
107.225
110.057
104.327
107.169
107.233
107.207
107.184
107.398
106.993
107.199
107.207
107.192
107.184
107.218
107.271
107.135
107.218
107.184
107.199
107.2
107.176
107.218
107.188
107.226
107.177
107.218
107.207
107.191
107.278
107.121
107.203
107.191
107.215
107.184
107.601
106.809
107.214
107.177
107.199
107.211
107.165
107.225
107.173
111.192
103.241
107.184
107.21
107.245
107.195
107.181
107.289
107.09
107.215
107.184
107.226
107.172
107.219
107.184
107.222
107.184
107.176
107.384
107.064
107.169
107.192
107.496
106.906
107.207
107.206
107.2
107.199
107.211
107.199
107.191
107.192
107.222
107.218
107.169
107.207
107.207
107.252
107.127
107.2
107.214
107.211
107.18
107.169
107.241
107.184
107.229
107.169
107.226
107.44
106.936
107.274
107.132
107.432
106.963
107.207
107.199
107.41
106.984
107.215
107.192
107.184
107.206
107.226
110.282
104.094
107.192
107.199
107.233
107.199
107.177
107.226
107.18
107.218
107.184
107.215
107.188
107.214
107.184
107.199
107.2
107.191
107.222
107.188
107.432
106.959
107.222
107.188
107.199
107.312
107.079
107.207
107.203
107.188
107.21
107.215
107.176
107.218
107.181
107.21
107.207
107.177
107.218
107.191
107.2
107.191
107.207
107.218
107.2
107.191
107.207
107.211
107.191
107.192
107.192
107.263
107.135
107.192
107.21
107.256
107.151
107.176
107.226
107.237
107.154
107.191
107.219
107.203
111.274
103.12
107.192
107.226
107.176
107.222
107.184
107.207
107.207
107.188
107.207
107.214
107.203
107.158
107.206
107.226
107.177
107.222
107.184
107.218
107.184
107.169
109.485
104.955
107.184
107.192
107.214
107.271
107.128
107.346
107.056
107.214
107.177
107.192
107.391
107.191
107.034
107.233
107.158
107.211
107.207
107.165
107.226
107.218
107.157
107.226
107.222
107.192
107.184
107.225
107.169
107.237
107.162
107.192
107.218
107.229
107.169
107.23
107.173
107.199
107.191
107.181
107.316
107.079
107.248
107.192
107.191
107.218
107.2
107.184
107.278
107.12
107.2
107.218
107.176
107.222
107.177
107.207
107.199
107.184
107.21
107.207
107.192
107.184
107.361
107.045
109.395
105
107.293
107.132
107.207
107.214
107.169
107.207
107.199
107.192
107.21
107.184
107.215
107.184
107.21
107.207
107.192
107.169
107.237
107.211
107.191
107.177
107.214
107.203
107.222
107.154
107.222
107.184
107.226
107.191
107.215
107.184
107.214
107.192
107.203
107.207
107.21
107.391
106.989
107.188
107.214
107.184
107.207
107.275
107.127
107.234
107.173
107.176
107.233
107.369
107.022
107.211
107.188
107.191
107.2
107.225
107.192
107.207
107.184
107.169
107.226
107.191
107.215
107.199
109.267
105.094
107.256
107.24
107.162
107.169
107.207
107.199
107.207
107.203
107.191
107.2
107.199
107.271
107.135
107.169
107.226
107.214
107.199
107.169
107.218
107.207
107.2
107.409
107.053
107.162
107.169
107.312
107.158
107.161
107.177
107.207
107.207
107.184
107.199
107.169
107.226
107.233
107.173
107.169
107.222
107.225
107.192
107.218
107.158
107.199
107.218
107.177
107.222
107.191
107.211
107.192
107.207
107.199
107.21
107.192
107.192
107.207
107.191
107.192
107.214
107.211
107.184
107.207
108.985
105.406
107.218
107.21
107.215
107.161
107.207
107.192
107.199
107.226
107.184
107.191
107.2
107.24
107.35
107.019
107.207
107.191
107.2
107.176
107.214
107.211
107.278
107.121
107.218
107.18
107.195
107.2
107.207
107.206
107.211
107.192
107.191
107.215
107.184
107.21
107.192
107.207
107.184
107.211
107.195
107.211
107.206
107.2
107.184
107.203
107.207
107.169
107.222
107.319
107.071
107.234
107.169
107.222
107.24
107.143
107.195
107.207
107.2
107.199
107.203
107.158
107.24
107.207
108.256
106.154
107.192
107.191
107.207
107.211
107.206
107.169
107.207
107.192
107.207
107.218
107.184
107.192
107.207
107.214
107.184
107.177
107.225
107.184
107.207
107.215
107.203
107.214
107.192
107.161
107.233
107.215
107.176
107.2
107.199
107.21
107.188
107.226
107.169
107.207
107.203
107.165
107.241
107.169
107.222
107.199
107.211
107.206
107.162
107.207
107.312
107.071
107.241
107.184
107.214
107.203
107.185
107.214
107.455
106.936
107.203
107.214
107.177
107.199
107.211
107.165
107.226
107.199
108.613
105.759
107.233
107.218
107.192
107.176
107.373
107.06
107.177
107.206
107.2
107.214
107.184
107.211
107.191
107.177
107.222
107.199
107.196
107.18
107.218
107.214
107.203
107.192
107.207
107.192
107.206
107.226
107.162
107.221
107.177
107.222
107.188
107.222
107.176
107.184
107.215
107.184
107.211
107.199
107.214
107.211
111.12
103.271
107.184
107.229
107.196
107.18
107.211
107.229
107.154
107.226
107.312
107.06
107.203
107.222
107.176
107.192
107.211
107.214
107.184
107.184
107.226
107.192
107.917
106.504
107.184
107.169
107.241
107.206
107.2
107.345
107.042
107.214
107.177
107.225
107.181
107.176
107.219
107.206
107.192
107.226
107.172
107.267
107.151
107.15
107.26
107.165
107.211
107.221
107.177
107.414
107.146
107.057
107.184
107.214
107.211
107.176
107.207
107.207
107.319
107.038
107.237
107.199
107.293
107.113
108.327
106.06
107.181
107.225
107.192
107.214
107.196
107.192
107.206
107.222
107.177
107.203
107.214
107.184
107.192
107.184
107.222
107.211
107.184
107.237
107.184
107.154
108.056
106.369
107.222
107.184
107.218
107.207
107.282
107.101
107.184
107.218
107.181
107.195
107.207
107.192
107.218
107.18
107.218
107.2
107.199
107.199
107.196
107.214
107.192
107.184
107.214
107.188
107.214
107.192
107.199
107.207
107.203
107.214
107.177
107.211
107.406
107
107.184
107.207
107.191
107.192
107.211
107.424
107.023
107.158
107.203
107.214
107.177
107.207
107.191
107.433
106.966
107.21
107.192
107.207
107.199
107.218
107.432
106.982
107.169
107.207
107.195
107.173
107.218
107.218
107.583
106.801
107.3
107.121
107.184
107.184
107.304
107.177
107.256
107.056
107.226
107.214
107.184
107.158
107.256
107.154
107.226
107.191
107.207
107.226
107.184
107.214
107.184
107.184
107.234
107.199
107.192
107.59
106.801
107.218
107.184
107.207
107.184
107.191
107.215
107.169
107.226
107.184
107.222
107.214
107.188
107.207
110.646
103.778
107.185
107.165
107.211
107.191
107.237
107.196
107.391
106.981
107.218
107.169
107.361
107.064
107.188
107.203
107.214
107.184
107.211
107.207
107.206
107.215
107.188
107.191
107.185
107.199
107.222
107.218
107.398
107
107.162
107.207
107.203
107.214
107.173
107.233
107.169
107.218
107.192
107.165
107.226
107.233
110.718
103.647
107.203
107.18
107.241
107.218
107.169
107.173
107.225
107.218
107.181
107.233
107.169
107.214
107.185
107.218
107.184
107.165
107.226
107.184
107.226
107.206
107.688
106.733
107.162
107.192
107.218
107.207
107.233
107.158
107.199
107.218
107.184
107.207
107.192
107.206
107.196
107.195
107.211
107.176
107.215
107.21
107.185
107.184
107.229
107.177
107.229
107.169
107.226
107.24
107.151
107.199
107.203
107.18
107.219
107.199
107.274
107.136
107.191
107.207
107.192
107.184
107.226
107.191
110.504
103.91
107.188
107.229
107.177
107.218
107.199
107.229
107.147
107.165
107.226
107.184
107.226
107.173
107.218
107.191
107.215
107.184
107.218
107.214
107.177
107.184
107.207
107.192
107.199
107.218
107.226
107.165
107.218
107.192
107.199
107.199
107.207
107.211
107.184
107.191
107.215
107.184
107.226
107.191
107.2
107.233
107.169
107.184
107.199
107.207
107.233
107.177
107.293
107.105
107.632
106.759
107.226
107.192
107.319
107.087
107.184
107.218
107.184
107.173
107.218
107.192
107.218
107.214
107.177
107.176
107.207
107.199
107.241
107.181
107.203
107.218
107.18
107.218
107.177
107.199
107.207
107.192
107.203
107.206
107.192
107.192
107.218
107.192
107.206
107.177
109.609
104.797
107.211
107.206
107.222
107.203
107.181
107.259
107.143
107.222
107.169
107.248
107.169
107.199
107.32
107.083
107.18
107.192
107.203
107.169
107.237
107.218
107.173
107.218
107.21
107.151
107.248
107.158
107.225
107.215
107.184
107.21
107.185
107.236
107.38
106.974
107.218
107.192
107.199
107.222
107.184
107.225
107.177
107.177
107.214
107.241
107.169
107.173
107.233
107.192
107.203
107.165
107.226
107.218
107.188
107.233
107.169
107.207
107.191
107.177
107.222
107.203
107.195
107.181
107.229
107.162
107.248
107.199
107.199
107.185
107.199
107.199
107.203
107.312
107.087
107.199
107.192
107.225
107.177
107.225
107.181
107.169
107.241
107.161
107.278
107.162
107.173
107.203
107.222
107.184
107.233
107.184
107.279
107.127
107.177
107.226
107.229
107.147
107.206
107.215
107.248
107.12
107.233
107.207
107.188
107.203
109.594
104.816
107.176
107.241
107.173
107.184
107.196
107.214
107.192
107.191
107.2
107.21
107.199
107.177
107.214
107.215
107.184
107.225
107.177
107.177
107.229
107.177
108.665
105.752
107.229
107.173
107.215
107.184
107.327
107.304
106.974
107.211
107.191
107.399
107
107.184
107.263
107.177
107.169
107.241
107.165
107.203
107.207
107.184
107.297
107.071
107.249
107.165
107.226
107.206
107.196
107.188
107.451
106.989
107.169
107.218
107.184
107.214
107.177
107.248
107.158
107.177
107.218
107.199
107.203
107.207
107.188
107.184
107.218
107.211
107.199
107.631
106.76
107.278
107.128
107.346
107.049
107.165
107.233
107.192
107.207
107.203
107.199
107.225
107.181
107.225
108.241
106.158
107.195
107.181
107.203
107.18
107.241
107.169
107.207
107.255
107.147
107.184
107.215
107.191
107.207
107.177
107.24
107.17
107.214
107.192
107.21
107.214
107.177
107.226
107.199
107.184
107.192
107.199
107.305
107.112
107.192
107.184
107.455
106.978
107.184
107.222
107.391
106.977
107.207
107.192
107.203
107.221
111.801
102.617
107.184
107.195
107.211
107.169
107.207
107.169
107.233
107.214
107.192
107.184
107.207
107.274
107.136
107.192
107.199
107.199
107.192
107.218
107.184
107.177
108.417
106.03
107.184
107.35
107.056
107.154
107.286
107.297
107.049
107.226
107.184
107.184
107.207
107.199
107.199
107.211
107.199
107.207
107.406
106.992
107.192
107.211
107.184
107.199
107.222
107.192
107.203
107.312
107.079
107.218
107.357
107.019
107.199
107.199
107.263
107.128
107.211
107.199
107.207
107.184
107.207
107.233
111.767
102.624
107.188
107.199
107.214
107.169
107.222
107.346
107.045
107.218
107.184
107.215
107.184
107.188
107.229
107.192
107.184
107.207
107.192
107.184
107.225
107.192
107.895
106.519
107.203
107.165
107.241
107.154
107.263
107.169
107.192
107.229
107.169
107.218
107.185
107.221
107.177
107.233
107.233
107.124
107.211
107.222
107.195
107.173
107.226
107.191
107.192
107.199
107.207
107.211
107.191
107.215
107.188
107.214
107.436
106.97
107.177
107.199
107.338
107.064
107.199
107.177
107.222
107.192
107.225
107.184
107.192
107.218
107.188
107.184
107.203
107.293
107.14
107.191
107.192
107.278
107.128
107.346
107.064
107.24
107.143
107.2
107.199
107.192
107.203
107.199
108.334
106.091
107.18
107.211
107.214
107.184
107.192
107.274
107.117
107.203
107.214
107.211
107.184
107.207
107.191
107.263
107.136
107.161
107.23
107.218
109.838
104.545
107.226
107.169
107.222
107.199
107.233
107.169
107.185
107.199
107.218
107.165
107.222
107.211
107.184
107.24
107.166
107.203
107.413
106.944
107.233
107.192
111.165
103.233
107.203
107.2
107.206
107.226
107.192
107.27
107.121
107.199
107.192
107.199
107.203
107.222
107.184
107.176
107.226
107.199
107.226
107.188
107.195
107.181
107.552
106.85
107.214
107.196
107.207
107.157
107.354
107.083
107.195
107.353
107.049
107.215
107.184
107.192
107.21
107.184
107.215
107.169
107.229
107.196
107.214
107.154
107.229
107.192
107.218
107.184
107.222
107.196
107.327
107.064
107.199
107.222
107.184
107.184
107.218
107.214
107.248
107.121
107.214
107.169
107.233
107.185
110.541
103.883
107.192
107.207
107.184
107.177
107.297
107.165
107.169
107.354
107.045
107.218
107.177
107.221
107.185
107.176
107.241
107.165
107.226
107.199
107.192
107.218
108.673
105.71
107.215
107.154
107.248
107.192
107.191
107.215
107.184
107.199
107.196
107.199
107.199
107.207
107.192
107.195
107.214
107.166
107.331
107.09
107.207
107.18
107.218
107.177
107.233
107.18
107.218
107.177
107.222
107.218
107.177
107.214
107.184
107.207
107.447
106.948
107.199
107.207
107.199
107.188
107.214
107.207
110.737
103.815
107.042
107.214
107.199
107.185
107.218
107.391
106.992
107.177
107.222
107.214
107.184
107.282
107.128
107.207
107.188
107.199
107.192
107.206
107.2
107.214
107.169
107.199
107.218
107.215
107.184
107.225
107.218
107.166
107.192
107.184
107.218
107.207
107.184
107.199
107.199
107.192
107.211
107.206
107.192
107.226
107.188
107.191
107.211
107.177
107.214
107.184
107.218
107.207
107.504
106.921
107.169
107.199
107.293
107.121
107.203
107.165
107.211
107.184
107.222
107.206
107.418
106.962
109.868
104.564
107.158
107.207
107.207
107.225
107.177
107.207
107.203
107.244
107.154
107.207
107.192
107.21
107.185
107.199
107.207
107.218
107.18
107.177
107.225
107.2
107.214
107.169
107.218
107.222
107.184
107.177
107.218
107.207
107.184
107.24
107.166
107.203
107.192
107.184
107.214
107.338
107.068
107.211
107.199
107.177
107.225
107.165
107.234
107.191
107.215
107.218
107.18
107.305
107.075
107.199
107.199
107.192
107.214
107.196
107.199
107.226
107.214
107.192
107.184
107.199
107.192
107.177
109.176
105.29
107.184
107.192
107.18
107.481
106.936
107.384
107
107.233
107.177
107.376
107.007
107.199
107.211
107.214
107.177
107.225
107.185
107.18
107.218
107.199
107.192
107.233
107.184
107.207
107.184
107.463
106.936
107.203
107.192
107.454
106.952
107.218
107.173
107.218
107.191
107.192
107.207
107.192
107.206
107.211
110.398
103.978
107.199
107.233
107.184
107.192
107.226
107.191
107.188
107.188
107.207
107.226
107.199
107.199
107.184
107.177
107.485
106.947
107.185
107.18
107.368
107.072
107.188
107.207
107.349
107.034
107.207
107.218
107.319
107.079
107.2
107.169
107.218
107.184
107.214
107.425
106.974
107.195
107.207
107.192
107.207
107.24
107.162
107.214
107.192
107.169
107.214
107.218
107.215
107.21
107.166
107.218
107.184
107.199
107.192
107.289
107.158
107.177
107.177
107.191
107.207
107.199
107.207
107.188
110.173
104.233
107.233
107.207
107.173
107.203
107.225
107.215
107.154
107.222
107.176
107.192
107.211
107.199
107.293
107.087
107.21
107.211
107.191
107.185
107.214
107.24
107.151
107.218
107.214
107.169
107.207
107.192
107.218
107.207
107.191
107.218
107.173
107.233
107.173
107.203
107.192
107.297
107.113
107.214
107.177
107.214
107.203
107.158
107.226
107.18
107.244
107.207
107.192
107.639
106.744
107.207
107.192
107.361
107.041
107.199
107.2
107.199
107.222
107.169
107.218
107.177
107.206
107.185
109.766
104.681
107.169
107.192
107.481
106.936
107.286
107.128
107.184
107.199
107.196
107.221
107.399
106.985
107.192
107.195
107.207
107.222
107.203
107.165
107.29
107.112
107.207
107.192
107.248
107.177
107.199
107.199
107.211
107.18
107.203
107.425
106.966
107.222
107.184
107.305
107.09
107.192
107.214
107.203
107.192
107.214
107.184
107.226
107.199
107.169
107.214
107.192
107.207
107.184
107.211
107.199
107.207
107.169
107.229
107.451
106.951
107.233
107.185
107.165
107.211
107.165
107.383
107.057
109.184
105.218
107.207
107.225
107.2
107.191
107.192
107.184
107.2
107.199
107.203
107.214
107.184
107.207
107.184
107.233
107.17
107.199
107.47
106.921
107.214
107.188
107.207
107.165
107.26
107.15
107.256
107.176
107.207
107.256
107.135
107.211
107.191
107.418
107.135
107.03
107.218
107.207
107.184
107.222
107.184
107.233
107.169
107.218
107.185
107.195
107.218
107.199
107.192
107.323
107.072
107.214
107.177
107.293
107.105
107.226
107.184
107.278
107.169
107.151
107.199
107.218
107.184
107.226
109.256
105.139
107.176
107.203
107.215
107.218
107.173
107.195
107.192
107.222
107.176
107.233
107.166
107.195
107.207
107.177
107.233
107.214
107.184
107.169
107.23
107.169
107.218
107.188
107.226
107.184
107.214
107.169
107.241
107.21
107.185
107.18
107.222
107.225
107.17
107.233
107.169
107.192
107.199
107.184
107.222
107.177
107.225
107.158
107.233
107.207
107.199
107.177
107.218
107.173
107.237
107.376
107.022
107.199
107.192
107.376
107.034
107.207
107.199
107.177
107.214
107.195
107.207
107.173
109.105
105.331
107.199
107.215
107.191
107.2
107.376
107.135
107.068
107.229
107.169
107.199
107.241
107.192
107.417
106.951
107.199
107.2
107.387
107.03
107.199
107.203
107.188
107.211
107.191
107.185
107.214
107.248
107.147
107.199
107.27
107.155
107.184
107.199
107.199
107.218
107.173
107.32
107.09
107.229
107.177
107.192
111.571
102.846
107.184
107.177
107.222
107.203
107.207
107.496
106.887
107.184
107.222
107.199
107.203
107.177
107.222
107.225
107.192
107.199
107.185
107.199
107.203
107.207
108.616
105.767
107.207
107.218
107.177
107.221
107.177
107.207
107.203
107.199
107.192
107.233
107.173
107.177
107.218
107.191
107.248
107.185
107.173
107.21
107.192
107.222
107.184
107.177
107.39
107.012
107.319
107.121
107.349
107.049
107.177
107.225
107.173
107.185
107.218
107.233
107.173
107.176
107.222
107.184
107.218
107.207
107.192
107.225
107.17
107.229
107.177
107.184
107.319
107.143
107.147
107.199
107.207
107.177
107.225
107.214
107.177
107.207
107.203
107.18
107.211
107.199
107.199
107.218
107.861
106.508
107.229
107.218
107.192
107.173
107.323
107.079
107.207
107.199
107.203
107.214
107.192
107.192
107.218
107.199
107.184
107.192
107.207
107.188
107.222
107.206
107.192
107.199
107.203
107.173
107.226
107.214
107.177
107.21
107.192
107.207
107.184
107.241
107.169
107.207
107.191
107.294
107.105
107.184
107.211
107.165
111.53
102.917
107.211
107.158
107.233
107.207
107.203
107.406
106.973
107.218
107.185
107.218
107.18
107.192
107.203
107.237
107.161
107.211
107.199
107.214
107.185
107.199
108.41
105.992
107.207
107.184
107.199
107.211
107.293
107.064
107.248
107.192
107.199
107.203
107.199
107.2
107.199
107.21
107.185
107.184
107.222
107.191
107.403
107.022
107.184
107.233
107.185
107.165
107.214
107.188
107.207
107.211
107.191
107.192
107.214
107.2
107.199
107.192
107.21
107.158
107.241
107.191
107.211
107.192
111.421
102.992
107.169
107.207
107.226
107.176
107.215
107.176
107.222
107.196
107.206
107.207
107.192
107.199
107.211
107.184
107.207
107.454
106.948
107.18
107.218
107.177
107.617
106.782
107.233
107.173
107.233
107.184
107.207
107.203
107.191
107.215
107.176
107.241
107.169
107.207
107.192
107.218
107.18
107.188
107.248
107.181
107.184
107.192
107.218
107.214
107.184
107.184
107.218
107.215
107.184
107.222
107.169
107.195
107.207
107.199
107.192
107.184
107.222
107.425
106.97
107.199
107.226
107.206
111.121
103.24
107.23
107.203
107.191
107.181
107.21
107.617
106.782
107.21
107.185
107.199
107.214
107.203
107.192
107.297
107.101
107.2
107.199
107.161
107.237
107.218
107.963
106.413
107.226
107.158
107.233
107.271
107.169
107.158
107.353
107.049
107.192
107.233
107.169
107.188
107.207
107.218
107.248
107.146
107.185
107.214
107.233
107.158
107.218
107.165
107.211
107.207
107.218
107.376
107.263
106.928
107.222
107.226
107.158
107.218
107.191
107.2
107.206
107.185
107.203
107.173
107.225
107.207
110.823
103.594
107.177
107.214
107.199
107.185
107.203
107.199
107.199
107.207
107.195
107.188
107.226
107.192
107.199
107.218
107.192
107.176
107.203
107.211
107.203
107.207
107.511
106.895
107.191
107.207
107.196
107.176
107.215
107.191
107.211
107.222
107.417
107.105
107.057
107.203
107.195
107.184
107.207
107.184
107.226
107.184
107.214
107.233
107.185
107.15
107.233
107.158
107.233
107.335
107.067
107.207
107.192
107.207
107.199
107.203
107.263
107.158
107.184
107.192
107.203
107.207
107.199
107.192
110.481
103.936
107.169
107.241
107.188
107.176
107.207
107.538
106.864
107.233
107.166
107.177
107.214
107.195
107.207
107.207
107.192
107.195
107.207
107.199
107.207
107.169
107.383
107.008
107.241
107.191
107.211
107.222
107.176
107.192
107.199
107.218
107.185
107.214
107.184
107.226
107.18
107.184
107.218
107.218
107.181
107.233
107.207
107.169
107.192
107.184
107.214
107.184
107.211
107.225
107.399
106.974
107.24
107.248
107.113
107.199
107.207
107.211
107.191
107.166
107.233
107.184
107.214
107.215
109.789
104.583
107.199
107.233
107.192
107.184
107.199
107.211
107.188
107.21
107.192
107.177
107.233
107.165
107.226
107.222
107.184
107.188
107.207
107.214
107.192
107.21
107.188
107.177
107.24
107.218
107.166
107.177
107.481
106.951
107.192
107.191
107.211
107.214
107.184
107.2
107.297
107.112
107.192
107.184
107.207
107.184
107.248
107.185
107.191
107.17
107.248
107.15
107.233
107.207
107.203
107.207
107.18
107.203
107.199
107.207
107.207
107.203
107.184
107.199
107.2
107.184
107.218
107.173
109.793
104.654
107.181
107.229
107.184
107.177
107.199
107.462
106.948
107.207
107.199
107.199
107.218
107.192
107.177
107.18
107.226
107.214
107.184
107.188
107.207
107.222
109.376
104.977
107.248
107.192
107.192
107.199
107.21
107.196
107.195
107.2
107.199
107.192
107.466
106.928
107.32
107.071
107.222
107.169
107.233
107.233
107.166
107.218
107.173
107.184
107.444
106.966
107.218
107.214
107.199
107.177
107.207
107.21
107.185
107.206
107.192
107.218
107.181
107.191
107.211
107.18
107.316
107.109
107.196
107.221
107.241
107.143
107.21
107.177
107.207
107.207
107.203
107.214
107.184
107.207
107.192
107.214
107.21
107.185
107.191
107.166
107.233
107.203
107.188
107.188
108.774
105.662
107.184
107.192
107.218
107.207
107.319
107.057
107.203
107.221
107.226
107.192
107.169
107.203
107.195
107.222
107.177
107.177
107.221
107.218
107.192
107.177
107.214
107.226
107.206
107.185
107.184
107.195
107.2
107.236
107.339
107.007
107.215
107.21
107.199
107.185
107.214
107.289
107.102
107.225
107.185
107.191
109.241
105.15
107.218
107.215
107.199
107.154
107.259
107.346
107.027
107.191
107.207
107.218
107.177
107.207
107.191
107.32
107.09
107.173
107.233
107.192
107.199
107.211
107.191
107.177
107.248
107.199
107.185
107.289
107.143
107.158
107.199
107.297
107.105
107.2
107.383
107.026
107.222
107.177
107.184
107.192
107.214
107.218
107.158
107.241
107.169
107.214
107.192
107.225
107.2
107.391
106.992
107.211
107.184
107.184
107.214
107.192
107.207
107.376
107.06
107.199
107.177
107.192
107.199
107.192
108.526
105.88
107.218
107.206
107.207
107.282
107.105
107.207
107.184
107.463
106.928
107.233
107.177
107.218
107.173
107.207
107.199
107.188
107.214
107.233
107.166
107.203
107.195
107.162
107.248
107.211
107.191
107.2
107.24
107.151
107.199
107.214
107.196
107.173
107.218
107.199
107.447
106.948
107.206
107.166
107.225
107.226
111.808
102.568
107.222
107.161
107.215
107.21
107.214
107.143
107.241
107.192
107.297
107.12
107.192
107.199
107.21
107.192
107.199
107.2
107.199
107.184
107.218
107.158
109.064
105.346
107.24
107.207
107.192
107.192
107.199
107.383
107.019
107.214
107.177
107.29
107.12
107.214
107.184
107.241
107.177
107.165
107.226
107.184
107.207
107.191
107.211
107.18
107.226
107.165
107.241
107.218
107.162
107.214
107.192
107.439
106.963
107.207
107.199
107.199
107.192
107.184
107.218
107.173
107.226
107.218
107.18
107.173
107.222
107.248
107.184
107.177
107.199
107.166
107.432
107.011
107.188
107.192
107.21
107.207
107.305
107.097
107.192
107.207
107.184
107.177
107.229
107.211
108.68
105.711
107.199
107.233
107.177
107.206
107.177
107.218
107.188
107.387
107.008
107.225
107.173
107.218
107.294
107.112
107.185
107.206
107.185
107.184
107.24
107.215
107.161
107.192
107.211
107.221
107.177
107.177
107.248
107.207
107.176
107.2
107.199
107.203
107.192
107.191
107.399
107.007
107.2
107.21
107.199
107.173
111.79
102.635
107.184
107.203
107.215
107.191
107.207
107.218
107.192
107.184
107.226
107.165
107.218
107.207
107.192
107.184
107.214
107.188
107.214
107.185
107.214
107.184
108.192
106.252
107.165
107.214
107.196
107.199
107.214
107.203
107.181
107.21
107.185
107.214
107.184
107.278
107.132
107.18
107.218
107.177
107.218
107.181
107.225
107.158
107.233
107.177
107.222
107.206
107.211
107.225
107.177
107.188
107.211
107.349
107.049
107.177
107.233
107.214
107.169
107.177
107.214
107.233
107.17
107.199
107.207
107.191
107.218
107.158
107.395
107.143
107.094
107.169
107.44
106.966
107.218
107.184
107.226
107.207
107.184
107.207
107.304
107.105
107.185
107.221
107.177
107.226
109.447
104.951
107.177
107.192
107.214
107.21
107.264
107.127
107.192
107.222
107.188
107.207
107.184
107.24
107.181
107.184
107.196
107.199
107.207
107.161
107.248
107.192
107.639
106.737
107.226
107.188
107.218
107.165
107.218
107.222
107.184
107.211
107.184
107.455
106.951
107.184
107.211
107.214
107.184
107.226
107.18
107.162
107.233
107.214
107.184
107.207
107.192
107.188
107.214
107.199
107.207
107.196
107.413
106.963
107.229
107.177
107.402
107.037
107.196
107.195
107.196
107.207
107.18
107.218
109.391
105.019
107.184
107.207
107.21
107.2
107.18
107.417
106.985
107.185
107.206
107.399
107.019
107.158
107.233
107.184
107.21
107.192
107.214
107.215
107.184
107.169
107.214
107.2
107.312
107.09
107.233
107.297
107.079
107.199
107.207
107.218
107.184
107.207
107.447
106.963
107.195
107.196
107.199
107.184
107.207
107.225
107.185
107.199
107.233
107.177
107.206
107.162
107.222
107.207
107.338
107.056
107.2
107.206
107.2
107.184
107.203
107.192
107.462
106.936
107.207
107.184
107.211
107.244
109.226
105.289
107.038
107.21
107.192
107.214
107.214
107.185
107.188
107.214
107.192
107.191
107.211
107.225
107.166
107.199
107.207
107.199
107.196
107.176
107.256
107.173
107.218
107.173
107.218
107.192
107.218
107.3
107.177
107.098
107.199
107.226
107.18
107.369
107.033
107.207
107.218
107.166
107.199
107.21
107.2
107.169
107.229
107.218
107.376
106.989
107.233
107.169
107.218
107.327
107.072
107.21
107.192
107.207
107.184
107.222
107.289
107.094
107.203
107.207
107.195
107.211
107.184
107.188
107.222
107.24
107.17
107.199
107.192
107.176
107.23
107.203
107.176
107.2
107.206
107.192
107.207
107.218
107.165
107.203
107.2
107.191
107.218
107.222
107.177
107.199
107.425
106.966
107.233
107.184
107.218
107.463
106.943
107.192
107.177
107.222
107.176
107.207
107.196
107.229
107.169
107.226
107.18
107.169
107.241
107.169
107.222
107.225
107.2
107.199
107.21
107.158
107.203
107.215
107.191
107.207
107.192
107.225
107.177
107.192
107.199
107.226
107.368
107.015
107.199
107.233
107.166
107.184
111.211
103.214
107.184
107.207
107.218
107.233
107.335
107.022
107.184
107.207
107.203
107.199
107.192
107.207
107.338
107.064
107.199
107.158
107.241
107.203
107.188
107.218
107.199
107.196
107.206
107.173
107.226
107.233
107.173
107.195
107.185
107.24
107.173
107.184
107.2
107.203
107.206
107.215
107.188
107.165
107.226
107.18
107.203
107.207
107.214
107.233
107.169
107.192
107.207
107.248
107.154
107.199
107.327
107.091
107.199
107.192
107.191
107.215
107.184
107.203
107.192
107.169
107.237
107.184
109.466
104.951
107.192
107.214
107.184
107.2
107.199
107.537
106.865
107.207
107.203
107.192
107.199
107.184
107.214
107.215
107.188
107.229
107.177
107.184
107.222
107.195
107.207
107.184
107.222
107.162
107.24
107.177
107.199
107.226
107.18
107.218
107.184
107.2
107.218
107.165
107.211
107.214
107.271
107.09
107.222
107.184
107.218
107.222
107.176
107.196
107.207
107.221
107.177
107.211
107.206
107.207
107.184
107.177
107.432
107.015
107.166
107.218
107.293
107.098
107.218
107.207
107.169
107.199
108.744
105.673
107.305
107.086
107.233
107.2
107.282
107.109
107.176
107.207
107.184
107.192
107.233
107.199
107.185
107.176
107.226
107.192
107.206
107.2
107.206
107.17
107.225
107.226
107.165
107.222
107.177
107.184
107.218
107.192
107.214
107.218
107.177
107.236
107.162
107.192
107.214
107.451
106.944
107.214
107.297
107.098
111.654
102.752
107.184
107.192
107.225
107.173
107.226
107.207
107.188
107.203
107.252
107.15
107.184
107.226
107.18
107.196
107.199
107.207
107.383
107
107.207
107.218
108.65
105.748
107.211
107.199
107.211
107.15
107.233
107.245
107.146
107.181
107.21
107.226
107.18
107.169
107.241
107.184
107.199
107.207
107.196
107.173
107.225
107.177
107.233
107.214
107.214
107.177
107.211
107.361
107.022
107.192
107.207
107.206
107.196
107.214
107.177
107.199
107.222
107.195
107.192
107.192
107.199
107.214
111.425
102.951
107.203
107.23
107.184
107.233
107.192
107.176
107.211
107.252
107.139
107.214
107.327
107.064
107.192
107.177
107.263
107.154
107.218
107.222
107.184
107.184
108.214
106.162
107.256
107.184
107.199
107.184
107.207
107.226
107.158
107.225
107.184
107.215
107.184
107.233
107.162
107.184
107.222
107.199
107.203
107.184
107.214
107.17
107.236
107.203
107.185
107.214
107.222
107.139
107.233
107.184
107.214
107.192
107.199
107.233
107.177
107.214
107.177
107.211
107.195
107.184
107.218
107.192
111.688
102.737
107.165
107.218
107.192
107.226
107.199
107.342
107.034
107.199
107.199
107.177
107.222
107.203
107.199
107.214
107.192
107.196
107.319
107.072
107.214
107.21
108.376
105.974
107.256
107.169
107.218
107.286
107.127
107.418
106.966
107.218
107.192
107.398
106.993
107.191
107.218
107.335
107.056
107.2
107.191
107.2
107.203
107.206
107.192
107.192
107.225
107.207
107.192
107.256
107.135
107.21
107.192
107.489
106.902
107.233
107.173
107.218
107.184
107.177
107.222
107.21
107.192
107.184
108.357
106.072
107.188
107.229
107.177
107.169
107.241
107.191
107.181
107.195
107.215
107.225
107.173
107.177
107.225
107.233
107.166
107.177
107.218
107.229
107.169
107.192
107.214
107.184
107.418
106.97
107.229
107.199
107.41
107.019
107.165
107.263
107.139
107.207
107.192
107.263
107.162
107.214
107.162
107.18
107.226
107.218
107.206
107.192
107.184
107.185
107.248
107.158
107.319
107.169
107.17
107.165
107.184
107.203
107.192
107.207
107.199
107.21
107.192
107.293
107.109
107.173
107.222
107.196
107.988
106.41
107.199
107.207
107.218
107.169
107.342
107.162
107.135
107.185
107.184
107.248
107.162
107.188
107.364
107.038
107.214
107.169
107.226
107.173
107.225
107.207
107.192
107.199
107.226
107.169
107.207
107.206
107.192
107.361
107.049
107.222
107.161
107.335
107.064
107.218
107.184
107.207
107.192
107.21
107.199
107.226
107.173
107.225
107.185
107.184
107.207
107.233
107.169
107.44
106.951
107.214
107.192
107.41
106.981
107.225
107.185
107.199
107.203
107.18
107.218
107.233
107.166
107.199
110.714
103.711
107.169
107.211
107.195
107.203
107.192
107.207
107.199
107.21
107.192
107.199
107.192
107.229
107.181
107.207
107.191
107.177
107.214
107.192
107.346
107.064
107.214
107.162
107.24
107.2
107.184
107.199
107.312
107.094
107.196
107.439
106.967
107.176
107.222
107.226
107.191
107.192
107.211
107.158
107.214
107.21
110.482
103.917
107.218
107.207
107.184
107.207
107.225
107.158
107.218
107.489
106.887
107.233
107.177
107.229
107.184
107.207
107.177
107.169
107.229
107.203
107.192
107.177
107.511
106.917
107.331
107.072
107.199
107.169
107.278
107.139
107.207
107.211
107.221
107.177
107.192
107.207
107.199
107.218
107.177
107.18
107.447
106.978
107.21
107.158
107.241
107.225
107.173
107.218
107.166
107.203
107.207
107.218
107.18
107.192
107.195
107.271
107.143
107.162
107.229
107.218
107.192
107.191
107.207
107.218
111.057
103.327
107.206
107.226
107.169
107.173
107.233
107.617
106.778
107.192
107.206
107.2
107.21
107.188
107.196
107.334
107.072
107.218
107.173
107.312
107.105
107.199
107.466
106.903
107.233
107.199
107.184
107.207
107.192
107.233
107.176
107.2
107.199
107.218
107.177
107.206
107.192
107.184
107.384
107.022
107.218
107.185
107.263
107.15
107.192
107.218
107.207
107.184
107.203
107.383
107.038
107.184
107.192
107.203
107.192
107.206
107.207
107.354
107.041
107.214
107.177
107.192
107.206
107.215
110.673
103.695
107.218
107.226
107.173
107.24
107.391
106.985
107.192
107.425
106.97
107.199
107.207
107.417
106.985
107.18
107.218
107.192
107.207
107.225
107.185
107.221
107.162
107.177
107.496
106.91
107.225
107.185
107.263
107.143
107.199
107.225
107.177
107.192
107.214
107.211
107.184
107.184
107.229
107.177
107.451
106.981
107.185
107.184
107.225
107.158
107.241
107.177
107.221
107.17
107.225
107.214
107.177
107.297
107.128
107.368
107.015
107.215
107.184
107.169
107.226
107.214
107.184
107.199
107.207
107.211
107.184
107.207
107.184
107.192
107.214
107.289
107.162
107.169
107.184
107.264
107.135
107.199
107.199
107.256
107.154
107.173
107.237
107.165
107.222
107.192
107.218
107.177
107.229
107.169
107.211
107.248
107.173
107.169
107.218
107.184
107.207
107.214
107.184
107.192
107.218
107.184
107.207
107.226
107.18
107.188
107.214
107.192
107.241
107.135
107.248
107.162
107.255
107.286
107.087
107.18
107.214
107.215
107.184
107.21
107.185
107.214
107.192
107.199
107.203
107.184
107.211
107.161
111.827
102.639
107.151
107.199
107.218
107.177
107.214
107.305
107.105
107.214
107.192
107.218
107.184
107.207
107.192
107.218
107.184
107.207
107.289
107.135
107.181
107.203
108.861
105.515
107.214
107.226
107.191
107.177
107.357
107.136
107.105
107.195
107.207
107.173
107.226
107.199
107.203
107.192
107.206
107.192
107.369
107.037
107.203
107.158
107.267
107.158
107.214
107.211
107.199
107.207
107.184
107.21
107.192
107.214
107.177
107.241
107.165
107.188
107.207
107.207
107.199
107.184
107.207
107.21
111.433
102.958
107.226
107.173
107.218
107.192
107.199
107.21
107.185
107.221
107.177
107.192
107.214
107.203
107.192
107.225
107.196
107.184
107.196
107.206
107.2
107.184
108.842
105.583
107.199
107.184
107.226
107.199
107.207
107.169
107.199
107.184
107.226
107.207
107.188
107.169

------------------------------------------------------------------------------------------------------------------------------------------------
max val(#5) = 198.39us
min val(#8643) = 102.57us
peak-to-peak = 95.82us
mean +- RMS = 107.22 +- 1.35 us

packet size: 516
number of packets: 10000
RATE = 38499.97kbps, PPS = 9326.5
