Destination address set to 01:1B:19:00:00:00
Defaults: 01:1B:19:00:00:00 or 01:80:C2:00:00:0E
SIOCSHWTSTAMP: tx_type 1 requested, got 1; rx_filter 0 requested, got 0
setting ts_flags: 0x53
new ts_flags: 0x53


gap of hw tx time, us: packets 10000:
------------------------------------------------------------------------------------------------------------------------------------------------
0
107.27
107.121
107.21
107.207
107.207
107.169
107.226
107.18
107.177
107.263
107.146
107.234
107.195
107.259
107.151
107.177
107.169
107.244
107.177
107.191
107.219
107.184
107.214
107.274
107.158
107.154
107.2
107.184
107.214
107.184
107.218
107.207
107.207
107.211
107.172
107.185
107.24
107.203
107.207
107.462
106.937
107.169
107.229
107.211
107.191
107.192
107.177
107.214
107.207
107.195
107.207
107.192
107.225
107.2
107.398
107.019
107.278
107.072
107.409
106.993
107.207
107.176
107.222
107.218
107.158
107.195
107.23
107.199
107.218
107.222
107.943
106.418
107.184
107.233
107.177
107.199
107.184
107.226
107.391
106.981
107.184
107.448
106.992
107.177
107.218
107.222
107.191
107.241
107.15
107.188
107.188
107.226
107.184
107.192
107.233
107.207
107.199
107.195
107.279
108.624
105.661
107.211
107.222
107.176
107.192
107.203
107.222
107.184
107.207
107.203
107.207
107.15
107.425
107
107.218
107.188
107.21
107.184
107.192
107.192
107.184
107.241
107.199
107.199
107.215
107.154
107.191
107.233
107.226
107.173
107.211
107.206
107.207
108.97
105.391
107.338
107.064
107.237
107.211
107.263
107.143
107.184
107.207
107.184
107.218
107.169
107.199
107.207
107.226
107.165
107.184
107.248
107.192
107.192
107.203
107.455
106.917
107.226
108.913
105.47
107.226
107.191
107.177
107.44
106.981
107.211
107.199
107.176
107.391
107.091
107.135
107.177
107.199
107.226
107.221
107.32
107.041
107.207
107.199
107.192
107.177
107.248
107.192
107.169
107.199
107.226
107.214
107.184
107.184
107.222
107.184
107.226
107.199
107.192
107.199
107.196
107.199
107.207
107.176
108.696
105.722
108.793
105.699
107.105
107.192
107.226
107.214
107.161
107.177
107.248
107.286
107.064
107.744
110.609
103.29
107.173
107.191
107.234
107.176
107.207
107.169
107.207
107.218
107.184
107.241
107.455
106.958
108.083
106.293
107.199
107.17
109.473
104.944
107.241
107.206
107.162
107.173
107.21
107.207
109.143
105.38
107.101
107.2
107.176
107.199
107.192
107.233
107.184
107.219
107.206
107.342
111.264
103.233
109.665
104.462
107.2
107.409
107.008
107.169
107.233
107.173
107.226
107.222
107.146
107.248
107.2
107.184
107.184
107.391
107.041
107.169
107.711
107.03
106.921
107.143
107.872
107.057
108.977
105.368
106.767
107.185
109.135
105.263
107.199
107.162
107.207
107.184
107.192
107.21
107.233
107.2
107.221
107.162
110.079
104.353
107.185
107.172
107.241
108.071
106.324
107.15
107.256
107.158
107.225
107.169
107.234
107.172
109.433
104.978
107.289
107.143
107.199
108
107.552
107.192
106.034
107.18
107.203
107.312
109.151
105.135
107.199
107.29
107.158
107.195
107.185
107.172
107.226
107.199
107.226
107.192
107.199
107.176
107.222
107.192
107.184
107.218
107.177
107.222
107.21
107.173
107.241
107.161
107.215
107.192
107.274
107.135
107.177
107.391
107.015
107.199
107.188
107.184
107.237
107.177
107.218
107.327
107.064
107.222
107.176
107.177
107.256
107.161
107.215
107.207
107.176
107.203
107.207
107.184
107.222
107.218
107.944
106.432
107.184
107.199
107.222
107.184
107.226
107.184
111.489
102.951
107.192
107.184
107.207
107.184
107.211
107.191
109.711
104.695
107.211
107.192
107.191
107.192
107.207
107.199
107.192
107.323
107.079
107.184
109.03
105.376
107.233
107.207
107.327
107.049
107.241
107.176
111.354
103.049
107.221
107.185
107.176
107.207
109.03
105.361
107.218
107.169
107.222
107.233
107.177
107.165
107.241
107.176
107.177
107.207
107.199
107.402
107.008
107.241
107.206
107.143
107.233
107.192
107.192
107.21
107.207
107.207
107.161
107.222
107.2
107.191
107.218
107.192
107.383
107.027
107.207
107.169
109.943
104.455
107.207
107.395
107.045
107.169
107.199
107.425
106.97
107.184
107.222
107.207
107.176
107.185
107.225
107.215
107.184
107.203
107.18
107.226
107.199
110.959
103.432
107.226
107.447
106.913
107.222
107.184
108.41
106.008
107.199
107.199
107.2
107.191
107.184
107.196
107.229
107.2
110.451
103.943
108.801
105.59
107.192
107.218
107.199
107.222
110.587
103.781
107.234
107.157
107.211
107.199
107.215
107.191
107.184
107.241
107.177
107.184
107.226
107.214
107.192
107.297
107.15
107.147
107.567
107.56
107.654
106.403
109.718
104.304
109.944
104.432
107.226
107.158
107.199
107.207
107.218
107.218
107.192
107.199
107.297
107.071
107.214
107.203
107.237
107.143
108.553
105.913
107.211
107.165
107.192
107.178
107.224
107.192
107.199
107.192
107.226
107.199
107.207
107.176
107.233
107.181
108.552
106.816
106.241
107.176
109.264
105.135
107.218
107.177
107.191
107.249
107.503
106.846
110.105
104.286
107.515
106.951
107.17
107.172
107.234
107.218
107.206
107.185
107.199
107.176
107.192
107.737
106.688
107.177
107.391
107.037
110.85
103.519
107.218
107.184
108.007
106.418
109.519
104.887
107.199
107.184
107.41
106.951
107.233
107.192
111.752
102.673
107.184
107.199
107.199
107.888
106.511
107.169
108.481
106.264
111.078
103
107.219
107.172
109.26
105.188
107.18
107.173
107.226
107.447
106.936
107.215
107.225
107.177
108.214
106.154
107.214
107.192
108.019
106.429
107.169
107.199
107.203
107.184
107.214
107.241
107.177
107.173
107.225
107.192
107.207
107.199
107.196
107.191
107.184
107.192
110.207
104.214
107.218
107.177
107.192
107.248
107.192
107.36
107.023
107.184
107.617
106.774
107.226
107.207
107.199
107.176
107.219
107.229
110.195
104.166
107.184
107.233
107.184
107.2
110.687
103.703
107.215
107.977
108.072
105.567
111.493
102.895
107.184
107.199
107.214
107.211
107.184
107.286
107.128
107.199
109.77
104.598
107.241
107.199
107.177
107.199
107.218
107.184
107.312
107.106
107.214
107.199
111.361
103
107.207
107.184
107.241
107.184
107.207
107.184
107.203
107.18
107.211
107.364
107.049
107.218
107.215
107.176
107.2
107.424
108.072
106.09
107.222
107.146
107.237
107.211
107.18
107.211
107.199
107.233
107.177
107.165
107.226
107.184
107.207
107.199
107.226
107.214
107.21
107.215
109.496
104.808
107.248
107.185
107.199
107.169
107.214
107.241
107.184
107.184
107.226
107.184
107.207
107.207
107.191
107.842
106.568
109.135
105.264
107.176
108.688
105.703
107.226
107.184
108.008
106.398
107.226
107.169
107.27
107.121
107.206
108.824
109.951
102.819
107.207
107.199
107.226
107.165
107.234
107.199
109.049
105.71
106.793
107.218
107.568
106.865
107.184
107.192
107.334
107.072
107.218
107.192
107.199
107.199
107.177
107.222
107.218
107.157
107.226
107.184
107.222
107.177
107.21
107.192
107.214
107.184
107.203
107.309
107.12
107.169
107.199
107.207
107.196
107.222
107.191
107.192
107.211
107.184
107.199
107.207
108.455
105.913
110.29
104.165
107.199
107.211
107.165
107.203
107.215
107.176
107.207
107.226
107.169
110.101
104.361
107.147
107.237
107.191
107.192
107.169
107.226
107.214
107.432
106.944
107.199
107.2
107.21
107.214
107.354
107.022
107.192
107.226
107.184
107.184
107.222
107.184
110.105
104.305
107.184
107.199
107.226
107.398
107.008
107.203
107.173
107.191
107.192
107.233
107.192
107.207
107.184
107.211
107.199
107.214
107.177
107.199
107.211
107.172
107.211
107.199
107.226
107.184
107.222
107.184
107.199
107.282
107.158
107.184
107.192
107.305
107.063
107.234
107.184
107.176
107.215
107.44
106.962
110.838
107.425
103.504
107.049
107.165
107.211
107.342
107.169
107.094
107.233
107.335
107.041
107.199
107.203
107.222
107.169
107.222
107.184
107.196
107.214
107.192
107.199
108.034
106.349
107.241
107.15
107.203
107.222
107.211
107.188
107.188
107.24
107.173
107.545
106.842
107.215
107.199
107.305
107.078
107.219
107.199
107.455
106.928
107.233
107.158
107.233
107.215
107.176
107.233
107.376
107
107.192
107.346
107.256
106.981
107.21
107.215
107.368
107.03
107.196
107.176
107.222
107.218
107.184
110.143
105.729
105.711
107.222
107.225
107.2
107.274
107.102
107.409
107.158
107.019
107.229
107.17
107.36
107.038
107.297
107.086
107.226
107.192
107.207
107.195
107.214
107.177
107.199
107.192
107.286
107.131
107.184
107.358
107.146
107.143
107.624
106.752
107.256
107.15
107.188
107.207
107.225
107.181
107.184
107.203
107.207
107.199
107.353
107.038
107.188
107.222
107.214
107.169
107.233
107.192
107.192
107.192
107.199
107.225
107.207
107.162
107.214
107.184
107.207
107.184
107.218
107.222
107.184
107.76
106.658
107.157
107.211
107.222
107.199
107.267
107.15
107.177
107.192
107.225
107.384
107
107.225
107.406
106.959
107.184
107.226
107.406
106.992
107.207
107.192
107.443
106.959
107.207
107.289
107.079
107.241
107.177
107.225
107.181
107.21
107.192
107.248
107.135
107.207
107.226
107.191
107.226
107.271
107.127
107.177
107.207
107.263
110.034
107.966
103.515
107.18
107.226
111.32
103.071
107.226
107.169
107.24
107.158
107.215
107.218
107.199
107.169
107.199
107.192
107.226
107.199
107.199
107.226
107.176
107.188
107.211
107.192
107.199
107.226
107.184
107.199
107.199
107.184
107.241
107.255
107.121
107.207
107.203
107.3
107.091
107.214
107.207
107.169
110.722
103.71
107.192
107.192
107.176
107.216
107.217
107.169
107.199
107.214
107.218
107.2
107.857
106.534
107.545
106.838
107.192
107.24
107.185
107.218
107.165
107.184
107.233
107.391
107.008
107.21
107.177
107.199
107.215
107.225
107.177
107.173
107.233
107.184
107.226
107.191
107.177
107.192
107.222
107.176
107.199
107.207
107.211
107.214
107.177
107.184
107.835
106.582
107.207
107.226
107.157
107.2
107.203
107.199
107.214
107.184
107.204
107.206
107.207
107.199
107.215
107.203
107.282
107.101
107.199
110.406
104.004
107.214
107.185
107.21
107.196
107.188
107.206
107.327
107.072
107.184
107.211
107.214
107.169
107.207
107.24
107.177
107.192
107.199
107.207
107.21
107.181
107.21
107.215
107.251
107.117
107.226
107.176
107.215
107.233
107.158
107.218
107.184
107.214
107.177
107.225
107.2
107.184
107.184
107.226
107.188
107.203
107.184
107.214
107.192
108.872
105.545
107.237
107.147
107.255
107.177
107.199
107.192
107.184
107.214
107.512
106.883
107.192
107.44
106.966
107.21
107.166
107.203
107.222
107.176
110.158
104.233
107.218
107.207
107.192
107.447
106.978
107.165
107.241
107.203
107.206
107.17
107.221
107.2
107.218
107.176
107.215
107.184
107.184
107.184
107.399
107.143
107.097
107.162
107.248
107.286
107.09
107.207
107.184
107.297
107.158
107.139
107.199
107.222
107.177
107.199
107.233
107.15
107.226
107.199
107.192
107.203
108.462
105.944
107.192
107.199
107.199
107.425
107.113
107.056
107.207
107.184
107.263
107.17
107.184
107.184
107.226
107.206
107.192
107.184
107.207
107.233
110.59
103.809
107.191
107.192
107.211
107.161
107.23
107.191
107.384
107.007
107.207
107.18
107.399
107.034
107.18
107.226
107.274
107.094
107.215
107.195
107.207
108.895
107.248
105.432
107.248
107.154
107.199
107.241
107.188
107.184
107.211
107.199
107.207
107.184
107.218
107.169
107.436
106.97
107.211
107.199
107.214
107.177
107.214
107.177
107.241
107.184
107.199
107.184
107.207
107.192
107.233
107.177
107.413
106.978
107.21
107.18
107.226
107.192
107.203
107.18
107.226
107.214
107.177
107.199
107.241
107.233
107.112
107.223
107.206
107.226
107.146
107.391
107.158
107.068
107.214
107.207
107.177
107.191
107.455
106.963
107.263
107.154
107.18
107.192
107.218
109.368
105.016
107.24
107.166
107.233
107.199
107.248
107.132
107.173
107.327
107.071
107.218
107.207
107.282
107.086
107.218
107.237
107.162
107.199
107.203
107.199
107.215
107.176
107.248
107.143
107.211
107.327
107.094
107.552
106.858
107.157
107.226
107.207
107.207
107.203
107.184
107.214
107.177
107.207
107.195
107.199
107.215
107.203
110.59
103.774
107.241
107.184
107.207
107.199
107.211
107.184
107.327
107.064
107.207
107.203
107.293
107.12
107.199
107.162
107.233
107.177
107.214
107.199
107.192
108.568
105.842
107.192
107.199
107.176
107.249
107.184
107.176
107.23
107.184
107.203
107.207
107.214
107.184
107.192
107.376
107.128
107.105
107.184
107.32
107.113
107.184
107.207
107.21
107.166
107.225
107.165
109.801
104.688
107.128
107.346
107.064
107.225
107.188
107.196
107.293
107.098
107.199
107.184
107.218
107.207
107.192
111.545
102.846
107.199
107.184
107.218
107.184
107.222
107.218
107.271
107.162
107.15
107.425
106.992
107.185
107.176
107.406
107.008
107.207
107.176
107.226
107.184
107.214
109.41
106.023
106.169
107.207
107.191
107.241
107.154
107.207
107.214
107.177
107.199
107.199
107.233
107.192
107.218
107.158
107.218
107.207
107.199
107.177
107.225
107.192
107.177
109.357
105.09
107.192
107.158
107.218
107.477
107.162
106.97
107.192
107.176
107.222
107.199
107.2
107.233
107.169
107.207
107.191
107.192
107.199
107.233
110.433
103.962
107.192
107.165
107.226
107.184
107.207
107.199
107.248
107.327
107.105
107.143
107.203
107.158
107.199
107.211
107.462
106.963
107.184
107.184
107.222
110.177
106.007
105.391
107.207
107.211
107.206
107.218
107.158
107.275
107.15
107.184
107.335
107.056
107.226
107.184
107.312
107.113
107.18
107.211
107.192
107.206
107.192
109.177
105.233
107.184
107.222
107.169
107.241
107.176
107.207
107.256
107.199
107.12
107.226
107.214
107.196
107.165
107.214
107.211
107.199
107.184
107.207
107.203
107.222
107.177
107.199
107.184
107.211
107.229
107.162
107.24
107.173
107.199
107.226
107.162
107.214
107.214
107.5
106.902
107.192
107.199
107.482
106.928
107.192
109.992
105.918
105.68
107.207
107.184
107.41
107.225
107.079
107.079
107.433
106.97
107.214
107.184
107.432
106.966
107.324
107.124
107.169
107.203
107.214
107.215
107.195
109.301
105.12
107.184
107.188
107.173
107.222
107.444
107.109
107.019
107.214
107.353
107.057
107.206
107.192
107.184
107.327
107.106
107.184
107.214
107.177
110.026
107.696
103.86
108.057
106.353
107.226
107.214
107.184
107.17
107.221
107.177
107.222
107.203
107.391
107.015
107.192
107.195
107.207
107.207
107.191
107.185
107.214
107.977
108.019
105.59
107.2
107.191
107.199
107.219
107.255
107.169
107.185
107.214
107.47
106.898
107.233
107.177
107.222
107.192
107.184
107.192
107.439
106.97
107.207
107.184
110.681
103.71
107.241
107.199
107.192
107.184
107.199
107.196
107.222
107.184
107.207
107.424
106.97
107.2
107.199
107.192
107.225
107.169
107.215
110.176
108.782
102.624
107.199
107.211
107.226
107.263
107.143
107.161
107.215
107.191
107.207
107.241
107.304
107.057
107.199
107.192
107.206
107.211
107.199
107.184
107.207
110.211
108.733
102.643
107.214
107.184
107.199
107.199
107.241
107.177
107.334
107.128
107.139
107.215
107.255
107.162
107.173
107.21
107.192
107.226
107.165
107.184
107.233
107.207
107.218
107.143
107.233
107.166
107.225
107.384
107.105
107.109
107.218
107.282
107.165
107.121
107.233
107.255
107.128
107.218
107.173
107.226
107.176
107.23
107.184
107.195
109.166
105.225
107.2
107.191
107.23
107.176
107.192
107.233
107.203
107.188
107.188
107.181
107.225
107.226
107.285
107.098
107.184
107.207
107.192
109.842
105.568
106.184
107.199
107.199
107.2
107.191
107.2
107.218
107.225
107.166
107.233
107.199
107.184
107.184
107.425
107
107.199
107.177
107.361
107.064
107.188
107.18
107.215
107.218
107.195
107.169
107.226
107.184
107.214
107.185
107.21
107.192
107.214
107.233
107.248
107.136
107.176
107.207
107.199
107.185
107.218
107.221
111.433
102.928
107.226
107.165
107.218
107.215
107.184
107.304
107.106
107.214
107.192
107.21
107.248
107.109
107.425
107
107.192
107.199
107.376
107.019
107.214
108.993
107.774
104.842
107.192
107.199
107.207
107.233
107.177
107.176
107.263
107.128
107.226
107.165
107.496
106.903
107.225
107.233
107.459
106.891
107.218
107.192
107.203
107.188
107.68
106.76
107.188
107.188
107.199
107.515
106.895
107.191
107.211
107.199
107.192
107.199
107.218
107.184
107.222
107.192
107.192
107.218
107.176
107.2
109.872
104.511
107.211
107.188
107.233
107.191
107.177
107.207
107.233
107.199
107.151
107.225
107.256
107.12
107.368
107.064
107.2
107.199
107.184
107.203
107.455
106.944
107.206
107.226
107.169
107.222
107.192
107.191
107.177
107.226
107.221
107.177
107.598
106.786
107.206
107.211
107.327
107.056
107.233
107.158
107.226
107.184
110.481
103.918
107.24
107.162
107.222
107.176
107.233
107.177
107.199
107.215
107.225
107.166
107.203
107.199
107.263
107.12
107.218
107.207
107.192
107.207
107.199
109.146
107.467
104.955
107.21
107.214
107.192
107.226
107.199
107.402
106.993
107.18
107.211
107.176
107.222
107.207
107.184
107.226
107.176
107.222
107.199
107.2
107.184
107.18
107.2
107.24
107.188
107.177
107.233
107.41
106.981
107.177
107.417
107
110.541
103.842
107.696
106.744
107.214
107.155
107.233
107.165
107.29
107.12
107.199
107.312
107.087
107.191
107.226
107.263
107.12
107.226
107.192
107.176
107.222
107.44
106.962
107.181
107.203
107.184
107.207
107.24
107.185
107.191
107.2
107.214
107.188
109.485
105.801
106.345
107.151
107.199
107.203
107.214
109.553
104.91
107.12
107.207
107.195
107.222
107.177
107.199
107.432
106.993
107.225
107.17
107.188
107.191
107.211
107.214
107.184
107.185
109.688
104.721
107.192
107.256
107.176
107.207
107.177
107.222
107.203
107.184
107.199
107.199
107.192
107.184
107.23
107.169
107.225
111.681
104.973
104.955
109.038
105.331
107.214
107.196
107.221
107.286
107.083
107.199
107.229
107.17
107.199
107.195
107.237
107.169
107.207
107.226
107.176
107.215
107.191
107.185
107.233
107.184
107.207
107.21
107.199
107.391
107.008
107.263
107.128
107.376
107.026
107.192
107.192
107.391
107
107.218
107.214
107.184
107.199
107.177
107.241
107.184
107.199
107.207
111.432
102.951
107.226
107.184
107.184
107.215
107.191
107.192
107.218
107.192
107.192
107.199
107.233
107.177
107.214
107.177
107.218
109.526
104.872
107.203
107.188
107.192
107.233
107.199
107.169
107.241
107.192
107.368
107.03
107.177
107.199
107.226
107.165
107.226
107.176
107.23
107.188
107.191
107.207
107.184
109.865
104.575
109.361
105.079
107.12
107.226
107.165
107.248
107.162
107.214
107.241
107.192
107.199
107.21
107.166
107.225
107.177
107.177
108.661
105.76
107.184
107.211
107.233
107.165
107.199
107.207
107.211
107.184
107.214
107.184
110.361
104.023
107.233
107.169
107.214
107.185
107.225
107.207
107.402
106.989
107.192
109.849
104.703
107.064
111.459
102.925
107.191
107.297
107.139
107.181
107.203
107.165
107.226
107.207
107.191
107.218
107.177
107.207
107.192
107.191
107.215
108.954
105.422
107.233
107.184
107.199
107.203
107.229
107.185
107.248
107.169
107.177
107.199
107.207
107.184
107.184
107.241
107.199
107.184
107.184
107.207
107.203
107.214
107.192
107.346
107.071
107.185
107.176
107.23
107.263
107.154
107.15
107.226
107.184
107.211
107.18
107.338
107.087
107.192
107.191
107.504
106.887
107.233
111.775
104.737
105.064
107.225
107.199
107.177
107.207
107.218
107.334
107.057
107.199
107.218
107.158
107.226
107.184
107.229
107.177
107.184
107.199
107.226
107.214
107.177
107.184
107.278
108.564
105.775
107.191
107.207
107.425
107.135
107.042
107.191
107.207
107.203
107.184
107.222
107.218
107.158
107.214
107.218
107.177
107.207
107.192
107.233
107.225
107.192
107.158
107.214
107.312
107.075
107.185
107.417
107.158
107.056
107.207
107.353
107.03
107.211
107.199
107.184
107.192
107.214
107.185
107.282
107.135
107.192
107.184
107.214
107.226
107.176
107.207
107.192
107.278
107.147
107.161
107.301
107.12
107.203
107.2
107.304
107.072
107.214
107.225
107.2
107.191
107.185
110.447
107.15
104.019
107.207
107.184
107.207
107.177
107.248
107.169
107.199
107.184
107.222
107.169
107.241
107.199
107.203
107.166
107.218
107.199
107.214
107.162
107.225
108.692
108.049
104.842
107.207
107.192
107.233
107.447
106.944
107.184
107.289
107.297
107.023
107.214
107.218
107.166
107.195
107.181
107.481
106.951
107.184
107.226
107.191
107.177
107.222
107.21
107.185
107.214
107.169
107.263
107.147
107.214
107.192
107.184
107.376
107.015
107.214
107.218
107.312
107.057
107.222
107.195
107.207
109.913
104.493
107.203
107.165
107.241
107.169
107.207
107.319
107.083
107.207
107.334
107.113
107.128
107.241
107.199
107.177
107.191
107.482
106.951
107.184
107.199
107.207
107.184
107.192
107.192
107.21
107.199
107.192
107.218
107.222
107.184
107.192
107.214
107.218
107.169
107.215
107.191
107.305
107.113
107.191
107.2
107.184
107.184
107.248
107.169
107.215
107.218
107.191
107.215
107.184
107.184
107.207
107.319
107.091
107.169
107.222
107.21
107.207
107.15
107.248
107.162
107.222
107.21
107.192
109.447
106.264
105.857
107.214
107.184
107.233
107.177
107.222
107.459
107.116
107.004
107.334
107.226
107.045
107.207
107.297
107.098
107.199
107.184
107.274
107.279
107.071
107.192
109.361
105.022
107.233
107.185
107.225
107.365
107.105
107.113
107.447
106.944
107.274
107.109
107.403
107.007
107.256
107.225
107.312
107.023
107.214
107.169
111.312
103.121
107.169
107.207
107.191
107.207
107.184
107.226
107.255
107.215
107.146
107.35
107.105
107.113
107.207
107.184
107.226
107.191
107.2
107.214
107.218
109.872
105.286
106.425
107.184
107.184
107.199
107.29
107.158
107.169
107.184
107.256
107.169
107.207
107.184
107.184
107.226
107.173
107.21
107.214
107.2
107.176
107.233
107.2
107.248
107.12
107.199
107.2
107.233
107.176
107.2
107.218
107.184
107.214
107.481
106.929
107.207
107.169
107.462
106.936
107.207
107.207
107.395
107.161
110.309
103.928
107.241
107.161
109.342
105.057
107.218
107.165
107.233
107.192
107.391
107.015
107.226
107.146
107.391
107.015
107.207
107.184
107.226
107.199
107.192
109.056
105.354
107.191
107.23
107.161
107.207
107.248
107.162
107.184
107.327
107.072
107.255
107.154
107.256
107.135
107.241
107.177
107.199
107.199
107.192
107.199
107.297
107.346
107.406
106.759
107.241
107.192
107.191
107.282
107.109
107.218
107.561
106.789
107.211
107.214
107.203
107.207
107.184
107.207
107.184
107.214
107.196
107.191
107.207
107.192
107.88
106.503
107.226
107.225
107.166
107.395
107.03
107.184
107.192
107.206
107.418
106.973
107.211
107.184
107.207
107.225
107.185
107.173
107.218
109.048
107.2
105.334
107.207
107.203
107.192
107.481
107.165
106.978
107.361
107.03
107.192
107.191
107.241
107.353
107.03
107.185
107.218
107.199
107.192
107.199
107.199
107.184
108.113
106.305
107.191
107.233
107.2
107.158
107.451
106.958
107.215
107.218
107.383
106.985
107.278
107.128
107.384
107.026
107.199
107.218
107.384
111.477
106.297
103.624
107.214
107.177
107.241
107.15
107.241
107.203
107.199
107.233
107.263
107.102
107.199
107.169
107.297
107.113
107.199
107.192
107.214
107.211
107.184
109
107.583
104.992
107.214
107.185
107.225
107.192
107.233
107.173
107.203
107.199
107.192
107.184
107.248
107.184
107.192
107.199
107.192
107.199
107.211
107.192
107.199
107.184
107.218
107.181
107.233
107.184
107.199
107.241
107.184
107.199
107.489
106.895
107.195
107.207
107.489
106.902
107.199
107.226
107.184
107.214
107.184
107.226
109.489
104.887
107.192
107.191
107.192
107.256
107.263
107.218
107.286
106.985
107.214
107.218
107.177
107.191
107.207
107.211
107.376
107
107.214
107.218
107.199
108.263
106.113
107.214
107.211
107.192
107.199
107.376
107.015
107.218
107.263
107.143
107.304
107.072
107.263
107.132
107.214
107.207
107.184
107.207
107.21
107.199
107.2
107.176
107.192
107.241
107.191
107.207
107.241
107.128
107.424
106.993
107.218
107.173
107.601
106.797
107.211
107.184
107.583
106.808
107.226
107.191
107.335
108.951
107.248
105.29
107.161
107.23
107.203
107.18
107.226
107.184
107.192
107.221
107.474
106.906
107.207
107.184
107.44
106.966
107.218
107.214
107.192
107.177
107.248
107.192
107.872
106.481
107.214
107.192
107.199
107.211
107.233
107.425
106.947
107.211
107.184
107.184
107.41
107.015
107.184
107.214
107.192
107.211
107.18
107.211
110.981
103.417
109.034
105.361
107.237
107.184
107.169
107.376
107.03
107.184
107.459
106.981
107.29
107.112
107.35
107.041
107.192
107.218
107.327
107.057
107.206
109.305
107.496
104.782
107.211
107.229
107.143
107.338
107.105
107.181
107.331
107.064
107.206
107.177
107.346
107.053
107.218
107.454
107.049
107.094
107.211
107.192
107.206
107.192
107.192
107.203
107.222
107.191
107.218
107.173
107.275
107.135
107.192
107.24
107.158
107.211
107.44
106.943
107.256
107.177
107.184
107.192
107.199
107.192
107.214
107.184
107.218
107.207
107.177
107.199
107.233
107.184
107.538
106.872
107.192
107.214
107.496
106.872
107.192
107.199
107.297
107.113
107.207
107.184
107.248
110.775
103.594
107.184
107.248
107.158
107.233
107.192
107.191
107.2
107.203
107.173
107.391
107.011
107.248
107.192
110.105
104.278
107.192
107.225
107.158
107.233
107.177
107.199
107.233
111.824
102.56
107.225
107.185
107.221
108.688
105.682
107.198
107.199
107.211
107.222
107.169
107.214
107.192
107.177
107.274
107.135
107.241
107.15
107.226
107.184
107.342
107.064
107.233
107.184
107.429
106.962
107.192
107.199
107.185
107.27
107.162
107.184
107.327
107.064
107.226
107.191
107.177
107.233
107.184
107.215
107.293
107.075
109.222
105.177
107.206
107.226
107.177
107.233
107.191
107.2
107.184
107.199
107.207
107.203
107.192
107.214
107.177
107.199
107.199
107.338
107.087
107.177
107.206
107.248
109.264
105.12
108.376
105.992
107.192
107.211
107.199
107.214
107.199
107.185
107.218
107.206
107.155
107.24
107.199
107.2
107.184
107.199
107.199
109.369
105.447
106.801
107.21
107.207
107.184
107.192
107.237
107.169
107.169
107.2
107.233
107.176
107.222
107.192
107.21
107.166
107.218
107.184
107.662
106.77
107.185
108.079
106.759
106.752
107.214
107.197
107.198
107.256
107.169
107.191
110.673
103.726
107.199
107.169
107.2
107.248
107.154
107.447
106.978
107.206
107.192
107.391
108.29
105.932
107.188
107.207
108.12
106.248
107.222
107.297
107.12
107.158
107.233
107.169
107.222
107.226
107.184
107.256
107.131
107.181
107.21
107.222
107.177
111.022
103.41
107.184
107.207
107.184
107.241
107.383
106.963
107.229
107.184
107.199
107.226
107.15
107.226
107.192
107.214
107.192
107.203
107.214
107.184
107.207
107.192
107.218
107.184
107.192
109.056
105.335
107.248
107.304
107.079
107.184
107.211
107.184
107.207
107.207
107.218
107.158
107.225
107.192
111.59
102.793
107.215
107.191
107.192
107.211
107.206
107.203
107.2
107.406
107.169
107.041
107.173
107.226
107.184
107.192
107.293
107.113
107.323
107.086
107.192
107.361
107.038
110.353
107.553
103.703
107.943
106.44
107.203
107.335
107.079
107.184
107.199
107.207
107.203
107.199
107.41
106.966
107.218
107.214
107.185
107.191
107.215
107.195
107.214
107.233
107.151
107.199
107.192
107.24
107.185
107.184
107.225
107.185
107.199
107.199
107.455
106.921
107.256
107.169
107.248
107.128
107.222
107.218
107.413
106.978
107.184
107.184
110.575
103.835
107.199
107.199
107.233
107.177
107.207
107.199
107.192
107.199
107.211
107.199
107.199
107.226
107.334
107.072
107.169
107.184
107.207
109.865
108.672
103.064
107.241
107.192
107.184
107.165
107.233
107.215
107.169
107.192
107.263
107.154
107.199
107.184
107.455
106.985
107.177
107.184
107.207
107.184
107.226
108.541
109.184
103.865
107.199
107.184
107.211
107.342
107.064
107.225
107.2
107.184
107.199
107.184
107.35
107.045
107.222
107.184
107.286
107.124
107.199
107.214
107.185
107.27
107.113
107.199
107.233
107.192
107.192
107.609
106.906
107.094
107.199
107.184
107.29
107.135
107.199
107.177
107.263
107.151
107.21
107.192
107.192
110.597
108.425
102.56
107.226
107.184
107.222
107.169
107.241
107.184
107.199
107.184
107.226
107.173
107.571
106.839
107.199
107.184
107.226
107.184
107.207
107.233
107.176
108.839
105.56
107.199
107.184
107.207
107.203
107.207
107.447
106.944
107.203
107.207
107.447
106.936
107.207
107.225
107.399
106.966
107.211
107.199
107.199
107.233
107.207
107.154
107.222
107.218
107.192
107.176
107.222
107.177
107.199
107.203
107.207
107.207
107.184
107.192
107.225
107.166
107.225
107.184
107.2
107.191
107.226
109.737
107.342
104.496
107.241
111.744
102.624
107.218
107.214
107.312
107.072
107.192
107.214
107.184
107.218
107.207
107.192
107.199
107.225
107.17
107.199
107.199
107.192
107.199
107.29
107.12
107.199
107.226
107.15
107.218
107.207
107.184
107.241
107.15
107.233
107.199
107.44
106.963
107.184
107.203
107.259
107.158
107.177
107.192
107.225
107.192
107.184
107.199
107.207
107.233
107.169
107.527
106.894
107.17
107.218
107.18
107.211
107.199
107.218
107.207
107.184
107.214
107.184
107.177
107.226
109.526
105.147
106.909
107.207
107.184
107.233
107.41
107
107.184
107.2
107.18
107.218
107.184
107.286
107.308
107.023
107.199
107.233
107.158
107.203
107.207
107.199
107.184
108.688
105.703
107.226
107.173
107.233
107.199
107.169
107.226
107.256
107.142
107.218
107.185
107.199
107.184
107.32
107.071
107.226
107.173
107.218
107.199
110.026
104.376
107.214
107.192
107.192
107.24
107.17
107.199
107.199
107.342
107.049
107.203
107.207
107.207
107.274
107.117
107.218
107.165
107.211
107.214
107.192
109.353
105.056
107.192
107.192
107.184
107.233
107.166
107.21
107.199
107.192
107.199
107.376
107.057
107.191
107.192
107.346
107.071
107.192
107.207
107.184
107.211
107.206
107.177
109.023
105.376
107.191
107.207
107.203
107.455
106.977
107.173
107.444
106.981
107.192
107.184
107.395
106.989
107.338
107.086
107.192
107.184
107.226
107.184
107.207
107.199
111.658
102.733
107.226
107.176
107.192
107.489
106.936
107.207
107.184
107.192
107.345
107.072
107.199
107.184
107.218
107.181
107.233
107.169
107.35
108.673
109.154
103.613
107.233
107.176
107.241
107.312
107.165
107.098
107.192
107.289
107.158
107.162
107.447
106.966
107.249
107.154
107.184
107.199
107.192
107.199
107.199
107.218
107.215
107.161
107.226
107.207
107.191
107.207
107.545
106.846
107.188
107.222
107.282
107.113
107.188
107.188
107.485
106.913
107.207
107.192
107.274
107.158
107.199
107.218
107.143
107.199
107.226
107.248
107.143
107.225
107.173
107.275
107.128
107.191
107.207
107.184
107.233
107.192
107.192
107.199
107.199
107.211
107.199
108.865
105.59
107.139
107.222
107.184
107.354
107.052
107.226
107.169
107.192
107.191
107.305
107.12
107.169
107.23
107.263
107.113
107.21
107.214
107.192
107.199
107.2
107.225
108.143
106.248
107.169
107.2
107.233
107.184
107.214
107.192
107.402
107.128
107.064
107.192
107.376
107.022
107.211
107.221
107.32
107.064
107.218
107.214
111.312
103.049
107.207
107.432
106.963
107.214
107.184
107.214
107.177
107.241
107.169
107.184
107.263
107.169
107.185
107.206
107.218
107.158
107.226
107.244
107.154
110.192
104.936
106.44
107.214
107.196
107.214
107.256
107.169
107.165
107.418
106.992
107.222
107.154
107.241
107.184
107.192
107.191
107.361
107.045
107.211
107.222
107.176
107.177
107.241
107.184
107.199
107.184
107.215
107.203
107.477
107.105
107.015
107.218
107.399
107.015
107.169
107.207
107.383
107
107.211
107.319
107.087
111.041
103.361
107.169
107.207
107.2
107.191
107.241
107.368
107.008
107.233
107.391
107.007
107.177
107.184
107.214
107.233
107.185
107.169
107.199
107.222
107.267
110.549
103.77
107.346
108.166
108.112
105.215
110
104.376
107.206
107.29
108.511
105.76
107.225
107.192
107.312
107.071
107.489
107.056
107.162
107.102
107.206
107.211
107.24
107.166
107.195
107.181
107.218
107.184
107.335
107.071
107.211
107.199
107.199
107.184
107.233
107.448
106.928
107.207
107.192
107.218
107.199
107.177
107.256
107.142
107.207
111.737
102.673
107.184
107.222
107.225
107.192
107.327
107.083
107.173
107.218
107.173
107.218
107.169
107.233
107.181
107.203
107.199
107.199
107.192
107.199
107.184
107.226
107.192
107.214
107.184
107.226
107.184
107.214
107.192
107.177
107.191
107.2
107.21
107.199
107.384
107.049
107.169
107.293
107.105
107.241
107.169
107.214
111.583
102.835
109.44
104.951
107.199
107.169
107.229
107.177
107.226
107.199
107.169
107.229
107.29
107.09
107.188
107.203
107.222
107.184
107.207
107.188
107.207
107.214
107.21
107.177
107.207
107.207
107.199
107.474
106.936
107.184
107.413
106.985
107.192
107.211
107.199
107.199
107.199
107.192
107.196
107.3
107.098
107.226
107.221
107.166
108.346
106.049
107.214
107.184
107.192
107.21
107.271
107.177
107.165
107.203
107.199
107.2
107.199
107.21
107.226
107.192
107.165
107.297
107.09
107.215
107.195
107.203
107.233
107.177
107.165
107.203
107.223
107.21
107.184
107.229
107.369
107.007
107.226
107.165
107.184
107.241
107.162
107.248
107.165
107.226
107.176
107.44
106.993
111.022
103.335
107.387
107.045
108.793
105.663
107.146
107.169
107.214
107.211
107.173
107.24
107.192
107.199
107.177
107.24
108.008
106.361
107.222
107.248
111.184
103.139
107.207
107.207
107.282
107.293
107.154
107.064
107.192
107.327
107.09
107.173
107.24
107.162
107.207
107.192
107.218
107.184
107.301
107.127
107.418
106.943
107.271
107.169
107.162
107.24
107.2
107.184
107.59
106.793
107.215
107.188
107.315
107.098
107.192
107.184
107.248
107.169
107.2
107.206
107.2
111.616
103.098
106.872
107.222
107.21
107.185
107.206
107.234
107.157
107.2
107.353
107.049
107.199
107.199
107.2
107.233
107.176
107.185
107.199
107.21
107.185
107.221
107.2
109.127
105.249
107.199
107.225
107.177
107.222
107.177
107.218
107.368
107.03
107.218
107.199
107.2
107.191
107.305
107.086
107.211
107.173
107.289
107.106
107.229
108.936
105.432
107.241
107.177
107.191
107.215
107.394
107
107.2
107.47
106.928
107.226
107.158
107.673
106.729
107.297
107.101
107.327
107.083
107.207
107.263
111.207
103.139
107.192
107.191
107.233
107.17
107.199
107.214
107.305
107.097
107.207
107.184
107.286
107.139
107.184
107.215
107.24
107.136
107.21
107.323
107.076
109.511
105.135
106.985
107.252
107.109
107.229
107.519
106.914
107.128
107.218
107.191
107.2
107.184
107.432
107.008
107.214
107.15
107.41
106.993
107.218
107.206
107.185
107.191
107.222
107.173
107.203
107.203
107.199
107.218
107.173
107.226
107.192
107.184
107.248
107.184
107.207
107.169
107.481
106.925
107.211
107.18
107.417
107.023
110.947
103.414
107.225
107.2
107.199
107.304
107.32
106.955
107.207
107.221
107.203
107.158
107.241
107.169
107.241
107.188
107.188
107.199
107.192
107.221
107.192
107.181
107.214
107.192
107.214
107.192
107.225
107.248
107.151
107.184
107.184
107.211
107.199
107.199
107.199
107.218
107.215
107.169
107.199
107.192
107.214
107.211
107.184
107.199
107.226
107.158
107.233
107.184
107.207
107.312
107.097
107.158
107.226
107.184
107.222
107.177
107.319
107.083
107.207
107.184
107.263
107.177
107.176
110.2
104.214
107.177
107.545
106.857
107.199
107.248
107.151
107.402
107.064
107.15
107.207
107.177
107.218
107.184
107.207
107.233
107.165
107.226
107.176
107.207
107.199
107.264
107.112
107.2
107.233
107.206
107.177
107.44
106.97
107.214
107.177
107.225
107.406
107.106
107.094
107.21
107.177
107.214
107.177
107.192
107.199
107.184
107.297
107.135
110.482
103.936
107.15
107.233
107.173
107.211
107.447
106.955
107.207
107.173
107.439
107
107.188
107.181
107.218
107.184
107.214
107.2
107.199
111.722
105.808
104.049
107.24
107.2
107.169
107.229
107.192
107.21
107.185
107.455
107.071
107.056
107.207
107.196
107.357
107.041
107.214
107.177
107.241
107.169
107.207
109.312
107.432
104.846
107.225
107.185
107.214
107.21
107.185
107.199
107.199
107.199
107.218
107.158
107.226
107.192
107.206
107.177
107.214
107.196
107.207
107.199
107.199
107.192
107.225
107.177
107.192
107.222
107.176
107.264
107.154
107.199
107.263
107.147
107.206
107.185
107.503
106.895
107.211
107.191
107.2
107.191
107.218
110.327
105.143
106.121
107.233
107.15
107.199
107.2
107.233
107.289
107.12
107.158
107.218
107.222
107.192
107.169
107.222
107.177
107.225
107.229
107.177
107.433
106.962
107.199
107.199
107.218
107.173
107.226
109.113
105.289
107.199
107.192
107.207
107.184
107.192
107.207
107.184
107.376
107.026
107.233
107.173
107.199
107.331
107.094
107.211
107.176
107.222
107.166
107.21
107.199
107.211
107.207
107.176
107.215
107.184
107.218
107.184
107.214
107.497
106.902
107.188
107.199
107.237
107.177
107.24
107.169
107.192
107.184
107.207
107.218
109.711
104.688
107.176
107.2
107.233
107.361
107.03
107.184
107.199
107.214
107.26
107.143
107.169
107.207
107.233
107.165
108.346
106.079
107.203
107.192
110.135
104.256
107.191
107.215
108.282
106.342
108.943
105.241
107.169
107.421
107.011
107.177
107.222
107.383
107.012
107.173
107.21
107.222
107.184
107.184
107.207
107.218
107.207
107.184
107.199
107.211
107.18
107.218
107.177
107.207
107.207
107.195
107.181
107.218
107.225
107.207
107.192
107.304
107.087
107.184
107.199
108.354
106.063
107.215
107.218
107.248
107.101
107.237
111.493
102.887
107.233
107.177
108.729
105.68
107.177
107.196
107.233
107.184
107.199
107.354
107.033
107.207
110.354
105.06
106.169
107.192
107.233
107.191
108.015
106.396
107.176
107.222
107.169
107.207
107.455
106.969
107.222
107.154
107.215
107.233
107.161
107.215
107.831
106.624
107.146
107.192
107.308
107.083
108.015
106.376
107.256
107.146
107.229
107.177
107.241
107.199
107.184
107.192
107.199
107.177
107.207
107.218
107.24
107.143
107.211
111.511
106.541
103.515
107.215
107.191
107.2
107.233
107.191
107.177
107.199
107.207
107.203
107.207
107.398
107
107.211
107.207
107.184
107.192
107.206
107.211
107.192
107.312
107.086
107.199
107.203
107.2
107.199
107.35
107.169
107.064
107.218
107.184
107.222
107.199
107.184
107.338
107.072
107.199
107.199
107.2
107.203
107.199
108.071
106.32
107.184
107.207
107.225
107.185
107.206
107.218
107.343
107.056
107.214
107.162
107.616
106.79
107.203
107.207
107.199
107.267
107.128
107.214
109.135
105.263
107.17
107.191
107.241
107.233
107.128
107.24
107.185
107.206
107.192
107.177
107.545
106.895
107.184
107.184
107.222
107.177
107.206
107.297
107.128
108.29
106.112
107.2
107.184
107.192
107.233
107.477
106.872
107.226
107.192
107.447
106.951
107.226
107.361
107.007
107.233
107.184
107.2
107.173
107.225
107.207
107.199
107.173
107.222
107.184
107.233
107.166
107.24
107.177
107.256
107.127
107.207
107.211
107.406
106.992
107.192
107.218
107.376
107.015
107.177
107.263
107.158
110.763
104.902
105.936
107.177
107.249
107.183
107.207
107.203
107.173
107.199
107.233
107.177
107.214
107.177
107.199
107.346
107.064
107.199
107.177
107.233
107.199
107.256
107.489
106.845
107.192
107.211
107.206
107.2
107.203
107.199
107.207
107.206
107.177
107.184
107.2
107.233
107.199
107.177
107.199
107.256
107.135
107.225
107.207
111.154
103.241
107.207
107.169
107.214
107.184
107.218
107.271
107.128
107.192
107.297
107.105
107.207
107.206
107.519
106.85
107.229
107.203
107.184
107.2
107.206
107.218
107.696
106.71
107.162
107.207
107.199
107.207
107.218
107.177
107.455
106.936
107.214
107.177
107.218
107.191
107.218
107.185
107.214
107.184
107.222
107.21
107.2
107.184
107.192
107.233
110.342
104.026
107.214
107.418
107.158
107.007
107.211
107.199
107.192
107.248
107.143
107.218
107.349
107.057
107.199
107.169
107.226
110.128
104.27
107.184
108.015
106.41
107.184
107.343
107.063
107.192
107.459
106.951
107.192
107.214
107.361
107.049
107.184
107.207
107.195
107.188
107.211
107.173
107.387
108.398
107.376
105.666
107.221
107.2
107.18
107.207
107.278
107.105
107.215
107.432
106.97
107.18
107.211
107.214
107.241
107.146
107.215
107.176
107.2
107.24
107.158
107.192
107.218
107.184
107.222
107.169
107.199
107.211
107.214
107.207
107.192
107.184
107.417
107.015
107.192
107.177
107.394
107.008
107.207
107.229
107.177
107.24
107.177
107.169
107.222
107.21
107.2
107.169
107.222
107.21
107.173
107.226
107.248
107.135
107.218
107.192
107.44
106.936
107.214
107.199
107.192
107.199
107.207
109.38
109.342
102.857
107.233
107.166
107.21
107.376
107.056
107.256
107.128
107.293
107.105
107.192
107.376
107.034
107.192
107.191
107.215
107.218
107.184
107.192
107.221
107.2
107.188
107.184
107.222
107.191
107.234
107.582
106.899
107.071
107.248
107.248
107.2
107.105
107.237
107.188
107.188
107.195
107.207
107.199
107.207
107.199
107.203
107.177
107.199
107.199
107.2
107.225
107.214
107.177
107.361
107.056
107.185
107.206
107.279
107.127
107.188
107.215
107.184
107.184
107.229
107.162
107.233
107.169
109.271
105.135
107.233
107.17
107.214
107.376
107.304
106.903
107.218
107.199
107.207
107.191
107.203
107.207
107.199
107.192
107.207
107.226
107.184
107.191
107.222
107.154
107.207
107.192
107.24
107.192
107.177
107.218
107.229
107.177
107.207
107.203
107.199
107.192
107.199
107.177
107.221
107.388
107.015
107.184
107.207
107.225
107.173
107.169
111.17
103.248
107.214
107.184
107.233
107.32
107.056
107.207
107.218
107.282
107.109
107.199
107.177
107.207
107.203
107.191
107.222
107.192
108.5
105.925
107.184
107.199
107.192
107.184
107.275
107.15
107.211
107.439
106.951
107.17
107.188
107.233
109.481
104.921
107.222
107.161
107.222
107.169
107.207
107.391
107.019
107.233
107.165
107.185
110.225
104.192
107.752
106.631
107.215
107.218
107.184
107.184
107.233
107.184
107.215
107.184
107.192
107.221
107.162
107.207
107.199
107.203
109.087
105.402
107.128
107.184
107.199
107.2
107.214
107.203
107.176
107.237
110.504
103.898
107.177
107.188
107.211
107.199
107.233
107.158
107.233
107.184
107.199
107.192
107.211
109.229
109.019
103.519
107.041
107.165
107.241
107.192
107.218
107.18
107.233
107.267
107.087
107.255
107.143
107.192
107.233
107.207
107.191
107.29
111.526
102.763
107.234
107.195
107.195
107.215
107.184
107.218
107.192
107.59
106.782
107.21
109.993
104.526
107.113
107.177
107.207
107.176
107.226
107.184
107.192
107.214
107.184
107.184
107.215
107.218
107.199
107.169
107.222
107.177
108.368
106.038
107.229
107.192
107.165
107.241
107.165
107.203
107.222
107.192
107.218
107.176
107.207
107.184
107.297
107.106
111.47
102.958
107.192
107.204
107.191
107.214
107.199
107.169
107.376
107.057
107.176
107.192
107.192
107.207
107.199
107.195
107.215
107.206
107.211
107.192
108.631
105.775
107.184
107.199
107.778
106.655
107.157
107.211
107.207
107.21
107.177
107.214
107.218
107.429
106.936
107.203
107.222
107.184
107.233
107.15
107.226
110.823
103.56
107.207
107.203
107.391
107.151
107.056
107.218
107.207
107.158
107.24
107.199
107.177
107.211
107.206
107.192
107.211
107.18
107.218
107.192
109.376
108.022
104.226
107.177
107.206
107.2
107.199
107.203
107.192
107.199
107.199
107.297
107.102
107.21
107.433
106.958
107.199
107.192
107.218
107.192
107.177
107.255
107.143
107.241
107.176
107.207
107.218
107.184
107.207
107.184
107.23
107.218
107.15
107.241
107.154
107.485
106.955
107.191
107.177
107.199
107.222
107.184
107.226
107.199
107.151
107.225
107.226
107.207
107.184
107.191
107.2
107.184
107.199
107.32
107.082
107.207
107.184
107.504
106.902
107.211
107.214
107.184
107.185
107.206
107.891
106.895
106.808
107.233
107.2
107.199
107.361
107.015
107.199
107.417
106.993
107.271
107.112
107.391
107
107.226
107.199
107.199
107.218
107.173
107.192
107.218
107.207
107.203
107.184
107.207
107.177
107.206
107.361
107.049
107.23
107.169
107.218
107.308
107.075
107.256
107.173
107.267
107.127
107.207
107.158
107.218
107.184
109.681
104.725
107.196
107.223
107.175
107.192
107.233
107.192
107.192
107.263
107.177
107.142
107.425
107.008
107.199
107.195
107.192
107.222
107.184
107.184
107.207
108.955
105.462
107.207
107.184
107.185
107.203
107.191
107.2
107.214
107.225
107.369
107.244
106.948
107.221
107.211
107.455
106.913
107.222
107.218
107.184
107.173
107.218
107.192
107.233
107.158
107.199
107.211
107.237
107.169
107.226
107.199
107.199
107.184
107.192
107.218
107.327
107.038
107.24
107.169
107.218
107.215
107.184
110.511
105.951
105.128
107.226
107.207
107.176
107.199
107.219
107.172
107.29
107.12
107.433
106.985
107.304
107.079
107.207
107.184
107.199
107.211
107.199
107.207
107.199
107.177
107.338
107.056
107.215
107.24
107.166
107.297
107.086
107.218
107.327
107.072
107.203
107.184
107.293
107.113
107.214
107.211
107.176
107.207
107.207
107.184
107.211
107.191
107.192
107.222
107.169
107.199
107.233
107.264
107.135
107.177
107.206
107.185
107.267
107.176
107.173
107.184
107.218
107.192
107.214
107.185
107.21
110.876
103.56
107.154
107.222
107.188
107.365
107.026
107.199
107.207
107.354
107.071
107.184
107.184
107.32
107.083
107.229
107.169
107.207
107.218
107.192
107.199
107.207
107.857
106.936
106.782
107.203
107.199
107.233
107.158
107.44
106.985
107.293
107.105
107.41
106.981
107.282
107.128
107.384
107.007
107.199
107.234
107.176
107.226
107.173
107.195
108.605
105.801
107.184
107.215
107.191
107.211
107.199
107.207
107.282
107.101
107.203
107.2
107.27
107.113
107.278
107.162
107.184
107.207
107.184
110.545
105.512
105.552
107.199
107.192
107.203
107.199
107.455
106.959
107.199
107.184
107.241
107.154
107.248
107.158
107.602
106.823
107.177
107.191
107.32
107.113
107.184
107.887
108.32
105.361
107.255
107.184
107.192
107.218
107.207
107.184
107.199
107.192
107.199
107.192
107.44
106.985
107.177
107.191
107.207
107.226
107.184
107.207
107.184
107.184
107.226
107.173
107.24
107.169
107.234
107.469
106.921
107.192
107.199
107.211
107.165
107.233
107.192
107.226
107.207
107.184
107.184
107.207
107.184
110.049
105.966
105.568
107.338
107.071
107.222
107.211
107.199
107.188
107.252
107.15
107.203
107.166
107.24
107.169
107.207
107.218
107.47
107.034
107.079
107.199
107.211
107.199
108.511
105.872
107.192
107.218
107.181
107.225
107.184
107.207
107.233
107.177
107.327
107.09
107.173
107.233
107.256
107.12
107.192
107.226
107.184
107.206
111.064
103.312
107.222
107.211
107.199
107.192
107.184
107.233
107.169
107.222
107.192
107.207
107.184
107.218
107.222
107.146
107.207
107.226
107.172
107.185
107.225
109.44
106.496
105.639
107.2
107.199
107.233
107.169
107.241
107.184
107.199
107.199
107.32
107.09
107.192
107.184
107.335
107.079
107.191
107.218
107.192
107.199
107.211
107.199
107.463
106.921
107.214
107.184
107.241
107.376
107.105
107.094
107.68
106.722
107.192
107.207
107.41
106.973
107.29
107.12
107.199
107.215
107.169
107.233
110.831
103.567
109.128
105.267
107.18
107.188
107.215
107.425
107.157
107.008
107.207
107.188
107.214
107.192
107.206
107.192
107.218
107.199
107.2
107.176
107.256
107.188
107.868
106.512
107.191
107.218
107.2
107.304
107.162
107.101
107.482
106.936
107.199
107.192
107.432
106.977
107.245
107.146
107.207
107.305
107.105
107.207
107.225
107.151
109.658
104.744
107.192
107.24
107.158
107.226
107.526
106.857
107.207
107.199
107.203
107.222
107.184
107.391
107.248
106.985
107.169
107.192
107.207
110.007
108.042
103.59
107.177
107.184
107.218
107.192
107.214
107.184
107.192
107.241
107.176
107.192
107.199
107.215
107.176
107.184
107.218
107.215
107.184
107.199
107.203
107.214
107.376
107.023
107.199
107.203
110.215
104.176
110.921
103.632
107.037
107.211
107.214
107.226
108.398
105.944
107.218
107.184
107.237
107.154
107.241
107.169
107.237
107.169
107.203
107.18
107.827
106.583
107.384
107.045
110.545
103.843
107.39
107.071
107.132
107.188
107.203
107.207
107.191
107.226
107.173
107.225
107.215
107.176
107.2
107.191
107.226
107.192
107.207
107.176
107.192
107.203
107.229
107.188
107.207
107.301
107.09
107.207
107.218
107.319
107.045
107.196
107.207
107.233
110.44
103.951
107.184
107.184
110.158
104.241
107.191
107.226
107.184
107.207
107.233
107.192
107.199
107.177
107.361
107.037
107.184
107.207
107.233
107.177
107.192
107.199
107.203
107.199
107.23
107.169
107.225
107.166
107.252
107.172
107.219
107.334
107.064
107.211
107.172
107.185
107.763
106.774
107.102
107.18
107.286
107.086
107.467
106.966
107.191
107.219
110.973
103.395
107.229
107.184
107.219
107.176
107.181
107.225
107.199
107.226
107.177
107.214
107.211
107.157
107.241
107.207
107.184
107.184
107.199
107.2
107.203
107.229
108.128
106.233
107.199
107.211
107.214
107.297
107.105
107.196
107.195
107.207
107.169
107.199
107.234
107.199
107.184
107.214
107.203
107.207
107.184
110.184
104.271
107.151
111.048
103.331
107.222
107.192
107.191
107.2
107.203
107.214
107.199
107.184
107.211
107.222
107.199
107.203
107.207
107.154
107.214
107.192
107.199
107.207
110.049
104.368
107.2
107.176
107.211
107.316
107.105
107.161
107.241
107.165
107.455
106.963
107.192
107.191
107.192
107.192
107.233
107.184
107.199
107.192
110.808
103.786
110.726
103.496
107.176
107.384
107.041
107.207
107.177
107.214
108.361
106.041
107.192
107.199
107.199
107.185
107.466
106.966
107.184
107.184
107.211
107.18
107.218
107.207
107.192
107.226
107.157
107.218
107.376
107.03
107.241
107.135
107.369
107.128
107.161
107.158
107.29
107.128
107.191
107.184
107.218
107.173
110.113
104.297
107.782
106.624
107.211
107.222
107.176
107.192
107.226
107.391
107.097
107.072
107.221
107.207
107.203
107.2
107.199
107.176
107.207
107.203
107.215
108.56
108.015
105
107.233
107.158
107.24
107.169
107.226
107.199
107.192
107.177
107.214
107.218
107.214
107.177
107.199
107.184
107.207
107.199
107.312
107.113
107.184
107.177
110.895
103.553
107.161
107.222
107.177
107.199
107.241
107.161
107.256
107.135
107.214
107.185
107.451
106.951
107.214
107.184
107.218
107.185
107.221
110.835
106.308
104.444
107.241
107.157
107.241
107.327
107.068
107.237
107.169
107.169
107.222
107.184
107.391
107.015
107.192
107.218
107.192
107.191
107.192
107.218
107.195
108.685
108.695
104.226
107.18
107.226
107.184
107.35
107.154
107.086
107.233
107.169
107.256
107.135
107.234
107.157
107.226
107.207
107.184
107.199
107.211
107.184
107.413
106.985
107.192
107.207
107.218
107.207
107.176
107.215
107.353
107.023
107.225
107.215
107.255
107.139
107.184
107.2
107.27
107.147
107.188
107.184
107.451
110.568
103.605
107.211
107.199
107.184
107.215
107.169
107.496
106.944
107.176
107.192
107.233
107.192
107.192
107.176
107.222
107.169
107.241
107.176
107.2
107.191
107.207
107.56
106.842
107.222
107.177
107.184
107.241
107.199
107.184
107.184
107.343
107.048
107.218
107.192
107.207
107.199
107.29
107.135
107.184
107.184
107.249
107.255
107.121
107.191
107.207
107.169
107.241
107.161
107.207
107.376
107.023
107.225
107.639
106.737
107.256
107.143
107.368
107.041
107.237
107.233
107.207
107.147
107.184
110.752
106.135
104.696
107.24
107.177
107.214
107.263
107.128
107.459
107.022
107.098
107.199
107.207
107.312
107.09
107.222
107.184
107.192
107.211
107.191
107.207
107.199
107.553
106.857
107.184
107.207
107.199
107.234
107.481
106.917
107.162
107.206
107.211
107.192
107.173
107.218
107.206
107.203
107.188
107.354
107.075
107.173
107.199
107.233
107.177
107.218
107.199
107.166
107.191
107.2
107.225
107.481
106.903
107.233
107.199
107.233
107.15
107.2
107.225
107.41
106.951
107.207
107.207
107.372
107.022
108.136
106.255
107.226
107.173
107.226
107.221
107.169
107.2
107.218
107.158
107.225
107.207
107.184
107.233
107.369
107.015
107.184
107.218
107.301
107.09
107.192
107.184
108.669
105.744
107.211
107.214
107.2
107.225
107.15
107.29
107.233
107.086
107.226
107.192
107.184
107.177
107.221
107.2
107.225
107.177
107.214
107.248
111.41
102.921
107.181
107.233
107.176
107.2
107.233
107.207
107.176
107.192
107.575
106.816
107.218
107.184
107.342
107.057
107.233
107.158
107.225
107.184
107.215
109.609
104.785
107.215
107.176
107.211
107.222
107.184
107.207
107.346
107.064
107.157
107.218
107.192
107.248
107.177
107.177
107.214
107.199
107.192
107.199
107.226
107.222
107.146
107.97
106.455
107.222
107.192
107.191
107.418
106.985
107.206
107.177
107.207
107.21
107.173
107.241
107.161
107.215
107.191
107.219
107.157
107.218
107.215
107.233
107.154
109.703
104.68
107.207
107.214
107.219
107.172
107.185
107.218
107.214
107.169
107.41
106.992
107.222
107.207
107.391
106.977
107.218
107.185
107.214
109.579
109.12
102.895
107.229
107.177
107.207
107.176
107.343
107.082
107.211
107.413
107.072
107.079
107.225
107.312
107.079
107.184
107.226
107.207
107.191
107.185
107.225
107.173
111.417
102.985
107.2
107.233
107.169
107.199
107.448
106.985
107.176
107.222
107.402
106.981
107.204
107.191
107.199
107.185
107.214
107.184
107.226
107.207
107.199
107.176
107.226
107.165
107.264
107.139
107.206
107.207
107.226
107.184
107.489
106.894
107.226
107.184
107.47
106.951
107.184
107.177
107.448
106.951
107.225
110.008
108.823
102.744
107.241
107.184
107.192
107.184
107.241
107.255
107.271
107.049
107.199
107.184
107.2
107.24
107.177
107.233
107.169
107.192
107.229
107.184
107.192
107.199
107.203
107.207
107.184
107.241
107.192
107.334
107.17
107.105
107.229
107.241
107.218
107.079
107.24
107.158
107.218
107.166
107.225
107.32
107.083
107.236
107.192
107.162
107.353
107.064
107.18
107.203
107.192
107.207
107.609
106.831
107.177
107.184
107.312
107.113
107.191
107.207
107.53
106.846
107.203
107.18
107.226
109.711
105.601
106.305
107.157
107.211
107.214
107.184
107.222
107.188
107.222
107.331
107.334
106.903
107.233
107.161
107.222
107.207
107.192
107.176
107.218
107.185
107.222
107.176
107.218
107.222
107.158
107.21
107.2
107.346
107.086
107.41
106.974
107.184
107.353
107.079
107.184
107.192
107.199
107.226
107.184
107.192
107.207
107.199
111.259
103.143
107.184
107.2
107.233
107.172
107.219
107.327
107.169
107.101
107.673
106.707
107.214
107.192
107.391
107.041
107.169
107.2
107.199
107.184
107.226
108.853
106.034
106.703
107.192
107.233
107.184
107.297
107.086
107.192
107.346
107.102
107.176
107.2
107.296
107.121
107.176
107.422
106.977
107.226
107.176
107.199
107.207
107.218
111.542
102.827
107.188
107.225
107.207
107.538
106.894
107.147
107.455
106.943
107.256
107.135
107.218
107.192
107.248
107.158
107.218
107.207
107.184
107.207
108.019
106.364
107.203
107.222
107.169
107.256
107.143
107.21
107.519
106.906
107.192
107.222
107.458
106.925
107.2
107.184
107.466
106.913
107.222
107.2
107.424
106.963
107.229
107.184
107.184
107.192
107.241
107.297
107.094
107.176
107.226
107.263
107.128
107.199
107.2
107.21
107.357
107.026
107.207
107.184
107.361
107.057
110.398
104.015
107.192
107.169
107.218
107.181
107.203
107.222
107.281
107.249
107.063
107.215
107.184
107.192
107.338
107.079
107.241
107.142
107.271
107.135
107.211
108.673
105.726
107.176
107.241
107.199
107.184
107.192
107.233
107.199
107.169
107.185
107.222
107.195
107.195
107.188
107.335
107.071
107.207
107.226
107.304
107.064
107.222
107.177
107.65
106.782
107.169
107.199
107.2
107.233
107.176
107.192
107.207
107.207
107.199
107.188
107.237
107.203
107.173
107.24
107.17
107.176
107.207
107.207
107.21
107.184
109.767
104.655
107.195
107.165
107.226
107.474
107.158
106.985
107.172
107.211
107.199
107.184
107.219
107.187
107.211
107.199
107.192
107.184
107.241
107.192
107.199
108.184
106.624
106.801
107.165
107.226
107.192
107.21
107.229
107.361
106.993
107.233
107.192
107.157
107.241
107.169
107.222
107.177
107.274
107.207
107.297
107.022
107.241
107.207
107.184
107.184
107.207
107.211
107.278
107.105
107.226
107.199
107.263
107.128
107.184
107.184
107.215
107.255
107.162
107.199
107.305
107.079
107.206
108.331
106.072
107.184
107.191
107.192
107.241
107.176
107.2
107.191
107.234
107.199
107.432
106.951
107.184
107.249
107.165
107.259
107.158
107.185
107.203
107.18
107.218
107.214
109.395
105.015
107.312
107.072
107.233
107.199
107.177
107.157
107.241
107.192
107.203
107.173
107.248
107.184
107.192
107.218
107.184
107.222
107.169
111.342
103.29
107
107.169
107.191
107.222
107.218
107.151
107.225
107.207
107.184
108.56
105.873
107.184
107.199
107.184
107.2
107.218
107.199
107.184
107.199
111.248
103.162
107.199
107.207
107.203
107.173
107.192
107.458
106.959
107.214
107.29
107.079
107.199
107.195
107.222
107.203
107.316
107.071
107.226
107.169
107.312
107.121
107.18
107.211
107.191
107.184
108.583
105.808
107.297
107.128
107.218
107.166
107.199
107.218
107.229
107.177
107.218
107.177
107.233
107.15
107.241
107.207
107.289
107.102
107.176
107.211
108.342
106.071
107.192
107.211
107.18
107.177
107.218
107.208
107.19
107.207
107.192
107.176
107.361
107.064
107.192
107.203
107.244
107.177
107.241
107.135
107.192
107.222
107.195
107.184
107.222
107.169
107.226
107.184
107.222
107.207
107.188
107.191
107.207
107.199
107.2
107.184
108.289
106.143
107.305
107.263
111.161
103.045
107.628
110.839
103.158
107.21
107.192
107.353
110.293
103.921
107.234
107.191
109.974
104.402
107.222
107.196
107.199
107.207
107.191
107.184
107.219
107.379
107.019
107.199
109.85
104.534
107.233
107.312
107.105
107.158
107.312
107.09
107.222
107.177
107.346
107.045
107.214
107.218
107.184
107.192
107.199
107.218
107.215
107.184
107.169
107.241
107.199
107.177
107.206
107.575
106.899
107.105
107.23
107.248
107.199
107.177
107.165
107.282
107.113
107.199
107.199
107.207
107.203
110.553
103.846
107.255
107.12
107.211
107.222
107.489
106.936
107.169
107.334
107.064
107.233
107.185
107.248
107.12
107.241
107.165
107.211
107.206
107.181
107.218
107.192
107.191
107.226
107.184
107.214
107.169
107.234
107.199
107.349
107.027
107.225
107.173
107.395
107.008
107.221
107.218
107.32
107.049
107.207
107.191
107.207
107.196
107.206
107.192
108.282
106.094
107.233
107.199
107.185
107.296
107.102
107.192
107.225
107.207
107.177
107.199
107.305
107.105
107.27
107.113
107.215
107.206
107.196
110.113
106.248
105.237
107.176
107.211
107.207
107.191
107.192
107.222
107.218
107.192
107.413
106.962
107.249
107.142
107.632
106.771
107.222
107.218
107.184
107.199
107.192
108.47
106.748
106.364
107.256
107.154
107.237
107.226
107.154
107.192
107.469
106.937
107.218
107.191
107.248
107.121
107.214
107.226
107.173
107.191
107.211
107.214
107.188
107.196
107.225
107.184
107.2
107.191
107.203
107.512
106.894
107.2
107.206
107.185
107.451
106.932
107.402
107.008
107.207
107.203
107.206
107.184
107.215
109.68
108.752
103.169
107.218
107.166
107.218
107.199
107.222
107.177
107.191
107.384
107
107.248
107.425
106.943
107.211
107.214
107.192
107.176
107.207
107.218
107.192
107.211
107.782
106.59
107.233
107.169
107.214
107.263
107.147
107.188
107.233
107.196
107.319
107.053
107.199
107.203
107.335
107.064
107.199
107.225
107.271
107.105
110.73
103.673
107.18
107.203
107.207
107.248
107.173
107.195
107.2
107.176
107.207
107.192
107.218
107.199
107.199
107.207
107.192
107.192
107.203
107.206
107.2
109.594
107.661
104.327
107.203
107.207
107.207
107.184
107.218
107.199
107.207
107.177
107.361
107.041
107.222
107.199
107.256
107.146
107.185
107.206
107.2
107.206
107.324
107.056
107.662
106.759
107.177
107.218
107.436
107.004
107.165
107.177
107.233
107.199
107.169
107.23
107.409
106.978
107.192
107.221
107.185
107.184
107.218
107.334
111.376
102.872
108.809
105.605
107.211
107.176
107.199
107.44
106.959
107.203
107.214
107.218
107.286
107.113
107.173
107.21
107.2
107.218
107.184
107.368
107.03
108.963
108.116
104.496
107.207
107.211
107.214
107.211
107.184
107.176
107.222
107.211
107.192
107.191
107.342
107.072
107.184
107.207
107.203
107.192
107.206
107.215
107.191
107.203
107.2
107.199
107.21
107.237
107.162
107.184
107.192
107.191
107.219
107.206
107.527
106.872
107.195
107.188
107.226
107.177
107.199
107.207
107.191
107.218
110.985
103.384
107.24
107.173
107.203
107.188
107.218
107.207
107.184
107.196
107.222
107.206
107.218
107.158
107.459
106.944
107.375
107.023
107.199
107.192
107.211
109.845
108.944
102.801
107.225
107.177
107.229
107.211
107.165
107.192
107.211
107.229
107.458
106.91
107.211
107.214
107.399
106.969
107.207
107.203
107.215
107.176
107.207
107.192
107.207
107.218
107.206
107.218
107.2
107.312
107.049
107.278
107.24
107.079
107.248
107.17
107.345
107.023
107.226
107.176
107.215
107.191
107.207
107.211
107.206
107.185
107.206
107.184
107.192
107.23
107.203
107.609
106.782
107.191
107.211
107.192
107.297
107.116
107.192
107.184
107.211
107.184
107.222
107.199
107.199
108.778
105.985
106.857
107.192
107.177
107.229
107.248
107.162
107.173
107.379
107.102
107.135
107.177
107.368
107.057
107.177
107.206
107.2
107.225
107.169
107.215
107.199
107.203
107.56
106.838
107.185
107.184
107.214
107.391
107.274
106.952
107.191
107.354
107.304
106.917
107.219
107.199
107.207
107.218
107.184
107.207
107.191
107.177
110.865
103.533
107.226
107.207
107.192
107.184
107.24
107.185
107.233
107.191
107.305
107.056
107.2
107.191
107.207
107.199
107.218
107.2
107.199
107.192
107.203
109.135
105.639
106.831
107.21
107.181
107.225
107.185
107.206
107.331
107.057
107.214
107.383
107
107.2
107.199
107.203
107.229
107.162
107.207
107.199
107.225
111.617
102.733
107.226
107.184
107.191
107.2
107.203
107.222
107.191
107.184
107.32
107.113
107.184
107.192
107.21
107.207
107.192
107.199
107.207
107.225
107.177
108.613
105.876
107.135
107.177
107.173
107.252
107.18
107.226
107.169
107.199
107.214
107.177
107.192
107.218
107.214
107.177
107.225
107.2
107.176
107.196
107.233
107.184
107.177
108.034
106.383
107.207
107.169
107.241
107.376
107.015
107.191
107.305
107.094
107.195
107.181
107.304
107.121
107.203
107.199
107.199
107.177
107.214
107.211
109.469
104.929
107.214
107.185
107.21
107.207
107.255
107.226
107.286
107.026
107.192
107.214
107.305
107.064
107.263
107.206
107.162
107.199
107.192
107.211
107.191
108.951
105.433
107.207
107.191
107.226
107.199
107.361
107.008
107.206
107.211
107.613
106.8
107.177
107.203
107.222
107.214
107.154
107.226
107.188
107.218
107.199
107.211
107.18
107.177
107.191
107.241
107.207
107.195
107.181
107.417
106.985
107.199
107.226
107.357
107.019
107.229
107.169
107.568
106.816
107.225
107.185
107.206
111.673
102.726
107.203
108.447
105.936
107.2
107.199
107.191
107.219
107.214
107.192
107.203
107.206
107.185
107.233
107.436
106.921
107.218
107.199
107.391
107
107.199
108.519
108.865
104.218
107.214
107.177
107.233
107.184
107.199
107.207
107.196
107.191
107.2
107.214
107.192
107.218
107.173
107.195
107.207
107.199
107.207
107.184
107.211
107.199
107.214
107.681
106.736
107.226
107.15
107.207
107.192
107.184
107.241
107.263
107.105
107.233
107.207
107.199
107.199
107.188
107.2
107.27
107.136
107.169
107.24
107.151
107.225
107.185
107.206
107.29
107.128
107.199
107.334
107.072
107.177
107.184
107.207
107.274
107.135
107.207
107.184
107.203
107.196
107.218
107.192
111.12
106.263
104.203
107.199
107.2
107.214
107.176
107.29
107.143
107.192
107.191
107.203
107.196
107.203
107.218
107.192
107.199
107.199
107.226
107.173
107.176
107.233
107.185
107.184
107.214
107.207
107.195
107.23
107.169
107.207
107.402
106.989
107.218
107.289
107.094
107.207
107.233
107.233
107.128
107.207
107.27
107.154
107.177
107.207
109.985
107.158
104.424
107.226
110.335
104.071
107.211
107.184
107.214
107.425
107.071
107.094
107.218
107.297
107.094
107.211
107.165
107.361
107.042
107.206
107.185
107.312
107.101
109.06
105.365
107.177
107.289
107.105
107.44
106.981
107.192
107.192
107.193
107.329
107.079
107.218
107.207
107.199
107.177
107.233
107.271
107.12
112
102.376
107.199
107.207
107.184
107.2
107.289
107.162
107.15
107.199
107.233
108.816
105.583
107.203
107.222
107.161
107.2
107.214
107.169
107.192
107.218
107.278
110.199
104.128
107.169
109.233
105.207
107.207
107.195
107.173
107.241
107.199
107.154
107.233
107.166
107.233
107.199
107.199
107.185
107.199
107.203
108.857
105.575
107.158
107.192
108.785
105.647
107.184
107.185
107.233
107.169
107.229
107.169
107.2
107.233
108.789
105.587
107.229
107.146
107.222
107.2
107.21
107.199
107.2
111.83
102.572
107.184
111.376
103.045
107.184
107.26
107.15
107.207
107.192
107.225
107.192
107.165
107.233
107.17
107.248
107.278
107.09
107.199
107.44
107.049
107.44
109.312
109.35
102.729
107.113
107.169
107.598
106.8
107.241
107.143
107.304
107.121
107.191
107.215
107.218
107.165
107.226
107.161
107.233
107.196
107.195
107.192
107.207
107.199
107.184
107.2
107.184
107.267
107.165
107.368
107.057
107.177
107.184
107.207
107.24
107.162
107.184
107.229
107.211
107.158
107.199
107.218
107.199
107.233
107.166
107.432
106.963
107.214
107.192
107.481
106.936
107.184
107.199
107.399
107.004
107.206
107.327
107.072
107.184
107.214
107.211
107.184
107.184
107.256
107.199
107.169
107.192
107.199
107.44
106.985
107.286
107.09
107.417
106.974
107.226
107.173
107.21
107.214
107.185
107.289
107.241
107.045
107.218
107.192
107.214
107.913
106.737
106.936
107.222
107.169
107.241
107.391
107
107.184
107.218
107.432
107.053
107.09
107.207
107.199
107.203
107.181
107.218
107.233
107.165
107.233
107.166
107.195
110.512
103.909
107.211
107.192
107.199
107.184
107.214
107.211
107.184
107.177
107.447
106.974
107.24
107.136
107.225
107.215
107.203
107.199
107.361
109.71
107.583
104.12
107.226
107.184
107.199
107.185
107.24
107.154
107.222
107.214
107.482
106.909
107.211
107.199
107.44
106.959
107.176
107.211
107.391
107.022
107.177
107.44
108.928
105.234
107.191
107.192
107.248
107.372
107.004
107.271
107.12
107.184
107.233
107.192
107.192
107.207
107.214
107.162
107.225
107.199
107.192
107.207
107.192
107.289
107.105
107.2
107.24
107.256
107.143
107.361
107.169
107.022
107.241
107.184
107.199
107.185
107.255
107.136
107.225
107.207
107.192
107.338
107.064
111.688
104.616
105.294
107.191
107.241
107.147
107.206
107.248
107.177
107.184
107.222
107.184
107.215
107.564
106.815
107.215
107.191
107.256
107.154
107.192
107.199
107.192
107.222
108.906
105.455
107.24
107.169
107.222
107.387
106.989
107.233
107.184
107.361
107.03
107.185
107.225
107.207
107.199
107.184
107.211
107.177
107.221
107.192
110.56
103.846
107.211
107.199
107.184
107.447
106.978
107.184
107.199
107.185
107.191
107.2
107.225
107.207
107.184
107.184
107.354
107.049
107.244
107.199
107.188
107.199
107.207
107.192
107.199
107.184
107.185
107.225
107.207
107.184
107.211
107.18
107.432
106.985
107.192
107.184
107.425
106.993
107.206
107.207
107.199
107.196
107.214
107.169
107.481
106.918
107.207
107.203
107.206
107.327
107.113
107.184
107.192
107.184
107.2
107.233
107.263
107.09
107.214
107.215
107.176
107.211
107.199
107.207
107.21
107.2
110.278
104.113
107.176
107.222
107.207
107.308
107.15
107.151
107.436
106.932
107.211
107.199
107.199
107.226
107.214
107.169
107.207
107.199
107.196
109.022
106.143
106.425
107.207
107.192
107.33
107.117
107.154
107.192
107.214
107.184
107.203
107.185
107.526
106.902
107.184
107.226
107.177
107.229
107.169
107.207
107.195
107.2
107.233
107.18
107.169
107.2
107.203
107.334
107.335
106.977
107.177
107.278
107.12
107.233
107.192
107.192
107.199
107.184
107.207
107.218
107.158
107.211
107.191
107.207
107.218
107.199
107.207
107.199
107.177
107.218
107.181
107.345
107.064
107.185
107.233
107.349
107.034
107.184
107.241
107.15
107.226
107.214
107.184
109.192
105.233
107.162
107.229
107.192
107.199
107.188
107.214
107.192
107.233
107.173
107.184
107.196
107.214
107.184
107.598
106.835
107.184
107.199
107.241
107.184
107.173
107.233
108.015
106.346
107.24
107.158
107.2
107.233
107.199
107.316
107.06
107.233
107.162
107.191
107.207
107.203
107.207
107.192
107.206
107.215
107.195
107.192
107.199
107.184
107.342
107.091
107.214
107.162
107.206
107.482
106.936
107.158
107.402
107.007
107.222
107.192
107.203
107.199
109.974
104.44
107.184
107.203
107.199
109.233
106.455
105.906
107.207
107.177
107.206
107.2
107.221
107.17
107.225
107.207
107.192
107.176
107.23
107.18
107.207
107.199
107.207
107.177
107.225
107.184
107.335
107.098
108.808
105.568
107.199
107.192
107.24
107.192
107.353
107.015
107.23
107.161
107.218
107.207
107.192
107.473
106.933
107.195
107.207
107.184
107.207
107.192
111.146
103.256
107.222
107.21
107.2
107.3
107.124
107.166
107.184
107.327
107.162
107.094
107.488
106.922
107.225
107.181
107.21
107.286
107.113
107.225
107.169
109.662
106
105.936
107.226
107.199
107.184
107.199
107.192
107.211
107.214
107.162
107.285
107.121
107.206
107.226
107.184
107.199
107.192
107.207
107.203
107.177
107.221
107.192
107.688
106.699
107.222
107.207
107.218
107.15
107.256
107.169
107.226
107.15
107.229
107.196
107.214
107.169
107.222
107.211
107.173
107.203
107.206
107.215
109.033
105.384
107.192
107.176
107.226
107.271
107.12
107.44
107.113
107.007
107.214
107.192
107.218
107.177
107.214
107.222
107.18
107.215
107.191
107.177
107.222
107.331
110.631
103.624
107.207
107.233
107.199
107.335
107.064
107.21
107.185
107.184
107.199
107.218
107.293
107.083
107.214
107.192
107.192
107.192
107.218
107.18
107.241
107.161
107.207
107.184
107.241
107.158
107.21
107.222
107.282
107.158
107.154
107.177
107.214
107.199
107.226
107.169
107.297
107.087
107.221
107.196
107.214
110.718
107.489
103.376
108.263
106.162
107.176
107.2
107.225
107.192
107.199
107.447
106.944
107.226
107.361
107.03
107.176
107.222
107.346
107.023
107.225
107.207
107.184
109.899
108.966
102.729
107.32
107.112
107.207
107.169
107.207
107.384
107.026
107.18
107.2
107.233
107.176
107.226
107.18
107.218
107.177
107.214
107.655
106.748
107.184
107.207
109.09
105.293
107.211
107.188
107.21
107.297
109.256
105.03
107.24
107.162
107.237
107.162
107.206
107.226
107.218
107.173
107.184
107.271
107.176
107.177
107.218
107.222
110.241
104.094
107.24
107.197
107.172
107.24
108.73
105.646
107.199
107.312
107.106
107.169
107.199
107.271
107.184
107.135
107.226
107.169
107.278
107.121
107.214
109.09
105.312
107.192
109.722
104.68
107.207
107.199
107.214
107.188
107.207
107.207
107.256
107.142
107.196
107.207
107.221
107.162
111.681
102.725
107.203
111.455
102.944
107.176
107.233
107.166
107.214
107.218
107.177
107.229
107.177
107.177
107.24
107.177
107.192
107.319
107.113
107.184
107.222
107.162
107.398
107
107.218
107.816
106.59
107.192
107.21
107.2
107.184
107.199
107.184
107.241
107.184
107.207
107.203
107.188
107.218
107.248
107.135
107.2
107.191
107.226
107.184
107.192
107.233
107.177
109.541
104.872
107.297
107.094
107.203
107.357
107.042
107.233
107.15
107.214
107.211
107.18
107.211
107.192
107.195
107.203
107.594
106.816
107.192
107.191
107.252
107.151
107.887
106.504
111.135
103.297
107.192
107.199
107.199
107.211
111.03
103.56
106.992
107.226
107.199
107.207
107.169
107.192
107.233
107.207
107.214
107.594
110.88
103.112
107.192
107.199
107.2
107.176
107.2
107.191
107.226
107.184
107.214
107.218
107.192
107.151
107.255
107.169
107.226
107.18
111.042
103.383
107.184
109.467
104.924
107.211
107.214
107.154
107.233
107.173
107.241
107.15
107.233
107.192
107.226
107.158
107.21
107.199
107.192
107.226
110.086
104.312
107.184
107.2
107.184
107.207
107.338
107.064
107.199
107.226
107.199
107.184
107.207
107.24
107.328
107.033
107.185
107.214
107.346
107.037
107.211
107.184
107.214
107.215
110.763
103.631
107.166
107.24
107.17
107.214
107.218
107.184
107.192
107.233
107.271
107.086
107.248
107.184
107.275
107.094
107.218
107.214
107.184
107.185
107.214
110.011
105.944
105.631
107.226
107.207
107.206
107.177
107.229
107.162
107.241
107.176
107.561
106.815
107.207
107.226
107.214
107.177
107.184
107.184
107.312
107.087
111.624
102.785
107.215
107.176
107.256
107.154
107.222
107.192
107.199
107.184
107.244
107.166
107.248
107.15
107.41
106.985
107.207
107.199
107.214
107.17
107.225
109.455
107.226
104.921
107.214
107.192
107.191
107.192
107.226
107.191
107.391
107.015
107.32
107.049
107.214
107.188
107.214
107.406
106.997
107.173
107.233
107.214
107.177
107.383
107.402
106.809
107.214
107.192
107.191
107.361
107.162
107.071
107.192
107.263
107.177
107.169
107.207
107.207
107.218
107.191
107.312
107.064
107.215
107.225
107.177
107.222
109.985
104.368
107.256
107.161
107.23
107.169
107.199
107.199
107.211
107.177
107.263
107.158
107.218
107.398
106.985
107.177
107.222
107.176
107.218
109.598
104.816
107.199
107.169
107.207
107.233
107.169
107.2
107.218
107.191
107.207
107.199
107.215
107.176
107.466
106.952
107.191
107.384
106.992
107.226
107.18
107.211
109.417
109.237
102.944
107.225
107.184
107.218
107.181
107.218
107.184
107.207
107.184
107.199
107.192
107.241
107.169
107.214
107.211
107.184
107.207
107.191
107.177
107.214
107.211
107.47
106.921
107.229
107.196
107.191
107.305
107.086
107.211
107.372
107.015
107.188
107.207
107.383
107.049
107.173
107.203
107.192
107.192
107.206
107.192
107.218
107.184
107.192
107.233
107.184
107.215
107.214
107.338
107.038
107.177
107.225
107.207
107.199
107.199
107.196
107.199
107.297
107.102
107.199
107.304
107.106
108.759
106.128
106.695
107.241
107.177
107.199
107.267
107.165
107.162
107.59
106.842
107.177
107.165
107.327
107.079
107.211
107.199
107.207
107.195
107.215
107.225
107.286
107.056
108.369
106.064
107.176
107.215
107.191
107.403
107.3
106.899
107.199
107.207
107.225
107.158
107.211
107.349
107.324
106.943
107.185
107.225
107.196
107.176
107.192
107.226
107.176
107.192
107.211
107.199
107.207
107.199
107.207
107.184
107.218
107.199
107.335
107.079
107.361
107.007
107.218
107.406
106.993
107.184
107.218
108.759
105.624
107.192
107.207
107.346
107.158
107.105
107.222
107.188
107.199
107.177
107.703
106.695
107.222
107.184
107.41
106.992
107.23
107.195
107.32
107.056
107.214
107.177
107.199
107.207
107.203
107.222
107.21
107.222
107.169
107.2
107.191
107.177
107.222
107.203
107.304
107.102
107.184
107.192
107.289
107.136
107.184
110.534
105.53
105.519
107.21
107.192
107.248
107.15
107.233
107.192
107.199
107.185
107.206
107.185
107.233
107.199
107.169
107.207
107.218
107.199
107.192
107.24
107.166
107.192
107.21
107.199
107.185
107.21
107.188
107.481
106.929
107.184
107.278
107.121
107.233
107.199
107.489
106.921
107.214
107.143
107.225
107.2
107.206
107.218
107.192
107.184
107.218
107.2
107.199
107.184
107.207
107.21
107.399
106.985
107.199
107.222
107.184
107.199
107.211
107.184
107.32
107.086
107.184
107.203
107.196
110.395
104.018
107.215
107.684
106.677
107.236
107.192
107.177
107.27
107.155
107.406
107.116
107.102
107.229
107.12
107.316
107.094
107.207
107.218
107.184
107.184
107.215
107.503
108.779
105.319
107.207
107.177
107.289
107.135
107.406
106.985
107.192
107.192
107.218
107.237
107.161
107.226
107.335
107.022
107.226
107.184
107.199
107.199
107.211
107.192
111.037
103.376
107.211
107.169
107.214
107.199
107.2
107.218
107.488
106.903
107.191
107.215
107.417
106.944
107.225
107.353
107.072
107.158
107.218
109.308
105.09
107.215
107.203
107.199
107.192
107.191
107.226
107.165
107.384
107.026
107.192
107.199
107.353
107.042
107.214
107.184
107.215
107.191
107.331
107.072
107.199
108.022
109.049
104.523
107.199
107.244
107.203
107.354
107.165
107.042
107.214
107.192
107.199
107.199
107.211
107.191
107.207
107.177
107.218
107.207
107.184
107.192
107.225
107.166
107.225
107.199
107.215
107.203
107.214
107.226
107.278
107.064
107.233
107.15
107.218
107.199
107.207
107.211
107.229
107.154
107.207
107.177
107.221
110.203
108.504
102.872
107.2
107.248
107.191
107.185
107.263
107.128
107.199
107.218
107.184
107.184
107.207
107.184
107.241
107.184
107.199
107.256
107.139
107.222
107.184
107.192
107.199
107.184
107.241
107.192
107.184
107.199
107.361
107.049
107.222
107.176
107.192
107.192
107.218
107.184
107.293
107.147
107.177
107.173
107.282
107.15
111.192
103.176
107.241
107.184
107.192
107.199
107.199
107.207
107.218
107.199
107.346
107.03
107.211
107.184
107.406
107
107.226
107.165
107.346
107.086
107.185
109.594
107
104.992
107.432
106.967
107.233
107.263
107.128
107.439
107.046
107.09
107.199
107.203
107.286
107.146
107.252
107.117
107.214
107.214
107.226
107.158
107.21
107.177
107.199
107.23
107.203
107.158
107.203
107.327
107.169
107.12
107.365
107.034
107.199
107.199
107.417
107.008
107.192
107.214
107.338
107.03
107.211
107.199
107.222
107.21
107.151
107.218
107.18
107.29
107.139
107.192
107.5
106.921
107.184
107.383
107.305
106.921
107.184
107.207
107.184
107.233
107.177
107.222
107.176
110.049
105.391
106.162
107.214
107.184
107.218
107.215
107.191
107.177
107.207
107.432
106.951
107.211
107.199
107.214
107.391
107.012
107.184
107.199
107.192
107.192
107.214
107.184
107.241
107.161
107.233
107.158
107.241
107.199
107.192
107.199
107.196
107.195
107.451
106.936
107.222
107.177
107.398
107
107.218
107.207
107.395
107.015
111.113
103.255
107.241
107.158
107.192
107.225
107.327
107.064
107.199
107.192
107.218
107.184
107.222
107.169
107.32
107.113
107.184
107.248
107.158
107.218
107.192
107.176
107.222
107.184
107.185
107.439
106.97
107.222
107.177
107.233
107.177
107.206
107.185
107.206
107.267
107.158
107.177
107.207
107.191
107.192
107.218
107.207
107.169
107.241
107.191
107.185
107.206
107.185
107.191
107.256
107.177
107.184
107.214
107.226
107.169
107.214
107.305
107.101
107.169
107.196
107.214
107.199
107.192
107.184
107.263
107.177
107.85
106.511
107.218
107.207
107.173
107.368
107.339
107.071
107.071
107.177
107.214
107.185
107.289
107.094
107.233
107.218
107.166
107.267
107.27
107.079
107.192
107.21
108.327
106.072
107.199
107.169
107.342
107.057
107.199
107.211
107.206
107.207
107.211
107.206
107.192
107.184
107.226
107.319
107.128
107.102
107.225
107.226
107.222
107.176
111.794
102.59
107.218
107.184
107.207
107.241
107.127
107.226
107.421
106.985
108.214
106.169
107.2
107.218
107.199
107.169
107.214
107.2
107.184
107.195
111.166
103.24
107.993
106.406
107.203
107.196
107.217
107.192
110.714
103.711
107.169
107.214
107.192
107.207
107.218
107.199
107.184
107.192
107.207
107.21
107.463
108.402
105.718
107.233
107.151
107.204
107.228
107.207
107.176
107.211
107.214
107.192
110.594
103.782
107.203
107.428
106.993
107.312
107.098
107.173
107.218
107.176
107.215
107.184
107.594
106.812
107.316
107.079
107.199
107.225
107.256
107.135
108.594
105.816
107.173
107.203
107.222
107.177
107.233
107.312
107.191
107.079
107.403
110.59
103.616
107.207
107.41
106.981
107.218
107.192
107.184
107.199
107.267
107.151
107.206
107.177
107.192
107.192
107.199
107.233
107.169
107.207
107.218
107.165
107.241
107.177
107.278
107.15
107.169
107.192
107.259
107.166
107.192
107.21
107.199
107.222
107.169
107.192
107.211
107.188
107.191
107.282
107.282
107.049
107.237
107.489
106.879
107.192
107.218
107.207
107.184
107.214
107.203
107.192
107.177
107.229
107.177
107.199
107.218
107.181
107.195
107.222
107.199
107.203
107.493
107.112
106.993
107.207
107.21
107.151
107.24
107.193
107.224
107.185
107.263
107.105
107.447
106.982
107.188
107.214
107.184
107.207
107.192
107.184
107.417
106.985
107.214
107.218
107.192
107.207
107.184
107.177
107.225
107.215
107.184
107.199
107.199
107.177
107.214
107.211
107.357
107.023
107.21
107.184
107.222
107.211
107.263
107.146
107.181
107.192
111.112
103.29
107.184
107.199
107.248
107.297
107.17
107.116
107.184
107.264
107.139
107.191
107.448
106.943
107.263
107.17
107.334
107.106
107.146
107.214
110.327
104.079
107.177
107.184
107.233
107.249
107.157
107.177
107.199
107.226
107.184
107.214
107.497
106.891
107.199
107.192
107.447
106.974
107.184
107.184
107.211
107.503
106.91
107.192
107.225
107.185
107.191
107.2
107.203
107.199
107.199
107.184
107.226
107.165
107.226
107.199
107.448
106.977
107.18
107.185
107.21
107.199
107.282
107.136
107.214
107.154
107.237
107.192
107.218
107.184
107.184
107.192
107.199
107.226
107.263
107.135
107.346
107.064
107.173
107.432
107.105
107.064
107.44
106.978
107.199
107.207
107.65
106.752
107.165
107.324
107.534
106.744
107.218
107.173
107.207
107.33
107.121
107.176
107.327
107.057
107.214
107.192
107.192
107.289
107.113
107.207
107.312
107.056
107.214
107.192
107.297
107.105
107.207
107.226
107.18
107.218
107.184
107.215
107.195
107.166
107.225
107.226
107.237
107.135
107.177
107.225
107.192
107.184
107.207
107.21
107.237
107.169
107.418
107.022
107.169
107.2
107.191
107.162
107.237
107.218
107.177
107.221
107.185
107.218
107.184
107.199
107.263
107.128
107.214
107.211
107.192
107.214
107.248
107.139
107.199
107.215
107.432
107.177
106.958
107.192
107.451
107.166
107.026
107.15
107.248
107.2
107.191
107.2
107.21
107.369
107.007
107.207
107.203
107.192
107.206
107.177
107.376
107.079
107.192
107.199
107.184
107.192
107.203
107.203
107.218
107.192
107.21
107.391
106.985
107.237
107.169
107.256
107.207
107.154
107.169
107.256
107.142
107.2
107.206
107.324
107.071
107.207
107.184
107.233
107.177
107.188
107.24
107.249
107.139
107.176
107.207
107.184
107.241
107.169
107.199
107.207
107.192
107.184
107.214
107.226
107.184
107.184
107.32
107.113
107.184
107.207
107.191
107.233
107.166
107.184
107.459
106.966
107.184
107.192
107.218
107.237
107.184
107.169
107.199
107.226
107.184
107.32
107.071
107.192
107.218
107.207
107.184
107.184
107.222
107.225
107.369
106.992
107.215
107.282
107.142
107.305
107.094
107.192
107.203
107.206
107.185
107.447
107.079
107.192
107.09
107.233
107.143
107.222
107.184
107.387
107.023
107.191
107.312
107.271
107.041
107.2
107.191
107.196
107.188
107.192
107.236
107.35
107.015
107.256
107.338
107.015
107.199
107.2
107.361
107.157
107.098
107.199
107.203
107.237
107.169
107.185
107.191
107.207
107.226
107.173
107.218
107.199
107.218
107.398
106.985
107.2
107.176
107.226

------------------------------------------------------------------------------------------------------------------------------------------------
max val(#7751) = 112.00us
min val(#7752) = 102.38us
peak-to-peak = 9.62us
mean +- RMS = 107.20 +- 0.80 us

packet size: 516
number of packets: 10000
RATE = 38507.46kbps, PPS = 9328.4
