Destination address set to 01:1B:19:00:00:00
Defaults: 01:1B:19:00:00:00 or 01:80:C2:00:00:0E
SIOCSHWTSTAMP: tx_type 1 requested, got 1; rx_filter 0 requested, got 0
setting ts_flags: 0x53
new ts_flags: 0x53


gap of hw tx time, us: packets 10000:
------------------------------------------------------------------------------------------------------------------------------------------------
0
61.83
97.786
108.278
96.899
97.519
104.334
106.218
103.271
100.383
103.561
121.342
80.605
108.556
103.967
102.954
102.327
97.681
103.71
105.369
98.447
103.936
103.388
102.782
103.537
102.166
98.21
103.861
102.955
105.744
101.951
102.072
97.913
103.316
103.681
102.274
101.688
103.034
102.688
106.327
95.895
103.906
103.206
102.049
101.805
102.417
102.523
103.022
102.049
102.718
104.744
101.233
102.376
101.177
102.737
102.124
103.09
101.399
102.898
101.493
104.827
102.59
102.32
102.609
102.454
102.113
101.97
102.207
102.616
102.343
98.552
102.511
111.267
83.861
117.658
101.361
102.613
101.68
100.884
99.838
102.346
113.504
81.748
118.432
92.963
115.037
82.865
118.267
101.071
100.463
100.522
103.485
100.402
112.2
82.447
118.696
106.815
83.448
117.143
100.266
101.433
103.958
99.809
101.007
101.391
103.241
112.489
82.169
117.894
101.17
100.142
101.673
100.44
112.985
82.241
118.583
100.221
99.948
101.804
112.184
83.139
116.568
102.166
99.402
101.056
101.365
112.252
82.079
118.27
100.47
100.444
101.553
102.285
101.083
111.91
83.289
118.399
101.44
106.312
90.654
113.522
90.448
116.823
82.575
117.538
99.823
99.135
111.497
82.631
119.008
98.842
101.718
102.778
99.312
111.887
90.376
112.057
99.838
101.361
100.601
112.327
82.625
117.657
101.294
99.503
99.715
112.361
94.221
119.696
83.154
120.109
95.978
95.033
95.545
116.309
93.706
107.448
104.105
94.572
98.297
112.507
92.301
113.729
84.793
117.391
99.73
100.037
112.53
81.606
118.511
100.474
100.041
100.782
104.346
100.44
112.661
82.29
118.034
99.789
99.466
111.199
84.222
117.44
138.444
92.334
96.121
92.879
96.177
99.406
104.041
91.143
118.978
86.654
105.665
222.527
71.594
105.909
102.384
102.267
102.127
102.177
102.895
101.992
102.944
102.049
102.432
102.143
102.008
102.736
102.008
102.895
102.481
102.271
102.665
102.398
101.756
102.421
102.85
102.319
101.831
102.985
102.553
101.887
104.744
100.722
101.493
102.706
102.79
102.458
101.88
102.504
102.053
102.627
104.718
100.113
102.384
102.361
102.488
102.809
101.966
102.391
102.361
102.248
102.774
102.042
106.353
99.071
101.598
102.218
102.854
102.281
102.858
102.545
102.357
101.834
102.414
102.665
102.448
101.977
103.117
101.891
102.143
102.951
102.195
104.008
100.996
102.538
102.24
102.44
102.03
102.643
102.534
102.643
101.646
104.215
100.751
102.489
102.496
102.29
102.199
102.541
102.188
102.301
102.97
102.519
102.857
101.335
102.977
102.278
102.226
102.665
101.91
103.248
101.842
102.512
102.221
102.136
102.658
102.879
101.85
102.248
102.929
101.62
102.85
102.082
103.045
101.824
102.33
103.094
101.985
102.279
102.218
102.526
102.586
102.286
103.914
100.846
102.642
102.03
102.602
102.541
102.154
101.858
102.909
102.282
102.207
102.722
102.647
102.278
102.767
101.97
102.218
102.47
102.071
102.823
102.169
102.779
102.564
102.161
102.354
102.376
102.191
102.241
113.951
101.887
92.696
101.793
102.406
102.041
102.44
102.575
102.072
102.507
102.079
102.639
102.418
103.943
100.782
102.128
102.82
102.263
102.511
102.511
101.929
102.455
102.368
102.523
102.661
102.455
102.572
102.101
102.688
101.745
102.744
102.519
102.018
102.47
103.015
101.993
102.12
102.696
102.519
102.075
102.59
102.586
102.136
102.191
187.271
25.282
105.072
112.078
105.049
89.17
97.902
106.282
94.421
113.849
99.369
126.519
74.729
105.853
101.098
102.526
102.376
102.384
102.218
102.248
102.568
103.056
101.774
102.707
102.008
102.349
103.162
101.617
102.59
102.255
102.624
102.906
101.888
102.425
102.206
102.466
102.406
102.369
102.368
102.312
102.542
102.699
101.985
102.447
102.357
102.651
102.759
101.887
102.576
102.139
102.135
103.023
102.206
121.827
72.158
113.433
102.094
101.977
102.857
102.696
101.928
104.151
100.906
102.041
102.5
103.034
101.816
102.616
102.624
102.136
102.439
102.008
102.688
102.335
102.289
102.586
102.264
102.485
102.255
102.049
102.737
102.233
102.568
102.304
102.376
102.361
102.135
102.241
102.342
103.538
101.879
102.44
102.504
102.064
102.079
102.951
101.944
102.53
102.176
102.312
102.399
102.079
104.947
100.32
102.391
102.447
102.263
102.523
102.135
103.199
102.497
101.951
102.394
102.734
102.338
102.462
102.418
102.278
102.77
101.846
102.651
101.819
102.7
102.511
102.327
102.504
102.27
102.309
102.413
102.226
102.624
102.928
101.327
103.425
101.639
102.632
102.304
102.023
102.872
102.128
102.248
103.071
102.241
104.147
100.27
103.121
101.567
102.143
103.256
102.064
101.707
108
99.157
100.843
102.304
101.703
103.056
102.726
102.041
102.312
102.478
102.218
102.391
102.425
102.849
102.094
102.177
102.256
102.759
102.203
102.639
102.327
102.41
102.91
101.97
102.518
102.106
102.462
102.447
102.797
102.628
101.782
102.504
102.44
104.643
99.909
102.594
102.576
102.199
102.09
102.583
102.631
102.064
102.538
102.88
102.24
101.872
103.008
101.767
102.729
102.128
102.853
102.305
102.256
102.09
91.27
122.843
117.327
94.56
78.173
117.18
88.158
104.432
118.113
93.696
162.736
29.873
106.15
102
102.312
101.936
102.553
102.304
102.711
101.902
104.665
100.249
102.624
102.417
102.056
102.895
102.384
102.312
102.199
102.864
101.655
102.985
102.146
102.797
101.628
102.628
103.019
102.439
101.816
102.59
101.895
103.293
101.854
101.895
104.056
101.218
102.797
102.41
102.263
102.034
102.255
102.865
102.478
102.563
101.989
102.083
102.406
102.361
102.646
102.275
102.492
104.29
100.673
102.079
102.545
102.391
102.992
102.098
102.406
101.929
102.8
102.553
102.015
102.425
102.455
102.432
101.966
102.459
102.278
102.383
102.937
102.176
102.463
102.248
102.319
102.572
102.541
102.29
102.36
102.974
101.842
102.448
102.567
102.177
102.229
102.53
102.128
102.824
101.928
102.944
102.184
102.474
104.052
100.496
102.489
101.97
102.88
101.88
102.654
102.458
102.617
101.917
102.417
102.903
102.473
102.88
101.632
102.879
102.553
101.511
102.703
102.497
102.297
102.488
102.293
102.41
102.391
102.481
102.568
101.944
102.857
101.985
102.695
102.335
102.007
102.914
102.489
102.105
102.647
102.454
102.064
101.831
103.985
103
101
102.41
101.88
102.744
101.966
103.384
101.552
102.496
102.531
104.3
100.184
103.083
102.064
103.038
102.022
102.538
101.97
102.447
102.432
102.418
102.485
102.282
102.417
102.075
102.643
102.703
102.12
102.169
102.67
102.323
103
101.688
102.526
102.312
102.617
102.383
102.41
102.113
102.631
102.527
103.793
100.744
102.591
102.154
102.406
102.24
102.718
102.418
101.992
102.85
103.526
101.248
102.192
102.477
102.139
102.993
101.88
102.782
102.026
102.616
102.23
152.977
75.824
107.041
90.049
98.071
90.808
96.685
122.361
112.135
93.131
173.407
24.263
103.857
101.473
102.583
102.369
102.112
102.038
102.545
102.263
102.575
101.906
102.895
102.184
102.474
102.361
102.03
102.361
102.207
102.496
104.519
100.545
102.455
102.184
107.489
98
102.473
102.343
101.785
102.335
102.248
102.801
102.609
102.143
102.631
101.816
102.297
102.774
102.233
102.76
102.398
102.29
102.12
101.959
102.864
102.312
102.794
102.688
102.094
102.334
102.282
102.519
102.203
102.726
101.891
102.575
102.398
102.481
102.297
102.305
102.47
104.601
100.124
102.628
102.166
102.752
102.007
102.496
102.794
101.928
102.399
102.488
102.824
102.146
102.342
102.482
102.056
102.575
102.199
102.707
102.523
102.643
102
102.703
101.985
102.398
102.177
102.737
102.12
102.849
102.102
102.338
103.072
101.609
102.259
102.748
102.335
102.703
102.297
102.263
102.602
101.902
104.496
100.034
103.101
101.921
102.538
102.696
102.285
101.906
103.072
101.552
102.56
102.88
103
101.639
102.553
102.271
102.417
102.489
102.518
101.842
103.463
101.481
102.556
102.361
102.561
102.09
103.022
101.609
102.718
102.794
102.191
102.497
101.454
103.354
101.767
102.519
102.353
102.098
102.861
102.267
102.349
103.184
101.538
103.143
102.27
102.41
102.305
102.462
101.489
102.688
103.218
102.192
102.503
101.895
102.233
103.214
101.568
103.057
101.714
102.966
101.992
102.297
102.73
102.391
102.071
102.816
102.169
102.526
102.858
101.879
102.136
103.552
101.718
102.376
102.226
102.071
102.842
102.414
102.432
102.56
102.32
102
102.601
102.151
102.519
102.56
102.387
101.989
102.601
102.538
102.462
102.098
135.007
79.343
93.748
92.47
112.616
97.357
123.121
94.018
90.782
95.474
185.605
20.034
105.545
101.263
102.17
102.094
102.522
102.541
102.113
102.256
102.631
102.993
101.846
102.451
102.365
114.68
90.827
102.143
101.966
102.587
102.27
104.064
100.384
102.507
102.463
102.582
102.489
102.406
102.105
102.305
102.594
103.62
101.609
101.865
102.361
102.255
102.305
102.583
102.248
102.534
102.394
102.448
102.808
101.928
102.264
102.774
102.233
102.241
102.552
102.121
102.503
102.414
102.616
102.602
102.312
102.47
101.707
102.958
101.76
103
102.376
102.233
104.176
100.952
101.601
103.109
101.786
102.902
102.38
102.308
102.282
102.15
104.076
101.015
102.293
102.699
102.038
102.842
101.823
102.895
102.601
102.598
102.162
102.488
102.632
101.79
102.315
102.421
102.692
101.838
102.895
101.76
102.729
102.575
102.417
102.358
102.436
102.334
102.297
102.44
102.038
103.026
102.007
102.76
102.248
102.184
102.839
102.048
102.73
101.872
102.271
102.545
102.744
107.462
97.049
102.094
103.049
101.857
102.576
102.304
102.609
102.199
102.121
102.654
102.473
102.482
102.236
102.681
102.432
102.147
101.868
102.963
102.496
102.135
102.718
102.707
101.865
102.534
102.289
102.35
102.695
102.354
102.079
102.507
102.853
101.921
102.106
102.462
102.76
101.969
102.929
102.301
101.801
102.127
104.73
100.624
102.304
102.59
102.73
102.056
102.237
102.515
102.91
101.601
103.222
102.019
102.387
102.113
102.338
102.737
102.376
102.166
102.424
102.609
102.263
102.561
102.082
102.944
102.263
102.583
102.233
102.271
102.097
102.591
102.424
102.617
102.158
102.387
102.15
102.561
102.545
102.688
101.872
102.737
102.15
222.263
84.857
102.591
107.977
103.496
127.399
87.842
83.417
109.406
98.711
143.191
58.929
112.56
101.703
102.026
102.846
102.203
102.222
101.978
102.191
103.072
101.928
102.966
102.128
102.553
101.977
103.489
101.327
102.703
102.417
102.647
102.015
102.707
101.718
102.466
102.399
102.169
102.541
102.963
102.221
102.433
102.424
101.985
102.786
101.902
102.745
102.511
102.489
101.646
102.914
105.022
99.816
102.098
102.88
102.135
102.248
102.722
102.44
101.966
102.729
102.519
102.59
101.906
102.297
103.045
101.519
102.906
102.015
103.282
101.425
102.846
102.304
102.722
102.121
102.556
102.316
102.62
101.744
103.049
101.752
103.087
102.481
102.049
102.575
102.135
102.384
102.394
102.271
102.632
102.586
102.128
104.368
100.873
102.094
102.281
101.861
102.978
102.064
102.248
102.722
102.263
102.334
102.32
102.801
102.278
102.906
101.974
102.673
102.33
102.181
101.985
102.507
124.872
72.989
109.951
102.41
102.023
102.417
102.222
102.643
102.424
102.399
102.376
102.489
102.101
102.643
102.101
102.673
102.297
102.342
102.745
102.432
103.857
100.745
102.47
102.097
102.23
102.473
102.666
102.255
102.44
102.015
102.647
102.537
102.489
102.278
102.609
102.136
102.346
102.319
102.391
102.44
102.752
102.256
102.319
102.609
102.203
101.974
102.567
102.632
102.504
101.567
102.745
102.985
102.158
102.105
102.947
101.91
102.808
102.497
101.782
102.872
101.936
105.068
99.973
102.752
101.801
103
102.391
101.928
102.831
101.778
102.662
102.402
102.166
102.259
102.493
102.819
102.455
102.541
102.463
101.857
102.297
102.658
102.598
102.53
102.12
102.726
101.89
102.406
102.121
102.943
102.767
101.643
117.455
92.064
97.12
92.094
112.636
100.951
104.15
90.609
112.271
108.316
102.597
156.264
29.624
110.447
101.929
102.169
102.327
102.673
102.221
102.376
102
102.346
102.88
102.459
102.627
102.034
101.906
103.136
102.199
102.605
102.184
102.579
102.399
102.594
101.759
102.76
102.12
102.737
102.022
102.425
102.47
102.624
102.233
102.102
102.616
102.489
102.41
102.481
102.492
102.29
102.169
104.56
100.605
102.211
102.853
101.459
102.853
102.098
102.929
102.383
102.391
102.105
102.384
102.616
101.967
102.563
102.91
102.064
102.079
102.515
102.448
102.263
102.737
102.454
102.673
101.718
102.527
102.075
102.887
102.222
102.568
102.146
102.489
102.748
102.09
102.594
101.775
102.597
102.403
102.744
102.568
102.056
103.872
101.143
102.256
102.522
102.414
102.105
102.057
102.447
102.774
102.346
103.902
100.538
103.767
101.737
102.398
102.147
102.413
102.41
102.29
102.413
102.192
102.857
102.346
102.244
102.624
102.256
101.921
102.139
103.087
102.455
102.248
102.552
102.233
102.358
102.199
102.507
102.47
102.297
102.624
102.658
102.421
103.921
100.865
101.959
102.511
102.53
102.293
102.643
102.229
101.936
102.346
104.361
100.519
103.086
102.155
102.127
102.546
102.511
102.462
102.218
102.421
102.354
102.282
102.135
102.414
102.552
102.489
102.56
102.177
102.68
102.135
102.944
102.312
102.105
102.478
102.267
102.173
102.624
102.312
102.319
102.553
102.041
104.534
100.034
103.128
102.135
102.838
102.395
102.346
101.902
102.433
102.857
103.639
100.568
102.774
102.402
102.263
102.264
102.609
102.872
101.838
102.899
102.109
102.503
102.226
102.601
102.016
102.312
102.936
116.894
88.391
101.737
101.914
161.545
39.079
133.462
89.034
97.726
91.594
105.936
105.737
103.27
121.361
146.752
32.421
113.068
101.143
102.409
101.647
102.929
102.312
102.184
101.861
104.624
100.473
102.67
102.082
102.568
101.959
102.673
102.639
101.785
102.839
102.8
102.17
102.455
102.248
102.406
102.579
102.127
103.361
102.038
102.09
102.256
102.015
102.695
102.538
101.744
103.222
102.049
102.639
102.008
103.112
102.008
102.872
102.075
102.038
102.895
102.297
102.297
102.582
102.418
102.071
102.665
104.215
100.53
101.861
102.928
102.034
102.56
102.718
102.842
101.854
102.233
102.383
102.602
102.278
102.425
102.24
102.015
102.899
102.022
103.271
101.666
102.327
102.47
102.402
102.27
102.425
102.41
102.447
102.015
102.722
102.677
101.936
102.835
101.575
105.898
101.718
100.406
101.779
102.406
102.857
102.225
102.639
102.448
102.537
101.497
102.428
102.579
102.414
102.688
102.312
102.338
102.553
102.116
103.139
102.015
102.094
102.466
102.625
102.18
102.387
102.56
102.816
101.399
102.891
102.169
102.718
102.462
102.696
101.857
102.601
102.406
102.207
101.955
103.12
102.2
102.462
102.143
102.504
103.018
101.696
102.936
101.857
103.35
101.616
102.489
102.447
102.47
101.989
102.549
102.601
102.121
102.248
102.598
104.263
100.466
102.703
102.41
102.534
102.263
101.842
102.567
102.576
102.176
102.489
102.658
102.071
102.504
102.489
102.763
102.417
101.801
102.906
102
102.767
101.959
102.488
102.561
102.409
101.981
103.147
102.263
101.944
102.154
102.662
103.424
101.854
102.075
102.79
102.857
101.624
102.425
101.477
106.579
99.184
104.478
100.657
102.23
102.105
102.786
102.293
102.305
102.018
102.271
102.688
101.992
92.914
110.632
105.255
118.861
88.688
103.297
96.034
97.143
107.233
106.853
137.899
57.015
102.511
102.346
102.256
101.917
102.68
102.481
102.361
102.504
103.673
100.895
102.519
102.402
102.568
102.063
103.249
101.56
102.319
102.177
104.669
100.681
102.496
101.936
102.402
102.094
102.722
102.47
102.579
101.951
102.47
102.376
102.489
102.33
102.365
102.241
102.417
102.944
101.789
103.211
101.714
103.109
101.793
102.575
102.32
102.496
102.177
102.68
101.887
102.632
102.583
103.673
101.007
102.985
101.914
102
102.357
102.722
101.902
102.368
102.53
104.079
101.297
102.015
102.688
102.44
102.113
102.398
102.561
102.304
102.617
101.725
103.226
102.184
118.049
87.007
102.215
102.424
102.647
101.714
102.662
102.658
102.007
102.587
102.853
102.128
101.891
102.399
102.334
102.745
102.481
102.176
102.406
102.696
102.184
102.902
101.884
102.383
102.185
102.582
102.211
102.462
103.872
101.2
102.274
102.455
101.91
102.729
102.248
102.59
102.361
102.361
102.432
102.391
102.256
102.602
102.161
102.132
102.443
102.448
102.752
102.015
103.086
102.602
101.857
102.271
102.665
102.15
102.707
102.391
102.263
102.639
102.448
102.481
101.831
102.793
102.289
102.192
102.519
102.71
101.745
102.395
102.646
104.015
100.545
102.583
102.481
102.342
102.538
102.481
101.711
102.609
102.537
102.06
102.673
102.519
101.944
102.65
103.072
102.432
102.049
102.56
102.192
102.654
102.049
102.537
102.286
102.523
101.958
102.361
102.88
102
106.094
99.41
102.319
102.214
102.369
102.083
102.582
102.542
102.409
102.241
102.455
101.928
103.985
101.015
102.399
102.297
102.515
102.128
102.872
102.015
102.398
102.722
102.222
153.447
75.196
105.71
90.038
84.12
116.027
117.624
93.71
88.745
94.849
143.527
72.8
104.376
101.711
102.473
101.985
102.606
102.225
102.192
102.831
102.722
102.248
102.176
102.215
102.496
101.951
102.857
102.199
102.482
102.199
102.91
101.842
102.552
102.207
102.808
102.369
102.071
102.666
102.105
102.917
103.985
100.414
102.019
103.127
102.207
102.538
102.143
102.575
102.41
102.673
102.15
102.24
101.974
102.496
102.418
102.312
102.097
102.846
102.553
101.985
102.639
102.816
101.801
103.199
101.718
102.849
102.305
102.511
102.497
102.289
102.32
102.552
102.072
102.015
102.143
104.943
100.466
102.448
102.439
102.072
102.432
104.369
100.703
102.361
102.432
102.049
103
101.631
102.553
102.865
101.966
102.161
102.974
102.113
102.128
102.334
102.673
102.508
102.06
102.417
102.91
102.282
102.526
101.97
102.278
102.794
102.161
102.192
102.425
102.91
102.575
102.417
102.184
102.384
102.199
102.135
102.154
102.489
103.496
101.91
102.211
102.59
104.271
100.601
101.666
103.15
102.241
102.537
102.662
101.575
102.624
103.32
101.665
102.857
101.782
102.523
102.27
102.406
102.418
102.879
102.218
102.47
101.872
102.858
102.255
102.215
102.447
102.034
102.879
102.2
102.658
102.101
103.139
102.263
101.711
102.263
102.545
102.41
102.726
102.21
102.376
102.605
102.226
104.12
100.598
102.601
102.185
102.342
102.131
102.44
102.726
102.417
121.865
71.992
113.718
102.026
102.151
102.575
101.97
103.094
102.09
102.158
102.425
102.383
102.951
102.147
101.974
102.707
102
102.872
102.308
102.323
102.113
102.79
102.639
102.007
102.32
102.643
102.518
102.136
102.714
102.368
102.35
102.162
133.094
77.424
95.016
93.864
113.711
124.026
87.737
98.248
92.989
96.624
177.616
25.395
109.654
100.993
101.782
102.21
102.654
102.568
102.282
102.135
103.263
101.858
102.409
102.47
102.496
102.594
101.797
102.546
102.353
102.895
101.906
102.676
102.233
102.474
102.079
102.568
101.767
102.8
102.594
102.576
102.582
104.256
100.289
102.406
102.17
102.552
102.263
102.617
102.079
102.319
102.546
102.191
102.545
102.993
102.199
101.993
102.488
102.185
102.462
102.673
102.485
102.458
102.418
101.989
102.312
102.154
106.135
99.241
102.255
102.391
102.872
102.192
102.417
102.406
102.658
101.839
102.458
102.376
102.681
101.894
102.463
102.722
103.661
100.993
102.12
102.658
102.617
102.206
102.463
102.12
102.32
102.736
103.602
101.425
101.774
102.959
102.184
102.538
102.293
102.098
102.274
102.485
102.523
102.733
101.759
102.553
102.744
102.44
102.011
102.669
102.263
102.403
102.503
102.937
101.552
102.406
103.027
101.661
102.534
102.635
102.576
101.958
102.568
103.744
101.012
102.804
102.218
102.041
102.433
102.748
102.162
102.736
101.639
104.546
100.966
102.233
102.481
102.549
102.368
102.433
102.417
102.297
102.128
102.327
102.583
102.033
102.192
103.282
101.774
102.632
102.368
102.497
102.534
102.255
102.354
102.409
102.497
102.124
102.691
102.358
102.409
102.399
102.248
102.462
102.899
101.872
102.113
102.767
102.297
102.376
102.312
102.297
102.582
102.256
104.278
100.425
102.899
102.142
102.474
102.669
102.56
102.064
102.064
102.226
103.007
101.846
102.963
102.15
102.417
102.166
102.387
102.492
102.339
102.312
102.646
101.873
102.736
102.154
102.974
102.087
102.522
102.248
103.064
101.722
102.718
186.993
24.609
106.157
117.831
93.722
90.064
96.583
107.699
122.109
92.977
174.015
25.049
102.568
101.583
101.737
102.439
102.643
102.271
101.853
102.609
102.842
102.128
102.136
102.455
102.233
101.992
102.797
102.353
102.41
102.767
102.271
102.504
101.657
103.046
102.496
102.225
102.17
102.56
102.616
102.008
102.654
102.481
102.045
102.715
101.943
102.432
102.403
103.007
102.128
102.774
101.594
104.888
100.135
102.951
102.09
102.399
122
72.361
114.022
101.297
102.136
102.594
102.406
102.526
101.962
102.384
103.026
102.045
102.745
101.906
102.357
102.383
102.809
101.951
102.507
102.62
101.948
102.301
103.139
102.725
101.978
102.353
102.455
101.895
102.537
102.015
102.936
102.215
102.289
102.617
102.368
102.399
102.97
101.83
101.914
102.974
102.402
102.646
101.906
102.542
102.68
102.113
102.391
103.113
101.361
102.496
102.109
102.722
102.391
102.643
102.007
102.846
101.914
103.03
101.864
102.609
102.2
102.751
102.41
102.248
102.549
102.643
102.015
102.496
102.023
102.53
102.504
101.992
102.44
102.575
102.335
102.59
102.252
102.816
101.992
102.553
102.583
101.951
102.68
101.993
102.646
102.271
102.545
104.97
100.462
101.497
102.759
101.985
102.703
102.617
102.375
101.858
102.936
101.669
93.748
112.733
101.504
102.443
102.015
102.974
101.801
102.831
102.304
102.312
102.681
101.879
102.226
102.59
102.654
101.88
102.635
102.752
101.966
102.707
102.737
102.087
102.56
102.094
102.721
102.271
102.008
102.962
102.399
102.082
104.444
100.188
102.165
103.057
102.304
101.981
102.485
102.23
103.022
101.722
102.391
102.711
102.379
102.301
102.507
102.433
103.086
101.575
102.643
102.342
102.414
101.786
90.368
114.425
125.729
89.959
83.823
111.906
88.959
122.801
95.751
160.775
30.12
107.831
102.064
102.056
101.895
102.97
101.959
102.913
101.823
104.143
101.2
102.394
102.03
102.467
102.037
102.857
102.241
102.417
102.263
102.504
102.914
102.116
102.538
101.906
102.301
102.8
102.015
102.395
102.447
102.47
102.474
102.519
102.474
102.533
102.147
101.91
103.09
102.308
102.218
102.474
103.737
100.989
102.699
102.128
102.556
101.707
102.872
102.071
102.831
102.019
104.365
100.338
103.383
101.786
102.647
102.421
102.139
101.951
102.759
102.591
102.18
102.549
102.083
102.421
102.361
102.312
102.425
102.439
102.482
102.383
102.365
102.65
102.286
102.68
102.034
102.44
102.199
102.609
102.162
102.504
102.101
103.105
102.256
102.03
102.447
102.73
102.135
102.538
102.376
102.496
102.079
104.041
100.73
102.684
102.594
101.808
102.489
102.319
102.241
102.165
103.106
102.12
102.447
102.56
101.888
102.891
102.221
102.226
102.782
102.312
102.218
102.59
102.369
102.736
101.929
102.609
102.485
102.15
102.459
102.583
102.056
102.41
102.744
102.023
102.567
102.226
102.767
102.361
102.286
101.97
102.582
102.583
104.09
116.745
87.015
102.176
102.151
102.297
102.24
102.44
102.902
102.162
102.098
102.864
101.982
102.304
102.53
102.718
102.136
102.157
102.658
102.162
102.726
102.368
102.09
102.256
102.598
102.473
102.504
102.391
102.267
102.632
102.428
102.417
101.827
102.519
102.575
102.271
102.594
102.342
102.41
102.35
102.383
103.635
101.384
102.15
102.553
102.432
102.275
102.18
102.275
102.958
102.162
102.342
102.88
101.526
102.778
102.399
102.075
102.748
102.62
101.94
102.681
102.139
153.086
65.15
90.489
107.647
109.643
94.319
97.376
130.44
92.064
156.538
30.612
110.384
101.673
102.778
101.846
102.594
102.511
102.297
102.35
102.12
102.184
102.801
102.511
102.057
102.503
102.369
103.113
101.823
102.583
102.048
104.737
100.121
102.597
102.012
102.804
102.425
101.823
100.034
105.914
101.83
102.079
102.32
102.56
102.474
102.312
102.504
102.575
101.951
102.353
102.463
102.402
102.616
101.918
102.616
102.666
102.488
101.918
102.887
101.947
102.752
102.263
103.023
102.256
101.552
102.865
102.233
102.504
101.985
102.639
102.481
102.143
104.928
99.857
102.444
102.402
103.087
101.616
103.098
102.207
102.214
102.466
102.042
102.838
101.895
102.864
101.88
102.703
102.083
102.639
103.071
101.891
102.391
102.872
102.241
102.143
102.504
101.992
102.286
102.395
102.285
103.256
101.737
103.383
101.658
102.745
102.293
102.338
101.35
103.176
102.482
103.007
101.91
104.395
100.823
101.489
102.361
102.887
102.007
103.057
101.823
102.639
102.481
102.008
102.624
102.007
102.384
102.631
102.297
102.625
102.609
102.037
102.666
102.041
102.902
101.568
106.985
98.297
102.801
101.823
103.052
101.764
102.725
102.515
102.609
102.23
101.879
102.775
102.507
102.312
102.44
102.541
101.7
103.263
104.24
100.166
102.169
102.406
102.451
102.816
101.782
102.842
102.094
102.842
101.959
102.737
102.511
101.902
102.339
102.744
101.853
102.921
102.027
102.733
102.233
102.207
102.507
102.406
101.951
102.921
102.44
101.959
102.489
102.872
102.176
102.914
102.519
101.774
102.948
101.548
102.929
102.496
102.263
101.929
102.744
104.824
99.894
102.256
102.376
102.771
102.319
102.425
101.91
102.503
102.313
102.864
90.929
123.838
111.722
94.725
87.297
96.794
120.609
110.729
92.91
203.113
89.725
101.305
102.785
101.846
101.816
102.282
102.632
102.744
102.455
102.071
102.387
102.102
102.68
102.418
102.406
102.105
118.049
87.489
101.981
104.203
100.383
103.192
101.985
102.116
102.275
102.654
102.192
102.203
102.676
102.538
102.177
102.406
102.161
102.726
102.466
102.248
102.414
102.594
102.24
102.264
102.766
102.203
102.429
102.594
102.162
102.101
102.651
101.902
102.864
102.072
103.263
101.263
103.568
101.635
102.158
102.553
102.744
102.417
102.177
102.357
104.369
100.44
102.672
102.568
102.207
102.417
102.199
102.361
102.23
102.744
103.929
100.451
103.086
102.064
102.15
102.459
102.624
102.399
102.417
101.974
102.53
102.695
102.327
102.632
102
102.665
102.489
102.526
101.76
102.522
102.534
102.711
102.154
102.631
101.583
102.865
102.274
102.711
102.041
102.718
102.417
104.448
100.376
102.59
102.267
102.462
102.203
102.324
102.169
102.616
102.376
104.128
100.504
101.977
106.53
98.775
102.383
102.553
102.207
102.048
102.64
102.631
102.376
102.248
102.575
102.29
102.519
102.225
102.56
102.361
102.47
102.658
102.143
102.199
102.369
102.767
102.65
101.59
102.354
102.616
102.357
102.553
104.274
100.816
101.673
102.816
102.037
103.249
101.947
102.507
102.121
102.537
103.767
100.955
102.62
102.083
102.278
102.951
101.835
102.56
102.241
102.368
102.854
102.432
102.207
102.503
102.106
102.759
102.241
102.361
102.631
102.079
102.41
102.974
101.943
101.899
102.808
102.192
102.455
102.496
102.842
101.838
102.327
102.647
102.496
102.105
102.467
102.086
138.842
71.647
105.398
101.707
103.372
103.609
102.433
102.481
100.368
102.32
102.248
102.365
102.233
103.018
101.846
102.267
102.511
103.207
101.88
102.15
102.395
102.541
103.076
101.646
104.602
100.718
102.297
102.447
102.072
102.842
102.086
102.297
102.278
102.087
103.098
102.225
102.902
101.97
102.327
102.726
102.026
102.121
102.545
102.917
102.312
101.65
103.301
102.38
101.485
102.801
102.744
102.319
102.185
102.345
102.534
102.576
102.082
102.658
102.564
101.887
102.425
102.154
102.639
102.88
102.128
102.594
102.27
102.647
102.192
102.041
103.151
101.962
102.365
102.112
102.715
102.135
101.914
103.319
101.808
102.662
102.759
102.467
102.15
102.489
102.064
102.552
102.361
102.181
102.124
102.74
102.835
102.278
102.019
102.278
102.767
102.507
102.583
102.327
102.489
102.368
101.854
102.402
102.703
101.632
103.048
102.215
102.898
102.06
102.602
102.233
101.688
103.35
102.075
102.383
102.512
101.703
102.793
102.71
102.497
102.345
102.639
106.482
98.327
101.763
102.59
102.135
103
102.673
101.749
101.939
103.151
102.225
102.448
101.541
102.827
102.417
102.549
102.489
104.808
99.895
102.267
102.654
102.087
102.872
102.161
102.504
102.278
101.97
102.752
102.327
102.658
102.357
102.384
102.169
102.368
102.384
102.722
102.488
102.309
102.154
102.458
102.557
102.297
102.473
102.143
102.978
102
102.094
102.312
102.842
102.015
102.022
102.587
102.662
102.488
103
102.162
102.263
102.696
103.845
101.275
101.654
102.113
102.079
102.665
102.519
102.459
103.022
101.88
102.098
103.206
102.2
102.451
102.534
102.052
102.579
101.624
102.775
102.24
102.515
101.188
92.188
114.511
123.655
87.879
99.29
91.173
96.898
117.91
100.594
159.985
30.616
108.151
102.169
102.305
102.116
102.609
102.568
101.857
103.511
103.177
100.68
102.263
102.361
102.192
102.455
102.688
101.929
102.327
103.018
102.023
102.647
102.439
102.809
101.819
103.023
101.936
102.293
102.684
102.151
102.718
102.41
102.375
102.023
102.504
102.139
102.485
102.639
102.515
102.617
101.511
103.214
102.015
102.722
102.169
102.703
101.737
102.598
102.346
102.477
102.297
104.32
100.466
102.631
102.519
101.744
102.752
102.617
102.15
102.38
102.12
102.944
102.037
102.531
102.751
102.23
102.402
101.966
102.993
102.361
101.808
102.808
102.462
102.433
102.496
101.823
102.651
102.398
102.297
102.527
102.218
102.548
102.786
101.793
102.497
102.725
102.241
102.255
102.136
103.056
102.098
102.293
103.884
101.165
102.297
102.391
102.545
101.729
102.421
102.553
102.808
102.361
102.042
102.455
102.375
102.824
101.887
103.545
101.966
102.418
102.297
102.278
102.041
102.376
102.455
102.256
102.785
101.929
102.767
102.169
102.568
102.319
102.256
102.857
101.872
102.854
102.255
102.786
101.857
102.425
102.342
102.534
102.004
104.597
100.643
101.989
102.646
102.309
102.44
102.447
102.417
102.391
102.519
102.199
102.609
102.128
102.602
102.15
102.872
102.384
102.53
102.007
102.613
102.196
102.39
102.256
102.647
102.233
102.462
102.666
102.218
102.184
102.526
102.696
102.402
102.143
102.199
102.838
101.888
102.928
102.211
102.015
102.744
102.177
104.598
100.191
102.305
102.594
102.47
102.658
101.973
102.602
102.079
102.665
103.688
101.135
101.809
102.575
102.665
102.888
102.233
102.353
101.692
102.943
102.485
153.038
75.801
103.447
88.383
98.512
92.098
112.184
125.782
87.353
104.256
156.233
29.759
113.47
101.722
101.568
102.985
101.766
102.745
102.233
102.496
102.342
102.263
101.955
102.918
102.176
102.425
102.29
102.191
103.015
102.433
104.376
100.158
102.063
102.944
102.241
102.552
102.297
102.496
102.391
102.568
102.369
102.319
101.993
102.545
102.034
102.342
102.597
102.771
101.959
102.338
102.485
102.376
102.658
102.872
101.993
101.687
102.745
102.823
102.519
102.737
102.413
102.451
101.568
102.399
102.383
102.192
102.312
102.977
101.794
102.631
102.342
104.538
100.361
102.128
102.503
102.752
102.057
102.398
102.801
102.759
101.944
102.609
101.688
102.654
102.297
101.985
102.917
102.387
102.463
102.44
102.391
102.481
102.47
101.492
103.015
102.895
102.383
101.858
102.864
101.485
103.282
102.192
103.015
101.639
102.402
102.865
101.774
91.809
113.721
102.23
102.056
102.775
104.21
100.135
102.151
102.443
102.79
101.97
102.327
102.703
102.346
102.774
102.015
102.53
102.015
102.835
102.158
102.271
102.432
102.665
102.143
102.639
102.121
102.345
102.831
101.936
103
101.624
102.688
102.512
102.643
102.236
102.282
102.688
102.32
102.225
102.399
102.041
102.831
102.602
102.037
102.233
102.696
104.936
100.207
101.394
103.414
101.722
102.902
101.714
102.767
102.538
102.285
102.519
102.523
102.383
102.32
101.695
102.97
102.199
102.433
102.357
102.756
102.173
102.466
102.744
101.496
102.782
102.602
102.383
102.617
101.943
102.478
102.316
103.173
101.65
102.793
102.541
101.985
102.534
101.955
102.35
102.53
102.646
102.764
101.477
102.722
102.15
102.617
102.759
102.136
102.105
102.511
102.496
102.41
101.173
91.752
114.241
125.39
88.226
98.782
90.474
96.823
121.041
97.681
156.654
30.481
111.346
102.271
102.158
102.33
102.542
102.064
102.323
102.222
103.289
102.527
102.063
102.226
102.117
102.387
102.534
102.68
102.327
102.338
104.32
100.729
101.91
102.459
102.504
102.485
102.097
102.583
102.128
102.68
102.455
102.331
102.575
102.113
102.47
102.417
102.256
102.511
102.368
101.978
102.936
102.383
101.974
102.241
102.473
103.158
101.985
102.376
102.553
102.334
102.147
102.993
101.845
102.482
102.526
102.447
102.2
102.387
102.24
102.824
102.007
104.151
100.969
102.185
102.12
102.711
102.071
102.744
101.85
102.951
102.481
103.944
100.936
102.023
102.77
102.199
102.151
102.575
102.241
102.793
102.135
102.568
102.079
102.722
101.958
102.218
103.109
105.985
98.602
102.425
102.413
102.297
102.944
102.199
102.177
102.406
102.402
102.335
102.552
102.463
101.977
102.256
104.545
100.504
102.616
102.41
102.165
102.639
102.497
102.018
102.609
102.26
103.913
100.737
102.801
102.064
102.789
101.978
102.376
102.545
102.229
102.451
102.305
102.733
101.823
102.955
102.583
101.864
102.775
102.233
102.218
102.613
102.282
102.613
101.917
102.861
102.289
102.545
102.294
102.135
102.639
102.113
103.154
103.631
100.767
102.305
101.992
102.974
101.835
102.353
102.639
102.47
102.376
104.184
100.433
102.383
102.53
102.44
103.143
101.624
102.56
102.038
102.883
102.135
102.752
101.752
102.801
101.989
102.635
102.023
102.575
102.376
102.857
102.12
102.752
102.03
102.714
102.192
102.474
102.56
102.135
101.91
102.985
101.97
103.022
102.967
102.112
101.85
102.425
102.492
102.139
102.549
102.275
102.199
223.447
92.455
98.53
96.673
105.087
105.913
122.985
92.542
90.248
95.191
143.275
72.677
103.545
102.026
102.335
102.338
102.229
102.527
102.53
101.808
102.959
102.191
102.914
101.312
102.432
103.414
101.913
102.857
101.967
102.176
102.384
102.849
101.918
102.439
102.587
102
102.725
102.512
102.466
102.177
104.71
100.729
101.816
102.418
102.124
103.259
101.718
102.617
102.439
102.339
102.613
102.545
101.857
102.605
107.94
98.094
101.229
102.346
102.808
102.248
101.703
102.666
102.447
102.169
102.113
102.662
102.545
102.335
102.616
102.079
102.436
102.959
102.094
102.192
102.266
102.241
102.838
102.249
102.206
102.312
102.027
102.894
102.286
102.865
102.056
102.369
102.808
101.951
104.538
100.695
102.609
102.312
102.038
102.466
102.398
102.553
101.992
102.519
101.959
102.68
102.17
103.063
102.121
102.353
102.207
102.68
102.079
102.391
102.771
102.605
102.162
102.474
102.981
101.714
102.853
101.97
102.88
101.688
102.673
101.801
102.582
102.952
102.36
101.888
102.394
102.342
102.313
102.766
101.985
102.448
102.91
102.488
104.786
99.838
102.658
101.767
102.575
102.545
101.985
102.688
102.463
102.071
102.53
102.553
102.398
102.2
102.624
102.304
101.914
102.879
102.072
102.913
102.38
102.876
101.711
102.808
102.015
102.883
101.662
103.263
101.233
102.936
102.057
102.695
102.278
102.482
102.488
102.354
102.406
102.097
102.719
101.943
102.44
105.312
99.914
102.71
101.857
102.519
102.199
102.88
102.289
102.106
102.462
102.384
102.383
107.154
97.76
101.966
102.68
102.346
101.985
102.895
102.552
102.568
102.094
102.793
102.643
101.696
102.973
102.169
102.384
102.665
101.365
102.94
118.128
85.293
106.928
88.873
111.992
126.169
87.959
83.489
114.184
102.943
156.286
29.993
112.169
102.143
101.8
102.523
102.421
102.113
102.552
102.2
102.368
102.534
102.282
102.703
101.763
102.831
102.44
102.233
102.259
102.609
102.297
102.718
102.068
102.575
102.433
102.297
102.078
102.632
102.297
102.391
102.538
102.398
102.504
101.91
102.714
102.44
102.327
102.601
102.391
102.617
102.158
103.842
100.887
102.481
103.064
101.542
102.188
102.462
102.248
102.654
102.489
102.154
102.744
102.47
102.064
102.448
102.319
102.658
102.342
102.474
102.793
101.624
102.425
102.598
102.12
102.808
102.553
102.286
101.977
103.383
101.801
102.463
102.361
102.27
102.09
102.256
102.271
103.034
102.304
102.199
102.632
102.601
103.685
100.883
102.557
102.556
102.18
102.282
102.064
102.278
102.779
102.413
102.346
102.447
102.376
102.233
102.519
102.233
102.527
102.154
102.902
102.192
102.255
102.474
102.399
102.082
102.782
102.737
102.376
101.714
102.594
102.124
102.895
102.696
101.721
102.794
102.327
102.409
102.557
102.458
101.929
102.335
102.481
104.428
100.433
102.744
102.278
102.587
102.639
101.594
102.782
102.09
102.632
102.383
102.602
102.447
102.534
101.744
102.312
102.504
102.496
102.523
102.477
102.587
102.206
102.042
102.575
102.455
102.346
102.68
102.38
102.146
102.312
102.719
102.409
102.29
102.582
102.042
102.631
101.952
102.624
102.552
102.128
102.519
104.071
100.824
101.936
104.041
101.632
102.048
102.831
101.609
102.519
102.545
104.271
100.522
102.519
102.162
102.365
102.376
102.199
102.616
102.403
102.496
102.064
102.823
101.929
102.879
101.959
102.763
102.015
102.887
102.549
102.339
102.022
187.154
25.914
104.613
118.785
94.376
87.545
96.876
117.805
114.15
92.729
172.88
24.376
103.087
101.879
102.184
102.136
102.432
102.617
101.879
102.794
104.007
100.752
102.688
102.68
101.113
103.399
101.71
102.403
102.533
102.305
102.248
102.68
102.361
102.038
102.331
102.737
102.293
102.146
102.982
102.424
102.185
102.424
102.185
102.056
102.887
102.335
103.019
101.575
103.022
102.049
101.921
103.47
102.215
101.842
102.631
101.993
102.53
102.887
102.639
101.936
102.215
104.691
100.222
101.993
102.454
102.312
102.985
102.094
102.297
107.015
98.008
102.616
102.594
101.527
102.793
101.857
102.229
102.891
102.042
102.819
103.177
102.023
102.124
102.263
102.481
102.752
101.996
102.38
102.519
102.447
101.782
103.124
102.462
102.279
102.026
102.68
101.952
102.857
102.195
102.515
102.745
102.127
104.305
100.256
102.815
101.391
103.042
102.127
102.767
102.455
102.376
101.793
102.899
102.335
102.221
102.154
102.546
102.406
102.127
103.136
102.131
102.109
103.384
101.992
102.049
102.384
102.857
101.752
102.447
102.729
102.312
102.279
101.83
102.88
102.53
102.583
102.169
102.312
102.752
102.398
101.922
102.345
102.711
104.647
100.274
102.47
102.553
102.018
102.688
102.613
101.823
102.82
102.207
102.534
102.443
101.944
102.582
102.504
102.064
102.199
103
102.44
101.827
102.406
103.414
101.402
102.023
91.282
114.767
101.992
101.944
102.703
102.601
101.887
103.226
101.568
103.169
101.477
103.32
101.793
102.639
102.496
102.136
102.439
102.617
102.617
102.33
101.662
102.966
102.034
102.023
102.921
102.282
102.071
102.639
102.59
102.2
102.161
102.959
101.665
102.857
102.29
102.647
102.233
102.342
91.53
141.143
89.879
93.226
91.086
96.617
121.184
112.519
92.801
202.229
90.004
101.823
102.064
102.248
102.511
102.136
102.774
101.745
102.815
104.388
101.214
101.977
102.369
101.981
102.338
102.846
102.617
102.015
102.297
104.327
100.481
102.335
102.36
102.32
102.842
101.959
102.631
102.275
102.598
102.417
102.492
102.132
101.887
102.993
103.342
108.225
98.568
106.218
97.861
100.146
105.478
101.489
99.97
104.518
101.752
102
101.327
102.73
101.823
104.624
102.726
100.53
102.312
102.289
102.703
101.944
102.504
102.345
102.752
101.752
104.199
100.944
102.331
102.519
102.357
102.195
102.342
102.553
102.541
102.203
102.414
102.395
102.684
101.537
103.008
102.665
102.433
102.248
102.342
102.334
102.523
102.538
102.064
102.718
102.169
102.06
102.692
102.752
102.161
102.35
101.801
104.334
101.169
102.207
102.425
102.346
102.646
102.47
101.993
102.41
101.921
104.725
100.466
102.376
102.974
101.97
102.304
102.271
102.293
102.658
102.361
102.199
102.688
102.538
102.177
102.661
102.248
102.978
101.207
102.815
102.17
102.793
102.519
102.191
102.391
102.154
102.741
102.203
102.143
102.872
102.32
102.496
103.353
101.117
102.673
102.233
102.68
101.944
102.714
101.726
103.176
102.463
103.658
100.646
102.794
102.112
105.478
97.395
102.24
101.722
102.804
102.568
102.417
102.32
101.703
102.647
102.488
102.121
102.537
102.884
102.018
102.594
102.249
102.838
101.902
102.312
102.339
102.496
102.71
102.425
101.966
102.418
102.176
104.418
100.782
102.586
101.868
102.546
102.537
102.214
103.297
101.745
102.669
103.992
100.771
102.237
102.481
102.008
102.402
102.718
102.327
101.865
102.77
102.264
160.624
65.958
100.97
85.12
109.64
116.921
83.142
95.162
132.293
87.354
101.135
99.808
100.688
102.128
102.666
102.364
102.218
102.241
102.12
102.726
102.447
102.432
102.132
102.372
102.402
102.688
101.816
102.504
103.041
102.102
103.864
100.786
102.542
102.368
102.41
102.71
102.057
102.15
102.338
102.654
102.203
102.805
102.162
102.007
102.745
102.191
102.985
102.233
102.279
102.545
107.951
101.481
101.511
102.015
102.263
102.267
102.429
102.045
102.733
102.335
102.383
102.643
101.985
102.613
102.507
102.109
101.899
102.703
102.361
102.357
103.007
102.331
102.079
102.902
101.764
102.236
103.049
102.091
102.646
101.463
103.003
104.654
100.249
102.375
101.903
102.331
102.206
103.057
102.477
102.459
102.12
102.703
102.143
103.098
101.496
102.109
103.034
102.022
102.136
102.842
102.24
102.952
102.537
102.32
102
102.263
102.665
102.985
102.237
101.545
102.526
102.632
103.098
101.88
102.594
101.639
102.481
102.631
102.023
102.391
102.823
101.594
104.688
100.745
102.503
102.297
102.568
102.511
102.32
102.545
101.853
103.147
101.631
102.873
101.808
103.391
101.553
102.83
102.29
102.214
102.376
101.993
102.913
102.406
101.914
102.736
102.583
115.688
77.583
110.906
102.327
102.44
101.895
102.962
102.496
102.44
101.831
102.056
102.496
102.711
102.376
102.665
101.951
104.771
99.981
102.632
102.346
102.473
102.625
101.823
103.263
101.966
102.361
102.568
102.191
102.858
101.966
102.105
102.823
101.914
102.413
102.346
102.688
102.519
102.56
102.113
102.335
102.53
102.248
102.489
102.484
102.369
102.135
102.771
102.553
101.567
103.824
101.582
102.511
102.425
102.162
102.432
102.677
102.267
132.598
85.658
82.518
110.455
117.545
89.354
94.327
107.049
118.665
190.485
94.113
101.297
102.391
102.455
102.424
102.433
102.128
102.56
102.402
102.244
102.97
101.993
102.68
102.256
102
102.263
102.455
102.793
102.286
102.147
104.342
100.706
102.406
102.249
102.665
102.47
102.387
102.244
102.324
101.823
125.669
87.515
107.008
101.752
101.105
103.974
101.274
102.015
104.256
93.894
101.29
102.233
102.071
102.775
102.526
102.444
102.455
102.03
102.586
102.391
102.177
102.767
102.218
102.316
102.424
102.339
102.364
102.564
102.391
102.256
102.391
102.722
102.184
102.35
102.473
102.647
102.241
102.345
102.256
102.432
102.173
103.673
101.617
101.913
102.391
102.478
102.346
102.334
102.451
102.47
102.489
102.398
102.688
102.091
102.849
102.128
101.846
102.992
101.873
102.853
102.425
102.289
102.489
102.414
102.026
102.391
102.718
102.188
102.421
102.154
102.624
102.293
102.76
102.067
102.399
102.504
101.97
102.349
103.282
102.327
102.215
102.184
103.849
100.504
103
102
102.729
102.335
102.425
102.319
102.745
101.992
102.293
102.354
102.466
102.568
102.094
102.346
103.868
101.835
102.36
102.057
102.364
102.249
102.522
102.12
102.173
102.489
102.432
102.369
102.695
102.504
102.169
102.854
102.011
102.199
102.29
102.481
102.699
102.617
102.409
102.158
102.587
104.064
100.639
101.928
102.846
102.297
102.44
102.169
102.658
102.286
102.177
103.943
101.248
102.32
102.169
102.391
102.504
102.417
102.703
102.673
102.023
101.921
102.943
101.872
102.647
102.346
102.455
102.552
102.369
102.015
102.801
102.079
102.921
102.304
102.256
102.214
102.489
102.455
102.233
102.417
102.568
102.518
223.312
90.696
95.97
106.631
110.046
94.338
95.327
113.105
119.504
147.481
32.583
111.361
100.646
102.745
103.056
101.722
102.184
102.365
102.361
103.113
101.928
101.966
102.425
103
101.951
102.042
102.8
102.342
102.497
102.097
123.207
88.049
97.045
102.32
102.394
101.775
102.944
101.315
102.805
103.056
102.707
101.767
101.974
102.368
102.098
102.582
102.44
102.425
101.944
102.703
104.834
100.2
102.048
102.944
102.417
102.572
102.113
102.409
102.29
102.398
102.489
103.03
102.098
101.744
102.143
102.993
102.503
102.136
102.752
102.815
101.553
102.902
102.331
101.79
102.815
102.425
102.211
102.364
102.395
101.993
103.135
102.496
102.357
102.188
102.726
102.169
102.064
102.447
102.29
102.413
102.809
104.454
100.361
101.639
102.553
102.56
102.56
101.865
102.857
102.128
102.989
101.857
102.65
103.575
101.591
101.793
102.361
102.597
101.752
103.121
102.473
102.433
102.729
101.632
102.688
102.496
102.071
102.617
102.15
102.448
102.375
102.703
102.076
102.71
102.384
102.53
102.248
102.128
107.124
98.244
102.094
101.887
104.816
100.466
101.993
102.357
102.771
102.646
102.361
102.256
102.248
102.752
102.383
102.105
102.557
102.759
102.09
102.215
102.018
102.546
102.973
102.169
101.906
102.741
102.305
102.353
102.496
102.113
102.429
102.033
102.786
102.256
102.47
103.056
101.617
102.744
102.688
101.974
102.233
102.616
101.88
103.128
102.09
102.789
102.32
102.289
102.546
102.364
102.241
102.331
102.357
102.199
102.56
102.346
102.346
103.023
102.191
102.632
101.88
102.545
102.349
102.177
102.391
102.147
102.733
101.932
102.71
102.861
102.226
102.282
102.575
102.158
102.41
102.312
101.105
92.406
115.361
98.09
121.669
94.015
91.764
96.533
107.32
107.376
156.256
30.913
111.594
101.662
102.282
102.383
102.936
102.015
102.553
102.056
104.023
100.383
103.53
101.519
102.361
102.733
101.793
103.008
102.241
102.53
102.485
102.319
102.372
102.557
101.921
102.477
102.312
102.613
101.974
102.736
102.44
102.354
102.101
102.771
102.109
102.688
102.635
102.444
101.891
102.432
102.696
103.943
100.512
102.503
102.44
102.632
102.289
102.121
102.744
102.079
102.353
103.88
101.365
102.116
102.293
102.715
102.567
102.109
102.185
102.624
102.018
102.632
102.846
102.064
102.417
102.504
102.398
102.218
102.624
102.376
101.951
102.576
102.586
102.135
102.632
102.399
102.473
102.256
102.56
101.85
102.342
102.695
103.872
100.85
102.278
102.778
102.376
102.222
102.432
102.031
102.804
102.508
103.635
101.03
102.248
102.489
102.041
102.433
102.631
103.414
101.259
102.421
102.688
102.496
102.339
102.293
103.056
101.921
102.185
101.921
103.646
101.76
102.112
102.576
102.56
101.729
102.902
102.034
102.342
102.865
102.504
102.015
102.635
103.831
100.966
102.432
102.335
102.459
102.462
102.041
102.775
102.056
102.504
104
100.538
102.661
102.651
102.312
102.248
102.44
102.349
102.993
101.815
102.339
102.654
101.944
102.793
102.552
101.662
102.955
102.12
102.32
102.477
102.41
102.639
102.346
102.233
102.271
102.56
102.703
102.278
102.353
102.681
101.729
102.824
102.221
102.139
103.023
102.008
102.503
102.53
102.256
102.462
102.113
104.226
100.695
102.327
102.215
102.688
102.473
102.256
102.361
102.477
102.628
102.158
102.838
102.154
101.974
102.681
102.387
102.718
101.88
102.12
102.624
102.334
161.993
37.816
134.394
89.207
96.241
91.752
113.094
126.53
89.639
93.391
174.395
24.804
111.523
99.27
100.624
101.752
102.433
102.334
102.97
101.729
102.993
102.101
102.185
102.473
102.681
102.319
102.087
102.248
103.049
101.936
102.797
102.128
102.252
102.439
102.094
102.482
102.462
102.256
102.082
102.688
103.128
102.463
102.176
101.711
102.65
102.29
101.981
102.552
102.775
102.568
102.601
102.887
101.602
102.56
102.071
102.846
102.139
102.504
102.229
102.113
102.745
102.631
102.034
102.56
102.087
102.297
103.064
101.631
102.831
101.985
102.88
105.041
100.15
102.083
102.632
102.079
102.391
102.09
102.725
102.248
102.113
103.015
102.008
102.274
103.151
101.815
102.121
102.545
102.519
102.319
102.553
102.361
102.255
102.978
102.045
102.522
102.271
102.703
101.914
102.199
102.447
102.403
102.511
102.413
102.29
102.489
102.545
101.966
103.128
101.631
103.098
102.575
104.105
100.222
103
101.801
102.425
102.47
102.466
102.079
102.582
102.113
102.651
102.879
102.369
101.646
102.703
102.29
102.519
101.71
103.53
102.248
102.079
102.121
103.056
102.143
102.624
102.162
102.312
102.022
103.448
101.672
102.211
102.872
101.966
102.824
101.962
102.628
102.568
102.274
102.312
101.782
102.842
104.617
100.447
102.263
102.722
101.816
102.526
102.504
102.368
102.632
102.887
101.778
102.632
102.406
101.898
102.591
101.969
103.038
102.267
102.534
102.218
102.383
102.624
102.482
102.624
102.413
102.192
102.105
102.414
102.019
102.631
102.233
103.045
101.56
102.899
102.12
102.741
102.218
102.519
102.225
102.282
101.703
105.662
100.233
102.872
101.489
103.263
101.538
102.767
102.184
102.631
102.192
102.744
90.921
123.726
135.305
82.909
86.106
95.033
95.662
109.85
123.015
76.864
134.959
70.327
98.587
101.906
103.045
102.267
102.62
102.184
101.899
102.345
102.493
102.319
102.985
101.745
102.338
103.045
102.327
102.113
102.538
102.263
104.143
100.665
102.463
102.033
102.752
102.79
102.082
102.271
102.395
102.342
102.665
102.925
101.643
102.376
102.391
102.703
102.304
102.282
102.23
103.105
101.801
102.91
101.872
102.458
102.399
102.56
102.696
102.142
101.914
102.865
102.27
102.639
102
102.444
102.327
102.624
102.15
102.192
102.714
101.993
102.519
104.207
100.68
102.162
102.624
102.022
102.929
103.007
101.914
102.173
102.192
102.496
102.41
102.327
102.511
102.395
102.342
102.282
102.725
102.963
101.902
102.233
102.624
102.568
101.94
102.748
102.255
102.312
102.906
101.549
106.327
98.722
102.726
102.451
102.229
101.872
102.632
102.304
102.327
102.643
102.335
102.474
103.774
101.064
102.304
102.459
102.669
102.139
102.549
102.658
102.421
102.346
102.135
102.418
102.368
102.703
102.102
102.011
102.838
102.049
102.662
102.331
102.184
102.631
102.504
102.432
102.241
102.425
102.398
102.376
102.414
102.233
102.714
102.143
102.399
102.383
102.699
102.023
102.767
102.567
102.177
101.944
103.034
103.894
100.771
102.335
102.439
102.222
102.339
102.454
102.455
102.809
102.259
103.47
101.064
102.545
101.895
102.567
102.666
101.966
102.624
102.346
102.15
102.673
102.688
102.169
101.959
102.977
102.264
102.759
101.959
102.688
101.913
103.049
102.222
102.466
102.007
102.696
102.147
102.646
102.207
102.233
102.312
103.094
103.199
101.154
102.414
101.82
104.263
101.488
101.937
102.342
102.09
102.838
221.985
92.654
98.794
99.736
108.647
126.391
88.068
89.755
107.147
87.609
142.605
71.771
106.455
102.165
102.162
102.44
102.289
102.207
102.346
102.725
102.602
102.71
101.568
102.914
102.086
102.41
103.064
101.992
102.526
102.282
102.685
101.665
102.376
102.617
102.657
102.437
102.763
102
102.383
102.688
103.993
100.492
102.635
101.831
102.951
102.177
102.353
102.467
102.191
102.606
102.462
102.451
102.32
102.255
102.256
102.617
102.424
101.959
102.752
102.271
102.714
102.334
102.538
102.079
102.177
102.654
102.255
102.681
102.289
102.463
101.744
102.951
102.297
102.267
102.62
102.26
102.398
102.414
102.729
102.575
102.395
103.846
100.609
102.602
101.872
102.214
102.744
102.482
102.342
102.297
122.597
72.553
112.977
101.937
102.439
101.846
102.418
102.36
102.681
102.312
102.361
102.646
102.455
102.233
102.632
101.639
102.899
102.503
102.576
101.943
102.568
102.552
102.497
102.128
102.206
103.106
101.943
102.489
102.207
102.673
102.503
102.015
104.042
101.079
102.248
102.489
102.24
102.624
102.335
101.759
102.346
102.575
102.632
102.767
102.552
101.936
102.688
101.801
102.775
101.857
102.759
102.226
102.808
102.553
101.733
102.752
102.616
102.041
102.76
102.462
102.275
101.823
103.192
102.248
102.624
101.767
102.425
102.53
102.278
102.865
101.8
102.839
102.21
102.527
102.375
102.057
102.902
103.041
101.914
101.726
102.496
102.504
102.127
102.327
102.779
102.27
102.064
102.651
102.571
102.402
102.169
102.719
102.082
102.44
102.842
102.143
102.271
102.244
103.955
101.56
101.688
102.545
102
102.527
102.488
102.297
102.237
102.226
103.112
102.226
102.086
102.455
102.466
102.185
117.052
90.827
97.117
92.075
113.478
126.635
88.613
83.233
114.263
102.402
156.35
30.195
112.35
101.489
102.673
102.563
101.997
102.62
102.376
101.865
102.658
102.157
102.794
102.455
102.09
102.462
102.651
102.27
102.433
102.206
102.064
102.865
101.977
102.286
102.737
102.526
102.057
102.481
102.402
102.782
102.169
104.519
100.143
102.601
102.143
102.85
102.376
102.526
102.233
102.053
102.451
104.241
100.496
102.816
102.109
102.146
102.865
102.165
102.489
102.139
102.485
102.432
102.346
102.726
101.921
102.383
102.617
102.545
102.639
102.192
102.729
101.831
102.44
102.383
102.106
102.567
102.496
102.207
102.857
102.391
102.703
101.707
101.342
101.714
102.038
102.177
102.319
102.218
102.591
102.56
102.383
102.481
104
101.03
102.14
102.327
102.624
102.406
101.864
102.824
102.304
102.489
102.184
102.639
102.057
102.383
102.538
102.255
102.737
102.301
102.94
102.214
102.248
102.263
101.97
102.688
102.44
102.229
102.561
102.353
102.481
102.128
102.534
103.962
101.173
102.041
102.786
101.816
102.59
102.226
102.59
102.327
102.609
103.666
100.567
102.839
102.545
102.289
102.463
102.233
102.609
102.221
102.523
102.023
102.639
102.496
102.225
102.391
102.305
102.59
102.312
102.681
102.417
102.312
102.632
102.304
102.053
102.473
102.395
102.414
102.304
102.511
102.312
102.203
104.309
100.447
102.395
102.639
102.105
102.62
102.692
102.575
102.008
102.616
103.463
101.417
102.113
102.064
102.327
139.974
65.379
104.624
102.775
101.639
102.368
102.545
102.846
101.579
102.831
102.399
102.586
101.959
102.473
102.248
103.057
102.357
101.921
102.541
102.515
101.959
102.936
102.218
102.335
101.936
103.056
187.35
25.665
105.106
118.985
93.936
92.413
95.027
106.838
120.568
93.657
158.478
30.496
111.692
101.222
101.887
102.248
102.391
102
103.504
101.827
102.575
102.222
102.255
102.609
102.655
101.954
102.489
102.478
102.785
102.527
102.729
102.064
102.199
102
102.523
102.47
102.142
102.376
102.978
102.271
101.575
103.346
102.199
102.323
102.429
102.361
102.064
102.887
101.977
102.553
103.022
102.113
102.489
102.357
101.993
102.424
103.057
101.767
102.041
102.481
102.951
104.703
100.057
102.282
101.477
103.192
102.225
102.921
101.865
103.023
102.158
101.383
100.489
105.793
102.079
102.064
101.977
102.959
102.177
102.297
102.007
103.12
102.576
101.673
102.27
102.139
102.88
102.654
101.76
102.71
102.53
102.143
103.015
101.996
102.591
102.037
102.387
102.542
102.263
102.801
102.368
102.632
103.748
100.804
102.496
102.497
101.665
102.575
101.846
103.459
101.782
102.816
101.913
102.703
102.673
102.447
102.049
102.489
102.361
102.759
101.839
102.545
102.744
101.993
102.605
102.184
102.474
102.496
102.665
101.854
102.744
102.369
102.056
102.654
102.305
102.12
103.481
101.391
102.737
102.335
102.688
101.992
102.376
104.007
100.824
102.537
101.873
102.951
102.665
101.767
102.951
101.553
102.902
102.665
101.921
102.655
102.255
103.034
101.447
102.824
102.729
101.462
103.098
102.384
102.432
102.511
102.154
102.519
102.481
101.752
103
102.718
102.376
102.091
102.3
102.745
102.289
102.026
103.406
102.072
101.361
102.864
102.249
102.391
104.496
100.398
102.29
102.928
102.181
101.977
102.955
102.504
102.244
102.827
101.654
102.264
102.624
102.225
102.248
107.47
94.481
105.76
102.075
102.094
102.944
102.274
102.376
102.293
102.707
101.635
103.707
93.342
103.196
102.191
102.166
102.707
102.462
102.15
102.091
102.496
103.173
101.962
102.015
102.824
102.097
103.775
100.864
102.711
102.635
101.824
102.8
102.143
102.425
102.711
101.785
102.662
102.259
102.718
102.399
102.522
102.681
102.158
102.176
102.241
102.32
102.297
102.406
102.665
102.237
102.53
102.034
102.676
102.553
102.504
102.184
102.65
102.249
102.015
102.582
102.993
102.12
102.617
102.184
102.086
102.459
102.496
103.91
115.801
87.725
102.481
101.831
102.218
102.801
102.03
103.072
102.161
102.433
102.439
101.993
102.737
102.214
102.417
102.015
102.873
102.199
102.744
101.978
102.83
102.113
102.662
102.146
102.542
102.225
102.109
102.324
102.597
102.313
102.593
102.497
102.334
102.354
102.665
102.463
102
102.567
102.714
102.38
103.88
100.289
102.985
102.44
101.985
102.384
102.503
102.342
102.7
102.255
102.117
102.658
102.079
102.571
102.384
102.383
102.583
102.184
102.786
102.285
102.083
102.511
102.35
102.353
102.29
102.782
102.113
102.263
102.191
102.85
102.406
101.921
102.88
102.022
102.267
103.294
101.793
102.759
102.387
102.117
102.41
104.128
100.921
102.244
102.41
102.665
102.143
101.985
102.549
102.417
102.778
103.342
101.155
102.511
102.368
102.369
102.27
102.297
106.861
98.376
102.162
102.222
102.688
102.353
102.346
102.015
102.658
102.767
102.158
102.545
102.391
102.722
102.176
102.136
102.47
102.586
101.782
102.872
102.729
102.042
102.357
102.737
103.936
100.943
102.008
102.226
102.289
102.925
102.007
102.305
102.395
102.372
222.331
84.985
98.71
122.865
115.158
95.154
78.12
115.624
88.391
112.793
142.188
60.997
105.229
101.786
102.391
102.176
102.32
102.646
101.85
102.857
102.271
102.319
102.354
102.421
102.049
102.985
101.872
102.601
102.718
102.17
102.079
102.906
102.142
102.455
102.624
101.76
102.425
102.481
102.879
102.369
103.744
101.305
102.094
101.816
102.511
102.282
102.759
102.76
102.304
101.914
102.278
102.586
102.816
101.805
102.879
102.474
102.425
101.887
102.617
102.721
101.839
102.312
102.086
107.105
98.279
102.447
102.481
102.218
102.384
103.12
101.774
102.696
101.872
103.275
101.364
102.793
102.512
102.737
102.353
101.583
103.161
104.143
100.192
102.098
102.173
102.954
102.256
102.278
102.545
102.44
102.632
102.139
102.639
102.549
102.729
101.88
102.391
102.169
102.425
101.902
103.015
102.128
103.267
101.654
102.425
102.447
102.835
102.135
102.406
101.929
102.831
102.274
102.846
102.338
102.117
102.466
102.12
102.527
102.673
102.127
102.504
101.921
104.673
100.425
102.47
102.327
102.248
102.113
102.361
102.597
102.29
102.474
102.624
102.582
101.993
102.902
102.447
102.132
102.444
101.962
102.617
102.533
102.752
102.515
101.79
102.586
102.256
102.489
101.872
103.222
102.304
102.143
102.071
102.786
102.489
102.15
102.384
102.872
102.113
102.346
121.86
72.312
113.361
102.203
102.591
102.015
102.424
102.531
102.413
102.041
102.752
102.143
102.598
102.146
102.745
102.143
102.44
103.015
102.353
101.842
102.816
101.853
102.128
102.305
102.688
102.695
101.744
102.824
102.274
102.384
102.477
102.395
102.567
102.312
102.361
102.497
101.782
102.759
102.553
103.199
101.722
102.488
102.241
102.56
117.831
92.007
98.369
96.455
99.071
107.523
104.229
126.624
88.594
82.47
194.481
19.88
97.526
100.801
101.985
102.583
102.425
102.545
101.936
102.496
102.774
102.241
102.368
102.226
102.669
102.511
102.707
101.902
101.903
102.522
102.936
102.406
102.297
102.29
102.56
102.361
102.06
102.571
102.493
102.195
102.087
104.376
100.97
102.259
102.324
102.526
102.267
102.113
102.718
102.439
102.143
104.418
100.545
101.748
106.819
98.888
102.278
101.906
103.199
102.105
102.583
101.816
102.759
102.346
102.35
102.5
101.797
102.639
102.579
102.413
102.865
102.007
102.489
101.921
102.527
102.39
102.531
102.575
102.462
102.331
101.989
102.417
104.538
100.424
102.88
101.703
102.865
102.192
103
101.751
102.767
101.97
103.872
101.008
102.455
102.417
102.015
102.88
102.665
101.865
102.797
102.056
102.504
102.207
102.609
102.53
102.038
102.729
102.161
102.053
103.154
101.963
102.293
102.695
102.425
102.008
102.601
102.049
102.79
102.586
102.094
102.929
102.184
102.552
102.192
102.064
102.793
102.158
102.32
102.319
102.617
102.015
102.609
104.256
100.609
102.12
102.462
102.538
102.271
102.703
102.56
101.891
102.831
101.766
103.234
101.808
102.857
101.846
102.767
102.105
102.432
102.305
102.887
101.936
102.425
102.357
102.793
102.248
102.673
102.264
102.353
102.334
101.937
102.936
102.218
102.421
101.97
102.8
102.35
102.064
102.658
102.534
102.079
102.53
103.793
101.47
101.913
102.73
102.255
101.873
103.086
102.56
101.617
102.864
102.782
102.29
102.192
102.191
102.376
102.496
102.023
102.992
102.049
102.32
102.338
102.222
102.842
102.519
102.056
102.305
102.959
102
102.176
102.327
102.673
186.406
26.177
104.368
112.497
104.575
88.391
95.936
107.177
120.744
93.143
159.575
29.579
112
101.271
102.432
102.417
101.654
102.331
102.575
102.335
102.695
102.489
101.981
102.098
103.113
101.752
103.263
102.203
102.342
102.263
102.857
101.73
102.556
102.226
102.518
102.628
102.414
102.624
102.263
102.282
102.639
102.184
102.895
101.872
122.361
73.143
112.015
101.898
102.632
102.361
102.47
102.992
101.809
102
102.451
102.541
101.985
102.759
102.527
102.24
102.113
104.297
101.038
102.673
101.936
102.496
102.432
102.278
102.192
102.658
102.305
101.909
102.707
102.729
102.343
102.951
102.327
102.44
101.778
102.319
102.497
102.349
102.098
102.966
102.282
102.143
102.368
102.794
101.951
102.44
102.673
102.078
102.219
102.541
102.56
102.402
102.342
101.786
102.959
103.191
102.113
101.553
105.184
99.711
102.545
102.838
102.474
102.248
102.248
102.214
102.32
102.522
102.384
102.432
102.534
102.32
102.575
102.515
101.767
102.737
101.894
103.072
102.473
102.327
102.395
102.207
102.639
102.85
101.767
102.575
102.184
102.575
102.752
102.425
101.695
103.057
102
102.466
101.944
102.462
102.658
101.992
91.696
115.74
100.609
102.027
102.199
103.015
102.015
101.673
102.59
102.872
101.978
102.41
102.646
102.44
102.32
102.255
102.711
102.011
102.47
102.752
102.639
102.368
102.091
102.15
102.85
102.169
102.541
102.083
102.398
102.974
101.658
102.654
102.707
102.462
102.008
102.41
102.312
102.447
102.338
102.654
102.527
102.522
104.03
100.403
101.992
102.895
101.925
102.849
102.305
102.041
102.35
102.402
102.478
103.417
101.304
102.681
102.094
102.567
102.459
102.759
101.88
102.463
102.872
90.496
123.289
95.32
122.801
88.733
97.793
90.97
103.098
134.846
73.158
155.992
46.041
101.425
101.993
102.022
102.32
102.447
102.553
102.59
102.105
103.921
100.895
102.376
102.658
102.301
101.947
103.233
101.493
102.883
102.805
102.048
102.057
102.207
102.067
102.831
102.421
102.361
102.083
102.455
102.263
102.432
102.545
102.925
101.827
102.222
102.594
102.222
102.767
102.748
101.661
102.56
102.241
102.632
102.496
101.895
102.624
102.338
102.496
102.399
102.575
102.098
104.022
100.801
102.654
102.154
102.553
101.88
103
102.327
102.128
102.706
102.35
102.105
102.47
102.553
102.199
102.545
102.312
102.29
102.71
102.369
102.135
102.537
102.688
102.256
102.087
102.289
102.32
103.086
102.083
102.59
102.007
102.944
102.233
102.681
102.037
102.425
102.68
102.087
102.545
102.177
102.056
104.391
100.481
102.88
101.737
102.725
102.241
103.034
101.959
102.665
102.03
104.105
100.76
102.473
102.072
102.654
102.665
101.801
130.985
76.079
101.128
101.974
102.65
101.808
102.496
102.38
102.481
102.098
102.729
102.151
102.631
120.489
84.774
102.354
102.026
102.455
102.399
102.24
102.169
102.918
102.033
102.801
103.839
100.65
102.5
102.011
102.534
102.545
102.263
102.361
102.47
102.827
103.399
101.274
101.741
102.65
102.222
102.515
102.372
102.658
102.504
102.489
102.169
102.639
101.872
102.56
102.639
102.632
101.985
102.846
101.97
102.695
102.602
102.312
102
102.804
101.827
102.583
102.519
102.225
102.824
101.594
102.932
103.699
101.015
102.199
102.771
102.071
102.625
102.263
102.368
102.639
102.519
103.579
100.947
102.245
102.342
102.383
102.139
102.918
102.161
102.639
102.391
101.632
153.831
65.522
107.207
89.891
97.696
107.872
120.413
94.282
87.305
97.56
144.515
59.677
115.221
101.354
102.349
102.625
101.785
103.233
102.038
102.68
102.809
101.695
101.722
103.304
101.44
94.399
111.282
102.312
101.455
103.24
104.305
101.143
101.718
102.064
102.594
102.206
102.76
101.834
102.391
102.669
102.26
102.695
102
102.433
102.815
102.079
102.177
102.872
102.433
102.782
101.913
102.241
102.872
102.35
102.496
101.936
102.297
102.65
102.902
102.094
102.185
102.432
102.368
102.177
102.361
102.447
102.064
102.895
102.184
102.248
102.752
104.361
100.384
102.368
102.135
102.433
102.255
102.602
102.519
101.936
102.816
103.12
102.071
102.064
102.162
102.695
102.147
102.827
102.162
103
101.673
102.665
102.789
101.643
102.478
102.842
102.624
101.782
102.248
102.455
102.737
102.222
102.748
102.214
102.489
102.349
102.508
102.094
102.943
101.737
102.478
102.793
102.801
101.793
102.342
102.432
102.218
102.094
102.609
102.655
102.699
101.872
102.44
106.605
98.891
102.462
102.297
101.688
102.519
102.297
102.801
102.342
102.32
102.206
102.459
102.511
102.985
102.286
102.098
102.037
102.658
102.177
103.071
101.786
102.823
101.79
102.473
102.391
102.41
102.718
102.075
102.519
102.455
102.448
102.353
102.44
102.049
102.815
102.406
101.985
102.809
102.15
102.402
104.44
100.632
101.992
102.857
102.327
102.598
101.906
102.023
102.793
102.711
101.894
102.226
102.233
102.624
102.632
102.751
101.88
102.951
101.809
102.503
102.639
102.425
102.448
102.09
102.255
102.391
102.873
102.447
102.226
102.518
101.993
102.575
102.842
102.105
102.974
101.56
102.985
102.015
102.376
102.496
101.936
132.967
77.417
103.842
89.756
97.041
112.801
103.977
124.117
88.748
97.301
202.744
94.098
101.661
102.042
102.417
118.094
87.402
101.391
102.504
102.248
102.752
102.361
102.263
102.376
102.857
101.639
102.929
102.278
102.071
102.482
104.169
100.887
102.346
102.455
102.255
102.553
102.32
102.278
102.361
102.267
104.251
100.786
102.481
102.463
102.289
102.215
102.537
102.278
102.463
102.443
102.455
102.41
102.406
102.425
101.838
102.474
102.887
102.312
102.76
102.097
102.35
102.376
102.53
102.398
102.015
102.452
102.454
102.688
102.192
102.136
102.575
103.977
100.673
102.376
102.613
102.372
102.398
102.264
102.511
102.744
102.09
104.271
100.293
102.82
102.229
102.594
101.793
102.831
102.297
102.681
101.759
102.951
102.418
102.206
102.177
102.737
102.256
102.718
102.353
102.177
102.477
102.767
102.211
102.398
102.274
102.376
102.775
101.601
102.816
102.376
102.647
101.785
102.207
106.305
99.376
101.921
102.646
102.624
102.102
102.146
102.538
102.455
104.158
100.267
102.285
102.97
102.414
102.402
102.151
102.845
102.068
102.199
102.418
102.391
102.285
102.809
102.233
102.233
102.447
102.327
102.639
102.113
102.959
101.898
102.481
102.553
102.214
102.256
102.398
102.61
102.703
102.033
102.369
102.639
102.162
102.327
102.864
102
101.936
102.967
102.225
102.102
102.586
104.128
101.071
102.474
101.966
102.448
102.297
102.582
102.248
102.512
102.345
102.399
102.338
102.309
102.755
102.143
102.376
102.071
102.745
102.361
102.631
102.425
102.76
102.071
101.88
102.842
102.504
101.631
103.102
102.063
102.516
102.552
102.293
102.433
102.496
102.47
102.338
102.256
102.256
102.447
102.041
102.745
222.864
85.008
103.398
108.842
102.918
141.515
76.406
102.353
78.399
100.642
149.542
59.849
111.038
101.192
102.545
102.079
102.056
102.553
102.376
102.68
102.688
101.906
102.974
101.921
102.056
102.504
102.511
102.098
102.444
102.876
102.12
102.598
102.225
102.654
102.158
102.669
102.32
102.15
102.282
102.812
102.53
101.959
102.643
102.398
102.087
102.218
102.669
102.515
102.049
102.744
104.32
100.436
102.297
102.233
102.354
102.462
102.906
102.071
102.478
102.312
102.105
102.778
102.485
102.827
102.158
102.128
102.312
102.425
102.192
102.545
102.646
102.504
102.192
102.568
102.105
102.511
102.248
102.271
102.466
102.241
102.887
102.59
102.192
102.203
102.853
102.211
102.24
102.151
102.488
102.102
103.346
103.864
100.576
101.943
102.376
102.526
102.155
102.83
102.185
102.8
102.504
102.143
102.842
106.726
98.154
101.838
102.072
102.808
102.184
102.353
102.376
102.098
102.59
102.335
102.898
102.023
102.526
102.218
102.47
102.624
102.177
102.297
102.681
102.15
102.665
102.128
102.128
103.376
101.474
102.541
102.722
102.421
104.436
100.62
101.993
102.297
103.105
101.489
102.744
101.936
102.526
103.158
101.388
103.375
102.128
102.263
102.192
102.673
102.541
102.26
102.071
102.365
102.722
102.906
101.56
102.639
102.071
102.534
102.809
102.274
102.079
102.425
102.383
102.718
102.282
102.433
102.225
102.015
102.598
102.977
101.775
102.643
102.477
104.282
100.425
102.398
102.455
102.545
102.391
102.169
102.835
101.925
102.383
102.56
102.546
102.518
101.688
102.609
102.985
102.109
102.673
102.433
102
102.12
102.665
102.47
102.177
102.489
102.391
103.112
101.312
92.361
113.087
102.383
117.824
91.53
98.977
91.782
112.598
123.665
90.241
94.601
88.56
111.121
173.541
24.312
105.85
101.293
102.432
101.801
102.602
102.496
102.064
102.857
102.03
103.049
102.015
102.654
102.071
102.5
102.264
102.624
102.526
101.759
102.94
101.951
102.632
102.335
102.015
102.624
102.522
102.199
102.512
102.376
102.447
102.177
103.097
101.44
102.677
102.523
102.221
102.508
102.631
102.448
102.177
104.078
100.467
102.646
102.384
102.44
102.473
102.158
102.654
102.218
102.598
102.538
102.135
102.338
102.527
102.631
101.929
102.68
102.177
102.319
102.711
102.346
102.289
102.335
102.346
102.519
102.62
102.233
102.083
102.654
102.255
102.73
102.101
102.681
101.906
102.729
102.015
102.56
102.271
102.887
102.402
102.294
104.082
100.512
102
103.601
101.692
102.09
103.049
102.271
102.206
102.452
104.101
100.658
102.271
102.481
102.703
102.041
102.613
102.444
102.079
101.951
103.368
101.944
102.545
102.199
102.568
102.334
102.594
102.226
102.158
102.44
102.041
103.35
101.721
102.816
102.504
102.289
102.192
102.455
102.474
102
103.199
103.774
100.177
102.184
102.583
102.771
102.342
102.473
102.023
102.737
102.263
103.951
100.993
102.361
102.368
102.199
102.647
102.466
102.541
102.354
101.951
102.673
102.552
102.271
102.154
102.696
102.327
102.312
102.049
102.59
102.752
102.128
102.458
102.553
102.158
102.722
101.951
102.455
102.466
103.045
101.752
102.571
103.839
101.086
102.128
102.338
102.553
101.943
102.933
102.488
102.113
102.617
103.816
101.041
101.647
103.424
101.538
102.789
102.369
102.568
105.969
98.88
102.335
102.135
102.899
101.733
102.658
102.537
101.823
102.88
102.327
101.985
102.797
162.323
38.989
134.169
89.384
96.714
91.049
112.342
98.135
123
92.474
174.733
24.963
102.518
100.666
102.128
102.496
102.376
102.214
102.602
102.285
104.019
100.853
102.602
102.282
102.335
102.319
102.88
101.872
102.425
102.462
102.331
102.462
102.85
102.462
101.929
102.399
102.736
102.094
102.587
102
102.391
102.504
102.199
102.383
102.857
102.275
102.334
102.576
102.101
102.275
102.078
102.899
102.15
102.602
103.015
101.624
102.56
102.32
102.376
102.376
102.24
104.895
100.026
102.248
102.925
102.083
102.271
103.169
102.034
102.101
102.406
102.68
102.019
102.286
102.327
103.203
101.797
102.523
102.127
102.527
102.383
102.474
102.128
102.838
101.891
92.993
112.646
102.632
101.752
102.77
102.079
102.357
102.587
102.278
101.778
103.207
102.105
102.816
102.117
102.161
102.951
102.034
102.53
101.918
102.665
102.094
102.929
102.12
102.624
102.722
101.74
103.075
102.32
102.485
102.139
102.399
102
102.951
102.312
101.68
103.169
102.008
102.192
102.928
102.098
102.462
102.136
102.27
102.884
101.88
103.229
101.793
102.368
103.049
102.109
102.572
102.037
102.538
102.598
101.985
102.44
102.048
102.839
102.785
101.775
102.241
102.36
102.959
101.722
103.007
101.76
102.88
101.962
105.278
99.872
102.782
101.985
102.617
101.894
102.922
102.594
102.3
102.169
102.275
102.925
102.007
101.993
103.097
102.042
102.966
101.184
102.666
102.909
102.459
102.549
101.872
102.65
102.031
102.451
102.571
102.609
102.233
101.658
104.838
101.512
101.695
102.361
102.135
102.835
101.925
101.97
102.519
102.488
102.504
104.632
100.176
102.56
102.361
102.489
102.158
102.568
102.642
102.275
102.53
102.376
91.553
122.289
95.489
118.165
89.241
97.346
92.079
112.03
99.609
107.056
157.447
30.752
110.929
101.631
102.625
102.041
102.718
102.752
101.898
102.192
104.015
101.256
101.906
102.327
102.481
102.526
102.185
102.375
102.519
102.624
104.042
100.992
101.88
102.462
102.794
102.221
102.042
102.97
102.112
102.327
102.109
103.147
102.008
102.312
102.135
102.951
102.162
102.504
102.496
102.049
102.357
102.77
102.128
102.816
101.639
102.872
102.263
102.354
102.951
102.248
102.312
103.654
101.233
102.467
102.206
102.23
102.522
102.151
102.319
102.353
102.647
104.004
100.455
102.624
102.673
106.135
98.617
102.158
102.766
102.019
102.512
102.229
102.688
102.075
102.545
102.455
102.023
102.751
101.952
102.53
102.639
102
102.71
102.154
102.489
102.711
102.018
102.925
102.207
102.323
102.166
102.977
102.35
102.353
101.978
102.424
102.854
101.962
102.32
102.064
103.049
101.943
104.293
100.865
102.474
102.447
102.56
101.929
102.455
102.432
102.816
102.015
102.729
102.256
102.233
102.342
102.282
102.504
102.496
102.511
102.248
101.865
102.865
102.782
102.018
102.534
102.56
102.151
102.184
102.643
102.428
102.091
102.887
103.034
101.695
102.391
102.087
102.627
102.534
102.241
102.086
102.715
102.229
104.12
100.73
102.289
102.887
102.335
102.383
102.121
102.297
102.616
102.166
102.819
102.237
102.474
102.097
102.079
102.576
102.391
102.473
102.745
102.03
102.793
102.44
102.143
102.176
102.609
102.485
102.143
102.045
102.613
102.451
102.549
103
102.169
102.545
101.478
102.688
101.955
102.838
102.327
102.387
102.617
104.5
100.026
102.44
102.376
103.034
102.011
102.289
102.737
102.049
102.703
101.793
154.23
75.65
106.504
89.872
83.098
111.188
92.184
121.831
111.218
94.511
158.696
30.018
111.944
100.199
102.647
102.368
102.786
102.15
102.249
102.545
102.759
102.703
102.305
102.176
102.489
102.432
101.918
102.387
102.496
102.902
102.369
101.808
103.165
101.865
102.064
102.617
102.233
102.455
102.657
102.485
104.373
99.766
102.35
103.211
102.079
102.176
102.35
102.545
102.455
102.658
101.808
102.91
102.402
102.711
101.714
102.733
102.511
101.801
102.695
102.508
102.759
102.015
102.519
102.113
102.594
101.966
103.872
101.545
102.455
102.433
101.872
103.199
101.846
102.09
102.335
102.481
102.639
102.384
102.763
102.462
101.959
104.737
100.015
102.361
102.458
102.887
101.681
102.342
102.361
102.631
102.752
101.959
102.624
102.162
101.913
103.038
102.015
102.65
102.384
102.526
102.338
102.237
102.688
101.914
102.744
102.113
103.079
102.361
101.958
102.154
102.861
102.019
103.241
101.943
102.117
102.417
102.425
102
102.737
102.624
102.248
102.462
104.403
100.248
102.71
102.079
102.433
102.383
102.105
102.936
101.97
102.7
102.684
102.037
102.546
102.221
102.906
101.504
103.12
101.801
102.35
102.658
102.312
102.823
101.838
102.628
102.263
102.32
103.098
102.079
101.71
103.354
101.462
103.041
102.222
102.722
102.03
102.53
102.425
102.094
102.53
102.47
102.417
109.286
97
101.056
102.057
102.458
102.549
103.369
101.537
102.775
102.353
102.207
101.992
102.632
102.105
102.519
102.703
101.695
102.857
102.41
102.448
102.398
101.857
103.278
101.715
102.233
102.895
102.368
102.47
101.801
102.706
102.534
102.534
102.29
102.616
102.425
101.816
102.567
102.512
101.977
102.526
102.553
133.256
81.737
102.368
88.654
96.978
122.086
110.034
96.286
88.282
94.936
187.12
20.12
103.421
101.034
102.049
102.695
102.297
102.47
102.523
102.038
102.522
102.045
102.474
102.677
102.3
102.158
102.433
102.823
102.752
102.169
102.086
102.369
102.304
101.993
102.631
102.79
102.297
102.368
102.568
102.312
102.616
104.079
100.418
102.15
102.523
102.056
102.56
102.824
102.496
102.575
101.823
103.034
101.993
102.368
102.086
102.775
102.083
103.533
101.234
102.56
102.68
102.192
102.568
102.304
102.15
102.305
102.616
102.312
102.226
102.447
102.767
102.504
102.015
102.744
102.091
102.646
102.406
102.162
102.417
102.376
102.263
102.809
104.44
100.537
101.718
102.823
102.346
102.2
102.639
102.53
101.838
103.079
103.658
100.744
102.271
102.241
102.503
102.263
102.407
102.804
102.244
102.553
101.865
102.921
102.263
102.199
102.361
102.583
102.41
102.24
102.297
102.767
102.865
102.255
101.989
102.09
102.745
102.135
102.752
102.162
102.548
102.267
102.688
103.985
100.463
102.496
101.966
102.778
102.263
102.482
102.304
102.342
102.44
104.602
100.439
102.271
102.658
101.838
102.553
102.511
102.399
102.53
102.105
102.59
102.207
102.369
102.774
102.026
102.793
102.407
102.394
102.421
102.034
102.639
102.519
104.064
100.744
101.929
102.624
102.376
102.383
102.241
102.098
102.661
104.647
100.361
102.376
102.883
102.365
102.098
102.342
102.12
102.53
102.489
104.165
100.617
102.583
102.409
102.361
102.271
102.838
102.418
101.954
102.572
102.507
102.463
102.12
102.361
102.023
102.624
102.394
102.692
102.147
101.752
102.887
102.958
102.162
102.256
102.473
102.015
102.624
102.143
102.624
102.44
102.688
187.658
25.703
103.583
117.793
93.914
89.094
96.928
122.519
109.237
93.342
158.519
29.921
112.007
101.504
101.992
102.279
102.586
102.038
102.105
102.88
102.462
102.041
102.553
102.335
102.353
102.414
102.225
102.568
102.135
102.538
102.24
102.782
102.079
103.395
101.722
102.286
102.142
102.752
102.305
102.695
101.835
103.086
101.794
102.357
102.338
102.647
102.767
107.033
97.512
102.233
102.624
104.511
100.602
101.56
103.022
101.854
102.812
102.071
103
101.823
102.497
102.744
102.647
102.007
102.211
102.191
102.591
102.579
102.782
101.97
102.748
101.992
102.402
102.512
102.03
102.673
102.297
102.846
102
102.962
101.951
102.327
102.353
102.305
102.365
102.387
102.631
102.328
101.906
103.244
102.041
102.147
102.71
102.113
102.376
102.207
102.887
102.41
102.752
102.056
102.297
101.966
102.632
102.786
102.406
102.064
102.545
101.872
102.759
102.737
101.887
102.399
102.353
103.222
101.906
102.241
102.432
102.477
102.388
102.206
102.504
102.241
102.97
101.951
102.605
101.793
103.072
101.958
102.82
101.816
102.887
102.737
102.327
102.049
102.406
102.361
102.511
102.184
102.376
102.68
102.482
102.229
102.169
104.369
100.071
93.049
113.334
101.576
102.282
102.03
102.425
102.962
101.925
102.722
102.127
102.47
102.139
102.816
102.76
102.015
101.936
102.552
102.576
102.09
102.951
101.519
102.857
102.319
102.474
102.391
102.278
102.305
102.744
101.936
103.072
101.657
102.35
103.034
102.169
102.526
102.504
102.256
102.432
102.459
104.628
99.642
102.76
102.199
102.718
102.816
101.808
102.106
103.353
101.71
102.354
103.022
101.369
102.722
102.349
102.504
102.083
103.391
101.774
102.353
102.361
101.591
91.267
113.157
121.233
87.237
95.936
106.369
119.737
93.112
181.534
110.914
102.225
102
102.087
102.447
102.666
102.24
103.312
101.575
104.256
100.609
102.064
103.071
101.888
102.496
102.256
102.278
102.601
102.489
102.639
101.85
102.481
102.695
102.245
102.259
102.583
102.334
104.241
100.955
102.045
102.511
102.617
101.895
103.203
101.567
102.271
102.481
102.778
102.151
102.342
102.489
102.112
102.354
102.357
102.601
102.222
102.481
102.842
102.113
102.557
103.624
101.041
103.177
101.68
103.305
101.639
101.872
102.639
102.256
102.737
102.191
102.624
101.993
102.654
102.282
102.398
102.41
102.207
102.466
102.647
102.624
102.361
101.966
103.056
101.936
102.929
101.887
102.673
102.233
102.448
102.063
102.775
102.071
102.248
102.576
102.424
102.249
102.642
102.515
102.019
102.192
103.85
101.413
102.034
102.677
101.947
102.831
102.553
101.958
102.714
102.038
102.466
102.463
102.338
102.447
102.279
102.353
102.669
102.481
102.098
101.782
102.872
102.872
102.715
101.879
102.662
102.353
102.512
102.015
102.353
102.267
102.365
102.673
102.597
105.594
99
102.305
102.838
102.135
102.459
102.688
101.767
104.432
100.91
102.211
101.8
102.624
102.625
102.447
102.41
102.541
102.083
102.74
102.17
102.293
102.282
102.135
102.665
103.049
101.91
102.673
102.064
102.511
102.639
102.369
102.21
102.617
101.782
102.71
102.226
102.688
102.098
102.582
102.207
102.489
102.831
101.913
102.602
102.488
102.166
102.534
102.338
102.729
103.925
100.053
103.3
101.865
102.496
102.527
102.049
102.432
102.496
102.658
104.038
100.481
141.665
58.733
114.906
102.215
102.451
102.052
103.632
101.007
102.722
102.978
102.958
102.354
100.981
102.594
102.143
102.695
102.451
102.519
101.951
102.527
102.361
102.977
101.917
102.327
102.955
102.226
102.286
102.849
101.673
102.895
102
102.575
102.579
102.045
102.105
102.696
102.334
92.711
112.538
104.665
99.575
102.538
102.695
101.808
102.47
102.463
102.004
102.774
102.489
102.064
102.71
103.41
101.56
102.455
102.91
101.522
102.294
102.259
102.823
102.425
102.553
102.447
101.959
102.767
102.65
101.88
102.665
102.072
102.688
102.454
102.406
102.042
102.872
101.474
103.511
102.383
101.782
102.339
102.718
102.041
104.609
100.703
101.865
102.327
102.481
102.759
102.023
102.304
102.44
102.602
102.59
102.297
102.35
102.161
102.955
102.233
101.767
103.286
102.199
101.891
102.887
102.455
102.339
101.635
103.101
101.647
103.256
102.173
102.488
101.873
102.8
102.583
101.553
102.887
102.402
101.808
103.399
102.353
102.354
102.413
102.433
104.304
101.023
102.289
102.143
101.695
102.873
102.639
101.872
102.331
102.485
102.53
102.169
102.278
117.305
78.12
112.368
102.429
102.026
102.767
102.162
102.59
102.368
102.418
102.064
102.846
101.827
102.819
102.301
102.5
102.5
102.323
102.308
102.343
102.432
102.624
102.248
102.15
102.553
102.226
102.169
102.891
104.421
100.015
102.831
102.248
102.064
102.887
101.801
102.218
102.519
102.83
102.391
102.771
102.383
101.873
102.65
102.229
102.718
102.489
102.034
102.944
102.263
101.44
103.297
101.864
102.485
102.73
101.921
102.424
102.512
101.977
102.865
102.966
101.669
102.579
102.158
102.511
102.267
102.76
102.736
102.064
102.038
118.361
92.056
98.681
91.744
100.695
122.234
110.319
94.447
94.2

------------------------------------------------------------------------------------------------------------------------------------------------
max val(#5307) = 223.00us
min val(#7148) = 19.00us
peak-to-peak = 204.00us
mean +- RMS = 102.51 +- 8.36 us

packet size: 516
number of packets: 10000
RATE = 40267.47kbps, PPS = 9754.7
